股票代码,股票名称,竞价量比,竞价金额,竞价涨幅%,价格,净额,涨幅%,板上信息,主力净额,主力买,主力卖,所属板块,区间涨幅%,成交额,实际流通,量比,300w大单净额
002232,启明信息,1.2,43372032,10.0,16.61,134046824,10.0,2连板,134046824,437187542,-303140718,无人驾驶、EDR,0.0,616425713,3006743163,1.40685,67460894
603386,骏亚科技,1.2,886256,0.26,12.39,65326543,8.21,,65326543,182524688,-117198145,印制电路板、汽车零部件,7.93,490664344,1723912548,1.73087,53686993
002273,水晶光电,1.3,3518773,-0.55,17.88,51745915,-1.81,,51745915,198147959,-146402044,AI眼镜、端侧AI,-1.27,742462312,20750200872,0.644667,-411955
600262,北方股份,247.4,11213405,3.66,19.24,50884035,10.01,2连板,50884035,180271513,-129387478,无人驾驶、专用设备,6.12,498283926,1716401362,6.38869,25465062
600834,申通地铁,50.7,5551500,-1.32,8.36,39305054,10.0,2连板,39305054,84677166,-45372112,EDA、智能驾驶,11.47,205254862,1656603927,3.40648,38699070
603508,思维列控,3.2,1572596,1.97,19.02,38976820,10.01,首板,38976820,99404696,-60427876,无人驾驶、智能驾驶,7.88,330750715,3106107530,2.43153,10220212
300857,协创数据,0.6,8963325,0.34,66.88,35011244,-0.95,,35011244,206437098,-171425854,存储、数字经济,-1.28,755555419,9792718559,1.15636,-14748804
603458,勘设股份,7.6,13771378,8.76,5.78,32276170,10.1,2连板,32276170,67211925,-34935755,破净股概念、汽车零部件,1.23,87632172,1631867713,2.49489,17671088
601633,长城汽车,0.9,1011465,0.2,23.8,29360532,-5.93,,29360532,169623272,-140262740,汽车整车、华为汽车,-6.11,738067739,25100266346,2.15539,-7350173
600166,福田汽车,0.7,8066816,0.39,2.57,26514046,0.78,,26514046,227451077,-200937031,汽车类、华为汽车,0.39,648578576,12259253247,1.58318,0
603535,嘉诚国际,0.2,846320,-0.93,15.61,24012678,3.79,,24012678,43907730,-19895052,物流、智能驾驶,4.77,149592326,1205239558,3.7283,-6243154
002897,意华股份,2.9,2224530,0.62,37.24,14728930,0.05,,14728930,56299772,-41570842,高速连接、光伏支架,-0.56,367300217,3311686821,1.17462,0
301016,雷尔伟,1.2,14987797,-1.6,25.6,14428908,-4.51,,14428908,78927635,-64498727,无人驾驶、智能驾驶,-2.96,578652480,1782016204,0.81925,0
002222,福晶科技,0.5,651200,0.05,22.25,14369875,1.18,,14369875,84683034,-70313159,光刻机、激光雷达,1.14,427405875,8264633689,1.61578,0
002036,联创电子,1.1,483516,-0.3,6.58,14316570,-1.5,,14316570,38119188,-23802618,比亚迪产业链、光学镜头,-1.2,171772955,6324536078,0.915486,3344535
000572,海马汽车,1.6,3570336,-3.17,3.27,13358394,-5.76,,13358394,69660756,-56302362,海南、智能驾驶,-2.68,247317567,3515515705,0.885971,-6685894
300638,广和通,3.4,1520550,-0.32,15.2,12848352,-2.25,,12848352,70116854,-57268502,AI玩具、通信,-1.94,322554502,7012332930,1.0483,3132000
601727,上海电气,2.3,607662,-0.27,3.7,12003300,1.65,,12003300,27498819,-15495519,机器人概念、一带一路,1.93,92227645,16384012937,1.24246,0
300292,吴通控股,2.6,296102,-0.63,3.19,11900379,0.95,,11900379,17643796,-5743417,三季报增长、5G,1.59,92857532,3328472796,1.18714,0
300322,硕贝德,4.8,2743840,-2.0,9.26,11824347,3.12,,11824347,89875544,-78051197,消费电子、华为概念,5.23,537409782,3378092731,1.30004,0
300308,中际旭创,0.8,34170177,-1.08,130.34,10605278,-0.44,,10605278,1000853302,-990248024,CPO/MPO、光芯片,0.64,2916400939,102358639738,0.877092,6132188
600678,四川金顶,0.8,327806,-1.18,5.23,8595412,2.95,,8595412,27941583,-19346171,机器人概念、国有企业,4.18,182179204,1451022518,2.43753,3638119
000581,威孚高科,1.9,211250,0.18,16.09,7962667,-0.8,,7962667,20981499,-13018832,机器人概念、毫米波雷达,-0.98,122553776,9973377673,1.10143,0
300680,隆盛科技,0.9,900887,-0.12,17.03,7547110,-0.12,,7547110,34598380,-27051270,商业航天、军工,0.0,140325365,2661217780,1.0333,0
600742,一汽富维,2.7,180290,-0.8,7.38,7438624,-1.73,,7438624,12158651,-4720027,华为汽车、智能座舱,-0.94,44295172,3450715319,1.35255,0
000004,国华网安,0.7,8736550,-3.52,12.41,7002310,4.11,,7002310,29541177,-22538867,AI安全、鸿蒙概念,7.91,282101811,1170202830,1.36963,4772308
603789,星光农机,1.9,1066920,2.26,6.85,6874917,3.01,,6874917,8424975,-1550058,农机、专用设备,0.74,54028892,777406500,0.627981,0
002253,川大智胜,0.4,632460,-1.09,10.0,6260636,-0.7,,6260636,15504823,-9244187,人工智能、元宇宙,0.4,88836057,1715173623,0.621687,0
301386,未来电器,0.3,1102692,-2.2,22.58,6196969,3.34,,6196969,20410530,-14213561,无人驾驶、智能驾驶,5.66,142481676,969156270,1.88175,0
002845,同兴达,0.8,391200,0.0,11.72,5687587,-2.33,,5687587,16192858,-10505271,先进封装、面板,-2.33,125373605,1878151058,0.88724,0
603037,凯众股份,1.0,699591,-1.56,12.31,5666672,-4.28,,5666672,14656537,-8989865,小米汽车、华为汽车,-2.76,113047673,1547202206,0.972084,0
002111,威海广泰,2.4,166166,-0.6,9.86,5601028,-2.09,,5601028,8793731,-3192703,低空经济、军工,-1.5,82856809,3094412027,1.12844,0
300342,天银机电,0.7,1838111,0.53,13.55,5396733,2.34,,5396733,98567595,-93170862,商业航天、卫星导航,1.8,479766233,3972521882,1.48181,0
002331,皖通科技,14.4,791996,-1.67,6.64,5367488,1.07,,5367488,10141745,-4774257,车路云、军工,2.79,67401730,1946714047,1.50051,0
002055,得润电子,1.6,894280,-1.1,6.49,5080490,1.56,,5080490,41659395,-36578905,高速连接、汽车类,2.69,292771578,3175650632,1.05212,3985326
300386,飞天诚信,0.3,1202488,-0.34,8.54,4794365,-2.4,,4794365,19854565,-15060200,互联网金融、智能驾驶,-2.06,159835528,1617336462,0.743549,0
003029,吉大正元,0.6,3059490,-0.87,17.37,4280923,0.46,,4280923,18066417,-13785494,AI智能体、跨境支付,1.34,210372121,2079072150,1.57214,0
002792,通宇通讯,9.4,220124,0.0,9.83,4232085,0.92,,4232085,13408692,-9176607,卫星导航、华为汽车,0.92,99175535,2383774345,1.52828,0
688787,海天瑞声,8.8,186810,-0.25,51.3,4162152,-1.74,,4162152,9233046,-5070894,字节概念、ChatGPT,-1.5,45192033,1870489967,0.785654,0
300939,秋田微,0.5,143250,0.95,29.81,4154150,5.04,,4154150,21902023,-17747873,智能驾驶、无人驾驶,4.05,206846945,1964480192,2.4612,0
603232,格尔软件,0.3,11925360,-4.42,10.69,3692930,-5.4,,3692930,33616507,-29923577,量子科技、信创,-1.02,237300267,1757239678,2.2516,0
002421,达实智能,1.4,169560,-0.46,2.15,3670735,-0.92,,3670735,13063624,-9392889,人工智能、数字经济,-0.46,66231095,3653292739,1.37064,0
688280,精进电动,0.0,92429,0.51,3.9,3381035,0.0,,3381035,3764023,-382988,电机电控、奇瑞产业链,-0.51,30628664,1118356201,2.34552,0
002376,新北洋,1.2,354123,-2.67,5.13,3292490,-2.29,,3292490,5226488,-1933998,机器人概念、智能物流,0.39,51745060,2104109315,1.77472,0
603190,亚通精工,0.0,311787,-0.19,21.55,3249453,1.41,,3249453,3875171,-625718,无人驾驶、汽车零部件,1.6,52101905,873194794,2.43043,0
300588,熙菱信息,0.2,217377,-0.8,7.75,3225827,2.92,,3225827,6083200,-2857373,华为鲲鹏、人工智能,3.75,66655148,923551279,1.78534,0
002655,共达电声,1.1,297150,-0.19,10.33,3201718,-1.81,,3201718,13174123,-9972405,智能音箱、智能座舱,-1.62,76788064,3335577306,0.607988,3277957
002965,祥鑫科技,2.8,273312,-0.84,27.91,3012742,-2.79,,3012742,11918779,-8906037,机器人概念、汽车热管理,-1.97,74015592,3532935382,1.38034,0
300219,鸿利智汇,12.4,490795,0.0,5.09,2941451,-1.17,,2941451,6241574,-3300123,华为汽车、汽车零部件,-1.17,43442546,2123283722,1.13017,0
002194,武汉凡谷,0.1,76296,-0.4,7.43,2925855,-1.07,,2925855,5848906,-2923051,5G、军工,-0.67,50767599,2981285674,0.885727,0
300353,东土科技,0.2,203872,-0.41,7.43,2875236,0.54,,2875236,14984797,-12109561,工业互联网、专用设备,0.95,97844287,3676379284,0.687329,0
002161,远望谷,2.0,66880,-0.9,4.35,2848617,-2.03,,2848617,5172620,-2324003,股权转让、数字经济,-1.14,41017229,2450626653,0.937252,0
300862,蓝盾光电,0.8,36288,0.35,23.24,2802978,2.83,,2802978,21781195,-18978217,军工、智能驾驶,2.47,98159568,2728144325,1.83305,0
300167,*ST迪威,2.5,171342,-2.34,1.63,2502220,-4.68,,2502220,3558778,-1056558,ST板块、智能驾驶,-2.4,24856089,512780787,0.783489,0
600967,内蒙一机,1.8,142680,0.0,7.02,2470305,0.86,,2470305,8032166,-5561861,机器人概念、军工,0.86,63611280,5403803522,1.00768,0
301428,世纪恒通,1.6,1827195,-4.23,29.36,2448074,3.56,,2448074,30781036,-28332962,腾讯系AI 、数据要素,8.14,203538151,1796734143,1.69848,0
301328,维峰电子,2.0,5571855,-3.99,39.27,2316295,1.87,,2316295,22144073,-19827778,机器人概念、光伏,6.11,154226079,1340435936,1.75126,0
300304,云意电气,1.2,400392,-0.17,6.01,2244221,-0.5,,2244221,9489780,-7245559,无人驾驶、汽车类,-0.33,86711595,3015149683,0.870199,0
002528,ST英飞拓,0.6,3427383,3.4,2.16,2182517,4.85,4天3板,2182517,28662791,-26480274,ST板块、信创,1.41,150206322,1061653473,1.59384,0
002630,华西能源,2.2,438864,-1.33,2.23,2045721,-1.33,,2045721,5205410,-3159689,电气设备、垃圾发电,0.0,34695912,2277454269,0.795967,0
001287,中电港,0.6,156366,0.0,15.08,2015242,-1.63,,2015242,12378699,-10363457,机器人概念、数字经济,-1.63,75620998,6595909030,1.14896,0
300620,光库科技,1.9,298480,-0.46,32.76,1978026,-0.58,,1978026,18035376,-16057350,CPO/MPO、智能驾驶,-0.12,117082300,4048080972,1.11719,0
300397,天和防务,0.6,77714,-0.12,8.51,1909148,-0.47,,1909148,4533275,-2624127,军工、智能驾驶,-0.35,66043782,3174696668,0.913743,0
002963,豪尔赛,0.2,564978,0.72,9.67,1824962,-1.23,,1824962,1824962,0,换电站、智能驾驶,-1.93,42769798,681798667,0.674491,0
000670,盈方微,0.7,231548,-0.93,4.23,1686846,-2.08,,1686846,6344363,-4657517,存储、卫星导航,-1.17,76938943,2637793566,1.13108,0
600501,航天晨光,0.3,205540,-0.58,12.22,1485069,1.66,,1485069,16951648,-15466579,军工、大飞机,2.26,146725613,2777562824,0.935262,0
600855,航天长峰,9.0,354497,1.04,8.69,1472883,0.81,,1472883,5656188,-4183305,电源、军工,-0.23,57819333,2463160186,0.908693,0
300088,长信科技,15.2,553350,-0.23,4.25,1397621,-2.3,,1397621,25160056,-23762435,智能穿戴、智能座舱,-2.07,146491731,8354444500,0.999059,0
300936,中英科技,2.0,1280130,0.33,36.68,1320065,2.06,,1320065,13150196,-11830131,印制电路板、通信,1.72,152433271,1129387490,0.918327,0
688088,虹软科技,3.8,753672,-0.11,25.52,1318315,-3.41,,1318315,17913996,-16595681,AIGC、汽车类,-3.3,97992207,5946901451,1.09818,0
300516,久之洋,0.3,163480,-0.41,26.96,1219036,0.19,,1219036,2313154,-1094118,传感器、军工,0.6,28992659,1548853617,0.843799,0
002413,雷科防务,2.2,228826,-0.59,3.37,1125222,-0.88,,1125222,3815876,-2690654,无人驾驶、智能驾驶,-0.3,38925325,4214279572,0.927945,0
002976,瑞玛精密,32.1,744124,-1.72,20.33,1078165,-5.22,,1078165,4085149,-3006984,特斯拉概念、储能,-3.56,41809345,812376002,1.29431,0
300500,启迪设计,18.9,691901,0.0,10.88,1020807,6.77,,1020807,13314588,-12293781,基础建设、分布式光伏,6.77,123612746,943152042,2.24329,0
003019,宸展光电,9.2,200652,-0.86,21.47,1020353,-2.41,,1020353,16949824,-15929471,智能驾驶、人工智能,-1.56,99350619,2275398682,0.907091,12899997
300366,创意信息,0.6,324005,-0.15,6.88,919042,0.29,,919042,9680742,-8761700,智谱AI、操作系统,0.44,88650536,3334006330,0.958977,0
002265,建设工业,2.0,6664,0.0,8.2,816998,-1.56,,816998,816998,0,机器人概念、并购重组,-1.56,15644094,1855695368,1.01418,0
603680,今创集团,0.2,1617703,-4.44,7.14,721715,-6.67,,721715,7879363,-7157648,高铁、轨道交通,-2.33,114381503,1191951132,0.87061,0
688592,司南导航,1.8,184391,-0.14,36.84,673732,0.0,,673732,994465,-320733,卫星导航、无人驾驶,0.14,12158448,499713491,0.54453,0
603035,常熟汽饰,0.6,113181,-0.57,11.99,599430,-2.04,,599430,3538872,-2939442,内外饰、智能座舱,-1.48,35932681,3249554980,0.917584,0
300689,澄天伟业,0.2,233070,0.0,13.21,569078,-3.65,,569078,2690321,-2121243,芯片、智能驾驶,-3.65,35281850,642903944,0.58079,0
300489,光智科技,3.4,302302,-0.15,19.44,482408,-3.04,,482408,11971344,-11488936,并购重组、有色金属,-2.9,50531689,1492248158,0.79577,0
600345,长江通信,12.9,329751,-0.62,15.84,403226,-1.19,,403226,6565259,-6162033,通信、车路云,-0.56,56605399,1908720443,0.751687,0
300077,国民技术,0.7,18571410,-1.86,12.0,376878,6.1,,376878,283185747,-282808869,芯片、EDR,8.11,1317821642,6791938800,2.53942,23747769
605005,合兴股份,2.4,77168,-0.6,14.75,359090,-1.21,,359090,359090,0,无人驾驶、智能驾驶,-0.61,20481938,890897389,1.19305,0
300815,玉禾田,1.2,1070670,-0.99,11.76,356236,-3.21,,356236,5909201,-5552965,环保、病毒防治,-2.24,70097530,1747188882,1.16619,0
300131,英唐智控,0.7,392624,-0.7,4.17,255759,-2.34,,255759,11528851,-11273092,芯片、第三代半导体,-1.65,92987422,4160341799,0.698668,0
300717,华信新材,0.0,6645,-0.08,13.27,255348,-0.23,,255348,1435551,-1180203,化工、智能驾驶,-0.15,12736189,659630885,0.582501,0
003007,直真科技,0.7,64820,0.09,22.94,251081,-0.82,,251081,3557550,-3306469,算力、数据要素,-0.91,31949347,894044902,1.15259,0
002917,金奥博,0.0,793,0.13,7.79,221885,-1.64,,221885,2330969,-2109084,民用爆破、军工,-1.77,30224554,1485375086,1.2808,0
300710,万隆光电,2.4,416736,-0.55,14.37,141802,-1.24,,141802,1279688,-1137886,无人驾驶、智能驾驶,-0.69,39716839,944758859,0.642452,0
600728,佳都科技,1.7,116754,-0.27,3.6,129850,-1.91,,129850,3128214,-2998364,人工智能、元宇宙,-1.64,49542069,7076480278,0.918522,0
603023,*ST威帝 ,2.9,345576,-1.58,1.88,114047,-1.05,,114047,1739455,-1625408,ST板块、汽车零部件,0.53,18835408,584763256,0.732763,0
688015,交控科技,0.0,77066,-0.29,16.65,102180,-2.46,,102180,1181695,-1079515,低空经济、智能驾驶,-2.17,22039263,1794664330,0.992889,0
300446,航天智造,0.7,752070,0.0,13.01,83316,0.85,,83316,39716661,-39633345,华为汽车、小米汽车,0.85,299819603,4053088785,0.725978,0
002189,中光学,0.7,66740,-0.35,14.06,67682,-1.33,,67682,3425007,-3357325,并购重组、军工,-0.99,53126358,2222956242,0.618345,0
002642,荣联科技,1.3,240908,-0.38,5.25,46812,-0.57,,46812,3509667,-3462855,年报增长、数据中心,-0.19,66740420,2894070315,0.994643,0
601777,千里科技,10.8,7549304,0.0,4.5,44692,-0.44,,44692,147396872,-147352180,汽车整车、智能驾驶,-0.44,430186250,7434166916,1.13467,6331312
600841,动力新科,0.3,2486088,-4.58,4.15,33351,-9.59,,33351,25092025,-25058674,柴油发电机、汽车零部件,-5.25,247131029,1361414228,0.913372,0
688272,富吉瑞  ,0.4,134880,0.28,13.51,0,-3.91,,0,0,0,机器视觉、智能驾驶,-4.18,7540170,310712022,1.05526,0
000801,四川九洲,1.4,321456,-0.11,8.79,-44444,-1.12,,-44444,14761748,-14806192,低空经济、大飞机,-1.01,115140641,4710547985,0.845186,0
300407,凯发电气,1.1,711624,-1.49,8.02,-95999,-0.74,,-95999,4741843,-4837842,高铁、智能驾驶,0.75,62192118,1526065696,0.740221,0
002152,广电运通,1.8,664158,-0.73,9.54,-125605,-1.04,,-125605,7852233,-7977838,训推一体机、数据确权,-0.31,104871338,11830234950,0.973035,0
300422,博世科,21.9,2596700,3.37,4.6,-149033,3.37,,-149033,8984170,-9133203,实控人变更、智能驾驶,0.0,121713435,1415650032,2.32439,0
003004,声迅股份,0.3,323400,-1.87,22.98,-166495,-2.38,,-166495,1526403,-1692898,安防、数字经济,-0.52,45987976,851579951,0.964781,0
688288,鸿泉物联,1.9,324304,-2.04,13.61,-193897,-4.29,,-193897,3571826,-3765723,车路云、智能驾驶,-2.3,38395559,686644761,1.079,0
300198,纳川股份,1.6,746011,-2.46,1.19,-199264,-2.46,,-199264,3686551,-3885815,污水处理、汽车类,0.0,38507363,831156939,0.748143,0
601799,星宇股份,0.5,133991,-0.4,121.9,-224540,-0.33,,-224540,11763113,-11987653,车路云、奇瑞产业链,0.07,117314184,13993039086,0.960092,-4204261
000901,航天科技,1.6,180574,-0.12,8.01,-275372,0.12,,-275372,10445851,-10721223,商业航天、军工,0.25,76146874,4184954723,0.989326,0
002609,捷顺科技,5.3,266058,0.14,6.84,-287808,-2.43,,-287808,3105192,-3393000,人工智能、华为概念,-2.56,34249658,2150846087,1.10203,0
603123,翠微股份,1.8,65772,0.53,5.53,-389410,-1.95,,-389410,4712667,-5102077,RISC-V、数字货币,-2.47,40411149,1792480066,1.29917,0
002952,亚世光电,1.1,67414,-0.11,17.8,-392700,-2.41,,-392700,0,-392700,AI眼镜、端侧AI,-2.31,30027968,865018289,0.914824,0
002024,ST易购,2.5,259860,-0.81,1.21,-422356,-1.63,,-422356,1506533,-1928889,ST板块、平台经济,-0.82,13219850,4355860177,0.7819,0
301307,美利信,5.6,135050,-0.59,18.1,-463515,-2.74,,-463515,3967991,-4431506,通信、小米机器人,-2.16,36017866,1936836836,0.88535,0
300099,尤洛卡,1.2,448380,-1.17,4.22,-518150,-1.4,,-518150,1490895,-2009045,军工、无人驾驶,-0.24,23815704,2238441356,0.794783,0
301027,华蓝集团,1.5,110079,0.41,7.13,-597932,-1.79,,-597932,1297014,-1894946,房屋检测、农业,-2.19,29321098,842431917,0.85782,0
603039,泛微网络,0.3,38181,0.07,28.6,-606388,-2.56,,-606388,1117111,-1723499,AI智能体、智能驾驶,-2.62,41981747,3600977091,1.27479,0
002204,大连重工,7.4,221600,0.0,3.98,-610340,-0.5,,-610340,3823840,-4434180,军工、机器人概念,-0.5,42454189,2905953178,1.21227,0
600805,悦达投资,1.2,161934,0.0,3.89,-610795,-1.27,,-610795,1416788,-2027583,无人驾驶、智能驾驶,-1.27,23351728,2182996980,0.851233,0
603150,万朗磁塑,0.6,874078,-1.1,25.38,-617164,-4.08,,-617164,2898747,-3515911,无人驾驶、稀土永磁,-3.02,64872366,1011859517,0.743812,0
605258,协和电子,0.4,624807,-1.11,28.28,-628745,-1.98,,-628745,9003974,-9632719,印制电路板、汽车零部件,-0.88,148671445,1035612695,0.801434,0
300520,科大国创,0.3,1404300,-1.34,15.32,-649085,-2.48,,-649085,14878682,-15527767,算力、国产软件,-1.16,133913420,3230053463,0.868293,0
688071,华依科技,0.0,0,0.0,18.33,-683443,-5.76,,-683443,2355571,-3039014,机器人概念、科创板,-5.76,23421102,889340920,0.986496,0
002883,中设股份,0.2,215208,-1.04,8.33,-687357,-3.48,,-687357,1247498,-1934855,低空经济、智能驾驶,-2.46,53641096,796583747,0.690369,0
301499,维科精密,1.0,592020,0.43,22.77,-747442,-2.27,,-747442,4663445,-5410887,智能驾驶、传感器,-2.69,57333711,787015836,0.706042,0
300597,吉大通信,1.3,61287,0.0,6.55,-797410,-0.61,,-797410,1611200,-2408610,5G、智能驾驶,-0.61,28040020,1462655901,0.85071,0
603869,ST智知  ,55.1,543424,-1.97,4.47,-822534,-2.19,,-822534,301263,-1123797,ST板块、脑机接口,-0.22,16614737,1165336360,1.33508,0
300209,*ST有树,1.3,544863,-2.07,2.39,-825156,-1.24,,-825156,0,-825156,ST板块、数字经济,0.84,12404376,925566798,0.791524,0
301083,百胜智能,4.6,718980,-0.14,13.88,-876444,0.43,,-876444,3044774,-3921218,机器人概念、专用设备,0.58,64712968,761424418,1.15114,0
301183,东田微,0.8,329384,-0.32,36.91,-896368,-1.7,,-896368,14003667,-14900035,华为概念、消费电子,-1.39,118485780,1550146645,0.881951,0
603228,景旺电子,1.4,2457840,-1.15,26.51,-1035390,-1.49,,-1035390,73967231,-75002621,印制电路板、英伟达概念,-0.34,417736246,7173623188,0.605235,8573240
001266,宏英智能,1.8,313896,-0.88,19.15,-1041178,-0.83,,-1041178,938314,-1979492,机器人概念、汽车零部件,0.05,40478208,675451140,0.854203,0
688306,均普智能,0.0,1811,-0.26,3.73,-1094593,-1.84,,-1094593,307946,-1402539,机器人概念、汽车零部件,-1.58,15132154,1475156480,0.857379,0
301199,迈赫股份,2.1,151688,-1.39,22.84,-1142899,-0.52,,-1142899,2005401,-3148300,机器人概念、智能驾驶,0.88,42801041,822353719,0.715426,0
603068,博通集成,0.7,722484,0.32,21.65,-1222828,-1.1,,-1222828,9801775,-11024603,端侧芯片、消费电子,-1.41,153538531,2283380201,0.804502,0
000948,南天信息,0.2,242808,-0.98,11.88,-1255499,-2.62,,-1255499,6052483,-7307982,信创、华为概念,-1.66,59879429,2969569914,1.15697,0
300928,华安鑫创,0.4,831488,-2.32,35.53,-1261711,-6.5,,-1261711,14715831,-15977542,无人驾驶、汽车零部件,-4.28,104154092,1476292433,1.18848,0
300310,宜通世纪,0.8,171717,0.0,3.47,-1296713,-2.8,,-1296713,4667540,-5964253,机器人概念、5G,-2.8,44196532,2240015882,0.791283,0
688282,*ST导航 ,0.0,0,0.0,21.57,-1329227,-1.51,,-1329227,325498,-1654725,军工、ST板块,-1.51,4633392,659610286,1.45975,0
002448,中原内配,3.6,103488,-0.19,5.27,-1333498,-2.41,,-1333498,1181764,-2515262,无人驾驶、新型工业化,-2.23,33522619,2440393505,1.14758,0
002870,香山股份,1.5,49860,0.0,27.15,-1341739,-1.99,,-1341739,1679891,-3021630,机器人概念、充电桩,-1.99,33766978,2114779575,0.964668,0
002316,ST亚联,0.9,145485,0.33,3.0,-1382582,-1.32,,-1382582,1005312,-2387894,ST板块、数字货币,-1.64,25868890,873050531,1.01496,0
300691,联合光电,0.1,101360,0.0,14.07,-1391802,-2.83,,-1391802,3582988,-4974790,AI眼镜、端侧AI,-2.83,37649682,2090878618,0.829905,0
002547,春兴精工,1.5,198102,-0.41,2.33,-1421666,-3.72,,-1421666,3179001,-4600667,机器人概念、通信,-3.32,45892128,1864015029,0.922236,0
601038,一拖股份,2.9,185250,-0.35,14.0,-1458480,-2.1,,-1458480,1598878,-3057358,农机、农业,-1.75,61020793,2574961594,1.03073,0
301339,通行宝,2.8,3037167,-2.68,21.39,-1459896,2.2,,-1459896,75360816,-76820712,智能驾驶、人工智能,5.01,297078603,2567729994,1.22192,0
300655,晶瑞电材,0.4,513951,-1.41,6.87,-1496445,-2.97,,-1496445,9730949,-11227394,光刻胶、化工,-1.58,97546717,5303299886,0.647562,0
603390,通达电气,6.2,910671,-2.45,7.32,-1523343,-5.67,,-1523343,6021468,-7544811,比亚迪产业链、汽车零部件,-3.3,108005731,958250213,0.890234,0
000409,云鼎科技,0.5,74349,-0.79,7.45,-1527828,-1.59,,-1527828,2480775,-4008603,人工智能、卫星导航,-0.8,35660745,2812941734,0.914768,0
688322,奥比中光,0.2,45692,-0.25,23.78,-1597035,-2.14,,-1597035,6661362,-8258397,宇树机器人、机器视觉,-1.9,46094104,4229897116,0.806981,0
603703,盛洋科技,2.3,48730,-0.45,8.8,-1614417,-1.12,,-1614417,880999,-2495416,卫星导航、家电,-0.68,20284835,2534554091,0.855785,0
002313,日海智能,0.8,67468,1.06,6.42,-1651113,-2.87,,-1651113,1699177,-3350290,机器人概念、人工智能,-3.89,30093045,1334203301,0.965436,0
002357,富临运业,6.4,6329700,-2.66,5.6,-1671706,-6.82,,-1671706,31767894,-33439600,网约车、成渝经济圈,-4.27,202430976,1229786144,1.01658,-1732389
300656,民德电子,0.7,120496,-0.95,17.38,-1685027,-2.85,,-1685027,3477087,-5162114,深圳、军工,-1.92,44438129,1415880289,0.736345,0
002488,金固股份,1.0,63510,-0.23,4.22,-1741142,-3.87,,-1741142,7619085,-9360227,汽车零部件、智能驾驶,-3.65,69910376,2917996678,1.44437,0
002860,星帅尔,0.1,7580,-0.13,7.42,-1773453,-2.24,,-1773453,3935926,-5709379,家电、光储充一体化,-2.11,29700233,1376544146,1.60853,0
688003,天准科技,0.5,187404,-0.71,31.96,-1822590,-1.45,,-1822590,4406772,-6229362,机器人概念、智能驾驶,-0.75,37761808,2424208485,0.7408,0
688307,中润光学,0.2,53439,0.0,19.73,-1868654,-2.57,,-1868654,394997,-2263651,无人驾驶、光学镜头,-2.57,21065523,1125583123,0.583867,0
002729,好利科技,2.7,808398,-1.38,9.16,-1965876,-2.45,,-1965876,2147629,-4113505,年报增长、芯片,-1.08,65436253,1081264567,0.551645,0
600476,湘邮科技,0.9,1789215,-1.25,11.71,-2047966,-2.09,,-2047966,6866746,-8914712,人工智能、蚂蚁金服概念,-0.85,88097542,1144096097,0.838589,0
000800,一汽解放,6.4,543438,0.63,7.79,-2071305,-1.77,,-2071305,2229894,-4301199,华为汽车、汽车类,-2.38,66729426,6059819754,0.920693,0
603319,湘油泵  ,0.0,78999,-0.13,15.2,-2092109,-2.0,,-2092109,5245544,-7337653,比亚迪产业链、电机电控,-1.87,36631605,2290854399,0.8114,0
002512,达华智能,1.5,165726,-1.0,2.96,-2176694,-1.33,,-2176694,346344,-2523038,量子科技、智能驾驶,-0.34,47112529,2279329690,0.801153,0
603633,徕木股份,2.2,86152,-0.28,6.95,-2206801,-2.66,,-2206801,3187964,-5394765,高速连接、华为汽车,-2.39,48731945,1858091595,0.827742,0
002990,盛视科技,2.3,88512,0.33,17.82,-2290712,-3.05,,-2290712,1393444,-3684156,机器人概念、智能驾驶,-3.36,43866047,1651589980,1.22338,0
002010,传化智联,2.1,98154,0.0,3.64,-2303579,-1.36,,-2303579,3890309,-6193888,DeepSeek、汽车类,-1.36,41668747,4623262125,1.17981,0
603297,永新光学,3.0,34344,0.0,55.03,-2382637,-3.86,,-2382637,922690,-3305327,无人驾驶、智能驾驶,-3.86,50890081,2226773575,0.941579,0
605228,神通科技,1.4,111540,-0.23,8.25,-2405164,-4.07,,-2405164,2053928,-4459092,激光雷达、无人驾驶,-3.85,52022546,815548196,0.733057,0
002937,兴瑞科技,0.8,174240,-0.55,19.3,-2501400,-3.06,,-2501400,6561110,-9062510,特斯拉概念、汽车零部件,-2.53,76051350,2569276546,0.797824,0
300644,南京聚隆,2.2,801710,-0.17,17.2,-2602240,-2.55,,-2602240,2135974,-4738214,化工、军工,-2.38,58850581,1080935633,0.75361,0
002835,同为股份,2.2,164670,0.34,14.61,-2658635,-2.08,,-2658635,1209644,-3868279,AI视觉、智能驾驶,-2.4,40400109,1208751337,0.669019,0
002104,恒宝股份,1.3,61876,-0.2,4.92,-2707892,-1.6,,-2707892,915820,-3623712,移动支付、数字货币,-1.4,25024193,2752012532,0.909971,0
603586,金麒麟  ,1.6,521854,-1.01,11.58,-2716752,-2.69,,-2716752,8334914,-11051666,汽车零部件、碳陶刹车,-1.7,72497128,996496642,0.896764,0
601965,中国汽研,10.6,994155,1.46,16.75,-2784956,-2.05,,-2784956,3766958,-6551914,汽车服务、华为汽车,-3.46,58561841,6022038025,0.470254,0
300354,东华测试,0.7,102912,0.25,30.7,-2786670,-4.3,,-2786670,3957820,-6744490,军工、机器人概念,-4.54,41227510,1910838719,0.86165,0
300790,宇瞳光学,0.8,293022,-0.67,12.93,-2808623,-4.01,,-2808623,16827035,-19635658,无人驾驶、汽车零部件,-3.36,109562715,3059122963,1.00717,0
300270,中威电子,1.8,5951617,-2.7,6.12,-2821371,-2.86,,-2821371,11522779,-14344150,机器人概念、智能驾驶,-0.16,111011630,1040741897,1.06476,0
002593,日上集团,0.9,152334,0.0,2.68,-2823435,-1.83,,-2823435,0,-2823435,汽车零部件、一体化压铸,-1.83,29036393,1114858861,1.02032,0
002649,博彦科技,46.3,3838484,-1.42,7.5,-2838876,-2.85,,-2838876,9975779,-12814655,阿里系AI、数字经济,-1.45,93820406,3804249311,1.27025,0
300923,研奥股份,1.2,1572516,-3.74,18.35,-2876745,-6.09,,-2876745,7244574,-10121319,无人驾驶、智能驾驶,-2.45,101350108,1211817745,0.765861,0
301039,中集车辆,1.5,899029,-1.75,8.38,-2888429,-2.1,,-2888429,10954032,-13842461,汽车零部件、智能驾驶,-0.36,86262114,6082538095,0.929392,0
600386,北巴传媒,2.2,1221553,-2.54,2.97,-2890968,-5.71,,-2890968,6317540,-9208508,充电桩、文化传媒,-3.26,85788469,1075674733,0.542387,0
300188,国投智能,0.6,416268,-0.09,10.81,-2908598,-3.48,,-2908598,14779257,-17687855,文生视频、AI安全,-3.4,106523112,5333804035,1.06465,0
603357,设计总院,1.7,287620,-0.76,7.86,-2921955,-1.01,,-2921955,2655550,-5577505,低空经济、基础建设,-0.25,44479051,2223368394,0.754882,0
600035,楚天高速,4.7,191744,0.0,4.28,-3042224,0.0,,-3042224,15266149,-18308373,智能驾驶、基础建设,0.0,54106647,3171705227,0.955878,0
605178,时空科技,2.0,508636,-2.02,12.02,-3073889,-6.46,,-3073889,3706574,-6780463,网约车、空间计算,-4.53,77386142,591282722,0.549169,0
301136,招标股份,5.5,329975,-0.91,9.65,-3237434,-2.92,,-3237434,3030195,-6267629,商业航天、军工,-2.03,45752008,1002536763,0.893011,0
688201,信安世纪,0.1,14221,-1.65,6.94,-3241182,-4.54,,-3241182,3942462,-7183644,量子科技、科创板,-2.94,46468821,2099563426,1.00191,0
000793,华闻集团,0.7,3001393,-1.74,1.1,-3269115,-4.35,,-3269115,15794667,-19063782,海南、稀土永磁,-2.65,107197194,1865608486,0.879857,0
600650,锦江在线,0.7,18628750,-6.72,12.06,-3272808,-10.0,,-3272808,133317784,-136590592,无人驾驶、智能驾驶,-3.52,715731929,2144264866,0.709647,-14194813
300205,ST天喻,4.1,369783,-1.3,6.6,-3301961,-4.35,,-3301961,4403636,-7705597,ST板块、数字经济,-3.08,30967142,1696759997,1.33594,0
603776,永安行  ,1.6,1133901,-2.17,10.5,-3441571,-5.15,,-3441571,7998424,-11439995,并购重组、两轮车,-3.05,79841760,1376149977,0.88257,-3123264
002444,巨星科技,3.7,980343,0.66,23.64,-3452430,-3.15,,-3452430,22352440,-25804870,机器人概念、人工智能,-3.79,231909905,16241082679,0.787083,0
000909,ST数源,0.5,208976,0.0,3.46,-3508978,-1.98,,-3508978,313200,-3822178,ST板块、通信,-1.98,21983290,899351897,1.03418,0
002090,金智科技,0.9,45600,-0.26,7.36,-3524226,-3.41,,-3524226,890439,-4414665,智能电网、机器人概念,-3.16,47710170,2329929429,1.73289,0
688195,腾景科技,0.1,47738,-2.76,22.53,-3560927,-2.85,,-3560927,3491639,-7052566,光刻机、汽车零部件,-0.09,49025679,1890652398,0.679479,0
300448,浩云科技,0.3,344932,-1.52,3.81,-3615496,-3.3,,-3615496,5162670,-8778166,人工智能、国产软件,-1.8,72693875,1697872591,0.740114,0
603679,华体科技,9.4,2271048,-3.33,11.05,-3627281,-5.56,,-3627281,14700864,-18328145,低空经济、智能驾驶,-2.3,166510846,1162755958,1.61263,0
002326,永太科技,4.7,78280,-0.26,7.42,-3798202,-2.62,,-3798202,2923098,-6721300,液冷服务器、电解液,-2.37,49572905,4874697150,1.10137,0
300184,力源信息,0.5,1150084,-1.34,4.4,-3826744,-1.79,,-3826744,17926352,-21753096,芯片、华为概念,-0.45,121839728,4461811115,0.718246,0
688502,茂莱光学,4.3,114279,-0.13,84.76,-3924642,-2.89,,-3924642,2357935,-6282577,光刻机、机器视觉,-2.76,45074476,1375339239,0.660858,0
301189,奥尼电子,10.1,558138,-1.02,20.04,-3993410,-2.62,,-3993410,401397,-4394807,腾讯系AI 、消费电子,-1.62,31633498,825176359,1.07968,0
605555,德昌股份,0.5,158886,0.18,15.99,-4085386,-2.2,,-4085386,6349506,-10434892,机器人概念、家电,-2.38,73088920,2169817656,0.889531,0
002418,康盛股份,1.6,390264,-1.18,1.63,-4092056,-4.12,,-4092056,3642924,-7734980,液冷服务器、汽车类,-2.98,49867635,1340625285,1.1587,0
300456,赛微电子,1.4,611864,0.07,14.78,-4153270,-1.14,,-4153270,20546950,-24700220,芯片、传感器,-1.2,158591114,7001746409,0.805737,0
688327,云从科技,1.9,449991,0.0,10.39,-4296146,-1.98,,-4296146,13954024,-18250170,训推一体机、ChatGPT,-1.98,96884131,7813372055,0.800857,0
300698,万马科技,2.9,495900,-1.2,31.83,-4555081,-4.87,,-4555081,8751352,-13306433,无人驾驶、智能驾驶,-3.72,49609751,1843559755,1.26795,0
002813,路畅科技,2.9,1315848,-1.65,25.4,-4598560,-4.51,,-4598560,5415506,-10014066,无人驾驶、智能座舱,-2.91,85191184,991806379,0.960477,0
301132,满坤科技,2.2,1555515,-0.78,26.07,-4619495,-2.72,,-4619495,20705094,-25324589,印制电路板、汽车零部件,-1.96,237802956,1133406285,0.918323,0
688022,瀚川智能,0.0,3806,-0.24,11.84,-4736314,-3.82,,-4736314,812479,-5548793,高速连接、汽车零部件,-3.58,32128551,1390592971,1.02179,0
688167,炬光科技,1.3,126534,0.26,49.36,-4753444,-2.85,,-4753444,7931389,-12684833,光刻机、元器件,-3.1,75375948,3395064070,0.865013,0
300458,全志科技,0.9,2935453,-0.24,25.59,-4756044,0.87,,-4756044,161426738,-166182782,RISC-V、汽车电子,1.11,846160359,11192147420,0.594954,5118000
002151,北斗星通,0.9,117456,-0.08,24.21,-4844424,-1.14,,-4844424,10553101,-15397525,卫星导航、军工,-1.06,98923549,9017306261,0.774916,0
300590,移为通信,2.0,869463,-0.27,10.97,-4884315,-2.23,,-4884315,18434540,-23318855,无人驾驶、数字经济,-1.97,145790067,2563867042,0.883984,0
603286,日盈电子,2.9,1601214,-1.79,17.45,-4918202,0.93,,-4918202,15239516,-20157718,汽车零部件、无人驾驶,2.77,164784460,1107543538,0.845416,0
000951,中国重汽,6.1,689976,-0.44,13.54,-4959244,-1.53,,-4959244,11160260,-16119504,重卡、一带一路,-1.1,115020351,7798176602,0.868942,263404
002383,合众思壮,1.6,973544,-0.87,5.55,-4988563,-3.81,,-4988563,9747908,-14736471,卫星导航、军工,-2.97,95938244,2364633060,0.873548,0
300627,华测导航,1.5,676137,-0.03,29.03,-5018219,-0.85,,-5018219,27661133,-32679352,卫星导航、军工,-0.82,172795035,8719152599,0.631647,0
601360,三六零  ,0.2,2196570,-0.41,7.17,-5060183,-2.18,,-5060183,76805322,-81865505,DeepSeek、AI智能体,-1.78,311507245,21697525639,0.800871,-3600000
002484,江海股份,1.8,177237,-0.4,12.41,-5106092,-1.66,,-5106092,10809710,-15915802,服务器、汽车类,-1.27,88317613,6256054542,0.590351,0
301398,星源卓镁,27.2,391310,-0.86,34.94,-5172733,-3.51,,-5172733,2886217,-8058950,特斯拉概念、小米汽车,-2.67,46180204,835066000,0.972547,0
600552,凯盛科技,2.9,391160,-0.89,8.82,-5189132,-1.67,,-5189132,12468853,-17657985,折叠屏、面板,-0.79,81180306,5889306558,0.945804,-4801014
688158,优刻得  ,0.1,3954,0.0,9.57,-5328384,-3.43,,-5328384,0,-5328384,DeepSeek、数字经济,-3.43,52901554,3372772875,1.03367,0
688582,芯动联科,0.0,0,0.0,27.38,-5401101,-2.7,,-5401101,10544784,-15945885,机器人概念、专精特新,-2.7,63344539,6655574208,0.928584,0
002339,积成电子,0.4,161700,-1.32,5.2,-5406219,-2.26,,-5406219,2901460,-8307679,充电桩、新型工业化,-0.95,51448664,2069124754,0.937404,0
300732,设研院,3.2,392863,-1.38,6.96,-5528635,-3.73,,-5528635,3657402,-9186037,韧性城市、基础建设,-2.38,69720319,1175158125,1.14418,0
600271,航天信息,0.3,185196,-0.39,7.46,-5576763,-2.1,,-5576763,11459446,-17036209,财税数字化、蚂蚁金服概念,-1.71,85791210,8295004471,0.716949,0
300473,德尔股份,0.4,54348,-0.46,14.07,-5719481,8.23,,-5719481,11450709,-17170190,固态电池、华为汽车,8.73,145947060,1361455791,4.59167,0
300925,法本信息,1.4,382006,-0.32,9.15,-5805225,-2.35,,-5805225,4832442,-10637667,信创、ERP,-2.03,73476660,2615890631,0.714521,0
002970,锐明技术,2.5,517628,-0.09,33.1,-5805772,-3.53,,-5805772,25440864,-31246636,三季报增长、比亚迪产业链,-3.44,157952925,2105432936,1.06853,0
000810,创维数字,0.6,107019,-0.26,7.43,-5843869,-2.37,,-5843869,1447872,-7291741,AI眼镜、AIGC,-2.11,77184429,3958992286,1.25993,0
002212,天融信,0.6,227772,0.23,4.34,-5861362,-2.03,,-5861362,5266011,-11127373,DeepSeek、网络安全,-2.25,83690326,4700433204,0.810312,0
300101,振芯科技,0.4,90115,-0.22,13.23,-5977344,-1.85,,-5977344,5855132,-11832476,芯片、卫星导航,-1.64,76498670,5255630788,0.713389,0
603266,天龙股份,17.0,2387200,-1.66,15.33,-6287579,-5.78,,-6287579,5560704,-11848283,汽车零部件、奇瑞产业链,-4.19,109824158,1202414151,1.57797,0
000851,ST高鸿,3.4,12036204,4.93,2.13,-6291118,4.93,4天3板,-6291118,89353200,-95644318,ST板块、自主可控,0.0,256276677,2093188632,1.39614,0
300572,安车检测,1.2,94054,0.0,11.06,-6352853,-3.57,,-6352853,10432304,-16785157,汽车检测、一体化压铸,-3.57,49082646,1868131727,0.781928,0
600699,均胜电子,4.1,2253380,-1.21,14.39,-6377395,-3.16,,-6377395,23591692,-29969087,智能座舱、小米汽车,-1.98,214616128,12822287277,0.772159,0
301508,中机认检,3.3,637325,-0.38,33.76,-6421191,-2.37,,-6421191,6989078,-13410269,中字头、新能源汽车,-2.0,94537081,1526527270,0.797593,0
002178,延华智能,0.5,1505860,-2.02,3.3,-6480335,-4.9,,-6480335,14220494,-20700829,养老概念、机器人概念,-2.94,120445557,1559633417,1.12033,0
300036,超图软件,0.2,73472,0.08,12.86,-6487080,-1.91,,-6487080,4687626,-11174706,时空大数据、国产软件,-1.98,73271997,5457969933,1.04392,0
300557,理工光科,2.6,697450,-0.99,23.21,-6558210,-4.45,,-6558210,2774132,-9332342,传感器、机器人概念,-3.49,66693914,1079099470,0.983384,0
000723,美锦能源,3.1,150849,-0.22,4.39,-6637886,-3.3,,-6637886,10525865,-17163751,氢能源、氢燃料电池,-3.09,104026405,11097709874,1.3465,0
000925,众合科技,1.2,994120,-1.69,5.66,-6846316,-4.07,,-6846316,8132808,-14979124,机器人概念、病毒防治,-2.41,110611961,3098760583,0.848288,0
000700,模塑科技,0.8,587367,-0.53,5.42,-7024528,-3.9,,-7024528,10806175,-17830703,特斯拉概念、小米机器人,-3.39,103531324,3094870102,0.919956,0
000967,盈峰环境,3.7,494890,0.49,4.0,-7317816,-1.72,,-7317816,5386981,-12704797,机器人概念、垃圾发电,-2.2,69305129,4346748422,1.75707,0
301221,光庭信息,1.8,2497362,-2.31,35.93,-7459673,-4.57,,-7459673,13582524,-21042197,智能驾驶、小米汽车,-2.31,153403974,1563199324,0.970643,0
000997,新大陆,0.4,236550,-0.4,12.29,-7543544,-1.68,,-7543544,8626034,-16169578,DeepSeek、移动支付,-1.29,132969313,8815026627,1.24217,0
688653,康希通信,0.8,128704,-0.7,12.16,-7751128,-5.66,,-7751128,5349921,-13101049,芯片、军工,-5.0,48874473,663945266,0.804388,0
688207,格灵深瞳,22.9,1558523,-0.75,11.4,-7812821,-5.16,,-7812821,18424182,-26237003,并购重组、数字经济,-4.44,105864561,1853219624,1.3805,0
002446,盛路通信,5.5,243507,0.0,5.11,-7850977,-1.16,,-7850977,6133149,-13984126,5G、军工,-1.16,72857010,4217123845,0.886713,0
002268,电科网安,0.1,387396,-0.47,12.47,-7856464,-1.97,,-7856464,6801767,-14658231,中电科重组、网络安全,-1.5,117630306,7036458648,0.897602,0
600741,华域汽车,1.6,952031,-0.64,15.32,-8041582,-1.35,,-8041582,13088117,-21129699,汽车类、小米汽车,-0.71,137297754,17647079675,0.696782,0
601238,广汽集团,4.8,1855620,-0.89,7.71,-8091288,-2.03,,-8091288,8059053,-16150341,华为汽车、汽车类,-1.15,110409906,56762941047,0.800834,0
002414,高德红外,6.5,898560,-0.17,5.82,-8521015,-0.68,,-8521015,6077026,-14598041,机器人概念、传感器,-0.51,121342315,9054893322,0.893658,0
002703,浙江世宝,6.7,1738080,-1.84,10.36,-8631302,-4.52,,-8631302,15217786,-23849088,汽车零部件、小米汽车,-2.72,148399915,2673170943,1.2622,0
300579,数字认证,0.4,599460,-0.96,20.19,-8691109,-2.93,,-8691109,9037367,-17728476,电子证照、数字货币,-1.99,96256770,2428066026,0.675493,0
301133,金钟股份,7.6,1982812,-3.24,21.68,-8853029,-6.47,,-8853029,7939229,-16792258,汽车零部件、华为汽车,-3.34,133283598,759321404,1.06395,0
000066,中国长城,0.3,801643,-0.72,8.22,-9061835,-1.56,,-9061835,17520691,-26582526,信创、操作系统,-0.84,162348004,15879996347,0.706644,-3084838
301536,星宸科技,0.9,723968,0.08,34.62,-9141560,-3.32,,-9141560,10027639,-19169199,AI视觉、AI眼镜,-3.4,147639236,1231907279,0.805935,0
300079,数码视讯,3.5,438144,-0.78,3.74,-9278839,-3.36,,-9278839,4941117,-14219956,人工智能、超高清视频,-2.6,75423069,4567268407,1.45383,0
600845,宝信软件,1.1,416740,-0.58,31.78,-9528922,1.6,,-9528922,11936870,-21465792,阿里系AI、工业互联网,2.19,219413149,21482712759,0.999613,0
002355,兴民智通,1.3,6453248,-3.76,5.27,-9629393,-0.94,,-9629393,44501716,-54131109,无人驾驶、华为汽车,2.93,337756498,2772768526,0.860271,0
300020,*ST银江,2.1,2053492,-1.01,1.96,-9702347,-1.01,,-9702347,14528139,-24230486,数字经济、ST板块,0.0,116301521,1342203574,1.08868,0
300807,天迈科技,2.0,18942832,-6.01,34.4,-9787259,-12.47,,-9787259,79866935,-89654194,股权转让、华为概念,-6.88,533348591,1123640640,0.812683,1508089
002708,光洋股份,3.1,833025,-0.55,7.07,-9818015,-3.02,,-9818015,11406292,-21224307,机器人概念、减速器,-2.48,136648047,2242325673,0.93839,-3590000
603786,科博达  ,1.6,255600,0.02,49.85,-9935676,-2.47,,-9935676,5658951,-15594627,比亚迪产业链、汽车零部件,-2.48,85071105,6820577383,0.807045,0
002456,欧菲光,1.1,5026803,-0.12,8.11,-10009861,0.37,,-10009861,176980596,-186990457,消费电子、华为概念,0.5,753017321,20665941379,0.672521,-766720
002195,岩山科技,2.1,466240,0.0,2.31,-10189830,-1.7,,-10189830,19684845,-29874675,机器人概念、互联网金融,-1.7,122187180,11696122455,0.74528,0
002819,东方中科,0.4,3997500,-1.75,20.33,-10358056,-6.31,,-10358056,16258159,-26616215,知识蒸馏、芯片,-4.64,192971704,2328750084,1.14574,0
301421,波长光电,0.5,400346,-0.95,40.43,-10493235,-5.98,,-10493235,16124863,-26618098,光刻机、机器人概念,-5.07,188734651,1169639900,0.775686,0
300546,雄帝科技,0.5,1688658,-3.4,12.05,-10543117,-10.87,,-10543117,18260704,-28803821,蚂蚁金服概念、数字货币,-7.73,237486147,1357428882,0.867614,0
300730,科创信息,0.6,1872780,-1.61,9.5,-10604772,-4.62,,-10604772,23391190,-33995962,AI政务、信创,-3.06,248657928,1424003173,0.840956,0
603893,瑞芯微  ,0.5,1460427,0.55,64.27,-10623899,-1.32,,-10623899,34640022,-45263921,端侧芯片、数字芯片,-1.86,282955516,10615892506,0.778649,-4980353
688522,纳睿雷达,0.0,43402,-0.25,45.37,-10681341,-5.32,,-10681341,39126133,-49807474,毫米波雷达、军工,-5.08,181398574,3844844445,1.9622,-7576695
603018,华设集团,0.6,462550,-0.59,8.35,-10944980,-1.3,,-10944980,24293640,-35238620,低空经济、智能驾驶,-0.71,103015559,5646358902,0.76781,-6993137
603528,多伦科技,2.7,676800,-1.64,5.86,-11199754,-3.93,,-11199754,3885155,-15084909,机器人概念、芯片,-2.33,116181287,1833999407,1.09784,0
603197,保隆科技,1.3,795136,-0.93,29.61,-11388192,-5.55,,-11388192,21094709,-32482901,无人驾驶、传感器,-4.67,172935597,4590489315,1.08291,-7345882
000532,华金资本,6.9,1796625,-2.09,11.05,-11576654,-3.83,,-11576654,7658051,-19234705,参股券商、智能驾驶,-1.78,129442281,1925479330,1.2127,0
603236,移远通信,0.8,1012602,-0.23,46.43,-11727895,-2.56,,-11727895,38994299,-50722194,AI玩具、物联网,-2.33,270082160,8695367807,0.884449,-3604348
301007,德迈仕,1.0,2148960,-2.22,12.72,-12102579,-5.78,,-12102579,20558214,-32660793,无人驾驶、小米机器人,-3.64,211979500,1914163641,0.647739,0
301215,中汽股份,2.2,1670361,-1.1,5.22,-12604665,-4.22,,-12604665,13146804,-25751469,车路云、汽车零部件,-3.15,124616461,1984635406,1.08559,0
002428,云南锗业,0.4,4496815,-0.65,12.48,-12782584,1.88,,-12782584,178873263,-191655847,金属锗、有色金属,2.55,638163994,6519410537,0.741114,7304972
301091,深城交,3.7,1527073,-2.45,23.8,-12947276,-5.89,,-12947276,45356887,-58304163,低空经济、数字经济,-3.53,293616318,2635314066,1.04622,0
001309,德明利,1.7,2853417,0.0,81.4,-13347730,-2.15,,-13347730,77421238,-90768968,存储、智能驾驶,-2.15,358431216,5478832542,0.733247,6260364
300379,东方通,0.3,1008970,0.0,7.84,-13421129,-3.8,,-13421129,11734584,-25155713,信创、自主可控,-3.8,187269505,4061699459,0.959974,0
603220,中贝通信,1.9,1237090,-3.01,19.06,-13645900,-2.71,,-13645900,16101450,-29747350,训推一体机、通信,0.32,171266047,6056290699,0.993142,-3044658
300585,奥联电子,18.2,10121364,-4.05,12.45,-14417080,-4.96,,-14417080,53858085,-68275165,无人驾驶、钙钛矿电池,-0.95,402166814,1251597504,2.29584,0
300031,宝通科技,2.0,1380085,-1.05,14.96,-14718672,-1.64,,-14718672,27274068,-41992740,宇树机器人、VR/AR/MR,-0.6,197297414,4905577925,0.603526,0
002806,华锋股份,0.4,3435021,-4.75,9.32,-14833216,-7.81,,-14833216,9885631,-24718847,汽车零部件、储能,-3.22,203383514,1224285027,0.975154,0
300735,光弘科技,1.1,1242610,-1.1,19.65,-15824893,-2.09,,-15824893,88942961,-104767854,华为概念、消费电子,-1.01,445343023,7054934125,0.773033,-7605890
300825,阿尔特,2.9,7101820,-0.48,9.85,-16230623,-6.19,,-16230623,39747991,-55978614,换电站、机器人概念,-5.74,307456256,4115020085,0.999605,0
600104,上汽集团,1.3,2043811,-0.41,14.49,-16893987,-1.36,,-16893987,23229361,-40123348,上海、汽车整车,-0.96,277169253,51759600148,0.572945,-3904368
600718,东软集团,37.4,3779310,-1.99,7.63,-16925866,-5.22,,-16925866,21818140,-38744006,AI智能体、智能座舱,-3.3,256676779,7256784900,2.15103,-5598448
002065,东华软件,22.0,3412416,-1.54,4.32,-17045340,-5.05,,-17045340,31291348,-48336688,腾讯系AI 、国产软件,-3.57,248833978,9373364401,2.06852,-8652666
002906,华阳集团,0.8,569191,-0.61,25.52,-17625524,-3.3,,-17625524,28855496,-46481020,无人驾驶、智能座舱,-2.71,244526106,5756467393,1.09591,-3446970
603728,鸣志电器,1.7,1756440,0.2,34.59,-17787209,-2.92,,-17787209,4534495,-22321704,宇树机器人、电机电控,-3.11,137324439,5306693070,1.15401,0
002236,大华股份,2.1,799976,-0.48,14.31,-17820980,-1.38,,-17820980,35491206,-53312186,AI智能体、GPT4,-0.9,282354689,26152878331,0.928182,3025840
300643,万通智控,6.9,1818900,-2.16,11.35,-17951671,-5.5,,-17951671,31966262,-49917933,车路云、华为汽车,-3.4,206729228,1299303827,1.40896,-2924585
300212,易华录,0.3,993410,-0.85,15.89,-18423161,-4.05,,-18423161,43101998,-61525159,数据要素、数据确权,-3.23,254146276,7130698039,0.908378,760407
300496,中科创达,0.5,1239491,0.09,42.9,-18534313,-2.65,,-18534313,77767783,-96302096,无人驾驶、智能座舱,-2.74,434017973,14404193230,0.793454,0
002415,海康威视,1.9,1651845,-0.1,29.32,-18688118,-0.88,,-18688118,82265127,-100953245,汽车电子、军工,-0.78,628996831,138835148305,1.04797,-4365981
300598,诚迈科技,0.1,2918160,-0.39,30.0,-19193927,-3.23,,-19193927,42803464,-61997391,信创、盘古大模型,-2.85,324312264,5178211701,0.761781,-9207713
688326,经纬恒润,4.2,3696550,-2.37,61.13,-19313196,-8.19,,-19313196,39049622,-58362818,无人驾驶、汽车零部件,-5.95,245226261,3226421642,1.09574,0
000158,常山北明,0.3,5293580,-2.09,5.97,-19372078,-4.17,,-19372078,42903202,-62275280,鸿蒙概念、盘古大模型,-2.13,372885105,6048689939,1.33259,3072548
688521,芯原股份,0.8,550122,-0.33,32.71,-19496679,-1.89,,-19496679,49226627,-68723306,RISC-V、数字芯片,-1.56,289777194,11198384543,0.759838,3090512
300462,华铭智能,3.5,5363631,-4.03,9.77,-19535834,-6.15,,-19535834,28291125,-47826959,数字货币、数字经济,-2.2,274434251,1205718905,1.09269,3002998
002049,紫光国微,0.5,3393236,-0.19,52.34,-19774089,-0.85,,-19774089,167386883,-187160972,RISC-V、存储,-0.66,776172411,32887801633,0.71497,3723592
002284,亚太股份,1.3,1913591,-1.25,6.74,-20141247,-6.13,,-20141247,11912364,-32053611,比亚迪产业链、汽车零部件,-4.94,151854565,2801426262,1.28248,-4134872
300339,润和软件,0.1,1908348,-0.1,19.98,-20401916,-1.58,,-20401916,55404172,-75806088,鸿蒙概念、国产软件,-1.48,393111812,15538179607,0.690473,0
002881,美格智能,14.9,5477868,-3.72,18.95,-20630073,-4.68,,-20630073,10669843,-31299916,DeepSeek、智能座舱,-0.99,130792747,2016872925,1.52978,-4262055
688208,道通科技,3.1,235923,-0.47,24.69,-20803525,-2.99,,-20803525,11352379,-32155904,充电桩、汽车零部件,-2.53,117566677,7010057852,0.90175,0
002766,索菱股份,2.3,2700297,-2.65,4.53,-21168713,-7.55,,-21168713,21093053,-42261766,车路云、智能驾驶,-5.03,297225525,1955785122,1.11432,0
001339,智微智能,0.2,921529,-0.92,27.29,-22296821,-3.47,,-22296821,19288183,-41585004,机器人概念、新型工业化,-2.57,216352943,1985408930,0.650528,0
300114,中航电测,2.6,3049860,-0.35,45.87,-22681965,-1.08,,-22681965,114201174,-136883139,军工、成飞概念,-0.74,431611748,13572017108,0.656533,-62518
002230,科大讯飞,1.1,2704806,-0.13,38.34,-24079214,-0.62,,-24079214,189460268,-213539482,人工智能、华为汽车,-0.49,743298128,73626507049,0.731153,13850268
002823,凯中精密,1.1,6002214,-3.37,13.42,-24397381,-7.77,,-24397381,66386022,-90783403,特斯拉概念、比亚迪产业链,-4.55,531285769,2145274394,0.938255,0
300978,东箭科技,2.3,2152548,-4.02,9.81,-24553315,-8.23,,-24553315,18133354,-42686669,汽车零部件、华为汽车,-4.39,224495841,1758990007,0.988023,0
603960,克来机电,2.1,1283073,-0.8,19.19,-24693527,-3.71,,-24693527,17786998,-42480525,机器人概念、CPO/MPO,-2.93,176663892,3131864419,0.881493,-7906374
301488,豪恩汽电,1.6,4485586,-3.64,54.26,-24961939,-6.87,,-24961939,53764815,-78726754,无人驾驶、智能驾驶,-3.35,300191156,1270497900,0.820437,-11014473
301099,雅创电子,0.3,5512320,-1.09,36.07,-24962535,-3.89,,-24962535,40938522,-65901057,汽车芯片、汽车类,-2.83,382745634,1351316416,0.994075,0
603211,晋拓股份,53.5,4990100,-2.51,14.09,-24976526,-4.34,,-24976526,9417939,-34394465,机器人概念、汽车零部件,-1.88,183139463,957443680,3.2613,0
000034,神州数码,1.7,1850862,-0.17,22.93,-25035259,-1.92,,-25035259,44407260,-69442519,服务器、数字经济,-1.76,307642667,10645943177,0.518106,-6054997
600335,国机汽车,18.1,1697975,-1.03,5.53,-26055202,-4.82,,-26055202,13527686,-39582888,国有企业、特斯拉概念,-3.83,128463752,2587672585,1.19973,0
002405,四维图新,1.4,970938,-0.62,6.32,-29001664,-2.77,,-29001664,20201101,-49202765,字节概念、汽车电子,-2.17,207572765,13792760031,0.832349,0
002463,沪电股份,0.3,5320350,-1.16,34.95,-30021750,-1.3,,-30021750,288077736,-318099486,印制电路板、汽车电子,-0.14,1237574603,42443032128,0.697547,-17651877
000977,浪潮信息,0.3,15762705,-0.87,37.8,-33562298,0.05,,-33562298,580648743,-614211041,服务器、训推一体机,0.93,1725919835,37806261756,0.637397,68872379
300969,恒帅股份,2.7,1330227,-1.38,69.22,-33729197,-6.09,,-33729197,13737201,-47466398,无人驾驶、汽车零部件,-4.77,160254459,2464756549,1.07687,0
300075,数字政通,3.3,1898560,-1.27,13.52,-34952933,-4.38,,-34952933,26425275,-61378208,信创、国产软件,-3.15,228569998,6493043931,1.29069,-4043921
300045,华力创通,2.1,2448433,-1.73,16.33,-35146341,-2.8,,-35146341,35492342,-70638683,卫星导航、军工,-1.09,263694312,7254738519,0.789985,-6602308
002682,龙洲股份,22.3,15597296,-0.74,3.87,-35841423,-4.21,,-35841423,29444582,-65286005,物流、冷链物流,-3.49,274833139,1616450278,2.03997,0
301236,软通动力,0.2,4075074,-0.03,32.87,-36472289,-2.75,,-36472289,215252390,-251724679,鸿蒙概念、AI智能体,-2.72,853607874,19323378058,0.733199,-4540376
002590,万安科技,0.8,523929,-1.05,11.78,-37751541,-5.0,,-37751541,14642106,-52393647,小米汽车、无人驾驶,-3.99,216265916,2777359438,1.26517,0
600066,宇通客车,1.3,1324572,0.27,21.31,-38062917,-2.56,,-38062917,60223041,-98285958,汽车类、智能驾驶,-2.83,771297635,20094781853,1.43096,-6338497
300418,昆仑万维,2.1,2365830,-0.44,28.58,-39483284,-2.22,,-39483284,194453099,-233936383,AIGC、ChatGPT,-1.79,791080774,22863475558,0.796511,-11356198
000868,安凯客车,1.6,7602840,-5.04,4.64,-39582049,-10.08,,-39582049,49274775,-88856824,汽车整车、华为汽车,-5.31,388153759,2222440239,0.860384,-7964385
300771,智莱科技,4.9,14734336,-6.1,10.13,-40134554,-6.38,,-40134554,67989845,-108124399,无人驾驶、智能物流,-0.3,443558650,1544394595,2.15988,-1
300560,中富通,0.7,12761312,-6.4,10.54,-40504831,-11.28,,-40504831,74592562,-115097393,车路云、智能驾驶,-5.22,411008305,1374193073,2.52606,-15986561
300284,苏交科,1.1,1056797,-1.02,6.5,-40851532,-4.97,,-40851532,46986618,-87838150,低空经济、汽车零部件,-3.99,317235135,4860707524,1.18746,0
300469,信息发展,3.2,12793548,-3.18,12.62,-40991772,-6.59,,-40991772,72510429,-113502201,AI智能体、车路云,-3.52,522211372,2457129620,0.80516,0
300177,中海达,4.2,7682721,-2.76,6.11,-41458790,-6.14,,-41458790,50907590,-92366380,卫星导航、军工,-3.48,381693428,3423719521,0.918308,0
002829,星网宇达,1.3,11103300,-4.2,15.88,-45780319,-9.98,,-45780319,56164226,-101944545,卫星导航、无人驾驶,-6.04,448694339,1950453004,0.696681,0
600745,闻泰科技,0.8,1989000,-0.17,28.54,-50285186,-2.59,,-50285186,82726470,-133011656,股权转让、服务器,-2.43,496753545,25310529699,0.771769,-6625866
300240,飞力达,0.6,39348120,0.48,8.55,-57597438,2.27,,-57597438,219071753,-276669191,物流、网约车,1.79,1069986284,1742383512,2.55413,0
300552,万集科技,3.4,8629355,-3.76,30.46,-60576065,-11.3,,-60576065,118164351,-178740416,车路云、ETC,-7.84,670730051,3215090906,1.33125,-8022672
300014,亿纬锂能,2.7,1748992,0.49,37.84,-64067044,-2.6,,-64067044,109956480,-174023524,锂电池、动力电池,-3.07,672033561,47478106676,0.928957,-6807199
600817,宇通重工,3.8,45693515,7.82,9.9,-65817083,-6.78,,-65817083,126391064,-192208147,无人驾驶、汽车零部件,-13.54,510150405,1531190054,5.92507,-20495074
600839,四川长虹,1.4,964270,0.0,4.11,-71398269,-2.61,,-71398269,75508171,-146906440,DeepSeek、军工,-2.61,330823036,14561599919,1.42794,-34171401
002920,德赛西威,3.4,11015610,-1.54,90.43,-71627593,-3.17,,-71627593,202584569,-274212162,无人驾驶、智能座舱,-1.65,970055358,21955069836,0.839595,-24611939
600006,东风股份,9.5,11108508,-1.55,6.6,-79873274,-7.04,,-79873274,128916719,-208789993,并购重组、新能源汽车,-5.58,680792037,5266800000,1.50515,-36970861
000550,江铃汽车,4.0,26765486,-2.83,22.91,-83328051,-7.32,,-83328051,214236162,-297564213,无人驾驶、新能源汽车,-4.62,1083778811,3760595705,1.29468,-11194492
000957,中通客车,1.5,7548345,-2.25,10.29,-85922761,-7.3,,-85922761,95619106,-181541867,股权转让、汽车整车,-5.16,689927236,4084674225,1.13279,942489
300098,高新兴,3.1,10149885,-3.64,4.05,-88283416,-7.74,,-88283416,118396720,-206680136,机器人概念、车路云,-4.26,711800410,5980287547,1.22075,0
603686,福龙马  ,5.5,21954000,1.01,8.91,-95398584,-10.0,,-95398584,62220054,-157618638,机器人概念、新型工业化,-10.9,413754650,3016665775,1.47067,-5738122
601689,拓普集团,0.9,12983224,-3.46,35.41,-98302870,-7.11,,-98302870,201632556,-299935426,机器人概念、底盘,-3.78,921582518,20949507449,2.48573,-7110651
002373,千方科技,4.7,2578680,-1.61,8.23,-98675097,-5.29,,-98675097,76204522,-174879619,无人驾驶、蚂蚁金服概念,-3.74,447155707,8275348111,1.39131,-19604288
600733,北汽蓝谷,1.3,24525600,-0.68,8.51,-119677088,-3.95,,-119677088,1232729634,-1352406722,汽车整车、小米汽车,-3.3,3236061080,31786962158,0.846166,-66231536
002869,金溢科技,1.2,18868608,-7.0,28.82,-155753671,-9.99,,-155753671,174575859,-330329530,三季报增长、ETC,-3.22,789185728,3586199047,0.885446,-83252414
000063,中兴通讯,1.3,7281830,-0.11,26.93,-173792291,-0.63,,-173792291,467484914,-641277205,芯片设计、液冷服务器,-0.52,1628081386,108447669471,0.800554,-56539866
600611,大众交通,0.8,62142248,3.41,7.11,-205281440,5.33,,-205281440,754198747,-959480187,无人驾驶、智能交通,1.86,2923038934,7751470428,1.15431,-24943546
002594,比亚迪,1.7,24791217,0.0,249.99,-280531194,-1.28,,-280531194,941758456,-1222289650,无人驾驶、动力电池,-1.28,2976544505,205021963636,0.980678,-116441198
600418,江淮汽车,1.3,28313836,-0.6,19.25,-314188000,-4.28,,-314188000,898041831,-1212229831,汽车整车、华为汽车,-3.7,2502444584,30203402497,0.778669,-79905502
601127,赛力斯  ,0.9,14792022,-0.54,74.04,-314968833,-2.77,,-314968833,568534935,-883503768,机器人概念、汽车整车,-2.24,2026287154,57890951380,0.589435,-106184153
600686,金龙汽车,0.8,85833800,2.77,11.66,-329009903,-7.83,,-329009903,672953385,-1001963288,汽车整车、无人驾驶,-10.31,2321226186,4783833584,1.56372,-117448508
000625,长安汽车,0.8,10027578,-0.46,14.55,-470983720,-3.9,,-470983720,1012508792,-1483492512,汽车整车、华为汽车,-3.45,3291561978,73041078398,0.920108,-297708677
600171,上海贝岭,0.4,33917375,-0.42,21.72,-652305201,-8.93,,-652305201,1037380634,-1689685835,芯片、汽车芯片,-8.55,4267114163,11532069718,1.51386,-212392988
