股票代码,股票名称,竞价量比,竞价金额,竞价涨幅%,价格,净额,涨幅%,板上信息,主力净额,主力买,主力卖,所属板块,区间涨幅%,成交额,实际流通,量比,300w大单净额
600868,梅雁吉祥,73.4,20319398,9.87,2.56,37267689,9.87,首板,37267689,50672863,-13405174,绿色电力、金属锑,0.0,71848358,4511075157,0.382091,0
600807,济高发展,0.3,904192,-9.86,2.59,36346743,-8.8,,36346743,168658871,-132312128,基因疗法、并购重组,1.17,377631029,1785252064,11.638,0
002271,东方雨虹,1.1,978110,0.0,12.6,21584305,1.12,,21584305,92072795,-70488490,装修家具、基础建设,1.12,342317755,19217208545,0.557714,-3019576
600176,中国巨石,1.5,601620,0.0,11.03,21422409,1.75,,21422409,56683031,-35260622,风电材料、化工,1.75,238214044,20031174978,0.941637,-685674
000573,粤宏远Ａ,1.6,11393445,9.91,3.77,20726212,9.91,2连板,20726212,34276207,-13549995,房地产、有色金属,0.0,34276214,1907513767,0.355955,27039701
600641,万业企业,3.6,1539060,-0.22,14.35,18320638,5.59,,18320638,68400352,-50079714,半导体设备、地产链,5.83,303387228,8306924113,2.0092,-5004998
000927,中国铁物,0.5,494721,0.0,2.54,17735794,1.2,,17735794,34671631,-16935837,物流、基础建设,1.2,127464422,4816112460,0.930928,0
600208,衢州发展,2.5,3042480,-0.36,2.85,13438082,1.42,,13438082,81499814,-68061732,房地产、三季报增长,1.79,253374034,11496588486,0.929653,0
300423,昇辉科技,3.1,411312,-0.48,6.72,12432046,6.67,,12432046,22602955,-10170909,电解槽、氢燃料电池,7.18,123503167,1875618632,2.10259,0
600778,友好集团,0.5,13351104,-7.56,8.1,12037420,-10.0,,12037420,65285453,-53248033,零售、西部大开发,-2.64,255547915,1687261597,0.56581,-970565
000679,大连友谊,0.7,2002935,-5.39,5.68,11857587,-9.98,,11857587,39645533,-27787946,零售、振兴东北,-4.86,156160924,1455713547,0.469678,10009901
600173,卧龙地产,56.2,4034215,10.08,4.15,11669426,10.08,首板,11669426,15884996,-4215570,房地产、有色金属,0.0,15884996,1197612388,0.494229,15884996
000402,金融街,1.7,856374,-0.93,3.17,11442906,-1.25,,11442906,37630035,-26187129,破净股概念、房地产,-0.31,95336241,5034345711,0.78411,6259955
600503,华丽家族,1.3,1821216,-1.61,2.43,8863371,-2.02,,8863371,24944467,-16081096,房地产、机器人概念,-0.41,131513798,3397754277,0.753572,0
002918,蒙娜丽莎,0.8,12581982,-3.77,11.96,8787563,4.82,,8787563,77080923,-68293360,数据中心、装修家具,8.93,457886859,1844086747,1.10272,6570771
603008,喜临门  ,1.4,134875,0.31,16.28,8002217,0.49,,8002217,18282774,-10280557,智能家居、装修家具,0.18,104597520,4190544658,1.18051,0
603636,南威软件,2.0,404397,-0.58,10.27,7700486,-0.77,,7700486,23288386,-15587900,阿里系AI、电子证照,-0.19,111681775,3504246650,0.886078,-3803316
002837,英维克,0.8,5376550,0.82,36.42,7474957,0.05,,7474957,230867628,-223392671,阿里系AI、液冷服务器,-0.76,973197313,13437002473,0.629354,-16278013
600266,城建发展,0.9,548430,-0.79,4.86,7252653,-4.52,,7252653,62022412,-54769759,房地产、创投,-3.76,250421541,5495984028,1.02229,3282394
002163,海南发展,1.3,980707,-0.48,8.32,6692797,-0.12,,6692797,28015331,-21322534,海南、免税,0.36,150271842,4872786204,0.63789,0
600858,银座股份,0.3,2484216,-2.33,4.82,6400618,-6.59,,6400618,26734268,-20333650,零售、字节概念,-4.37,148276872,1593835517,0.644173,0
002146,荣盛发展,1.8,1235040,-0.64,1.55,6136379,-0.64,,6136379,68030382,-61894003,破净股概念、房地产,0.0,199448046,4010126978,0.784083,0
002489,浙江永强,6.9,230583,-0.33,3.04,5662592,0.0,,5662592,15302085,-9639493,户外运动、地产链,0.33,85321186,3122399903,0.952939,0
600649,城投控股,0.2,84400,0.0,4.12,5497590,-2.37,,5497590,30920932,-25423342,房地产、并购重组,-2.37,155143194,4918457384,1.35966,0
600322,津投城开,2.2,21565513,-9.9,2.64,4893496,-9.9,,4893496,84897351,-80003855,房地产、并购重组,0.0,308215052,2145736722,0.997511,0
301061,匠心家居,9.0,213624,-0.02,59.17,4695099,-0.3,,4695099,4695099,0,三季报增长、装修家具,-0.29,36359597,2518903171,0.965804,0
000069,华侨城Ａ,1.2,352410,0.0,2.54,4316578,-0.39,,4316578,26645911,-22329333,房地产、央企,-0.39,113632495,9107928959,0.93601,0
002470,金正大,2.4,933248,-0.54,1.84,4303253,-0.54,,4303253,28278582,-23975329,化肥、化工,0.0,130255130,4237196252,0.71302,0
002302,西部建设,0.3,139216,0.0,6.18,4001983,0.32,,4001983,10526010,-6524027,西部大开发、建材,0.32,60814211,3430861923,0.432112,0
002066,瑞泰科技,0.3,1157415,-1.71,10.35,3910135,-7.09,,3910135,14367517,-10457382,核电、国有企业,-5.48,113321461,1431509483,1.14756,0
600861,北京人力,0.2,94095,-0.27,17.6,3672529,-4.86,,3672529,7073583,-3401054,就业概念、地产链,-4.61,94027758,3678356308,1.42914,0
600585,海螺水泥,1.0,1042635,0.0,23.58,3653505,0.64,,3653505,29515149,-25861644,地产链、基础建设,0.64,273964994,48830548922,0.774762,4675978
600894,广日股份,1.3,1374912,0.54,12.69,3553562,-2.01,,3553562,18535248,-14981686,新型工业化、新能源汽车,-2.53,114061088,4745769976,0.72328,607199
000514,渝开发,2.4,92748,0.51,3.89,3471316,-0.51,,3471316,8474577,-5003261,西部大开发、房地产,-1.02,50905008,1209460347,0.999277,0
600215,派斯林  ,0.3,205356,1.24,6.54,3437036,1.24,,3437036,6286809,-2849773,机器人概念、汽车零部件,0.0,48935665,2152678855,0.773698,0
600604,市北高新,2.1,141375,-0.23,4.37,3429173,0.23,,3429173,10759990,-7330817,上海、并购重组,0.46,87352799,2461104379,0.997874,0
000809,*ST和展,0.0,1824,0.0,3.19,3183082,4.93,首板,3183082,4910340,-1727258,ST板块、环保,4.93,22523669,1729658983,1.00899,0
000506,*ST中润,1.6,1009866,1.11,3.72,3069836,3.62,,3069836,55890519,-52820683,ST板块、黄金,2.48,152080542,2343289693,0.883504,-3740000
000910,大亚圣象,1.4,9750,0.0,7.6,2998152,1.33,,2998152,5650268,-2652116,装修家具、碳汇林,1.33,25416705,2227276321,0.990208,0
600668,尖峰集团,2.6,111360,-0.31,9.71,2888727,0.83,,2888727,3371023,-482296,医药、地产链,1.15,24817469,2801433661,0.865286,0
603272,联翔股份,5.0,228475,0.24,12.25,2846877,-0.57,,2846877,2846877,0,小红书概念、装修家具,-0.81,22470120,520649500,0.965828,0
601996,丰林集团,2.4,290445,0.0,1.98,2842683,-1.49,,2842683,5165475,-2322792,装修家具、碳中和,-1.49,42166824,1310659580,0.882696,0
600048,保利发展,1.0,2760308,-0.12,8.54,2811524,0.0,,2811524,291389074,-288577550,房地产、物业服务,0.12,857093437,63693715770,0.897515,-6817675
001211,双枪科技,0.6,80850,-0.41,19.54,2678030,1.09,,2678030,4573234,-1895204,电子商务、地产链,1.51,35519569,758882377,0.637838,0
300715,凯伦股份,1.7,1045392,0.4,7.75,2304938,3.61,,2304938,26309217,-24004279,并购重组、基础建设,3.2,157240374,1096647611,1.55559,0
300669,沪宁股份,3.4,193920,-1.51,20.02,2286865,-2.39,,2286865,5019906,-2733041,电梯概念、专精特新,-0.89,24286537,1738194689,0.767536,0
600665,天地源  ,0.1,19899,0.0,2.91,2279244,-2.02,,2279244,3848677,-1569433,房地产、并购重组,-2.02,52892641,1068122656,0.913165,0
301136,招标股份,3.3,126024,0.09,10.7,2221530,0.28,,2221530,4014773,-1793243,商业航天、军工,0.19,33222846,1111621074,0.92958,0
600774,汉商集团,0.4,189570,-0.28,7.12,2220429,0.0,,2220429,3421633,-1201204,医药、并购重组,0.28,48056605,875076891,0.643558,0
001296,长江材料,2.4,799368,-1.35,16.85,2219609,-5.18,,2219609,7458694,-5239085,建材、汽车零部件,-3.88,65194520,1294705388,0.789972,0
002081,金螳螂,1.7,180880,0.0,3.43,2185978,0.88,,2185978,6633676,-4447698,韧性城市、装修家具,0.88,58795315,4648422258,0.817323,0
002133,广宇集团,0.7,207916,-0.42,2.36,2092268,-0.42,,2092268,5350695,-3258427,房地产、农业,0.0,44102360,1323383563,0.507223,0
000020,深华发Ａ,94.3,658824,-0.85,11.62,2015255,-1.02,,2015255,2773010,-757755,年报增长、元器件,-0.17,31530577,721097392,0.977821,0
300729,乐歌股份,0.3,124583,-0.2,15.05,1993591,0.07,,1993591,6043299,-4049708,跨境电商、人工智能,0.27,56470290,2428302478,0.627084,0
600094,大名城  ,1.0,127125,-0.59,3.39,1990444,-0.59,,1990444,6142637,-4152193,算力、破净股概念,0.0,52248490,4768900076,0.773867,0
301193,家联科技,0.4,213972,-1.76,16.2,1864502,-1.82,,1864502,6773886,-4909384,地产链、三季报增长,-0.06,32560311,859251184,1.009,-3242264
603408,建霖家居,0.8,447070,-0.64,12.48,1858144,0.4,,1858144,2605586,-747442,装修家具、高股息,1.05,46195085,2070578396,1.06197,0
300822,贝仕达克,1.1,1539000,-1.3,19.15,1844436,-0.52,,1844436,20777904,-18933468,机器人概念、人工智能,0.79,169102080,1920814754,1.00418,0
002451,摩恩电气,2.7,120888,0.17,5.87,1674065,0.69,,1674065,2573605,-899540,三季报增长、充电桩,0.51,43248482,1411097987,0.844317,0
000786,北新建材,0.5,4896680,-0.58,31.42,1673443,-3.29,,1673443,203717575,-202044132,建材、基础建设,-2.72,880267391,20240055751,1.08319,4642726
600239,云南城投,3.9,721353,0.4,2.46,1663473,-0.81,,1663473,7174312,-5510839,房地产、养老概念,-1.2,65604813,2407870329,0.900506,0
000608,阳光股份,5.1,897748,-1.44,2.07,1569770,-0.96,,1569770,4043529,-2473759,房地产、西部大开发,0.49,47417477,1076053327,0.890013,0
300492,华图山鼎,0.7,96586,0.57,67.86,1552365,-1.08,,1552365,3710334,-2157969,装修家具、基础建设,-1.64,41635476,3073848450,1.36851,0
603038,华立股份,3.8,421871,0.0,15.06,1539192,-1.12,,1539192,10700030,-9160838,并购重组、人工智能,-1.12,103152864,2351955279,0.96094,0
000011,深物业A,3.4,183816,0.12,8.3,1451328,0.36,,1451328,1451328,0,物业服务、深圳,0.24,24182482,1553252792,0.686667,0
603075,热威股份,13.7,172704,-0.77,18.41,1427444,1.54,,1427444,1427444,0,汽车零部件、汽车类,2.33,25565834,736584100,1.10238,0
600075,新疆天业,0.7,75712,0.0,4.21,1418362,1.2,,1418362,4086017,-2667655,电石、化工,1.2,43520344,4265637639,0.896591,0
301280,珠城科技,5.5,236497,-0.36,39.21,1403156,0.77,,1403156,5700113,-4296957,机器人概念、汽车零部件,1.13,39853050,1035638046,0.903575,0
600654,中安科  ,2.1,573882,-0.33,2.98,1402571,-1.97,,1402571,17538275,-16135704,人工智能、汽车零部件,-1.65,161153184,4835136841,0.869796,0
600663,陆家嘴  ,0.6,86756,-0.11,9.3,1336846,-1.48,,1336846,8270649,-6933803,房地产、上海国资改革,-1.38,199657593,5487857179,4.16369,0
002742,ST三圣,0.3,128016,-1.55,3.93,1254224,1.55,,1254224,3598654,-2344430,ST板块、基础建设,3.15,23977659,1284687069,0.92323,0
001268,联合精密,0.3,315210,-1.72,16.82,1250566,-0.36,,1250566,2120632,-870066,专用设备、新型工业化,1.39,20087300,648058394,0.890133,0
000031,大悦城,1.9,312684,0.35,2.8,1243768,-1.06,,1243768,6224302,-4980534,深圳、首发经济,-1.41,59554833,2895115364,0.811344,0
000042,中洲控股,0.9,126054,0.48,4.21,1175714,0.0,,1175714,1175714,0,房地产、一带一路,-0.47,31825958,1182232245,0.562152,0
002398,垒知集团,7.7,267960,0.0,4.13,1137320,1.72,,1137320,2510457,-1373137,人工智能、抗原检测,1.72,42745070,2272556873,1.1376,0
600684,珠江股份,0.7,372248,0.32,3.11,1124893,-1.27,,1124893,4855384,-3730491,房地产、地产链,-1.58,36602180,1829668318,0.781512,3089999
601992,金隅集团,2.9,1225947,-1.18,1.68,1049755,-0.59,,1049755,17626638,-16576883,水泥、物业服务,0.6,87483591,5881786190,0.816083,0
000548,湖南投资,4.4,301096,-0.81,4.88,945877,-0.81,,945877,1618500,-672623,公路运营、房地产,0.0,42745815,1650064821,0.803625,0
000517,荣安地产,0.3,141255,0.0,2.14,920528,-0.47,,920528,9809395,-8888867,房地产、基础建设,-0.47,62753785,1579313137,0.792475,0
600605,汇通能源,5.5,576300,0.68,34.68,892009,3.0,,892009,17348828,-16456819,房地产、三季报增长,2.3,72668055,3274113805,0.63527,0
603208,江山欧派,2.6,82386,-0.33,17.82,886924,-0.83,,886924,1396138,-509214,装修家具、并购重组,-0.5,23692350,1198138613,0.994667,0
600051,宁波联合,0.0,0,0.0,6.2,886311,-0.16,,886311,1331756,-445445,地产链、有色金属,-0.16,18090765,1367131048,0.795822,0
600149,廊坊发展,1.8,213237,-0.26,3.86,866869,-0.52,,866869,1490918,-624049,三季报增长、年报增长,-0.26,26504834,949187335,0.859649,0
301227,森鹰窗业,3.6,678720,-1.5,15.19,847940,-1.24,,847940,847940,0,装修家具、环保,0.26,20166508,515471511,0.888323,0
603506,南都物业,1.4,105006,0.12,8.15,835640,0.25,,835640,835640,0,物业服务、浙江,0.12,27620360,676952225,0.987352,0
301376,致欧科技,0.2,32508,-0.28,18.36,826883,1.38,,826883,1555651,-728768,装修家具、外贸,1.66,38451619,2625122396,1.11632,0
603030,全筑股份,5.4,189306,0.0,2.32,815442,-0.85,,815442,6500120,-5684678,人工智能、机器人概念,-0.85,56606406,2169090963,0.630744,0
603848,好太太  ,4.4,155400,-1.2,13.41,788206,-5.36,,788206,1274287,-486081,装修家具、家电,-4.21,34139937,612293320,1.33423,0
000619,海螺新材,0.7,3546484,-7.3,6.84,762936,-2.15,,762936,31359094,-30596158,光伏、装修家具,5.56,219980431,1709998905,1.4773,0
603356,华菱精工,0.9,434598,-1.0,13.28,741784,2.55,,741784,16219418,-15477634,实控人变更、专用设备,3.59,105129937,1271747530,1.06696,0
603378,亚士创能,0.5,42696,0.0,5.78,724708,-2.53,,724708,1778120,-1053412,装修家具、化工,-2.53,30489730,892574511,0.661032,0
300155,安居宝,3.1,215496,-0.45,4.3,600252,-2.27,,600252,3278415,-2678163,物业服务、食品安全,-1.83,53838368,1097824767,1.04781,0
300931,通用电梯,1.5,124230,-0.33,6.05,595067,-0.49,,595067,2509589,-1914522,电梯概念、三季报增长,-0.17,31843302,685451122,1.00368,0
600854,春兰股份,1.6,151712,0.0,4.29,579059,-0.46,,579059,2205004,-1625945,家电、三季报增长,-0.46,31121099,1508665644,0.885032,0
002791,坚朗五金,1.0,483750,0.94,21.57,570097,1.27,,570097,7094123,-6524026,装修家具、环保,0.33,89677244,2508498391,1.13803,0
000668,荣丰控股,1.1,258860,-0.82,5.92,563105,-2.47,,563105,2367900,-1804795,房地产、医药,-1.66,34425651,514131588,1.02686,0
603898,好莱客  ,5.8,76995,0.0,8.97,552676,1.36,,552676,2087253,-1534577,超跌、并购重组,1.36,18540958,917931707,1.10377,0
600533,栖霞建设,2.2,207390,0.0,2.21,543640,-0.9,,543640,2122122,-1578482,房地产、基础建设,-0.9,36039223,1248649447,0.715624,0
003011,海象新材,1.4,349184,0.64,14.04,535568,0.36,,535568,1385200,-849632,装修家具、外贸,-0.28,36544421,831123612,1.24834,0
300935,盈建科,1.3,191250,0.19,20.49,511994,-3.39,,511994,1785849,-1273855,房屋检测、基础建设,-3.58,33935679,864343247,0.422989,0
600883,博闻科技,3.0,163324,-0.97,6.16,495059,-0.65,,495059,1186559,-691500,食品饮料、并购重组,0.33,20279342,782303992,1.07159,0
300640,德艺文创,1.1,842166,0.0,5.22,455580,-1.69,,455580,6139894,-5684314,谷子经济、装修家具,-1.69,67417823,1008244684,0.90536,0
300947,德必集团,0.4,3834650,-2.2,17.92,430472,0.96,,430472,30385259,-29954787,房地产、VR/AR/MR,3.23,235638890,1525351419,1.21594,0
603916,苏博特  ,1.0,125840,0.42,7.19,429259,0.98,,429259,1953910,-1524651,基础建设、化工,0.56,22530946,1690195019,0.609713,0
600838,上海九百,0.7,2472069,-4.93,8.4,419177,-9.97,,419177,47540894,-47121717,零售、国有企业,-5.3,242304340,2502462791,0.72668,0
301588,美新科技,2.1,200124,0.43,18.78,405969,1.79,,405969,1556236,-1150267,装修家具、外贸,1.35,24559990,446467307,0.912843,0
000897,津滨发展,1.9,524025,0.0,2.24,347685,-0.44,,347685,13915968,-13568283,房地产、国有企业,-0.44,58950148,2865388360,0.728639,0
002790,瑞尔特,0.5,93960,0.0,7.02,305392,0.86,,305392,1102565,-797173,装修家具、外贸,0.86,20099824,1464008717,0.801516,0
600620,天宸股份,0.8,89775,-1.16,5.02,271243,-3.28,,271243,2820691,-2549448,年报增长、养老概念,-2.14,33233855,1590442154,0.765315,0
002811,郑中设计,2.4,169917,-1.81,8.15,256020,-1.57,,256020,1218272,-962252,DeepSeek、基础建设,0.25,19141490,799508443,0.766576,0
600159,大龙地产,1.9,387489,-0.87,2.3,236756,0.44,,236756,7758046,-7521290,房地产、地产链,1.32,53352447,998204715,0.78053,0
600727,鲁北化工,6.6,302400,-0.14,7.16,230314,2.14,,230314,6449669,-6219355,磷化工、有色金属,2.29,60514807,2489433920,0.988925,0
300977,深圳瑞捷,0.8,21359,-0.24,16.38,218221,-0.55,,218221,2089397,-1871176,房屋检测、基础建设,-0.3,26224130,1551622036,0.682511,0
002989,中天精装,0.9,102336,-0.35,20.27,168578,2.63,,168578,6589234,-6420656,存储、并购重组,3.0,55506027,1536751720,0.770426,0
603221,爱丽家居,21.5,111327,0.23,8.58,154437,-0.35,,154437,2642993,-2488556,装修家具、三季报增长,-0.58,26705403,729300686,0.840636,0
300625,三雄极光,4.2,119900,-0.46,10.95,105793,0.0,,105793,818785,-712992,高股息、装修家具,0.46,19617448,1361909263,0.993714,0
002718,友邦吊顶,0.7,86625,0.96,11.61,92256,1.49,,92256,2405870,-2313614,装修家具、基础建设,0.52,32071471,418169687,1.67134,0
603385,惠达卫浴,1.6,44165,0.5,6.03,79965,0.17,,79965,904499,-824534,三季报增长、装修家具,-0.33,28327146,1180960775,0.959789,0
603226,菲林格尔,3.6,26816,-0.71,4.12,57751,-2.37,,57751,418592,-360841,装修家具、C2M,-1.67,14415605,444751288,0.805516,0
002162,悦心健康,0.8,785981,-0.3,3.28,52148,-0.61,,52148,3067527,-3015379,机器人概念、医美,-0.3,60355954,1511711052,0.708279,0
605122,四方新材,1.6,93765,0.1,9.87,42917,0.1,,42917,694337,-651420,西部大开发、基础建设,0.0,9984093,561770577,0.698636,0
301336,趣睡科技,1.3,2840852,-3.61,54.75,16708,-7.67,,16708,38957183,-38940475,DeepSeek、地产链,-4.22,190680744,1242092006,0.726376,0
301356,天振股份,0.0,15000,0.81,14.91,0,0.2,,0,0,0,装修家具、外贸,-0.6,8709203,806780420,0.60893,0
301429,森泰股份,0.5,78570,-0.14,14.62,0,0.34,,0,0,0,地产链、基础建设,0.48,14653386,514347886,0.938197,0
688109,品茗科技,0.0,0,0.0,22.02,0,-1.17,,0,0,0,数据要素、科创板,-1.17,14936804,717241541,0.754707,0
603725,天安新材,1.6,67155,-0.17,6.14,0,1.32,,0,0,0,汽车零部件、并购重组,1.49,16731277,1111670642,0.934745,0
300117,*ST嘉寓,1.5,260281,0.0,0.88,0,-14.56,,0,0,0,ST板块、分布式光伏,-14.56,58323184,391469196,1.5234,0
600193,创兴资源,0.9,285143,-0.32,3.0,-33682,-4.46,,-33682,6702339,-6736021,算力、稀土永磁,-4.15,50007437,870343784,0.695287,0
603180,金牌家居,3.2,86670,-0.67,18.86,-37456,-2.73,,-37456,568199,-605655,装修家具、高股息,-2.08,14434232,1155403439,0.54766,0
002810,山东赫达,1.5,978547,-0.25,12.08,-65936,1.34,,-65936,4009344,-4075280,化工、光伏,1.6,59673430,2429910165,0.847356,0
600716,凤凰股份,3.0,109200,-0.3,3.24,-69491,-3.86,,-69491,3250788,-3320279,房地产、养老概念,-3.57,38265762,1451612509,0.875066,0
600082,海泰发展,2.1,175695,-0.39,2.55,-114673,-0.39,,-114673,3140936,-3255609,房地产、国有企业,0.0,24051249,1216993611,0.864261,0
301115,建科股份,0.9,22729,0.53,13.42,-130418,0.9,,-130418,740588,-871006,房屋检测、基础建设,0.37,14010845,1416599445,0.804109,0
002188,中天服务,0.7,510432,-0.73,4.04,-132719,-1.94,,-132719,2493564,-2626283,物业服务、超跌,-1.22,49367499,730921513,0.646394,0
603326,我乐家居,3.4,127556,0.18,5.68,-134160,-0.53,,-134160,2322267,-2456427,装修家具、高股息,-0.7,39223797,654028996,1.00676,0
600234,*ST科新 ,0.1,528,0.0,5.02,-171182,-4.92,,-171182,451800,-622982,ST板块、基础建设,-4.92,9249449,880808346,0.73896,0
002949,华阳国际,0.7,181440,1.44,15.97,-201127,0.0,,-201127,16852207,-17053334,装配式建筑、基础建设,-1.42,111070313,1355832732,0.65435,0
603389,亚振家居,0.5,161460,0.69,5.68,-242937,-2.24,,-242937,1199380,-1442317,装修家具、江苏省,-2.91,37397435,595099542,0.668245,0
600622,光大嘉宝,0.2,304681,0.0,2.88,-290615,-3.68,,-290615,15259425,-15550040,房地产、小金属概念,-3.68,110952526,2323413403,0.935811,0
301008,宏昌科技,1.4,17600,-0.51,17.59,-293860,-0.57,,-293860,531035,-824895,家电、汽车零部件,-0.06,15537756,730817011,0.867613,0
600784,鲁银投资,1.2,128671,0.17,5.77,-318114,0.17,,-318114,2895934,-3214048,并购重组、化工,0.0,38914325,2499192459,0.853439,-3214048
600791,京能置业,13.0,256968,-0.51,3.82,-323935,-1.8,,-323935,992614,-1316549,房地产、国有企业,-1.29,26469351,944194527,0.784383,0
000401,冀东水泥,0.8,157232,0.2,5.04,-326278,1.82,,-326278,1059109,-1385387,水泥、并购重组,1.61,57830448,4920002518,0.827379,0
301126,达嘉维康,1.6,45000,1.01,10.1,-339758,2.02,,-339758,2552586,-2892344,辅助生殖、多胎概念,1.0,32864718,1331039315,1.23996,0
000546,金圆股份,1.0,604832,-1.07,4.51,-340447,-3.22,,-340447,10846832,-11187279,锂矿、金属铟,-2.17,81907944,2123181249,0.938436,0
300621,维业股份,0.4,158064,0.0,8.84,-351793,-0.45,,-351793,1281137,-1632930,装修家具、并购重组,-0.45,29541611,943143737,0.748135,0
600689,上海三毛,6.5,1261676,2.49,9.43,-373971,-2.18,,-373971,5942488,-6316459,股权转让、服装家纺,-4.55,66200882,942850243,0.932413,0
301056,森赫股份,0.5,18336,0.13,7.58,-374655,-0.66,,-374655,681143,-1055798,电梯概念、专用设备,-0.79,15869946,611065192,0.936219,0
002016,世荣兆业,0.8,130872,-0.69,5.68,-420374,-1.73,,-420374,674130,-1094504,房地产、地产链,-1.05,28389342,779387711,0.815062,0
002968,新大正,1.3,118800,1.15,8.77,-437501,0.8,,-437501,0,-437501,西部大开发、军工,-0.34,27358064,917502826,1.06688,0
603909,建发合诚,2.9,71400,-2.21,8.5,-484992,-1.05,,-484992,855305,-1340297,基础建设、三季报增长,1.19,17520235,1268819731,0.851047,0
301043,绿岛风,0.3,20920,-0.38,26.49,-502010,0.91,,-502010,681980,-1183990,三季报增长、装修家具,1.3,14715396,476899441,0.758573,0
001225,和泰机电,0.1,19710,0.0,33.75,-526437,2.74,,-526437,4438687,-4965124,机器人概念、专用设备,2.74,37989352,545696356,1.76165,0
301332,德尔玛,1.0,89112,0.0,9.47,-542001,-0.11,,-542001,2739786,-3281787,家电、机器人概念,-0.11,36975555,1680274026,1.06649,0
603488,展鹏科技,0.7,94878,-0.13,7.47,-544993,-0.93,,-544993,739450,-1284443,军工、并购重组,-0.8,22099743,1254470757,0.488559,0
603273,天元智能,12.0,73728,0.07,15.74,-549641,2.54,,-549641,2402376,-2952017,新型工业化、基础建设,2.47,49528160,882359216,0.893338,0
002084,海鸥住工,1.5,59940,-0.37,2.66,-596006,-1.85,,-596006,1633251,-2229257,超跌、装修家具,-1.48,29487947,1109283762,0.97682,0
601007,金陵饭店,0.2,227728,0.0,6.5,-605643,-1.81,,-605643,4786340,-5391983,预制菜、养老概念,-1.81,51520328,1430001105,0.726488,0
301320,豪江智能,0.2,33288,-0.07,13.82,-643794,-0.43,,-643794,460206,-1104000,装修家具、智能家居,-0.36,31401959,935614000,0.793568,0
603833,欧派家居,0.7,244951,-0.61,66.5,-651431,-1.19,,-651431,24305428,-24956859,装修家具、高股息,-0.58,154124455,10405212104,0.908805,0
603661,恒林股份,41.0,121729,0.95,29.62,-658595,0.71,,-658595,0,-658595,算力、并购重组,-0.24,22634568,1203150561,0.703402,0
603709,中源家居,1.6,188708,-1.89,9.99,-659424,-0.79,,-659424,302679,-962103,装修家具、养老概念,1.11,20457356,406640632,0.569879,0
002822,ST中装,7.2,513100,-4.63,3.49,-670508,-4.9,,-670508,7345564,-8016072,ST板块、元宇宙,-0.29,12606230,1658181267,0.294378,0
002774,快意电梯,5.3,282948,-0.15,6.5,-676479,0.46,,-676479,949236,-1625715,电梯概念、人工智能,0.62,27162740,757936919,1.09481,0
300749,顶固集创,0.3,86372,-0.87,5.68,-676569,-1.56,,-676569,714808,-1391377,装修家具、地产链,-0.7,28999826,731943293,1.03458,0
001387,雪祺电气,3.0,370215,-1.59,13.48,-691496,2.12,,-691496,10959285,-11650781,家电、小米概念,3.77,57684996,599145560,1.67144,-8337657
000045,深纺织Ａ,2.6,208740,0.51,9.93,-696714,0.4,,-696714,6135692,-6832406,深圳、消费电子,-0.1,65158934,2214495919,0.982965,0
000056,皇庭国际,1.5,1607535,-0.77,2.48,-706756,-4.25,,-706756,22812986,-23519742,芯片、房地产,-3.5,142580069,1767597978,0.608701,0
600376,首开股份,2.0,331328,0.4,2.45,-713612,-0.81,,-713612,8468498,-9182110,宇树机器人、地产链,-1.21,42510921,2990947084,0.732708,0
600496,精工钢构,0.7,279942,0.34,2.93,-736886,1.03,,-736886,3063234,-3800120,基础建设、建材,0.69,63475357,4324443728,0.863875,0
603600,永艺股份,0.3,72320,-0.62,11.61,-787574,2.11,,-787574,725549,-1513123,小红书概念、平台经济,2.74,63173545,1806005317,1.18441,0
600421,华嵘控股,3.3,72485,0.91,6.34,-795518,-3.79,,-795518,1069452,-1864970,数据要素、军工,-4.66,30693583,628024628,1.09549,0
600801,华新水泥,1.0,356400,-0.66,12.15,-809488,0.58,,-809488,9231363,-10040851,水泥、并购重组,1.25,95434923,6744626013,0.700066,0
301113,雅艺科技,0.2,90207,-2.24,22.58,-865573,-4.56,,-865573,1059169,-1924742,贬值受益、地产链,-2.38,19550191,954695948,0.998865,0
002631,德尔未来,2.4,1637820,-1.22,3.99,-889076,-2.68,,-889076,8936251,-9825327,石墨烯、氢燃料电池,-1.48,77160195,1173216365,0.554807,0
300815,玉禾田,0.2,92544,-0.14,14.63,-939233,1.04,,-939233,8739816,-9679049,环保、病毒防治,1.18,60366958,2201602361,0.814744,0
600683,京投发展,0.3,2655800,-1.01,3.79,-979393,-4.29,,-979393,8848238,-9827631,再融资、汽车零部件,-3.32,91974750,1242746682,1.27694,0
603060,国检集团,8.7,231192,-0.15,6.88,-991706,0.44,,-991706,1832376,-2824082,房屋检测、并购重组,0.58,29071648,1974383558,0.955358,0
600539,狮头股份,7.2,120802,-0.15,6.31,-992882,-2.47,,-992882,2412355,-3405237,小红书概念、装修家具,-2.32,25911653,827178594,0.828674,0
002652,扬子新材,1.0,231870,-0.38,2.61,-1002111,-0.76,,-1002111,2095618,-3097729,装修家具、新材料概念,-0.38,37560708,933498374,0.862154,0
001322,箭牌家居,3.2,187000,-0.8,7.43,-1042259,-1.46,,-1042259,0,-1042259,装修家具、家电,-0.67,23885676,1230503104,0.67818,0
603818,曲美家居,8.8,208980,-0.39,2.55,-1059358,-1.54,,-1059358,3727461,-4786819,装修家具、破净股概念,-1.16,53493337,1100868643,0.984376,0
600638,新黄浦  ,2.8,104023,1.44,4.84,-1069106,-0.41,,-1069106,0,-1069106,房地产、国有企业,-1.83,22734623,1814956929,0.552155,0
605268,王力安防,0.1,295191,0.24,8.2,-1077702,-2.26,,-1077702,2752182,-3829884,装修家具、年报增长,-2.5,48523316,910281672,0.56202,0
002856,美芝股份,1.8,550194,0.0,8.33,-1149708,-2.8,,-1149708,2936968,-4086676,装修家具、并购重组,-2.8,41382132,632179462,0.420853,0
000609,*ST中迪,0.7,153600,-1.64,2.32,-1173224,-4.92,,-1173224,3050104,-4223328,ST板块、房地产,-3.33,13851174,510223592,0.488166,0
603801,志邦家居,7.0,308100,0.68,11.9,-1195142,1.1,,-1195142,3787185,-4982327,装修家具、人工智能,0.42,70123467,3031351048,1.1447,-3010513
000736,中交地产,0.9,260190,0.0,8.3,-1205013,0.48,,-1205013,11329977,-12534990,西部大开发、金融概念,0.48,97775671,2749014392,0.803214,0
000632,三木集团,1.3,51340,-0.58,3.36,-1239082,-1.75,,-1239082,2057377,-3296459,房地产、国有企业,-1.18,33111874,1186938100,0.706745,0
600802,福建水泥,0.3,47872,-0.28,3.49,-1261795,-1.13,,-1261795,2041866,-3303661,水泥、基础建设,-0.85,31325154,1138356433,0.692932,0
002830,名雕股份,2.4,157348,-1.39,11.21,-1264674,-2.35,,-1264674,0,-1264674,装修家具、基础建设,-0.97,19780198,501787572,0.983142,0
001216,华瓷股份,23.0,336444,1.33,12.01,-1279150,-0.17,,-1279150,1462409,-2741559,智能穿戴、端侧AI,-1.48,30097831,984299589,1.10047,0
002988,豪美新材,6.4,777164,0.15,20.26,-1285465,1.3,,-1285465,14614556,-15900021,汽车零部件、CPO/MPO,1.15,82971737,2272677072,0.794588,0
000025,特力Ａ,1.0,168632,-0.06,15.8,-1301216,0.19,,-1301216,5838131,-7139347,深圳、国有企业,0.25,66248097,2512203143,0.937123,0
603313,梦百合  ,3.4,284230,-1.05,6.51,-1302383,-2.54,,-1302383,9195165,-10497548,服装家纺、装修家具,-1.51,56203443,2111745832,1.00397,0
002713,东易日盛,3.7,33756000,5.49,4.33,-1319995,-4.84,,-1319995,51867918,-53187913,并购重组、AIGC,-9.79,218285033,833960356,2.54558,-7848963
600639,浦东金桥,0.9,250173,0.19,10.88,-1388896,0.65,,-1388896,3571861,-4960757,房地产、上海,0.46,51169348,3221374099,0.815575,0
603311,金海高科,0.6,36100,0.11,9.38,-1479380,-1.16,,-1479380,688709,-2168089,家电、汽车零部件,-1.26,30472526,1218799141,0.796434,0
603183,建研院  ,2.8,229649,0.27,3.84,-1492948,3.78,,-1492948,19019444,-20512392,房屋检测、基础建设,3.5,111626636,1548420629,2.92523,3750911
301055,张小泉,3.5,210685,-0.14,14.3,-1536149,-1.72,,-1536149,3070511,-4606660,三季报增长、家电,-1.58,26804631,927211942,0.844715,0
000789,万年青,4.3,235224,0.62,4.8,-1565082,-0.21,,-1565082,454020,-2019102,地产链、基础建设,-0.83,23423848,2132237944,0.604603,0
603321,梅轮电梯,13.6,161528,0.15,6.6,-1692991,-0.15,,-1692991,0,-1692991,电梯概念、三季报增长,-0.3,17707863,753308816,1.05308,0
600865,百大集团,0.8,4450732,-9.96,10.04,-1735678,-9.96,,-1735678,7547065,-9282743,零售、三季报增长,0.0,33749460,1598787998,0.0732024,0
603828,ST柯利达,79.2,90345,0.71,2.88,-1736607,1.77,,-1736607,8319593,-10056200,ST板块、基础建设,1.05,26564415,994824232,1.72125,0
603551,奥普科技,2.3,58685,-0.09,10.71,-1739168,0.28,,-1739168,1363715,-3102883,家电、高股息,0.37,28340625,1351663134,1.03935,0
603216,梦天家居,0.8,482720,0.09,10.76,-1741752,-3.84,,-1741752,1809572,-3551324,装修家具、新型工业化,-3.93,58055833,609984400,1.14301,0
001212,中旗新材,3.0,287837,0.14,20.66,-1745614,-1.53,,-1745614,2285927,-4031541,光伏、化工,-1.67,36126079,1236338714,0.597754,0
000009,中国宝安,6.4,240120,-0.23,8.74,-1774684,0.23,,-1774684,11618580,-13393264,创投、负极,0.46,94111507,13566771133,0.666671,0
000720,新能泰山,1.5,64964,-0.33,2.94,-1795559,-1.67,,-1795559,4175903,-5971462,房地产、央企,-1.34,44456256,1931861198,1.24551,0
603737,三棵树  ,4.2,321040,-0.42,40.01,-1839034,-0.72,,-1839034,12500097,-14339131,装修家具、并购重组,-0.3,117781172,6961909557,1.01416,0
600630,龙头股份,3.3,893943,0.0,8.58,-1873071,-2.39,,-1873071,21242152,-23115223,国有企业、服装家纺,-2.39,132107009,2547431863,0.755814,0
301365,矩阵股份,0.3,529592,-0.58,13.86,-1920261,0.43,,-1920261,2442272,-4362533,装修家具、人工智能,1.02,62104283,642411000,0.792813,0
600463,空港股份,3.1,177753,-1.81,9.27,-1955880,-1.17,,-1955880,0,-1955880,房地产、基础建设,0.65,28854683,1007278200,0.785393,0
600336,澳柯玛  ,1.9,347634,0.0,6.17,-1959461,-0.96,,-1959461,17511398,-19470859,电子商务、冷链物流,-0.96,88748586,2765385429,0.788561,0
600730,中国高科,0.2,76246,-1.04,5.51,-2015178,-4.17,,-2015178,7546262,-9561440,人工智能、教育,-3.16,81339906,2588180971,0.625776,0
600935,华塑股份,3.1,94883,0.0,2.4,-2059161,0.42,,-2059161,1687897,-3747058,有机硅、化工,0.42,26941991,2405073123,0.721763,0
002722,物产金轮,3.0,326472,0.15,13.4,-2078202,0.3,,-2078202,3591761,-5669963,人工智能、ChatGPT,0.15,42383852,1458074404,0.877453,0
002314,南山控股,0.9,73644,0.0,2.28,-2082980,0.0,,-2082980,3195767,-5278747,房地产、基础建设,0.0,50099810,1947551327,0.855652,0
600510,黑牡丹  ,0.6,59898,-0.45,4.47,-2090188,-0.45,,-2090188,3035557,-5125745,破净股概念、数字能源,0.0,29343232,1844145133,0.731218,0
002789,建艺集团,1.6,1353590,-0.58,8.35,-2104091,-2.79,,-2104091,2985298,-5089389,装修家具、基础建设,-2.22,47005116,627454467,0.86433,0
600162,香江控股,2.4,585856,1.1,1.81,-2175438,-0.55,,-2175438,11547896,-13723334,房地产、养老概念,-1.63,64722057,2233839561,0.952252,0
605318,法狮龙  ,0.5,21186,0.05,20.53,-2307523,6.65,,-2307523,13110376,-15417899,装修家具、地产链,6.59,48924828,871526632,1.98704,-8107045
003012,东鹏控股,1.2,1245792,-1.14,6.08,-2319725,-1.14,,-2319725,3954826,-6274551,装修家具、高股息,0.0,65803195,3101686845,0.557961,0
300746,汉嘉设计,0.8,58352,-0.1,10.38,-2376864,-0.48,,-2376864,4904289,-7281153,机器人概念、并购重组,-0.38,51801430,954460999,1.33527,0
603992,松霖科技,0.2,36708,-0.23,17.23,-2473030,-1.66,,-2473030,1607520,-4080550,装修家具、三季报增长,-1.43,20555155,1193228417,0.694127,0
000885,城发环境,1.1,195000,-0.48,12.64,-2478054,0.64,,-2478054,4435159,-6913213,基础建设、年报增长,1.12,59403401,2223391046,1.07995,0
605336,帅丰电器,0.9,1921764,-0.86,12.42,-2494458,-2.36,,-2494458,10271930,-12766388,家电、装修家具,-1.51,88607569,864886220,0.993426,0
600720,中交设计,1.4,173604,0.12,8.56,-2553220,0.71,,-2553220,5532237,-8085457,地产链、并购重组,0.59,41572207,5650781346,0.77987,0
600063,皖维高新,2.1,458535,0.79,3.88,-2577040,1.57,,-2577040,5663033,-8240073,电石、军工,0.78,69872299,5175635451,0.958479,0
601512,中新集团,3.0,100380,-0.28,7.24,-2591624,0.7,,-2591624,1656900,-4248524,江苏省、国有企业,0.98,20353205,2063251283,0.510189,0
600007,中国国贸,0.6,259965,0.0,23.86,-2595759,0.04,,-2595759,0,-2595759,高股息、三季报增长,0.04,55683112,4653993665,0.787394,0
002798,帝欧家居,0.2,2213400,-7.51,3.47,-2613632,-10.1,,-2613632,14199674,-16813306,装修家具、四川省,-2.8,77979749,865166937,0.822532,0
000672,上峰水泥,5.1,588000,0.4,7.5,-2645251,0.4,,-2645251,2540386,-5185637,西部大开发、水泥,0.0,50198772,3188797250,0.920114,0
300911,亿田智能,0.1,148800,-0.84,25.19,-2665894,0.72,,-2665894,28299324,-30965218,人工智能、装修家具,1.57,99747200,1706924053,0.991639,0
600067,冠城新材,0.5,22659,0.0,2.45,-2723926,-1.61,,-2723926,5326481,-8050407,扁线、汽车零部件,-1.61,41300911,2167734481,1.05851,0
600153,建发股份,0.5,642168,-0.4,9.87,-2733786,-0.8,,-2733786,30105073,-32838859,房地产、人工智能,-0.4,211404298,15226987677,0.668092,0
002818,富森美,0.2,282828,-0.14,14.37,-2751872,-0.55,,-2751872,7488767,-10240639,军工、四川省,-0.42,60027327,2130889975,0.63066,-3988992
601886,江河集团,0.8,101920,0.0,5.29,-2756041,1.73,,-2756041,868557,-3624598,基础建设、高股息,1.73,50647401,1967884403,1.12351,0
002689,远大智能,4.5,854910,-2.17,3.13,-2776674,-2.8,,-2776674,7990974,-10767648,机器人概念、军工,-0.63,78498856,1596164219,0.91571,0
000838,财信发展,0.8,106812,-0.39,2.54,-2794144,-1.93,,-2794144,3672938,-6467082,房地产、成渝经济圈,-1.55,34323547,1782683474,0.767037,0
300616,尚品宅配,1.4,426320,-0.09,11.44,-2879975,-2.14,,-2879975,3487569,-6367544,装修家具、新型工业化,-2.05,57137915,1551385490,0.951099,0
000029,深深房Ａ,4.2,178375,0.0,14.29,-2889983,0.14,,-2889983,3820618,-6710601,房地产、三季报增长,0.14,55114393,3767119496,0.955849,0
002333,罗普斯金,11.7,112615,0.2,5.15,-2950127,2.18,,-2950127,1745846,-4695973,分布式光伏、基础建设,1.98,27188365,845733588,0.997256,0
000877,天山股份,0.4,120910,-0.37,5.39,-2970417,0.37,,-2970417,504504,-3474921,建材、并购重组,0.75,41252040,7228544117,0.697907,0
000935,四川双马,1.1,202044,0.07,13.73,-3026192,1.33,,-3026192,4162587,-7188779,机器人概念、水泥,1.25,61436648,3244074769,1.33697,0
000797,中国武夷,1.1,389136,0.38,2.62,-3191948,-0.38,,-3191948,8640042,-11831990,外贸、房地产,-0.76,57572073,1857076729,0.853041,0
002233,塔牌集团,0.9,130768,-0.27,7.59,-3195880,1.88,,-3195880,1269195,-4465075,地产链、基础建设,2.15,69145539,5433998788,0.98203,0
000523,红棉股份,0.4,168780,0.0,2.85,-3277218,-1.72,,-3277218,2737502,-6014720,食品饮料、农业,-1.72,55291544,4080788427,0.771985,0
003037,三和管桩,1.1,844870,-0.74,6.35,-3316936,-5.93,,-3316936,7635001,-10951937,水利、基础建设,-5.22,95657089,1276411455,0.624362,3209998
002367,康力电梯,0.1,7051,0.16,6.42,-3407630,0.31,,-3407630,563706,-3971336,电梯概念、机器人概念,0.16,45453285,2802499137,0.841057,0
605286,同力日升,0.4,45744,1.17,28.43,-3417764,0.6,,-3417764,6816633,-10234397,储能、并购重组,-0.56,42952435,1950014609,1.13581,-4487186
002043,兔宝宝,0.6,225126,-0.18,11.62,-3471554,2.02,,-3471554,6424281,-9895835,装修家具、基础建设,2.2,133648712,5269474797,1.17558,0
002963,豪尔赛,0.7,327726,2.1,10.35,-3487742,-1.33,,-3487742,5754513,-9242255,换电站、智能驾驶,-3.36,46407126,729743144,0.292055,0
600658,电子城  ,0.7,49200,-1.2,4.12,-3691799,-0.72,,-3691799,5542020,-9233819,阿里系AI、人工智能,0.49,42575607,2512269973,0.878812,0
600053,九鼎投资,1.1,132870,-0.23,12.81,-3743309,-0.93,,-3743309,327930,-4071239,金融概念、平台经济,-0.7,40710918,1540306948,0.8051,0
603838,四通股份,1.2,108053,0.58,5.0,-3767935,-2.72,,-3767935,3593215,-7361150,装修家具、环保,-3.29,33778235,1157408267,1.12953,0
000159,国际实业,3.4,380600,-0.18,5.44,-3900809,-1.27,,-3900809,6394896,-10295705,房地产、化工,-1.09,58770916,2016923048,0.732057,0
000631,顺发恒业,0.2,53847,0.0,2.77,-3959366,-0.72,,-3959366,1038619,-4997985,房地产、风电,-0.72,30317058,2086052985,0.628217,0
601636,旗滨集团,0.8,298115,0.18,5.56,-4011850,2.21,,-4011850,14811580,-18823430,光伏玻璃、玻璃,2.02,128195756,9016697687,1.16942,0
301027,华蓝集团,0.5,300150,1.97,14.79,-4105717,4.01,,-4105717,18994399,-23100116,房屋检测、农业,2.0,93316831,1686766886,0.82491,3572863
002285,世联行,0.4,244662,-0.41,2.39,-4271661,-1.65,,-4271661,12755024,-17026685,房地产、租售同权,-1.24,84823745,2505168528,0.800765,0
600724,宁波富达,2.1,652377,-0.51,5.87,-4329603,0.17,,-4329603,6610050,-10939653,并购重组、基础建设,0.69,82843852,1953107180,0.811565,0
600223,福瑞达  ,0.5,2209410,0.27,7.24,-4410743,-1.23,,-4410743,26079321,-30490064,腾讯概念、美容护理,-1.5,188055431,3560571008,0.468367,0
603816,顾家家居,1.0,179802,-0.38,28.4,-4507102,-0.87,,-4507102,14143365,-18650467,装修家具、家电,-0.49,184007963,11076501409,0.946855,0
002620,瑞和股份,0.6,2863536,-10.11,3.38,-4522775,-10.11,,-4522775,0,-4522775,光伏EPC、基础建设,0.0,11627876,751114751,0.0837999,0
601588,北辰实业,0.5,161624,0.56,1.76,-4577245,-0.56,,-4577245,7297077,-11874322,房地产、养老概念,-1.12,51870558,2625918803,0.806432,0
000718,苏宁环球,4.4,954450,-0.44,2.24,-4605137,-0.88,,-4605137,5910200,-10515337,医美、地产链,-0.44,62515067,3376322253,0.760011,0
603101,汇嘉时代,4.0,512352,-1.21,8.83,-4734722,-3.07,,-4734722,6684463,-11419185,零售、白酒,-1.89,66461252,1811689669,0.880844,0
000779,甘咨询,3.8,354944,-0.13,7.47,-4809097,-0.8,,-4809097,2132901,-6941998,算力、基础建设,-0.66,43972710,1941319029,0.760798,0
603955,大千生态,0.5,1035034,-0.12,16.86,-4882587,-0.59,,-4882587,8100561,-12983148,股权转让、园林,-0.47,121965507,1347706529,0.858677,0
002527,新时达,2.8,654465,-0.74,7.97,-4972483,-1.73,,-4972483,13912419,-18884902,机器人概念、智能电网,-0.99,139383297,3595616615,0.829416,0
605365,立达信  ,7.5,406913,-1.01,14.97,-5051335,0.88,,-5051335,1125780,-6177115,鸿蒙概念、华为概念,1.91,41365583,1441502702,0.912185,0
605287,德才股份,5.0,114400,0.0,11.33,-5056909,-0.96,,-5056909,353492,-5410401,装修家具、破净股概念,-0.96,17722662,537976762,1.06225,0
000863,三湘印象,0.9,1133540,-1.37,3.57,-5095424,-2.46,,-5095424,20422496,-25517920,谷子经济、文创产品,-1.11,120626987,2212668357,0.764348,0
601956,东贝集团,0.3,1588412,-2.46,4.67,-5121266,-4.3,,-5121266,5375164,-10496430,家电、绿色电力,-1.89,103735663,1521505494,0.913473,0
600970,中材国际,5.9,1353654,0.96,9.39,-5169969,0.64,,-5169969,22760412,-27930381,地产链、并购重组,-0.32,135297559,12673121138,0.692928,-7900706
001914,招商积余,0.7,198074,0.0,10.2,-5236055,-0.1,,-5236055,614880,-5850935,物业服务、三季报增长,-0.1,55086995,4458839705,1.03799,0
002508,老板电器,1.0,237328,-0.05,21.16,-5258808,-0.19,,-5258808,11394502,-16653310,装修家具、家电,-0.14,129432365,7702948912,0.711436,-5405271
600675,中华企业,0.9,128790,0.0,2.7,-5384080,0.0,,-5384080,4633857,-10017937,房地产、国有企业,0.0,62799486,4565801370,0.884387,0
600848,上海临港,0.3,62784,0.31,10.02,-5495989,2.45,,-5495989,5992478,-11488467,房地产、汽车零部件,2.14,75286529,9047728858,1.27695,0
000058,深赛格,0.6,156000,-0.27,7.38,-5720500,-1.86,,-5720500,6763952,-12484452,深圳、军工,-1.6,87618067,2132195425,0.785785,0
600678,四川金顶,2.7,542360,-1.32,6.02,-5744629,-0.33,,-5744629,4720024,-10464653,机器人概念、国有企业,1.01,84697077,1670201828,0.930429,0
600325,华发股份,1.2,703360,-0.18,5.61,-5941706,0.0,,-5941706,37107479,-43049185,房地产、粤港澳,0.18,195421791,11372531652,1.00803,-9296182
300917,特发服务,0.9,1166000,-2.76,44.59,-6090448,-1.46,,-6090448,24535332,-30625780,物业服务、国有企业,1.34,191861893,2621892044,0.829906,0
300675,建科院,0.3,296010,0.14,13.97,-6108464,-2.17,,-6108464,5394288,-11502752,深圳、基础建设,-2.31,57436394,1050113403,0.650539,0
000965,天保基建,0.5,211700,-0.68,2.89,-6122780,-1.03,,-6122780,16570557,-22693337,房地产、地产链,-0.34,78264879,1557474017,1.01353,0
002247,聚力文化,3.1,310560,-0.41,2.35,-6254697,-2.49,,-6254697,3841215,-10095912,装修家具、基础建设,-2.08,56788124,1366841388,0.93564,0
000926,福星股份,4.5,524880,0.41,2.39,-6736813,-1.24,,-6736813,9463364,-16200177,房地产、破净股概念,-1.65,66318868,2975636376,0.838297,0
000014,沙河股份,3.7,745200,-0.67,10.19,-6737521,-2.21,,-6737521,5415827,-12153348,房地产、国有企业,-1.55,51457279,1627347119,0.975359,0
002208,合肥城建,1.0,135048,0.0,6.52,-6847479,-1.51,,-6847479,11739741,-18587220,蚂蚁金服概念、金融概念,-1.51,92973192,2119985072,1.04679,0
002482,广田集团,0.9,270805,0.0,2.01,-6976342,-1.95,,-6976342,5407460,-12383802,装修家具、基础建设,-1.95,88376126,3268033552,0.943979,0
002820,桂发祥,0.7,1428300,-1.88,11.36,-7132176,-3.07,,-7132176,13336281,-20468457,食品饮料、国有企业,-1.22,172603439,1497635042,0.54818,0
600648,外高桥  ,2.2,253568,-0.79,11.36,-7150669,-0.44,,-7150669,3454520,-10605189,房地产、上海,0.35,56596818,3784758302,1.00496,0
600603,ST广物  ,1.8,138750,0.98,9.0,-7544206,-1.75,,-7544206,2850205,-10394411,ST板块、地产链,-2.7,35367318,5276206501,0.599926,0
600502,安徽建工,0.7,180910,0.22,4.58,-7611410,0.22,,-7611410,7118767,-14730177,水利、国有企业,0.0,104786095,5334251463,1.05075,0
600697,欧亚集团,0.8,898037,-3.57,11.24,-7654871,-6.57,,-7654871,10092660,-17747531,旅游、黄金,-3.1,106179472,1306552242,0.867435,0
002609,捷顺科技,5.7,352053,0.66,7.45,-7773621,-2.23,,-7773621,4247267,-12020888,人工智能、华为概念,-2.87,86178128,2349718652,0.631439,0
601155,新城控股,0.4,293227,0.17,11.56,-8102434,-0.09,,-8102434,9150845,-17253279,房地产、江苏省,-0.26,105514192,8552965120,0.772166,0
002235,安妮股份,1.9,1226664,-1.42,4.86,-8213278,-1.42,,-8213278,11682952,-19896230,版权、知识产权,0.0,131548066,2227681039,0.701403,0
002796,世嘉科技,1.1,475930,0.0,10.41,-8479014,-0.48,,-8479014,11895250,-20374264,5G、储能,-0.48,125360788,1662331739,0.478732,0
600624,复旦复华,1.1,2782263,-2.11,6.13,-8572538,-7.54,,-8572538,44733980,-53306518,量子科技、抗原检测,-5.55,301826155,2988957732,0.901354,2940611
000615,ST美谷,2.3,1475680,-2.9,3.63,-8767643,-4.22,,-8767643,17205886,-25973529,ST板块、医美,-1.36,73316676,1924454390,0.777866,0
000036,华联控股,0.3,245700,0.0,3.75,-8801894,-0.79,,-8801894,6811391,-15613285,房地产、股权转让,-0.79,65026990,3981622996,0.907936,0
002853,皮阿诺,19.5,220590,-1.82,9.6,-8841631,-8.13,,-8841631,7006798,-15848429,装修家具、C2M,-6.43,64527807,869442847,1.62032,0
603682,锦和商管,0.5,16355248,-1.75,6.67,-8896862,-9.99,,-8896862,37872117,-46768979,零售、首发经济,-8.38,218639563,1322060499,0.562692,-11890603
600708,光明地产,11.1,1320551,0.6,3.36,-9070688,0.3,,-9070688,32130573,-41201261,房地产、国有企业,-0.3,131129284,3635972853,1.09023,-3176824
002596,海南瑞泽,1.6,2077381,-0.32,3.03,-9179448,-3.5,,-9179448,17047960,-26227408,海南、基础建设,-3.19,123759950,2704767804,0.531507,0
002189,中光学,2.3,1580040,-1.82,18.12,-9363337,-5.87,,-9363337,22722694,-32086031,并购重组、军工,-4.13,168598297,2864696178,1.05568,0
603610,麒盛科技,1.2,1252157,-0.62,10.57,-9382509,-6.29,,-9382509,17088639,-26471148,浙江、养老概念,-5.71,149615281,1619631170,0.609889,0
603153,上海建科,0.5,1419028,-1.31,17.86,-9479320,-6.35,,-9479320,13068354,-22547674,算力、数字经济,-5.1,163876227,1268060178,0.738538,0
600425,青松建化,1.9,612720,-0.27,3.79,-9481809,2.71,,-9481809,6993080,-16474889,水泥、农业,2.99,80753548,3706058007,0.977146,0
600748,上实发展,38.0,100624,0.0,3.24,-9687208,-2.11,,-9687208,3627229,-13314437,房地产、养老概念,-2.11,42235566,2711240284,0.999738,-3050570
600657,信达地产,2.1,306062,-0.25,3.92,-9688453,-1.75,,-9688453,10692753,-20381206,房地产、央企,-1.51,85060048,3010435059,0.904793,0
002244,滨江集团,4.9,3868926,-0.24,8.35,-9845943,-0.12,,-9845943,25614981,-35460924,房地产、乡村振兴,0.12,165650015,9821819113,0.601587,0
002572,索菲亚,1.1,319480,0.06,16.25,-10079040,-0.25,,-10079040,12646272,-22725312,装修家具、高股息,-0.31,152192478,7771401542,0.869183,0
600295,鄂尔多斯,0.4,98880,0.21,9.65,-10232494,0.73,,-10232494,5588106,-15820600,有机硅、有色金属,0.52,125943411,4399451950,0.954509,0
600881,亚泰集团,0.3,2130352,-2.65,1.96,-10267672,3.7,,-10267672,85678699,-95946371,房地产、猴痘概念,6.52,421747944,5137024917,1.0252,0
300295,三六五网,0.7,212350,1.44,14.67,-10368586,-3.99,,-10368586,13172855,-23541441,房地产、人工智能,-5.35,113898840,2352890946,1.03034,0
002410,广联达,7.2,10494640,-2.99,10.69,-10479539,-0.28,,-10479539,46388473,-56868012,人工智能、国产软件,2.79,324466446,12809596060,0.936798,-3240000
000909,ST数源,2.7,235926,-2.65,5.02,-12049340,-4.92,,-12049340,5480342,-17529682,ST板块、通信,-2.33,28927492,1304840035,1.05248,0
002575,群兴玩具,2.4,5240478,-5.06,7.14,-12159703,-9.73,,-12159703,70556405,-82716108,并购重组、DeepSeek,-4.93,368485316,3775241143,1.05623,-3578031
000610,西安旅游,1.1,2282712,-2.63,12.12,-12250908,-6.12,,-12250908,35154221,-47405129,旅游、一带一路,-3.58,262444881,1946271745,0.726856,0
300012,华测检测,1.4,727755,0.17,11.84,-12701520,-0.75,,-12701520,29742573,-42444093,军工、并购重组,-0.92,233796023,13568469441,0.877424,0
000090,天健集团,14.0,645556,-0.5,4.05,-13177712,1.25,,-13177712,5851657,-19029369,地产链、高股息,1.76,95266304,4569521870,1.15612,0
000006,深振业Ａ,2.3,2215026,-1.88,6.7,-13753967,-3.04,,-13753967,56492696,-70246663,房地产、国有企业,-1.18,216461997,5701643417,0.807606,-3256209
001323,慕思股份,2.3,61056,-0.83,37.7,-13876326,-2.03,,-13876326,2924389,-16800715,高股息、三季报增长,-1.21,81760899,2938149500,1.42271,0
600280,中央商场,0.9,2116080,-7.69,3.51,-14564351,-10.0,,-14564351,27792127,-42356478,并购重组、零售,-2.5,236342120,1699344155,0.640191,-3088800
600606,绿地控股,0.5,331449,0.0,1.98,-15289119,-1.49,,-15289119,32996249,-48285368,房地产、破净股概念,-1.49,190113810,7720142338,1.0489,0
600337,美克家居,2.1,456663,0.56,1.72,-15723373,-4.44,,-15723373,7966054,-23689427,装修家具、人工智能,-4.97,87600938,1327837435,1.13232,0
000812,陕西金叶,1.3,1192895,-1.74,4.37,-15724966,-4.79,,-15724966,15002578,-30727544,职业教育、电子烟,-3.1,146803680,2656336392,0.833803,0
000560,我爱我家,3.3,3781104,-2.95,2.9,-15773334,-4.92,,-15773334,77388225,-93161559,房地产、平台经济,-2.03,347416310,4746425757,1.04959,0
600692,亚通股份,0.6,1166377,1.54,8.07,-17311464,-4.38,,-17311464,18459264,-35770728,农业、网约车,-5.83,119227372,1916058783,0.599094,0
000886,海南高速,0.8,3732435,-2.69,6.07,-17496959,-3.96,,-17496959,60083777,-77580736,算力、旅游,-1.3,230641214,4412155344,0.623378,-3075380
002175,东方智造,1.0,3339960,-1.52,3.77,-17622334,-4.8,,-17622334,102106790,-119729124,芯片、元宇宙,-3.33,510727811,3889948667,0.834251,3730000
600743,华远地产,0.8,2654421,-4.15,2.25,-18172993,-6.64,,-18172993,47572583,-65745576,房地产、国有企业,-2.6,217717029,2416606483,1.21834,0
002236,大华股份,1.7,2006290,0.13,14.86,-18905702,-0.47,,-18905702,73388177,-92293879,AI智能体、GPT4,-0.6,403635709,27451001036,0.55985,-4439998
300354,东华测试,1.2,216060,0.12,32.62,-20279714,-1.75,,-20279714,35025795,-55305509,军工、机器人概念,-1.87,133375796,2039730771,1.09417,-3183010
001979,招商蛇口,0.6,2302590,-0.82,9.83,-20408575,0.41,,-20408575,116346477,-136755052,房地产、央企,1.24,506266141,36526144385,0.615316,1560678
600736,苏州高新,1.0,1406645,-0.18,5.3,-21444680,-2.93,,-21444680,22216399,-43661079,低空经济、新冠药概念,-2.75,159420690,3429973275,0.568642,0
002305,南国置业,0.5,474826,-2.05,1.85,-21497777,-5.13,,-21497777,20886767,-42384544,房地产、基础建设,-3.14,127884136,1909314643,1.02369,0
600340,华夏幸福,0.9,2555250,0.0,2.4,-21906592,-4.0,,-21906592,81064977,-102971569,房地产、并购重组,-4.0,427022021,5911738849,1.01547,0
601162,天风证券,2.8,6947364,-0.99,3.98,-22235892,-1.97,,-22235892,262819947,-285055839,证券、武汉,-1.0,981135131,26211562362,0.845822,-5944671
600629,华建集团,0.9,2887158,-0.77,7.36,-22264267,-6.12,,-22264267,26851941,-49116208,数据中心、人工智能,-5.4,277846304,3305141914,0.611824,0
603268,松发股份,0.7,427500,-1.13,38.1,-22570605,0.45,,-22570605,21039240,-43609845,并购重组、职业教育,1.6,104868369,2292546645,1.0285,0
000620,新华联,0.3,399984,-1.89,2.0,-23523982,-5.66,,-23523982,10744693,-34268675,房地产、三季报增长,-3.85,144783146,2714014288,1.03622,0
600859,王府井  ,0.8,3626480,0.35,13.93,-24155481,-2.25,,-24155481,70207752,-94363233,免税、并购重组,-2.59,314823072,10614161547,0.604166,-5603129
002047,宝鹰股份,7.6,930668,-2.74,2.65,-24605642,-9.25,,-24605642,15900920,-40506562,股权转让、元宇宙,-6.69,116195432,2735228752,1.03568,0
000002,万科Ａ,1.6,5689860,-0.14,6.98,-26719263,-0.29,,-26719263,187771771,-214491034,房地产、物业服务,-0.14,591154772,45188220591,0.751862,-12338178
600326,西藏天路,1.6,1337906,0.33,5.88,-27765274,-3.92,,-27765274,76673262,-104438536,基础建设、地产链,-4.23,292771457,5900841493,0.667516,-8295697
600895,张江高科,1.6,3570468,0.74,24.41,-27893365,0.0,,-27893365,85380102,-113273467,光刻机、蚂蚁金服概念,-0.73,497718784,18621102685,0.722021,0
600449,宁夏建材,0.9,689232,-0.43,13.24,-27958779,-4.75,,-27958779,24993783,-52952562,人工智能、ChatGPT,-4.34,195335242,3231781981,0.607339,-3584130
600383,金地集团,0.9,1417392,0.23,4.28,-28127421,-0.7,,-28127421,157393826,-185521247,房地产、物业服务,-0.93,379034203,13626265565,0.850646,10283437
600835,上海机电,0.8,316776,-0.5,15.79,-35223309,-2.29,,-35223309,30844706,-66068015,灵巧手、电梯概念,-1.8,201324837,4986578552,0.845329,-11170952
000158,常山北明,1.4,7068384,-0.66,17.86,-38723325,-2.4,,-38723325,284225993,-322949318,鸿蒙概念、盘古大模型,-1.76,1354817893,18161541540,0.957488,2290576
600185,格力地产,3.9,1794312,-1.37,6.21,-39248096,-5.48,,-39248096,62715031,-101963127,并购重组、免税,-4.17,271808686,6445998295,0.891762,-3732838
000628,高新发展,1.1,3763800,-0.82,50.45,-48866422,-1.89,,-48866422,93962954,-142829376,西部大开发、并购重组,-1.08,548485896,8331946302,0.691847,0
000656,*ST金科,12.5,17923675,1.74,1.69,-51982347,-1.74,,-51982347,65491290,-117473637,ST板块、房地产,-3.43,268356587,8184271352,1.05754,0
600246,万通发展,0.7,9612819,-4.34,6.56,-63249587,-8.25,,-63249587,148660626,-211910213,房地产、人工智能,-4.09,807255759,6353120042,0.892176,-13210553
300024,机器人,0.9,2689575,-0.3,16.13,-101523651,-2.24,,-101523651,217259912,-318783563,机器人概念、军工,-1.95,891057254,18369584219,0.860975,-46724731
600693,东百集团,0.7,58853015,-4.6,7.62,-113941235,-10.04,,-113941235,194247834,-308189069,零售、并购重组,-5.69,923295167,2607190824,0.750479,-84645388
000882,华联股份,1.8,30834820,-2.78,2.27,-160346699,-9.92,,-160346699,231883995,-392230694,零售、国有企业,-7.35,1076132361,3894628555,1.68901,0
