股票代码,股票名称,竞价量比,竞价金额,竞价涨幅%,价格,净额,涨幅%,板上信息,主力净额,主力买,主力卖,所属板块,区间涨幅%,成交额,实际流通,量比,300w大单净额
002889,东方嘉盛,2.5,2149330,0.06,17.26,92094655,10.01,首板,92094655,127349762,-35255107,光刻机、华为概念,9.94,208190680,1274043477,0.814851,23851561
300017,网宿科技,1.1,2093460,-0.49,8.55,49413088,3.76,,49413088,182247479,-132834391,边缘计算、云计算,4.27,513345040,16814094415,1.05577,0
600487,亨通光电,1.4,453460,-0.21,14.63,35578003,1.74,,35578003,110659778,-75081775,光芯片、人工智能,1.95,386389834,27516087032,0.683926,0
002984,森麒麟,0.2,192038,-0.64,25.73,28278119,2.51,,28278119,86902359,-58624240,汽车零部件、年报增长,3.17,375228403,15162464772,0.909306,0
000863,三湘印象,2.0,1622790,1.48,3.62,22415460,7.42,,22415460,92595379,-70179919,谷子经济、文创产品,5.85,214153872,2243658254,1.75158,-6247463
600969,郴电国际,0.5,1278536,0.0,6.04,20364669,4.5,,20364669,43721132,-23356463,电力、环保,4.5,193576869,1564995880,0.627174,0
600176,中国巨石,2.1,2623140,-1.89,11.51,19065992,-0.95,,19065992,59176644,-40110652,风电材料、基础建设,0.96,223602635,21604992891,0.876448,0
000151,中成股份,1.2,2822712,-1.56,10.71,19006954,4.28,,19006954,62885403,-43878449,基础建设、外贸,5.93,223553048,1732057824,0.93076,0
601298,青岛港  ,7.0,1372434,1.53,8.5,15587429,0.24,,15587429,41470222,-25882793,港口、华为概念,-1.28,210785144,7259110625,2.22898,0
600710,苏美达  ,1.7,498240,-0.23,8.34,15347573,-3.81,,15347573,42559556,-27211983,发电机、算力,-3.58,157822510,4844606079,1.75169,7560173
300852,四会富仕,0.6,1962144,-2.74,26.94,12473030,1.09,,12473030,26026000,-13552970,通信、汽车零部件,3.94,203975619,1390476414,1.07981,3644253
000951,中国重汽,0.8,336141,-0.59,15.04,11271204,-1.7,,11271204,38834725,-27563521,重卡、一带一路,-1.12,173423151,8662080952,1.15784,0
603588,高能环境,1.2,241595,0.0,6.95,10509315,0.14,,10509315,31945157,-21435842,环保、垃圾发电,0.14,98505774,8758353267,0.860492,0
300542,新晨科技,0.8,1470720,-1.99,13.32,9207923,1.99,,9207923,42428764,-33220841,低空经济、军工,4.06,258328284,1912902862,0.855051,0
002092,ST中泰,0.3,1073955,-0.5,4.05,9121369,1.76,,9121369,54418749,-45297380,ST板块、病毒防治,2.27,123462318,7714187410,0.669103,-4029997
002426,胜利精密,0.3,120951,-0.66,1.56,8939819,2.63,,8939819,19098188,-10158369,AI眼镜、端侧AI,3.31,66445187,4570908282,0.903255,0
000582,北部湾港,0.1,105030,-0.26,7.65,8914851,-1.92,,8914851,17624265,-8709414,港口、DeepSeek,-1.67,93277467,3634924705,1.12425,0
000777,中核科技,0.4,242199,-0.81,16.04,8593776,0.5,,8593776,25616582,-17022806,并购重组、核电,1.33,116891646,4472571003,0.540868,0
002929,润建股份,0.8,431955,-1.06,30.64,8286736,1.76,,8286736,27421400,-19134664,阿里系AI、数字经济,2.85,140140364,4163022220,0.85905,0
600509,天富能源,5.2,1024290,0.35,5.71,7907226,0.53,,7907226,21276461,-13369235,AI眼镜、天然气,0.18,77438991,5316136458,0.665257,0
601228,广州港  ,2.1,438180,0.31,3.17,7390635,-2.76,,7390635,24702768,-17312133,港口、数据要素,-3.06,102103519,5838772791,1.38493,3052708
603619,中曼石油,1.3,1784592,1.96,24.19,6795462,0.75,,6795462,39559289,-32763827,石油石化、天然气,-1.18,199285210,6760622890,0.98301,0
002459,晶澳科技,0.6,4222800,-1.36,13.98,6707543,-0.07,,6707543,135343678,-128636135,光伏组件、光伏,1.3,650245262,24269878218,0.63881,-4201900
600787,中储股份,1.1,439619,-0.4,4.95,6545805,-1.2,,6545805,11329340,-4783535,物流、数字经济,-0.8,64661737,4078954931,1.01662,0
600368,五洲交通,4.8,761280,0.41,4.88,6538012,0.41,,6538012,15234496,-8696484,公路运营、跨境电商,0.0,86745996,3001673499,1.14185,0
600580,卧龙电驱,0.6,690004,-0.99,13.18,6295202,0.61,,6295202,68199338,-61904136,机器人概念、电机电控,1.62,325533115,11666904705,0.672929,0
300103,达刚控股,22.2,2522000,-2.2,4.24,6293410,3.67,,6293410,11677623,-5384213,基础建设、腾讯系AI ,6.0,107882129,722835132,3.35161,0
300172,中电环保,2.6,649604,0.65,4.71,5679033,1.73,,5679033,16380864,-10701831,核污染概念、污水处理,1.07,80670794,2241096864,0.780086,0
000617,中油资本,1.5,1741397,-0.54,5.6,5589806,0.72,,5589806,66541373,-60951567,跨境支付、数字经济,1.27,194187959,16032876847,0.8881,-70005
002774,快意电梯,0.5,114700,-0.32,6.36,5360795,2.25,,5360795,5991160,-630365,电梯概念、人工智能,2.58,35338240,741641733,1.30352,0
002512,达华智能,4.1,779680,-0.28,3.59,5221576,1.7,,5221576,12770063,-7548487,量子科技、智能驾驶,1.99,65686100,2764457293,0.798824,0
600801,华新水泥,4.8,292248,-0.27,14.61,5196898,-1.28,,5196898,7059059,-1862161,水泥、并购重组,-1.02,74548798,8110204613,0.751684,0
600717,天津港  ,6.1,693940,-0.45,4.29,4999841,-3.38,,4999841,24904176,-19904335,地方国企、国有企业,-2.94,138879511,5362500344,1.70102,0
002430,杭氧股份,1.7,82654,-0.86,24.56,4745280,0.16,,4745280,8024201,-3278921,电子气体、芯片,1.03,74890892,10960774693,0.610825,0
003000,劲仔食品,0.1,90596,-0.85,12.73,4669692,-1.09,,4669692,5743835,-1074143,食品饮料、三季报增长,-0.24,44117950,2858547698,0.734282,0
600581,八一钢铁,0.2,108015,0.35,2.84,4478568,0.0,,4478568,6697151,-2218583,钢铁、并购重组,-0.35,34757432,2175295757,1.09432,0
600338,西藏珠峰,0.6,568531,-1.21,9.39,4312565,2.96,,4312565,19512326,-15199761,有色金属、盐湖提锂,4.22,107771411,8584433478,0.6581,0
300365,恒华科技,0.4,250902,-1.24,4.91,4162912,1.66,,4162912,6502030,-2339118,华为超充、云计算,2.94,48535145,1880351660,0.546819,0
000498,山东路桥,0.2,63414,-0.73,5.39,4122936,-1.28,,4122936,9433778,-5310842,基础建设、并购重组,-0.55,52079276,3154874108,0.898035,0
603843,正平股份,1.8,1304292,2.5,2.53,3551339,5.42,,3551339,11205608,-7654269,有色金属、水利,2.85,88529793,1258705053,2.12544,0
002917,金奥博,0.8,159080,-0.1,9.72,3406703,0.1,,3406703,11348771,-7942068,民用爆破、人工智能,0.21,61272319,1853382007,0.798799,0
688425,铁建重工,0.2,62403,-0.26,3.75,3344940,-1.83,,3344940,11587792,-8242852,科创板、机器人概念,-1.57,81133568,5542338750,1.08196,0
002206,海利得,0.7,964176,-0.47,4.19,3294792,-1.64,,3294792,22331953,-19037161,光伏背板、化工,-1.18,109882439,3196660809,0.608902,0
000905,厦门港务,0.9,68704,0.0,5.98,3266154,-1.64,,3266154,3593207,-327053,福建、港口,-1.64,32494299,2122352474,0.809253,0
603836,海程邦达,2.6,2591316,-2.71,16.21,3157309,-0.31,,3157309,12361628,-9204319,物流、数据要素,2.47,136208481,1576121398,0.879334,0
002302,西部建设,2.1,317996,0.73,5.37,3109591,-2.36,,3109591,5063232,-1953641,西部大开发、建材,-3.07,44933954,2981185846,0.920682,0
002097,山河智能,0.6,356664,-0.96,6.23,3087320,0.16,,3087320,18966923,-15879603,机器人概念、人工智能,1.14,116863691,4052328115,0.675091,0
600248,陕建股份,0.3,255906,-0.53,3.79,3043144,-0.26,,3043144,12460142,-9416998,基础建设、DeepSeek,0.26,47760349,4479400009,0.769576,0
600019,宝钢股份,1.9,3526455,0.0,6.84,3036490,-2.15,,3036490,194221081,-191184591,钢铁、算力,-2.15,578113627,55143844351,1.12322,-3937757
600256,广汇能源,1.2,1315764,0.0,7.67,2968639,-2.42,,2968639,358112834,-355144195,氢能源、光伏,-2.42,944105082,32880067571,1.30916,-32294024
000505,京粮控股,0.3,49470,0.0,5.76,2865818,-1.03,,2865818,2865818,0,海南、农业,-1.03,21585371,1639743740,0.68753,0
601068,中铝国际,1.3,120249,-0.92,4.39,2774368,0.92,,2774368,6490692,-3716324,中字头、锂电池,1.86,40427135,1681096942,0.870192,0
301016,雷尔伟,2.9,734886,-1.18,16.8,2770227,-0.83,,2770227,2770227,0,无人驾驶、智能驾驶,0.36,39401076,504000000,0.617277,0
301169,零点有数,0.3,42576,0.11,26.99,2760001,1.54,,2760001,4333994,-1573993,数据要素、财税数字化,1.43,59961598,759016235,1.13878,0
000672,上峰水泥,0.1,172253,-0.49,6.18,2674754,0.32,,2674754,5680050,-3005296,西部大开发、水泥,0.82,63761548,2627568934,1.31422,0
600583,海油工程,0.9,262730,0.33,5.98,2636557,-1.81,,2636557,31609318,-28972761,石油石化、化工,-2.13,181806305,11811460821,1.40005,0
600202,哈空调  ,4.1,663073,-1.1,3.67,2614837,1.1,,2614837,3187627,-572790,核电、储能热管理,2.23,35881119,929335313,0.695456,0
603173,福斯达  ,0.2,31906,-1.34,23.26,2592542,0.69,,2592542,3050739,-458197,三季报增长、天然气,2.06,35732913,1152300400,0.827967,0
600180,瑞茂通  ,0.3,63742,-0.25,4.03,2572704,-0.98,,2572704,2572704,0,电子商务、互联网金融,-0.74,22547263,1787578437,0.684253,0
603966,法兰泰克,0.3,60188,0.0,7.42,2541589,1.09,,2541589,10787366,-8245777,水利、机器人概念,1.09,42850669,1338001812,1.22672,4157096
002993,奥海科技,0.3,268242,-0.12,35.11,2495813,1.98,,2495813,14232152,-11736339,柴油发电机、工商业储能,2.09,140318139,4116494016,0.581384,0
002937,兴瑞科技,1.2,157210,-0.55,20.34,2485909,1.65,,2485909,3356087,-870178,特斯拉概念、智能驾驶,2.21,35204636,2695936608,0.803405,0
601727,上海电气,0.6,343926,-0.52,3.86,2475581,-0.52,,2475581,23263439,-20787858,机器人概念、一带一路,0.0,88297411,17092510794,0.373294,0
600148,长春一东,0.0,3570,-0.92,12.02,2377089,0.08,,2377089,2377089,0,军工、传感器,1.01,13692263,775884674,0.610841,0
603500,祥和实业,0.7,4244861,-2.23,7.57,2307454,-0.66,,2307454,7568812,-5261358,轨道交通、基础建设,1.61,83192371,1387497755,1.12109,0
001288,运机集团,1.6,500420,-0.42,26.53,2221444,0.84,,2221444,9942126,-7720682,减速器、基础建设,1.26,56132544,1408164470,0.568038,0
000925,众合科技,0.7,586812,0.0,6.35,2188785,2.58,,2188785,6421260,-4232475,机器人概念、病毒防治,2.58,73187180,3480655453,0.818973,0
600326,西藏天路,0.8,335820,0.0,3.83,2132399,-0.78,,2132399,16133728,-14001329,基础建设、地产链,-0.78,110363558,3905664342,0.679958,0
002342,巨力索具,1.9,121404,0.33,2.96,2116173,-1.66,,2116173,2937163,-820990,白酒、体育产业,-1.99,26896800,2109795322,0.652669,0
601008,连云港  ,1.3,247156,-0.27,3.55,2077219,-2.74,,2077219,2593819,-516600,并购重组、航运,-2.47,35401699,1817071982,0.949033,0
300011,鼎汉技术,0.6,149296,-0.4,4.99,2017115,0.2,,2017115,2017115,0,高铁、一带一路,0.6,37723521,1872059286,0.81115,0
300135,宝利国际,0.4,482949,-0.71,2.82,1997512,0.36,,1997512,11316919,-9319407,股权转让、机场航空,1.08,66712824,1804016572,0.590483,0
301218,华是科技,0.8,113162,-0.36,19.55,1859242,1.56,,1859242,3260912,-1401670,数据要素、智慧城市,1.93,42491896,1095591149,0.812466,0
601886,江河集团,1.6,268086,-0.36,5.41,1790749,-1.28,,1790749,5713749,-3923000,文化传媒、金融概念,-0.92,63989734,2012524503,1.14732,0
003037,三和管桩,1.2,178800,-0.17,5.95,1748792,-1.0,,1748792,1748792,0,水利、基础建设,-0.83,30952494,1196007584,0.696984,0
000507,珠海港,1.6,283140,0.43,4.61,1748318,-1.07,,1748318,4227348,-2479030,港口、一带一路,-1.5,28194633,2886939343,0.888615,0
000825,太钢不锈,2.5,374308,-0.55,3.57,1672945,-1.92,,1672945,11098510,-9425565,钢铁、智能电网,-1.38,85484936,7461621393,0.87644,0
601326,秦港股份,2.6,260661,0.0,3.12,1661937,-3.41,,1661937,21199857,-19537920,中特估、三季报增长,-3.41,92633110,3444156814,1.52878,0
601789,宁波建工,0.1,198217,-0.26,3.78,1654159,-0.53,,1654159,7543270,-5889111,国资云、算力,-0.26,34952762,3004544232,0.72121,0
600691,阳煤化工,0.3,20400,0.0,1.99,1560934,-0.5,,1560934,3857053,-2296119,煤化工、化工,-0.5,36327806,2349781054,0.790396,0
002480,新筑股份,0.8,135200,-0.31,3.19,1528306,-2.15,,1528306,1528306,0,机器人概念、氢能源,-1.85,17901609,1723167004,0.631544,0
002116,中国海诚,0.9,280840,-0.73,9.59,1521325,0.0,,1521325,4161077,-2639752,中字头、基础建设,0.74,51277650,2272523186,0.489292,0
001319,铭科精技,2.4,140798,-0.88,16.15,1496870,1.19,,1496870,1807868,-310998,机器人概念、一体化压铸,2.09,25561156,791139799,0.856165,0
300971,博亚精工,2.1,1311750,-1.35,17.55,1493356,-1.02,,1493356,4595930,-3102574,商业航天、军工,0.34,52011065,1123174237,0.51188,0
002578,闽发铝业,1.3,498323,-1.07,2.73,1446547,-2.5,,1446547,5628686,-4182139,金属铝、通信,-1.44,47182686,1396494889,0.812241,0
300873,海晨股份,0.7,79152,-0.32,15.65,1366299,0.51,,1366299,2058563,-692264,国产软件、芯片,0.84,36332825,1681000884,0.692818,0
002707,众信旅游,1.1,391872,0.0,6.13,1356359,-1.76,,1356359,10869576,-9513217,旅游、阿里系AI,-1.76,71405620,4067526560,1.13658,0
002554,惠博普,0.8,341504,0.87,2.29,1341382,-0.43,,1341382,4874785,-3533403,石油石化、碳中和,-1.29,27243941,1973290441,0.662517,0
000042,中洲控股,4.1,140506,-0.46,4.29,1307426,-0.92,,1307426,6269493,-4962067,房地产、一带一路,-0.46,47046944,1204440203,0.827706,0
603583,捷昌驱动,4.3,225556,-0.98,18.43,1271633,0.33,,1271633,3775467,-2503834,灵巧手、机器人概念,1.32,69906816,3437022576,0.670692,0
600103,青山纸业,0.4,122388,-0.53,1.88,1121703,-0.53,,1121703,7183896,-6062193,光模块、造纸,0.0,24829505,2935914201,0.692833,0
688472,阿特斯  ,1.1,334672,-0.17,10.95,1095483,-5.36,,1095483,92675590,-91580107,光伏、科创板,-5.19,363700852,4910483810,2.86076,0
002489,浙江永强,0.3,31375,0.0,2.53,1083593,0.8,,1083593,2213715,-1130122,户外运动、地产链,0.8,37974270,2502049527,1.00929,0
002205,国统股份,0.3,142556,0.0,6.26,1081229,-0.32,,1081229,2161076,-1079847,国有企业、风电,-0.32,25052223,812301191,0.529826,0
300665,飞鹿股份,0.9,492660,-0.2,5.11,1064632,0.0,,1064632,1683532,-618900,环保、化工,0.2,26935178,717226424,0.647867,0
002941,新疆交建,0.4,401940,0.38,10.31,1019070,-0.87,,1019070,8933641,-7914571,基础建设、算力,-1.25,47332624,2929757105,0.662844,0
603616,韩建河山,0.5,132418,-2.05,2.85,976347,-2.4,,976347,976347,0,基础建设、水利,-0.35,20053649,704629970,0.661393,0
603036,如通股份,0.3,19080,0.0,10.62,937403,0.19,,937403,2646735,-1709332,石油石化、化工,0.19,19340324,1782407303,0.87183,0
002685,华东重机,0.5,83172,-0.42,2.36,933893,-1.67,,933893,933893,0,芯片、工业母机,-1.26,23702949,1716559043,0.544866,0
300795,米奥会展,0.4,53690,-0.48,20.61,932700,-0.67,,932700,4141485,-3208785,首发经济、平台经济,-0.19,55942210,2081114668,0.771332,0
001368,通达创智,0.8,143634,0.15,19.79,911564,2.12,,911564,911564,0,人工智能、3D打印,1.96,19062828,627253450,0.487719,0
002040,南京港,37.4,555012,-0.35,5.55,889745,-3.14,,889745,2923332,-2033587,港口、江苏省,-2.8,34547207,867182867,0.926189,0
002476,宝莫股份,0.1,18717,0.0,3.65,857871,-0.54,,857871,3225296,-2367425,石油石化、环保,-0.54,26606442,1756128645,0.651899,0
603727,博迈科  ,3.4,209135,1.02,13.69,791308,-0.15,,791308,1636759,-845451,石油石化、天然气,-1.16,41044133,2207503641,0.805747,0
600496,精工钢构,0.4,112518,-0.37,2.65,759969,-0.75,,759969,3448848,-2688879,基础建设、算力,-0.38,27219387,3911175527,0.686807,0
300535,达威股份,1.3,712810,-0.08,11.73,740272,-1.51,,740272,1984677,-1244405,西部大开发、化工,-1.43,32840346,706569413,0.919627,0
601188,龙江交通,1.9,424528,-0.63,3.12,662069,-1.27,,662069,3588626,-2926557,网约车、基础建设,-0.64,25168442,1241647018,0.597582,0
003013,地铁设计,2.3,496169,0.6,14.8,660263,-0.67,,660263,3593298,-2933035,轨道交通、算力,-1.27,36349292,1316977063,0.793895,0
600706,曲江文旅,3.2,857156,0.59,10.01,649990,-1.09,,649990,5453305,-4803315,旅游、数字藏品,-1.67,60444373,1391555110,0.55667,0
600853,龙建股份,0.3,87780,-0.3,3.27,629896,-1.21,,629896,4171287,-3541391,体育产业、基础建设,-0.91,26543575,1837469959,0.523723,0
605298,必得科技,0.1,7770,0.18,11.25,622667,1.53,,622667,622667,0,高铁、专精特新,1.35,13648874,439213144,0.974565,0
300676,华大基因,0.1,78771,-0.21,38.33,580895,1.97,,580895,6108790,-5527895,AI医疗、新冠检测,2.19,58411506,8719721960,0.784438,0
603153,上海建科,10.8,93420,0.0,17.32,550690,0.12,,550690,1277808,-727118,算力、数字经济,0.12,23061881,1229720173,0.51039,0
603536,惠发食品,2.7,157320,0.24,8.26,549994,0.0,,549994,2814917,-2264923,预制菜、平台经济,-0.24,33140869,790564097,0.721521,0
605001,威奥股份,6.0,248880,1.39,4.9,536634,-2.58,,536634,536634,0,轨道交通、养老概念,-3.92,22082223,996959500,0.769078,0
000759,中百集团,0.5,406720,-1.23,3.16,527619,-2.47,,527619,4349685,-3822066,零售、预制菜,-1.25,35591259,1127773342,0.851128,0
002478,常宝股份,2.4,171200,0.0,5.29,522399,-1.12,,522399,8687986,-8165587,光热发电、超超临界概念,-1.12,41224042,3475201199,0.766202,2794082
002524,光正眼科,0.1,97902,-0.3,3.32,512944,-0.6,,512944,1690154,-1177210,AI医疗、医美,-0.3,27782246,1258430608,0.68352,0
600232,金鹰股份,0.1,2110,-0.94,4.29,505200,0.7,,505200,505200,0,磷酸铁锂、锂电池,1.66,16186425,780177716,0.761187,0
603333,尚纬股份,1.5,84480,0.63,3.15,493649,-0.94,,493649,1432917,-939268,军工、汽车类,-1.56,38044817,1048341704,0.842895,0
002094,青岛金王,0.8,302000,-0.5,1.99,469382,-1.0,,469382,1377372,-907990,资产管理、跨境电商,-0.5,38530191,1079288631,0.860324,0
301158,德石股份,0.0,6285,0.0,12.67,457000,0.8,,457000,759560,-302560,专用设备、年报增长,0.8,11467844,1015351260,0.502794,0
301053,远信工业,0.7,205920,-0.85,18.84,438038,-0.21,,438038,438038,0,专用设备、年报增长,0.64,17882545,438311620,0.731835,0
300095,华伍股份,3.3,286176,0.0,5.55,428835,2.4,,428835,2929776,-2500941,机器人概念、汽车零部件,2.4,30965289,1717458978,0.931859,0
603408,建霖家居,1.1,81900,-1.09,13.94,381404,1.01,,381404,381404,0,装修家具、地产链,2.12,42657865,2312809523,0.858688,0
600449,宁夏建材,0.4,155736,-0.96,12.48,359914,0.0,,359914,2409928,-2050014,人工智能、ChatGPT,0.97,47089775,3046271837,0.798738,0
000400,许继电气,0.4,672879,-0.65,31.73,356900,-1.15,,356900,60708942,-60352042,特高压、智能电网,-0.5,397187655,17380260609,0.588066,-3173989
301027,华蓝集团,4.3,188672,0.72,6.92,346335,-1.0,,346335,346335,0,房屋检测、AIGC,-1.7,21687798,696839114,0.823415,0
002282,博深股份,0.8,65790,-0.31,6.44,322500,-0.46,,322500,322500,0,轨道交通、一带一路,-0.16,27461589,2109548331,0.65209,0
600794,保税科技,0.8,118829,0.0,3.28,319640,-0.91,,319640,2596669,-2277029,物流、数据要素,-0.91,36408221,2249278657,0.787486,0
688128,中国电研,0.0,0,0.0,18.04,309278,0.89,,309278,4096796,-3787518,汽车充电、家电,0.89,41603150,1416448312,1.04766,0
300262,*ST巴安,1.7,3943758,8.33,0.97,300000,15.48,,300000,900000,-600000,ST板块、天然气,6.59,110729645,426159825,1.81909,0
001317,三羊马,2.8,69020,-0.24,24.6,284420,-0.45,,284420,840201,-555781,物流、平台经济,-0.2,18552635,720592425,0.663332,0
002510,天汽模,0.5,187392,-0.54,3.62,284079,-1.63,,284079,3418984,-3134905,特斯拉概念、机器人概念,-1.09,37314026,3372994299,0.663189,0
301533,威马农机,3.6,344352,-1.09,25.81,267999,0.82,,267999,2025550,-1757551,专用设备、一带一路,1.94,22749236,590578871,0.655725,0
600790,轻纺城  ,2.6,27962,0.0,3.33,246290,-2.35,,246290,1635200,-1388910,数字经济、跨境电商,-2.35,22859347,3039856005,1.09293,0
688334,西高院  ,0.5,36652,-0.4,15.02,205649,0.0,,205649,1973386,-1767737,智能电网、电气设备,0.4,19105513,1141205661,0.482433,0
301383,天键股份,0.7,399280,-0.6,35.9,188168,2.78,,188168,4136200,-3948032,AI眼镜、百度概念,3.4,59709618,1043254000,0.666299,0
002398,垒知集团,0.3,8492,0.26,3.8,176073,-1.3,,176073,627273,-451200,人工智能、抗原检测,-1.55,19376985,2136298229,0.774136,0
603218,日月股份,2.8,423360,0.0,11.32,175914,1.07,,175914,7171573,-6995659,基础建设、核电,1.07,61871397,4719359892,0.547348,0
603273,天元智能,0.6,70642,-0.69,19.09,170809,1.98,,170809,2730277,-2559468,新型工业化、基础建设,2.69,44705261,1022811656,0.775148,0
002800,天顺股份,0.1,306150,-0.32,15.82,117358,0.44,,117358,8916940,-8799582,物流、年报增长,0.76,29394938,855180547,1.4752,0
002403,爱仕达,2.0,549120,-1.35,6.64,61180,-0.75,,61180,3730020,-3668840,机器人概念、新零售,0.61,31569449,1151535732,0.75103,0
688285,高铁电气,1.0,49357,-0.31,6.45,38293,0.31,,38293,385133,-346840,一带一路、科创板,0.62,3771541,606945000,0.510718,0
300466,赛摩智能,0.5,288684,0.17,5.93,29013,0.0,,29013,2946115,-2917102,机器人概念、元宇宙,-0.17,46049296,1615873310,0.600402,0
300407,凯发电气,0.4,76612,-0.56,7.19,14363,-0.14,,14363,1612477,-1598114,高铁、智能驾驶,0.42,26868854,1368131216,0.629552,0
603861,白云电器,1.3,147060,-0.97,8.36,1036,1.33,,1036,1440813,-1439777,电气设备、华为概念,2.33,37813411,1137270396,0.598017,0
603648,畅联股份,1.4,330078,-1.09,8.12,0,-1.22,,0,0,0,物流、机器人概念,-0.12,25722482,1484564961,0.667615,0
300923,研奥股份,1.2,286650,0.0,15.82,0,0.44,,0,0,0,无人驾驶、智能驾驶,0.44,15987704,550947597,0.741007,0
300865,大宏立,0.7,99775,0.99,15.39,0,1.25,,0,0,0,西部大开发、新型工业化,0.26,13181232,433096682,0.879964,0
301335,天元宠物,0.0,0,0.0,16.96,0,1.19,,0,0,0,宠物经济、跨境电商,1.19,5743929,845880068,0.579318,0
300703,创源股份,0.3,97110,0.12,8.13,0,-1.93,,0,0,0,谷子经济、卡牌概念,-2.05,27927534,894304010,0.829587,0
300603,立昂技术,0.1,21111,0.0,6.91,-12003,1.47,,-12003,1733636,-1745639,算力租赁、网红经济,1.47,34021996,2249159498,0.640054,0
300195,长荣股份,1.0,66080,-0.72,4.08,-50421,-1.92,,-50421,375144,-425565,ERP、国产软件,-1.21,31248219,1196016294,0.790653,0
002571,德力股份,4.3,908017,0.99,3.88,-58086,-3.72,,-58086,2178797,-2236883,光伏、游戏,-4.67,54000361,800062851,1.687,0
603162,海通发展,2.1,375570,0.42,9.46,-58509,-1.36,,-58509,3268255,-3326764,一带一路、年报增长,-1.77,53968400,2467123500,0.77054,0
603291,联合水务,0.2,32352,1.51,13.37,-58763,0.68,,-58763,302162,-360925,水务、环保,-0.82,16776063,566506269,0.635378,0
001360,南矿集团,0.8,258013,-0.63,12.65,-61736,-1.09,,-61736,2149660,-2211396,新型工业化、专精特新,-0.47,24813143,1034531497,0.610983,0
600815,厦工股份,0.4,73284,0.0,1.94,-69897,-1.52,,-69897,617114,-687011,工程机械、年报增长,-1.52,13940989,1722812788,0.499014,0
301048,金鹰重工,1.0,4632695,-3.31,9.02,-74594,-3.63,,-74594,7854819,-7929413,轨道交通、基础建设,-0.33,68380556,1202667268,1.39434,0
002871,伟隆股份,3.6,472012,1.81,7.76,-103786,0.26,,-103786,711158,-814944,股权转让、人工智能,-1.52,21773828,688675705,1.01794,0
300597,吉大通信,5.5,139100,0.0,6.53,-104074,0.46,,-104074,666570,-770644,5G、算力,0.46,18609342,1458189776,0.53041,0
600439,瑞贝卡  ,0.2,61560,0.0,2.16,-150915,0.0,,-150915,1090112,-1241027,成人用品、华为鲲鹏,0.0,17263962,1619978748,0.479448,0
300511,雪榕生物,0.9,174084,-0.91,3.21,-155306,-2.43,,-155306,5128087,-5283393,农业、平台经济,-1.53,51640838,1255457552,1.24261,0
300070,碧水源,1.0,355408,0.0,4.54,-169088,-0.87,,-169088,8316308,-8485396,环保、体育产业,-0.87,68325706,9597807178,0.788413,0
600981,汇鸿集团,0.2,97801,-0.53,1.85,-179073,-1.6,,-179073,4810364,-4989437,跨境电商、阿里巴巴概念,-1.07,25690093,1350760354,0.631105,0
300845,捷安高科,1.6,1915314,-0.3,10.16,-179353,0.59,,-179353,8624639,-8803992,军工、教育,0.89,66511009,819854193,0.981361,0
603298,杭叉集团,1.8,837900,1.4,20.32,-220594,-1.88,,-220594,14070971,-14291565,工程机械、基础建设,-3.24,147322449,14872115888,0.670598,0
001202,炬申股份,0.3,66258,0.41,11.94,-242144,-2.29,,-242144,406800,-648944,物流、三季报增长,-2.69,18059151,480250680,0.867543,0
000755,山西高速,0.5,25056,0.0,4.23,-271360,-2.08,,-271360,1770370,-2041730,公路运营、绿色电力,-2.08,17870877,1434074009,0.908013,0
002323,雅博股份,0.2,1781784,-2.7,1.14,-282145,2.7,,-282145,54406059,-54688204,分布式光伏、国有企业,5.56,179695552,1721742591,0.923517,0
688355,明志科技,0.3,31050,1.58,13.29,-311769,0.0,,-311769,0,-311769,工业母机、汽车零部件,-1.56,10069391,519986059,0.766101,0
600540,新赛股份,0.7,164220,-1.11,3.54,-325267,-1.94,,-325267,1747688,-2072955,棉花、服装家纺,-0.84,28173241,1051955935,0.915021,0
601226,华电科工,0.3,66150,-0.19,5.25,-327437,-0.19,,-327437,347060,-674497,核电、电解槽,0.0,16259044,2257161991,0.48817,0
603106,恒银科技,0.4,77562,-0.24,4.23,-452334,1.2,,-452334,1171321,-1623655,金融科技、互联网金融,1.44,27905618,939505687,0.694657,0
688569,铁科轨道,0.0,4530,0.35,22.23,-473455,-1.51,,-473455,0,-473455,高铁、科创板,-1.85,11769824,1176549790,0.874762,0
000506,*ST中润,0.1,104013,-5.22,1.27,-488061,-5.22,,-488061,0,-488061,ST板块、黄金,0.0,1014476,799994061,0.139862,0
002742,ST三圣,0.8,758359,-0.76,1.39,-509681,5.3,首板,-509681,4317863,-4827544,ST板块、医药,6.11,20203503,454380413,1.37412,0
601106,中国一重,0.2,72816,-0.4,2.41,-571148,-2.43,,-571148,4241447,-4812595,工程机械、并购重组,-2.03,43913140,5969380739,0.826381,0
300208,*ST中程,0.4,105820,-0.69,1.56,-606985,8.33,,-606985,826437,-1433422,ST板块、光伏EPC,9.09,31463447,559297384,0.987578,0
600279,重庆港  ,1.5,168720,-1.04,3.74,-614790,-2.6,,-614790,1762337,-2377127,并购重组、股权转让,-1.58,20399627,1615499266,0.95484,0
003001,中岩大地,0.7,13060,-0.15,13.15,-639464,0.54,,-639464,0,-639464,人工智能、基础建设,0.69,13856361,1613007628,0.754714,0
000159,国际实业,0.4,148575,-0.94,5.31,-669596,0.19,,-669596,986691,-1656287,房地产、通信,1.14,21892862,1968724519,0.372337,0
002103,广博股份,1.1,229671,-0.78,5.14,-676505,0.59,,-676505,2556881,-3233386,谷子经济、字节概念,1.38,42204656,1370392228,0.772496,0
002972,科安达,1.1,91001,-0.66,9.13,-683929,0.66,,-683929,799405,-1483334,轨道交通、信创,1.33,24114737,906630803,0.757346,0
300021,大禹节水,0.5,114570,-0.3,3.31,-692877,-1.49,,-692877,1465480,-2158357,水利、DeepSeek,-1.19,34003297,1566983809,0.92425,0
603569,长久物流,0.8,126650,-0.67,7.44,-708106,-0.8,,-708106,715308,-1423414,物流、数据要素,-0.13,41517920,1504047689,0.702153,0
000862,银星能源,0.8,388620,-0.97,5.16,-744182,0.19,,-744182,5038715,-5782897,光伏、风电,1.18,48867630,2464236445,0.317561,0
300823,建科智能,0.6,146770,-1.05,11.34,-772343,-0.61,,-772343,0,-772343,工程机械、基础建设,0.44,36531313,665125850,0.624932,0
002204,大连重工,0.8,172822,-0.23,4.4,-870864,-0.68,,-870864,3729664,-4600528,军工、机器人概念,-0.45,40080645,3212611554,0.716408,0
600778,友好集团,0.0,20176,0.26,3.85,-892313,-0.52,,-892313,798394,-1690707,零售、年报增长,-0.77,13390681,832675708,0.643017,0
301085,亚康股份,0.8,168882,-1.37,41.85,-898087,2.65,,-898087,5183805,-6081892,数据中心、英伟达概念,4.08,59964898,1436466831,0.879012,0
003002,壶化股份,0.2,19057,-0.09,11.18,-902972,-0.36,,-902972,1389488,-2292460,民用爆破、军工,-0.27,18296514,990426837,0.530492,0
000721,西安饮食,0.4,127020,-0.41,7.32,-923098,-0.14,,-923098,3534437,-4457535,旅游、教育,0.27,48055611,2449410849,0.705988,0
301558,三态股份,0.3,44100,-0.56,8.95,-932739,0.9,,-932739,1818615,-2751354,AI电商、跨境电商,1.47,34955084,1060217000,0.559238,0
002483,润邦股份,0.3,127842,-0.22,4.44,-941181,-0.89,,-941181,2646971,-3588152,年报增长、环保,-0.67,63592772,2633664185,0.583109,0
002792,通宇通讯,0.5,420750,-0.51,13.93,-978390,0.8,,-978390,6717295,-7695685,卫星导航、人工智能,1.31,89820591,2600106768,0.443051,0
300213,佳讯飞鸿,0.3,118503,-0.18,5.7,-981874,0.35,,-981874,3415415,-4397289,工业互联网、元宇宙,0.53,41687047,3029460873,0.597031,0
000852,石化机械,2.2,183168,-0.52,5.85,-999467,1.04,,-999467,1117254,-2116721,氢能源、天然气,1.56,37741804,2718898943,0.899728,0
002266,浙富控股,0.7,143369,-0.32,3.05,-1048082,-0.97,,-1048082,5056658,-6104740,抽水蓄能、互联网金融,-0.65,46409424,7901535218,0.702478,0
301137,哈焊华通,0.4,77275,0.07,14.18,-1053670,1.0,,-1053670,2809155,-3862825,国有企业、一带一路,0.93,30828392,699575118,0.510388,0
300198,纳川股份,6.2,6241923,3.2,1.22,-1081002,-2.4,,-1081002,14187421,-15268423,污水处理、汽车类,-5.43,121468067,852110475,1.8654,0
601512,中新集团,1.1,223575,-0.48,8.3,-1087684,0.12,,-1087684,718215,-1805899,江苏省、光伏,0.61,43782319,2365329509,1.2658,0
301503,智迪科技,1.6,472236,-1.45,28.32,-1124456,2.83,,-1124456,2665574,-3790030,年报增长、芯片,4.35,49690074,566400000,0.541273,0
000928,中钢国际,1.0,287385,-0.67,5.87,-1148701,-2.0,,-1148701,10181269,-11329970,基础建设、碳中和,-1.34,95540688,4583260980,0.566455,0
600425,青松建化,0.4,862720,0.0,3.3,-1167283,-2.08,,-1167283,2832933,-4000216,水泥、基础建设,-2.08,41539433,3358888177,0.694036,0
600502,安徽建工,0.6,214390,-0.62,4.74,-1171726,-1.66,,-1171726,17675058,-18846784,水利、国有企业,-1.04,101705541,5520600859,0.981849,0
301118,恒光股份,1.6,231192,-0.13,15.14,-1191096,-0.59,,-1191096,649915,-1841011,金属锗、化工,-0.46,24575209,644483066,0.41874,0
002135,东南网架,0.8,84119,0.23,4.21,-1228538,-1.17,,-1228538,1161787,-2390325,光伏组件、基础建设,-1.41,27607623,2896929985,0.75716,0
600075,新疆天业,7.2,276012,-0.8,3.78,-1231908,0.27,,-1231908,1076110,-2308018,电石、年报增长,1.07,20910340,3829952956,0.407376,0
002121,科陆电子,0.1,16000,-0.25,3.99,-1244653,-0.5,,-1244653,2829160,-4073813,储能、PCS设备,-0.25,35290661,4221184428,0.573892,0
002309,*ST中利,0.6,68248,-3.18,1.5,-1252735,-4.46,,-1252735,2453391,-3706126,ST板块、智能电网,-1.32,10910230,1163554367,0.770975,0
603969,银龙股份,0.0,238542,0.0,5.01,-1272466,0.6,,-1272466,13258606,-14531072,核电、雄安新区,0.6,69887941,2601229813,0.928747,0
000088,盐田港,2.1,363082,0.0,4.61,-1287091,-3.76,,-1287091,3692635,-4979726,华为概念、年报增长,-3.76,66141790,3370109383,1.79175,0
002307,北新路桥,0.5,164160,0.0,3.2,-1309220,0.0,,-1309220,1231949,-2541169,基础建设、PPP概念,0.0,26121258,2176059891,0.671107,0
002047,宝鹰股份,0.4,101956,-0.7,1.39,-1327743,-2.8,,-1327743,3053586,-4381329,股权转让、元宇宙,-2.11,26055751,1454175278,0.740503,0
600545,卓郎智能,0.5,152640,0.0,1.55,-1356345,-2.52,,-1356345,0,-1356345,机器人概念、一带一路,-2.52,20324223,1453830006,0.765961,0
600190,ST锦港  ,1.1,438606,-4.84,1.77,-1376352,-4.84,,-1376352,0,-1376352,ST板块、远东开发,0.0,1378653,1366813241,0.280402,0
000599,青岛双星,9.1,393876,0.0,3.73,-1381516,-1.32,,-1381516,1358520,-2740036,并购重组、机器人概念,-1.32,25118280,1893651662,0.65993,0
300435,中泰股份,0.4,49200,-0.49,12.5,-1431105,1.13,,-1431105,1063920,-2495025,煤化工、光伏,1.63,25769319,2758923321,0.692242,0
600057,厦门象屿,0.5,143640,-0.39,7.46,-1523282,-2.23,,-1523282,11797267,-13320549,物流、平台经济,-1.84,107708718,7602066557,1.04957,0
603970,中农立华,0.8,7608,0.26,18.82,-1696733,-0.79,,-1696733,5864993,-7561726,中字头、军工,-1.05,40483268,2042331037,0.736706,0
605167,利柏特  ,3.4,164369,0.52,7.86,-1721954,1.42,,-1721954,311600,-2033554,氢能源、核电,0.9,21292517,1272984676,0.727516,0
002051,中工国际,0.1,46400,-0.55,7.23,-1766965,-0.82,,-1766965,2689914,-4456879,基础建设、一带一路,-0.28,44455128,3318812459,0.788271,0
688187,时代电气,0.8,252327,0.36,47.02,-1795977,-0.86,,-1795977,9610440,-11406417,碳化硅、芯片,-1.22,118915533,12222427889,0.799143,0
000701,厦门信达,1.3,137592,0.27,3.74,-1798609,-0.8,,-1798609,4223992,-6022601,外贸、电子商务,-1.06,59712468,1832926944,0.679202,0
600984,建设机械,0.5,240885,0.0,2.58,-1817198,-2.64,,-1817198,2212869,-4030067,工程机械、基础建设,-2.64,31015371,2059710190,0.577392,0
002637,赞宇科技,0.2,17138,-0.33,8.96,-1823001,-0.99,,-1823001,1765419,-3588420,化工、环保,-0.67,23497221,2498664485,0.569297,0
600500,中化国际,0.8,244860,-0.26,3.79,-1848879,-1.81,,-1848879,4990734,-6839613,化工、锂电池,-1.56,46476265,7066796492,0.758863,0
600477,杭萧钢构,2.3,402000,-0.79,2.52,-1870959,0.0,,-1870959,1004000,-2874959,数据中心、基础建设,0.8,29073151,3689225667,0.753317,0
600820,隧道股份,1.7,609939,0.0,6.62,-1872037,-1.34,,-1872037,22912676,-24784713,基础建设、低空经济,-1.34,155714043,12929250870,1.05308,0
002123,梦网科技,1.9,509355,0.14,7.45,-1893406,1.5,,-1893406,4557889,-6451295,DeepSeek、超高清视频,1.36,115225738,4836592170,0.848136,0
600350,山东高速,0.7,377982,0.22,8.76,-2001670,-3.84,,-2001670,24882141,-26883811,金融概念、基础建设,-4.05,175782413,5641909776,1.76588,0
002318,久立特材,1.0,188136,0.08,24.04,-2101477,-0.25,,-2101477,8485692,-10587169,智能电网、核电,-0.33,110667943,14572462942,0.777939,0
002948,青岛银行,2.0,992495,-0.28,3.44,-2148309,-1.99,,-2148309,18445445,-20593754,银行、跨境支付,-1.71,117694374,8022181968,1.01358,3439999
300523,辰安科技,8.2,262400,-0.93,16.29,-2181872,0.87,,-2181872,1946543,-4128415,DeepSeek、AI智能体,1.81,18405481,1874777165,0.768502,0
300087,荃银高科,0.2,49950,-0.3,6.69,-2204341,-1.18,,-2204341,1873970,-4078311,农业、转基因,-0.89,41556416,4257599190,0.72447,0
688022,瀚川智能,0.2,95424,0.23,13.5,-2263243,1.58,,-2263243,2107393,-4370636,高速连接、华为鲲鹏,1.35,29924387,1585557864,0.782403,0
002682,龙洲股份,5.4,419932,0.0,3.65,-2289548,-3.69,,-2289548,1757738,-4047286,物流、冷链物流,-3.69,64968759,1524559048,0.996582,0
600629,华建集团,2.4,659880,-1.06,4.66,-2303153,-1.48,,-2303153,6974776,-9277929,数据中心、人工智能,-0.43,40042756,2092657788,0.660811,0
603169,兰石重装,0.8,202662,0.21,4.79,-2394648,-1.24,,-2394648,1959653,-4354301,核电、基础建设,-1.44,33848083,3304062797,0.722639,0
002221,东华能源,1.4,124982,-0.46,8.82,-2437796,0.46,,-2437796,1670145,-4107941,年报增长、化工,0.92,43632055,7805556270,0.997428,0
601880,辽港股份,0.3,293531,0.0,1.32,-2494809,-0.75,,-2494809,19273795,-21768604,港口、数字经济,-0.75,54175485,8714802632,0.488643,0
002583,海能达,0.4,96516,-0.26,3.85,-2522284,0.26,,-2522284,7681401,-10203685,量子科技、互联网金融,0.52,93594216,4250265319,0.752092,0
600970,中材国际,1.3,103908,-0.32,12.16,-2544742,-2.01,,-2544742,11494223,-14038965,地产链、并购重组,-1.7,156404401,12838620790,1.17747,0
600603,ST广物  ,2.5,1249117,0.18,5.44,-2575655,-1.09,,-2575655,14623086,-17198741,ST板块、地产链,-1.27,90410060,3308812321,0.781539,0
600469,风神股份,0.2,93195,-0.18,5.43,-2633054,-0.55,,-2633054,4415125,-7048179,汽车零部件、化工,-0.37,34282361,1684340868,0.795218,0
600282,南钢股份,3.2,433839,0.2,5.0,-2649764,-1.96,,-2649764,20971921,-23621685,钢铁、算力,-2.15,152845587,13215180836,0.957757,0
001213,中铁特货,1.0,204747,0.0,4.1,-2655229,-1.68,,-2655229,4402878,-7058107,一带一路、物流,-1.68,81646469,3133734502,1.22168,0
300065,海兰信,1.6,513344,0.49,6.32,-2660244,2.93,,-2660244,7404325,-10064569,数据中心、一带一路,2.43,91424565,4023301119,0.99424,0
603280,南方路机,3.9,439348,-1.24,19.98,-2726170,-0.75,,-2726170,341684,-3067854,机器人概念、工程机械,0.5,27272763,558274507,0.772129,0
000877,天山股份,0.8,192888,-0.35,5.53,-2741823,-2.3,,-2741823,8204973,-10946796,建材、金融概念,-1.95,104457704,7416298510,1.39178,0
601018,宁波港  ,0.7,401790,-0.28,3.47,-2787498,-2.25,,-2787498,15415010,-18202508,港口、年报增长,-1.98,99625527,12058551290,1.05664,0
002623,亚玛顿,3.2,134368,0.0,18.08,-2806404,2.26,,-2806404,2307568,-5113972,光伏玻璃、光储充一体化,2.26,23565908,1834471419,0.791166,0
300846,首都在线,0.9,128714,-0.32,9.42,-2930363,1.4,,-2930363,5325910,-8256273,DeepSeek、元宇宙,1.73,63708450,3072232512,0.80281,0
605598,上海港湾,0.3,271312,-1.88,22.0,-2963901,-1.35,,-2963901,2552876,-5516777,钙钛矿电池、一带一路,0.55,68070527,1621418502,0.451021,0
601599,浙文影业,0.5,159132,-0.33,2.98,-2970885,-0.33,,-2970885,1856419,-4827304,影视院线、AIGC,0.0,25496866,2439331833,0.73339,0
002278,神开股份,0.9,1181040,1.45,4.11,-3000331,-0.72,,-3000331,2459014,-5459345,商业航天、化工,-2.14,67748157,1077226001,0.363277,0
000557,西部创业,0.5,133760,0.24,4.08,-3005214,-2.16,,-3005214,408998,-3414212,股权转让、物流,-2.39,25300469,3104702290,0.832525,0
600869,远东股份,0.6,194670,-1.05,3.79,-3013544,-0.79,,-3013544,4093418,-7106962,阿里系AI、特高压,0.26,44784329,3786813611,0.577414,0
002104,恒宝股份,0.3,61714,-0.38,5.32,-3244371,1.33,,-3244371,2841752,-6086123,移动支付、数字货币,1.72,42900198,2975753387,0.765519,0
300183,东软载波,0.4,112716,-1.06,11.74,-3305871,4.08,,-3305871,4226708,-7532579,RISC-V、智能电网,5.2,62567052,2774501395,0.760836,0
600320,振华重工,1.5,648051,0.28,3.5,-3355427,-1.96,,-3355427,15376278,-18731705,一带一路、基础建设,-2.23,105821201,6310491672,1.14665,0
603017,中衡设计,0.4,123080,-0.55,9.1,-3424445,0.0,,-3424445,1339420,-4763865,低空经济、虚拟人,0.55,66473319,1412292701,0.68148,0
600010,包钢股份,0.3,1227106,-0.68,1.44,-3443062,-1.37,,-3443062,87026037,-90469099,稀土永磁、铁矿石,-0.69,163381135,29263778752,0.537745,0
600499,科达制造,3.7,752370,-0.21,9.37,-3515310,0.54,,-3515310,7597407,-11112717,锂矿、机器人概念,0.75,95620623,10131124140,0.894702,0
603220,中贝通信,3.0,2158880,-0.91,27.13,-3535963,2.61,,-3535963,40397373,-43933336,算力租赁、算力,3.55,295403139,6631107426,0.960799,0
000703,恒逸石化,3.9,260388,0.28,6.93,-3544270,-1.7,,-3544270,5745552,-9289822,化工、光伏,-1.98,113103494,13182084562,1.303,0
600017,日照港  ,0.6,113120,0.0,2.75,-3603436,-1.79,,-3603436,10906860,-14510296,地方国企、国有企业,-1.79,82359366,4311515440,0.908346,0
603699,纽威股份,0.4,144225,-0.98,19.23,-3752376,-0.98,,-3752376,8805999,-12558375,核电、氢能源,0.0,111149541,5028093618,1.50551,0
000837,秦川机床,0.7,156620,-0.65,7.74,-3776349,0.65,,-3776349,950264,-4726613,机器人概念、工业母机,1.31,69720356,4287426292,0.727299,0
000901,航天科技,1.9,416273,-1.14,8.05,-3862348,1.9,,-3862348,8692811,-12555159,商业航天、军工,3.07,111561132,4205853374,0.524978,0
603322,超讯通信,0.2,115368,-1.28,25.85,-3869972,-2.67,,-3869972,10536168,-14406140,DeepSeek、5G,-1.41,100948647,2983538687,0.811818,0
300444,双杰电气,0.3,296560,-1.03,6.84,-3928684,0.44,,-3928684,19007410,-22936094,华为超充、汽车充电,1.48,155139553,3462731348,0.650268,0
000610,西安旅游,0.3,144378,-0.48,12.21,-3940376,-1.53,,-3940376,4891250,-8831626,旅游、一带一路,-1.05,54089832,1960681795,0.652635,0
600105,永鼎股份,0.5,254320,0.27,3.78,-3964240,1.34,,-3964240,4556372,-8520612,核电、5G,1.07,61486368,3842728956,0.74149,0
002859,洁美科技,0.6,80237,-0.05,19.97,-4038915,1.99,,-4038915,3364555,-7403470,消费电子、电阻电容,2.04,71154199,3923042055,1.04982,0
301165,锐捷网络,0.2,51136,-0.92,30.88,-4135449,1.71,,-4135449,2559693,-6695142,RDMA、CPO/MPO,2.66,56948744,2105454540,0.660734,0
600498,烽火通信,0.8,217704,-0.39,15.69,-4145743,1.23,,-4145743,27261943,-31407686,DeepSeek、液冷服务器,1.62,152160194,10279805848,0.667023,0
600490,鹏欣资源,3.1,2716736,-2.86,2.71,-4209335,-3.21,,-4209335,21791072,-26000407,黄金、金属钴,-0.37,124211311,4318917764,0.76122,0
000065,北方国际,2.9,377816,0.18,11.4,-4407298,0.35,,-4407298,12430470,-16837768,基础建设、智能电网,0.18,98886379,5071637897,1.05085,0
600798,宁波海运,3.0,230769,-0.67,2.9,-4541816,-3.01,,-4541816,2610627,-7152443,港口、航运,-2.36,28599763,1971237990,0.913188,0
600125,铁龙物流,0.8,143868,-0.16,6.2,-4659190,-1.9,,-4659190,14650435,-19309625,物流、国有企业,-1.74,98831695,5664726515,1.14712,-4107660
300732,设研院,0.9,492840,-1.07,7.3,-4688085,-2.41,,-4688085,6944061,-11632146,韧性城市、基础建设,-1.35,88884387,1232544087,0.552485,0
000797,中国武夷,2.0,598424,0.0,2.44,-4725818,-1.61,,-4725818,3960696,-8686514,外贸、房地产,-1.61,54564495,1727699429,0.743049,0
002828,贝肯能源,3.1,1450491,2.12,8.73,-4882721,2.83,,-4882721,11306293,-16189014,石油石化、跨境支付,0.69,114658165,1404340872,1.43746,0
600522,中天科技,1.1,1001495,-0.35,14.56,-4917731,0.69,,-4917731,95599066,-100516797,通信、人工智能,1.04,491257876,33531188971,0.744059,575937
605196,华通线缆,1.4,566100,0.0,10.95,-4968686,-1.35,,-4968686,7010434,-11979120,电气设备、外贸,-1.35,76491322,5571857437,0.62232,0
300459,汤姆猫,0.7,2146734,0.0,3.44,-5104203,0.58,,-5104203,47926567,-53030770,谷子经济、游戏,0.58,248232659,8892114002,0.656876,0
000528,柳工,1.4,3733198,0.18,11.26,-5143207,-1.23,,-5143207,127019264,-132162471,工程机械、年报增长,-1.4,597429052,14923757377,0.87775,-3739434
601156,东航物流,2.4,815490,0.0,19.7,-5326639,-0.96,,-5326639,8009036,-13335675,跨境电商、外贸,-0.96,141920967,9765177996,0.754497,0
600759,洲际油气,3.0,1004500,-1.19,2.55,-5471024,0.79,,-5471024,8101699,-13572723,石油石化、天然气,2.0,37358791,8177230320,0.798733,0
600528,中铁工业,0.1,60294,-0.26,7.6,-5478088,-1.94,,-5478088,14740080,-20218168,基础建设、中字头,-1.68,91379671,8593867046,1.00393,0
600495,晋西车轴,0.5,232031,0.61,3.23,-5506421,-1.82,,-5506421,761692,-6268113,高铁、三季报增长,-2.42,22987494,2700706771,0.870346,0
300827,上能电气,0.2,82208,0.0,25.96,-5839888,1.05,,-5839888,9000357,-14840245,PCS设备、电气设备,1.05,89952398,5309289309,0.566116,0
000969,安泰科技,0.9,230175,-0.48,8.33,-5853163,0.48,,-5853163,12768042,-18621205,核电、第三代半导体,0.97,91621754,5512997395,0.832213,-1704683
688418,震有科技,0.2,133696,-0.6,17.24,-5973552,3.23,,-5973552,13774259,-19747811,CPO/MPO、卫星导航,3.86,91491370,2288484054,0.6423,0
600888,新疆众和,3.5,613104,-1.36,7.23,-5988311,-1.36,,-5988311,8555230,-14543541,芯片、金属铝,0.0,69411524,5672652665,0.790804,0
600118,中国卫星,0.7,564512,-0.62,24.15,-6027957,0.33,,-6027957,22498245,-28526202,卫星导航、军工,0.96,157784788,13843688594,0.592637,-76552
300589,江龙船艇,37.3,6862327,-2.16,12.41,-6035179,-0.88,,-6035179,43810928,-49846107,军工、三季报增长,1.31,294378432,2239078915,1.96001,3654363
600720,中交设计,0.5,115668,-0.1,9.51,-6447033,-2.26,,-6447033,7641440,-14088473,地产链、数据要素,-2.16,89427531,6277912453,0.932308,0
601872,招商轮船,1.1,1914880,0.54,8.68,-6588132,-6.67,,-6588132,253070801,-259658933,航运、上海,-7.17,980710883,19217092628,1.92536,-3945208
603871,嘉友国际,0.5,131271,0.0,26.8,-7066643,0.04,,-7066643,10484966,-17551609,物流、跨境电商,0.04,105586260,7907951052,1.00369,-4497336
300351,永贵电器,0.4,346304,-0.9,15.77,-7147139,1.09,,-7147139,15093763,-22240902,华为超充、汽车充电,2.01,103887450,3199433562,0.690946,0
300374,中铁装配,1.3,1462209,-1.52,14.32,-7235225,-0.76,,-7235225,11281589,-18516814,中字头、光伏,0.77,129932288,1498081966,0.458503,0
000090,天健集团,0.6,364640,-0.47,4.22,-7583867,-0.94,,-7583867,13081305,-20665172,地产链、深圳,-0.47,95053824,4761328960,1.13662,0
301559,中集环科,2.1,113025,-0.46,14.93,-7864508,-1.39,,-7864508,755438,-8619946,数字经济、外贸,-0.93,25200685,1343700000,0.754881,0
300738,奥飞数据,2.1,2069475,-0.97,10.48,-7885035,1.26,,-7885035,50821946,-58706981,阿里系AI、算力,2.24,290299739,7259325562,0.699238,0
603111,康尼机电,0.3,125704,-0.63,6.06,-8332737,-4.72,,-8332737,10126438,-18459175,机器人概念、消费电子,-4.11,101041928,4557507068,0.780352,0
605577,龙版传媒,1.0,2378610,-1.65,15.93,-8541343,-2.39,,-8541343,16216454,-24757797,文化传媒、数据要素,-0.75,213344229,1452441502,0.604436,0
002146,荣盛发展,0.8,1349392,0.0,1.61,-8557599,-1.83,,-8557599,35832978,-44390577,破净股概念、房地产,-1.83,179444491,3944773642,0.633348,0
601608,中信重工,2.2,162806,-0.25,3.97,-8805210,-2.46,,-8805210,10540301,-19345511,机器人概念、军工,-2.22,102447287,6805239369,0.992899,0
600415,小商品城,1.3,972720,-0.24,8.48,-8976490,0.71,,-8976490,48699211,-57675701,跨境支付、零售,0.95,311700873,20621590531,0.925743,0
603308,应流股份,0.4,150742,-0.15,13.32,-8989180,-0.3,,-8989180,2302035,-11291215,燃气轮机、低空经济,-0.15,71262763,6567114720,0.568749,0
601698,中国卫通,0.3,250002,-0.68,14.85,-9663188,0.88,,-9663188,24278311,-33941499,卫星导航、6G,1.57,150509752,15371126724,0.697173,1955595
601611,中国核建,1.1,1537344,0.12,8.14,-9721186,-0.12,,-9721186,40404174,-50125360,核电、军工,-0.25,253282032,8073893724,0.746841,6022167
600170,上海建工,0.6,314868,0.0,2.25,-9745098,-1.32,,-9745098,49203854,-58948952,破净股概念、一带一路,-1.32,147806913,10959682602,0.940136,0
002493,荣盛石化,0.9,240345,0.0,9.72,-9788247,-0.92,,-9788247,19547353,-29335600,涤纶、光伏,-0.92,169148120,29919025158,0.737759,-4400390
601808,中海油服,3.9,624810,0.17,17.22,-9825470,-2.55,,-9825470,18977846,-28803316,石油石化、化工,-2.71,152406921,50979258960,1.27395,-3738406
601028,玉龙股份,1.4,45455580,-9.94,13.24,-10387107,-6.03,,-10387107,256800983,-267188090,黄金、石墨化,4.33,1041005338,5534500114,1.40029,2542513
600339,中油工程,0.6,501808,-0.63,3.12,-10565907,-1.89,,-10565907,10239589,-20805496,石油石化、金融概念,-1.27,97483484,4842372338,0.83876,0
000157,中联重科,0.7,1049273,-0.25,7.97,-10666068,-1.73,,-10666068,76790581,-87456649,基础建设、数字经济,-1.48,378179657,40907187635,1.01113,6316295
002353,杰瑞股份,1.4,410856,0.0,33.98,-10747880,-0.06,,-10747880,19253389,-30001269,天然气、燃气轮机,-0.06,185969881,15465507973,0.813691,0
300818,耐普矿机,6.4,200970,-1.29,25.98,-11733626,-1.74,,-11733626,3680687,-15414313,专用设备、年报增长,-0.46,44875209,1653134747,0.707877,0
601061,中信金属,4.3,1610276,-1.68,7.54,-11937204,-2.58,,-11937204,10393984,-22331188,中字头、有色金属,-0.92,95943520,3778700006,0.745709,0
600928,西安银行,1.3,299540,-0.29,3.35,-12133655,-1.76,,-12133655,7876930,-20010585,银行、数字经济,-1.47,65761077,5896327569,0.809972,0
603357,设计总院,1.2,527340,-0.63,9.44,-13706615,-0.21,,-13706615,14112897,-27819512,低空经济、基础建设,0.43,98982509,2670305043,0.547327,0
000680,山推股份,0.5,337977,-0.62,7.82,-14671321,-2.74,,-14671321,25341705,-40013026,工程机械、一带一路,-2.13,171271840,8490151335,0.892711,-3871175
001872,招商港口,1.2,319605,0.1,18.37,-14887596,-5.06,,-14887596,11707775,-26595371,港口、深圳,-5.16,153963869,4096780993,1.99701,-3866789
601137,博威合金,1.7,1900068,-1.37,17.0,-14987373,1.13,,-14987373,29883840,-44871213,高速连接、通信,2.53,230282047,8045812736,0.702414,0
603979,金诚信  ,2.6,1564374,-1.21,52.26,-15688608,-2.97,,-15688608,32185927,-47874535,年报增长、有色金属,-1.79,521111470,17890206707,1.36257,-4080210
000070,ST特信,0.8,2557308,0.8,5.01,-16238665,-0.4,,-16238665,47396819,-63635484,ST板块、5G,-1.18,228144771,2819293780,0.936307,0
000758,中色股份,2.6,4455866,-1.91,5.15,-16307104,-1.72,,-16307104,39449510,-55756614,稀土永磁、中字头,0.19,208483704,6716671185,0.631686,0
601500,通用股份,2.2,751824,0.0,5.56,-16890533,0.72,,-16890533,10103098,-26993631,轮胎、汽车零部件,0.72,141386851,4608167045,0.773963,0
600312,平高电气,0.2,1269296,-0.06,16.11,-19483878,-0.56,,-19483878,69711705,-89195583,特高压、智能电网,-0.49,467094439,11271192059,0.479066,0
600755,厦门国贸,0.8,292248,0.0,7.87,-19738559,-0.63,,-19738559,17931040,-37669599,航运、金融概念,-0.63,174710803,10492585007,1.39496,-7870644
600406,国电南瑞,1.9,5194548,-0.72,23.66,-19955036,-0.46,,-19955036,85864509,-105819545,抽水蓄能、电气设备,0.25,550653848,49073906197,0.549879,-21420869
002738,中矿资源,0.5,479780,-1.16,29.94,-19967400,-0.7,,-19967400,30680051,-50647451,锂电池、汽车类,0.47,240183005,18508909376,0.874608,0
600219,南山铝业,2.2,3743832,-1.57,3.76,-20213477,-1.57,,-20213477,100285134,-120498611,有色金属、汽车零部件,0.0,400337286,22217011812,0.93162,-26199995
600031,三一重工,0.5,2951232,0.06,15.93,-23058706,-1.48,,-23058706,140969689,-164028395,基础建设、工程机械,-1.55,700148467,86119762030,0.746723,-11446596
600104,上汽集团,5.2,1401540,-0.07,14.1,-23548894,-0.07,,-23548894,51598758,-75147652,上海、汽车整车,0.0,338968399,50366484616,1.20372,-9139987
601598,中国外运,1.2,681464,-0.17,5.75,-25147678,-4.64,,-25147678,31773200,-56920878,航运、数字经济,-4.49,236499820,6802139292,1.58273,0
600023,浙能电力,1.2,2132544,0.87,6.87,-25168933,-0.43,,-25168933,110400122,-135569055,空气储能、智能电网,-1.29,480167229,28138915150,1.34671,0
601022,宁波远洋,0.5,2208073,-2.4,10.12,-26548716,-6.56,,-26548716,42959015,-69507731,航运、三季报增长,-4.26,355256590,2516169340,1.09728,-8616950
600018,上港集团,1.4,1406400,0.0,5.61,-27952908,-4.27,,-27952908,61322326,-89275234,港口、体育产业,-4.27,320551639,29250190800,1.80755,7898490
601083,锦江航运,0.2,980071,-0.09,10.39,-29366306,-4.15,,-29366306,33311798,-62678104,航运、上海,-4.06,227550487,2016906800,1.10329,-3125201
002129,TCL中环,0.3,4082760,-1.2,9.97,-29803215,-0.5,,-29803215,185574733,-215377948,硅片、光伏组件,0.71,700936979,29249963480,0.551002,-25072023
600039,四川路桥,0.4,467681,0.0,8.16,-31096277,-0.37,,-31096277,21507655,-52603932,西部大开发、一带一路,-0.37,158941281,17382367160,0.674261,0
601866,中远海发,0.6,3845931,0.0,2.64,-32958416,-5.38,,-32958416,142664695,-175623111,航运、并购重组,-5.38,538464596,10094896559,1.57869,0
601800,中国交建,1.5,2774304,0.33,8.86,-33299550,-2.53,,-33299550,166345000,-199644550,中字头、一带一路,-2.85,583104267,21016352066,1.42716,-171552
000875,吉电股份,0.7,3487737,0.0,5.66,-34427694,0.89,,-34427694,135459235,-169886929,电力、绿色电力,0.89,555625068,10753876665,0.55142,-18492118
601186,中国铁建,5.3,6418860,0.23,8.5,-35466188,-2.07,,-35466188,188551479,-224017667,中字头、基础建设,-2.3,575048992,38650306711,1.50498,-16285148
601179,中国西电,0.9,3894990,0.0,7.1,-37470512,-2.2,,-37470512,138588987,-176059499,特高压、变压器,-2.2,709440475,12055507344,0.583018,-4635646
601618,中国中冶,3.5,3321920,-0.31,3.14,-39866645,-2.18,,-39866645,83844335,-123710980,基础建设、光伏,-1.88,289366721,20202350912,1.01151,-9088578
000625,长安汽车,0.9,5273400,-0.83,13.3,-44689281,-0.08,,-44689281,376272649,-420961930,汽车整车、DeepSeek,0.76,1409863900,66766071662,0.885432,-33547933
002475,立讯精密,5.6,24759700,-3.73,31.78,-45584648,-1.3,,-45584648,743948722,-789533370,消费电子、人工智能,2.52,2120334750,129135333352,0.969395,-31608827
300684,中石科技,2.1,5880000,-4.08,16.31,-47272333,-2.22,,-47272333,59706520,-106978853,液冷服务器、算力,1.94,384813452,2814389632,0.90045,-3089286
600428,中远海特,0.3,2294195,-0.29,6.47,-51692711,-7.17,,-51692711,161119255,-212811966,航运、年报增长,-6.91,725604629,6882957169,1.66947,-1672382
600026,中远海能,1.2,1084189,0.38,17.13,-52234346,-6.9,,-52234346,129042788,-181277134,航运、年报增长,-7.26,691100694,22592995564,1.78364,-12914268
600089,特变电工,1.3,2048900,-0.69,14.29,-59242042,-0.69,,-59242042,63779447,-123021489,硅料、智能电网,0.0,383117324,59186745363,0.651282,-15674691
601669,中国电建,1.2,3309732,0.0,5.23,-63886816,-2.06,,-63886816,184631637,-248518453,绿色电力、电源,-2.06,659961974,42298702247,1.08169,-40370425
000425,徐工机械,0.7,2590858,0.0,7.37,-67776812,-1.21,,-67776812,159565177,-227341989,基础建设、并购重组,-1.21,696396337,50064941030,1.01154,-3653592
603338,浙江鼎力,2.2,933300,0.2,60.2,-70112038,-1.12,,-70112038,64371783,-134483821,三季报增长、基础建设,-1.31,297958244,10447662832,1.19832,-81748705
600028,中国石化,0.9,5683417,0.32,6.18,-87756475,-1.75,,-87756475,414391970,-502148445,石油石化、中字头,-2.06,1189561491,88404672544,1.51286,19369643
601668,中国建筑,0.8,4315256,-0.36,5.5,-97957747,-1.96,,-97957747,336752279,-434710026,基础建设、中字头,-1.61,963936151,96734814845,1.14506,10311699
600050,中国联通,1.1,2201290,-0.44,4.47,-109795781,-2.19,,-109795781,242727840,-352523621,AI政务、腾讯系AI ,-1.76,811127869,57505951229,1.42549,-42150917
601390,中国中铁,1.4,3254293,-0.15,6.43,-126794712,-3.74,,-126794712,213063862,-339858574,中字头、一带一路,-3.6,761093452,131297064278,1.40399,-47398796
601989,中国重工,0.7,1466088,-0.2,4.85,-130886375,-4.72,,-130886375,236803857,-367690232,造船、年报增长,-4.53,870899470,56885770959,1.87392,-4286594
601857,中国石油,0.9,12641328,0.9,9.82,-147925642,-1.7,,-147925642,890059025,-1037984667,中字头、石油石化,-2.58,1953839971,108000424819,0.973743,-35587969
601899,紫金矿业,4.9,85584220,-2.56,17.0,-162609435,-3.19,,-162609435,979549739,-1142159174,有色金属、锂电池,-0.64,2932617274,219269229311,1.03739,-45120034
601766,中国中车,0.8,8041176,0.0,6.94,-168342340,-3.61,,-168342340,405628866,-573971206,中字头、一带一路,-3.61,1427292098,67595085621,1.22586,-33748145
601117,中国化学,1.2,1406750,0.12,8.02,-185763008,-5.54,,-185763008,333371514,-519134522,气凝胶、基础建设,-5.65,1226738647,28797503884,2.22217,-61964198
601919,中远海控,1.3,34720173,0.29,15.46,-742639800,-10.01,,-742639800,3029773533,-3772413333,航运、年报增长,-10.27,6468562138,93237557667,1.6555,-822140577
