股票代码,股票名称,竞价量比,竞价金额,竞价涨幅%,价格,净额,涨幅%,板上信息,主力净额,主力买,主力卖,所属板块,区间涨幅%,成交额,实际流通,量比,300w大单净额
002079,苏州固锝,0.2,10718330,0.42,12.53,161802887,5.74,,161802887,635620925,-473818038,股权转让、光伏银浆,5.29,1940307569,7786050271,3.95639,118560654
002467,二六三,43.4,160151235,9.96,5.52,121464806,9.96,2连板,121464806,688403353,-566938547,智谱AI、云计算,0.0,1635717883,6327665514,2.41919,111573897
002103,广博股份,1.1,21705978,0.63,8.76,113425974,10.05,5天3板,113425974,450113115,-336687141,谷子经济、字节概念,9.36,847253638,2335532281,1.41588,83258183
002587,奥拓电子,0.7,1718043,-0.15,6.86,98366062,4.89,,98366062,279236459,-180870397,机器人概念、VR/AR/MR,5.05,778907020,3257715636,1.75211,67062125
300166,东方国信,5.9,10222221,-2.32,10.88,97408242,5.12,,97408242,576001509,-478593267,信创、新型工业化,7.62,1701128078,9015016889,2.43696,62016726
002553,南方精工,2.2,69430815,3.78,17.16,76160353,10.0,2连板,76160353,640674137,-564513784,机器人概念、芯片,5.99,1609978369,3787624938,1.80399,148222475
300045,华力创通,2.4,2409720,0.04,26.65,62101310,3.33,,62101310,464534078,-402432768,卫星导航、军工,3.29,1226327077,11654628007,1.49718,-18793285
300027,华谊兄弟,0.8,2106752,-0.66,3.1,55805305,1.97,,55805305,172986966,-117181661,影视院线、人工智能,2.65,545826932,7455630671,1.13997,0
000676,智度股份,0.9,6715000,0.0,10.3,46616686,3.0,,46616686,282705470,-236088784,文化传媒、数字货币,3.0,1041870514,10009072503,1.16795,23534590
300567,精测电子,0.5,971500,-0.59,72.88,44757813,-0.07,,44757813,183572085,-138814272,芯片、面板,0.52,566790525,13037689584,0.72744,-6409473
688400,凌云光  ,2.1,2192861,1.38,24.6,34682349,2.8,,34682349,80554954,-45872605,宇树机器人、消费电子,1.4,272891527,5897171409,0.811811,0
600728,佳都科技,0.9,457660,-0.61,5.01,30176741,1.62,,30176741,81437942,-51261201,人工智能、元宇宙,2.24,285594638,9893843445,1.27872,4353500
002253,川大智胜,1.3,3013615,0.87,18.49,30168016,6.88,,30168016,112934038,-82766022,人工智能、元宇宙,5.96,697567753,3183590173,1.55558,3453210
603660,苏州科达,1.3,452196,0.28,7.36,29549933,3.81,,29549933,152040968,-122491035,训推一体机、GPT4,3.52,559085220,2680833087,3.13766,19591739
002217,*ST合泰,2.7,14465544,4.45,2.59,27882396,4.86,首板,27882396,79813160,-51930764,ST板块、面板,0.39,189880455,5470810335,0.620691,0
300079,数码视讯,0.9,1681044,-0.33,6.12,25027451,0.66,,25027451,92543276,-67515825,人工智能、超高清视频,0.99,346380353,7549646043,0.863989,0
002992,宝明科技,0.4,343304,0.03,66.81,24035605,1.23,,24035605,66404689,-42369084,AI眼镜、复合集流体,1.2,214622890,6461559957,0.759893,9025881
605218,伟时电子,0.2,2078967,0.15,26.69,21811121,3.25,,21811121,85808723,-63997602,首发经济、AI PIN,3.09,396617790,1787632829,1.08098,0
600288,大恒科技,0.4,7391608,10.03,10.64,21387030,10.03,3连板,21387030,27418837,-6031807,机器人概念、机器视觉,0.0,27425227,3264984288,0.228185,24432190
002475,立讯精密,0.8,12238478,-0.21,39.23,19562733,1.66,,19562733,1446973768,-1427411035,消费电子、汽车零部件,1.87,3767308387,154954555955,1.19171,18261117
002292,奥飞娱乐,3.7,8845200,-1.49,7.61,16561336,2.98,,16561336,438911491,-422350155,谷子经济、字节概念,4.53,1291188330,6578958029,1.60393,22594833
605588,冠石科技,1.0,909818,-1.01,52.0,16417298,2.97,,16417298,58805476,-42388178,芯片、OLED,4.02,215305703,1418017740,1.3278,0
603297,永新光学,0.7,852486,-0.91,91.34,16210573,-0.2,,16210573,57929056,-41718483,无人驾驶、智能驾驶,0.72,215004358,3662905017,0.833046,-3264449
688521,芯原股份,0.4,1695103,-1.43,52.1,15755118,-0.86,,15755118,228981315,-213226197,RISC-V、数字芯片,0.58,763527638,18048778642,0.8392,-7724488
603726,朗迪集团,0.3,413364,-0.55,19.1,15339780,4.77,,15339780,37607011,-22267231,先进封装、消费电子,5.35,229381491,1652161844,1.55173,0
688167,炬光科技,0.8,421165,0.03,73.41,15243641,2.41,,15243641,70245411,-55001770,光刻机、元器件,2.38,224245538,5049263643,1.01399,0
300162,雷曼光电,3.8,2125440,1.89,8.09,14607337,1.76,,14607337,46940604,-32333267,玻璃基板、世界杯概念,-0.12,270681754,2243386951,1.61281,0
301011,华立科技,2.8,178356,0.0,21.63,13597809,7.93,,13597809,36575307,-22977498,谷子经济、三季报增长,7.93,213307389,1530661822,3.32062,0
002449,国星光电,5.5,1725894,0.0,8.55,12402699,2.15,,12402699,43400085,-30997386,AI眼镜、先进封装,2.15,207088631,4134584974,1.62401,0
300331,苏大维格,0.6,668080,0.0,24.12,12183692,1.09,,12183692,65891459,-53707767,芯片、OLED,1.09,264912229,4232739935,0.98118,4008730
002395,双象股份,2.9,308100,-0.57,16.34,11900515,2.83,,11900515,33803799,-21903284,足球概念、VR/AR/MR,3.42,141353401,1553512262,1.23764,-4280783
300806,斯迪克,0.9,557256,-0.61,13.22,11343500,0.92,,11343500,40916987,-29573487,苹果概念、汽车零部件,1.54,162910655,3591072472,0.878014,-3007185
003005,竞业达,2.4,702576,-0.96,28.77,10614233,2.2,,10614233,29770218,-19155985,DeepSeek、人工智能,3.19,167223178,1436517845,0.998786,0
300219,鸿利智汇,1.0,259501,0.0,7.69,10471738,1.05,,10471738,30989697,-20517959,华为汽车、汽车零部件,1.05,139919195,3306226289,0.972695,0
600880,博瑞传播,0.7,289072,-0.43,4.76,10362010,2.15,,10362010,39496536,-29134526,字节概念、NFT概念,2.59,150895659,3346372915,1.05704,0
300031,宝通科技,5.1,11744096,0.24,20.9,10339716,1.11,,10339716,361754252,-351414536,宇树机器人、VR/AR/MR,0.87,1095746861,6857135356,1.62325,19885123
000045,深纺织Ａ,3.9,1224070,0.0,11.55,10286175,2.85,,10286175,47294478,-37008303,深圳、消费电子,2.85,212257074,2575773198,1.0273,8785472
301578,辰奕智能,0.3,575750,-1.06,61.69,9994129,3.89,,9994129,46060435,-36066306,消费电子、机器人概念,5.0,237488470,962364000,1.36225,0
002354,天娱数科,6.1,81673145,3.7,5.36,8883219,10.06,2连板,8883219,571943915,-563060696,DeepSeek、虚拟人,6.14,1709988344,8674468464,1.17854,1706011
603018,华设集团,1.5,1836465,0.32,9.59,8485429,0.74,,8485429,81744573,-73259144,低空经济、智能驾驶,0.42,303744377,6484876916,1.12046,-3545166
000547,航天发展,0.1,2406765,-0.59,8.45,8409327,-0.35,,8409327,103622434,-95213107,军工、人工智能,0.24,380573910,10564837301,0.656564,-5239282
688088,虹软科技,0.7,549954,-0.33,36.37,7958656,0.75,,7958656,67572258,-59613602,AIGC、汽车类,1.08,264715497,8584418720,0.855945,3611990
301321,翰博高新,0.3,266135,-0.46,17.55,6966118,1.74,,6966118,21507873,-14541755,人工智能、消费电子,2.21,94748170,1731548245,0.797689,0
301128,强瑞技术,1.4,575688,-0.18,59.0,6679172,4.35,,6679172,43257187,-36578015,液冷服务器、华为汽车,4.54,204468110,1688590679,1.48932,0
600037,歌华有线,0.6,270846,-0.81,7.38,6537624,-0.81,,6537624,34510388,-27972764,华为概念、人工智能,0.0,118854637,6426950298,0.653745,5880318
300657,弘信电子,1.1,4043841,-1.24,22.28,6506023,2.67,,6506023,341195507,-334689484,华为概念、小米机器人,3.97,1197772197,8324555571,1.1615,33025
301360,荣旗科技,0.1,203685,-0.9,57.0,6453115,2.61,,6453115,22715124,-16262009,VR/AR/MR、人工智能,3.54,121890431,1413811812,1.18264,0
002572,索菲亚,0.5,647708,0.0,17.04,6210309,1.55,,6210309,34374310,-28164001,装修家具、高股息,1.55,243882530,8149211217,1.03174,0
002919,名臣健康,0.6,372229,-0.07,15.11,5389561,0.2,,5389561,15715687,-10326126,游戏、人工智能,0.27,89687051,2360777289,0.608544,0
300691,联合光电,0.3,1844570,-1.51,20.85,5193146,1.31,,5193146,69911719,-64718573,AI眼镜、端侧AI,2.86,312884314,3011006973,1.22183,0
301213,观想科技,1.1,508152,1.49,41.01,5140132,1.56,,5140132,15205194,-10065062,军工、机器人概念,0.07,93201405,1194401855,0.913175,0
600775,南京熊猫,1.6,1325520,0.5,10.05,4980616,0.2,,4980616,46209270,-41228654,脑机接口、卫星导航,-0.3,247901419,4631937393,0.757823,3636090
603598,引力传媒,2.9,1668635,-0.75,15.01,4732284,1.69,,4732284,28959819,-24227535,文化传媒、短剧,2.46,228266765,2006708587,0.653526,3144276
002642,荣联科技,0.9,642950,0.26,7.76,4711436,1.04,,4711436,32999342,-28287906,年报增长、数据中心,0.78,192578147,4133258616,0.865502,0
300844,山水比德,0.6,167427,-0.13,32.98,4578244,4.27,,4578244,12719616,-8141372,韧性城市、基础建设,4.4,83247508,742544700,0.845069,0
688025,杰普特  ,1.1,394089,-0.71,54.8,4543278,-0.16,,4543278,23172599,-18629321,TOPCon、三季报增长,0.55,142106925,3367976882,0.705567,0
688079,美迪凯  ,0.4,79808,0.0,9.13,4271545,-1.62,,4271545,9415694,-5144149,科创板、端侧AI,-1.62,37678579,1557684056,0.858679,0
688772,珠海冠宇,0.3,113582,0.0,16.92,3998545,-3.42,,3998545,54570896,-50572351,动力电池、军工,-3.42,318295459,13084852084,1.29961,0
600715,*ST文投 ,0.1,389809,-0.43,2.43,3994424,3.85,,3994424,22329444,-18335020,ST板块、国有企业,4.29,82485345,2952218978,0.678157,0
600229,城市传媒,0.8,137433,-0.13,7.55,3625386,0.4,,3625386,10109319,-6483933,版权、人工智能,0.53,64102672,1978485153,0.708899,0
300241,瑞丰光电,0.5,185082,-0.35,5.7,3266177,0.35,,3266177,20717484,-17451307,VR/AR/MR、Mini/Micro,0.71,123468448,3045489165,0.811062,0
603017,中衡设计,0.1,23504,-0.11,9.15,3088375,1.1,,3088375,7304882,-4216507,低空经济、新型工业化,1.22,53863261,1420052551,1.18135,0
002474,榕基软件,0.3,295868,-0.46,6.54,2960787,0.77,,2960787,24593651,-21632864,AI政务、国产软件,1.24,171260903,3296145782,0.723991,0
300259,新天科技,1.7,229262,-0.53,3.77,2877726,0.27,,2877726,12478619,-9600893,传感器、仪器仪表,0.8,58702109,2453289743,0.88379,0
002975,博杰股份,0.6,2161280,-1.73,34.42,2841700,-3.91,,2841700,60993790,-58152090,阿里系AI、苹果概念,-2.22,283184471,1797795118,0.73254,-3661913
002876,三利谱,2.6,762090,-0.97,29.3,2572636,1.28,,2572636,20027594,-17454958,VR/AR/MR、面板,2.27,122308851,3830160486,0.70694,0
300826,测绘股份,0.4,403680,-0.4,17.45,2519985,-0.11,,2519985,20163308,-17643323,时空大数据、东数西算,0.29,128016143,1420262402,1.03371,0
002845,同兴达,0.6,740340,-0.37,16.13,1880936,-0.8,,1880936,45608007,-43727071,先进封装、面板,-0.43,224444326,3098099520,0.8573,0
300449,汉邦高科,2.2,211806,0.82,7.4,1698200,1.09,,1698200,9867312,-8169112,VR/AR/MR、人工智能,0.27,57580200,2192380233,0.578123,0
002517,恺英网络,2.2,2487436,0.0,13.77,1664221,0.36,,1664221,116619619,-114955398,游戏、AIGC,0.36,486383015,23722025263,0.546004,-3420200
600243,青海华鼎,0.3,104786,0.23,4.37,1661086,1.16,,1661086,13953880,-12292794,工业母机、新型工业化,0.92,53688281,1751771939,1.09223,0
688496,清越科技,0.1,21338,-0.49,10.07,1587435,-1.76,,1587435,4594289,-3006854,AI眼镜、端侧AI,-1.27,42615582,1082183593,0.719216,0
001314,亿道信息,0.9,3051000,-0.35,45.48,1541941,0.71,,1541941,79923353,-78381412,AI眼镜、端侧AI,1.07,397429862,2354210984,0.839857,-3032007
300036,超图软件,0.5,285390,-0.53,18.9,1419062,-0.53,,1419062,59029281,-57610219,时空大数据、国产软件,0.0,244000877,8024755223,0.617651,0
002952,亚世光电,1.0,301716,-0.99,26.15,1306602,-0.46,,1306602,11757346,-10450744,AI眼镜、端侧AI,0.54,143901875,1312656335,1.12793,0
300025,华星创业,2.6,1621200,0.0,10.51,1233525,0.1,,1233525,81698090,-80464565,通信、数字经济,0.1,258893092,3968491785,0.772158,0
002431,棕榈股份,0.6,321245,-0.42,2.35,989901,-0.42,,989901,13295325,-12305424,足球概念、基础建设,0.0,87561847,2359487778,0.443368,0
002322,理工能科,2.5,649000,0.51,13.84,928157,1.17,,928157,16522200,-15594043,智能电网、数字经济,0.65,74385365,3543231715,0.98968,0
001373,翔腾新材,0.8,152550,-0.14,28.39,680768,0.35,,680768,8569403,-7888635,华为概念、OLED,0.5,47366997,722574621,0.988974,0
300805,电声股份,1.4,1125450,-0.87,9.36,679990,1.41,,679990,31072605,-30392615,电子商务、首发经济,2.3,193824011,1842940657,1.08052,0
000863,三湘印象,1.1,756976,-0.81,3.77,580807,1.62,,580807,17226183,-16645376,谷子经济、文创产品,2.45,84604954,2336627368,0.793614,0
300845,捷安高科,0.0,5728,0.0,14.29,552195,-0.21,,552195,6126890,-5574695,军工、人工智能,-0.21,56510157,1157024522,0.712098,0
002189,中光学,0.8,419055,-0.09,21.53,334504,0.09,,334504,19971383,-19636879,并购重组、军工,0.19,151350738,3403802909,0.767753,0
301185,鸥玛软件,0.7,158100,0.0,18.61,235751,0.05,,235751,7577623,-7341872,国产软件、人工智能,0.05,66969641,2601318138,0.578891,0
300556,丝路视觉,0.5,711376,0.15,20.4,208609,-0.63,,208609,24370858,-24162249,文生视频、机器视觉,-0.78,155266607,1995088594,0.685351,0
603081,大丰实业,2.4,82634,-0.19,10.53,-12099,0.48,,-12099,2561316,-2573415,首发经济、专精特新,0.67,46943952,2586112970,0.873049,0
002635,安洁科技,0.4,465300,-0.18,16.4,-29282,-0.79,,-29282,41054913,-41084195,消费电子、汽车零部件,-0.61,246879285,5043964292,0.929483,-6911904
301027,华蓝集团,5.0,975315,2.31,12.72,-40033,1.27,,-40033,4438940,-4478973,房屋检测、农业,-1.01,65581421,1450687950,0.787076,0
002445,中南文化,0.3,162368,0.0,2.35,-191186,-0.42,,-191186,15363614,-15554800,文化传媒、VR/AR/MR,-0.42,77951532,3596166283,0.783486,0
300935,盈建科,1.2,136152,0.32,22.08,-275608,0.87,,-275608,6026048,-6301656,房屋检测、基础建设,0.55,42566841,931415271,0.838257,0
003010,若羽臣,1.0,2054921,-0.99,19.98,-281377,-5.75,,-281377,49221111,-49502488,DeepSeek、VR/AR/MR,-4.81,276262865,1701874210,0.97591,0
300756,金马游乐,1.6,61400,0.0,15.56,-351793,1.37,,-351793,5880817,-6232610,旅游、多胎概念,1.37,47098131,1954500070,0.820991,0
605178,时空科技,1.8,482715,0.69,18.66,-542315,-0.74,,-542315,2706609,-3248924,网约车、空间计算,-1.43,52514428,1025397618,0.489158,0
002983,芯瑞达,0.6,82000,-0.49,20.51,-734302,-0.44,,-734302,3747503,-4481805,华为概念、VR/AR/MR,0.05,49584016,1354912715,0.708218,0
300640,德艺文创,0.3,202748,-0.18,5.78,-782098,3.58,,-782098,23254735,-24036833,谷子经济、装修家具,3.77,133195720,1116408864,1.36742,0
603103,横店影视,0.7,124579,-0.51,13.93,-790082,1.24,,-790082,2041093,-2831175,影视院线、VR/AR/MR,1.75,47449531,1025568523,0.797195,0
002981,朝阳科技,0.4,8068387,-1.04,27.54,-915391,2.11,,-915391,61098752,-62014143,苹果概念、军工,3.18,441137705,1206412956,1.4973,8448428
300976,达瑞电子,0.1,36576,-0.15,60.43,-1095252,-1.02,,-1095252,6983755,-8079007,消费电子、三季报增长,-0.87,63228663,3084991921,0.607772,0
300264,佳创视讯,0.5,22556820,1.13,7.21,-1202468,1.69,,-1202468,248278380,-249480848,AI手机、华为概念,0.56,1053182134,2525713986,1.68301,0
605118,力鼎光电,3.5,147510,-0.61,16.46,-1253429,-0.18,,-1253429,1160102,-2413531,AI眼镜、端侧AI,0.43,36414358,889749151,0.668501,0
300269,联建光电,0.8,747780,-0.21,4.92,-1340631,1.44,,-1340631,36974096,-38314727,VR/AR/MR、端侧AI,1.65,222471636,2175028836,1.39824,0
300299,富春股份,3.0,1113840,-0.53,5.71,-1369522,1.42,,-1369522,53829996,-55199518,端侧AI、并购重组,1.96,331512477,3049667036,1.23891,0
300165,ST天瑞,0.9,320264,0.51,3.93,-1527984,0.77,,-1527984,5428078,-6956062,仪器仪表、新冠检测,0.26,64829819,1476861376,0.849816,0
688039,当虹科技,1.4,754387,-0.98,30.52,-1770893,0.1,,-1770893,30484624,-32255517,DeepSeek、数字经济,1.09,138285238,1819777789,0.618627,0
603579,荣泰健康,0.8,147359,0.27,14.6,-1861949,0.34,,-1861949,1032649,-2894598,成人用品、人工智能,0.07,27196454,1193782096,0.848238,0
600633,浙数文化,2.5,1305870,0.0,11.05,-1921715,0.27,,-1921715,37557669,-39479384,腾讯系AI 、体育产业,0.27,205897426,7180969475,0.797359,0
600358,国旅联合,1.0,255461,0.52,3.77,-2008049,-1.05,,-2008049,6647574,-8655623,小红书概念、平台经济,-1.57,47421494,1436000536,0.881887,0
300812,易天股份,0.4,313800,-0.57,26.26,-2112421,-0.15,,-2112421,11834230,-13946651,OLED、新型工业化,0.42,122678693,1781217025,0.774804,0
301390,经纬股份,4.8,137600,-0.06,32.36,-2136763,1.06,,-2136763,9231469,-11368232,光伏、基础建设,1.12,45675578,826174752,1.21988,0
603258,电魂网络,1.4,456648,-0.78,21.6,-2180958,-0.51,,-2180958,6866542,-9047500,游戏、人工智能,0.28,84222074,2260395784,0.614794,0
603377,ST东时  ,0.0,808976,4.95,2.33,-2214394,4.95,2连板,-2214394,30628040,-32842434,ST板块、人工智能,0.0,82823057,947562538,7.52856,0
002708,光洋股份,0.9,2001228,-0.32,9.53,-2295277,0.21,,-2295277,38430133,-40725410,机器人概念、减速器,0.53,219505098,3311056906,0.761657,0
300770,新媒股份,3.6,834670,-0.66,43.46,-2335604,-1.2,,-2335604,29650959,-31986563,华为概念、人工智能,-0.55,172537398,5403864014,0.797283,0
603189,网达软件,0.6,1384000,-0.81,16.17,-2478506,0.25,,-2478506,11576522,-14055028,AI视觉、信创,1.06,139737141,2599013839,0.668484,0
300323,华灿光电,0.5,198015,-0.31,6.4,-2618390,-1.08,,-2618390,20369706,-22988096,AI眼镜、端侧AI,-0.78,109922420,4264820400,0.735431,0
688109,品茗科技,1.8,120498,0.49,28.95,-2621708,1.4,,-2621708,7833938,-10455646,数据要素、科创板,0.91,48344360,942967421,0.869114,0
300860,锋尚文化,0.4,424530,-0.63,26.17,-2707326,2.67,,-2707326,15896313,-18603639,首发经济、低空经济,3.32,143414145,1486666030,1.4929,0
001308,康冠科技,0.2,785187,-0.13,22.01,-2708672,-1.74,,-2708672,1910570,-4619242,AI眼镜、汽车零部件,-1.61,82370590,1687809156,0.82119,0
300571,平治信息,3.2,621000,-0.66,26.94,-2754740,-0.88,,-2754740,10787243,-13541983,算力、元宇宙,-0.22,96073120,2440921657,0.721328,0
002771,真视通,1.2,667450,-0.57,19.17,-2994972,-0.05,,-2994972,15079649,-18074621,算力、数字经济,0.52,136037394,2916462749,0.697426,0
300987,川网传媒,2.5,491130,-0.12,16.22,-3051231,0.93,,-3051231,12452601,-15503832,人工智能、文心千帆,1.06,113779032,1544177898,0.990204,0
688328,深科达  ,0.3,133879,0.71,18.25,-3185269,-0.05,,-3185269,4980124,-8165393,VR/AR/MR、科创板,-0.76,55732475,1123037340,0.714515,0
300616,尚品宅配,0.7,251524,-0.5,13.76,-3416233,-0.94,,-3416233,11306238,-14722471,装修家具、新型工业化,-0.43,88015261,1866002129,0.699515,0
301567,贝隆精密,16.6,406700,0.02,48.91,-3591286,-0.16,,-3591286,4802066,-8393352,消费电子、军工,-0.18,56213668,880380000,0.67576,0
300688,创业黑马,0.8,1058460,-1.12,30.08,-3654662,-0.53,,-3654662,53444132,-57098794,阿里系AI、AI智能体,0.6,286502658,3696275136,0.602736,0
301313,凡拓数创,0.9,354795,-0.26,22.93,-3707887,-0.09,,-3707887,9805127,-13513014,数字经济、人工智能,0.17,102777583,1529355698,0.736514,0
301391,卡莱特,0.2,90860,-0.48,40.71,-3734488,-1.9,,-3734488,2278456,-6012944,VR/AR/MR、LED,-1.43,60673931,1334339995,0.474878,0
300964,本川智能,1.2,406222,-0.2,39.7,-3910193,-1.49,,-3910193,8388374,-12298567,商业航天、汽车电子,-1.29,81164348,1242645547,0.774788,0
000810,创维数字,0.4,2995805,0.55,12.86,-3998579,0.78,,-3998579,95293413,-99291992,AI眼镜、AIGC,0.23,486145732,6851873754,0.932176,3436043
300989,蕾奥规划,1.0,460956,-0.62,14.79,-4175827,2.35,,-4175827,46422898,-50598725,低空经济、基础建设,2.99,245577635,2227568607,1.674,0
605289,罗曼股份,1.2,628824,-0.04,23.75,-4441657,0.42,,-4441657,6084315,-10525972,谷子经济、文创产品,0.47,75471871,2573015625,0.744414,0
000665,湖北广电,1.0,164010,-0.47,4.28,-4682474,0.0,,-4682474,10863206,-15545680,AI智能体、广电网,0.47,90576955,2888766661,0.659557,0
003015,日久光电,0.2,632880,-0.81,14.8,-4814329,0.2,,-4814329,11931520,-16745849,AI眼镜、华为概念,1.02,165202969,3065098403,0.784525,0
688661,和林微纳,1.2,224129,-0.08,35.34,-4920088,-1.83,,-4920088,7098488,-12018576,芯片、科创板,-1.75,57661509,1904816769,0.83917,0
000839,中信国安,0.2,843144,-0.58,3.42,-4933068,-1.16,,-4933068,68753441,-73686509,DeepSeek、广电网,-0.58,276591456,8522258634,0.626147,-3410000
688326,经纬恒润,1.2,641644,-0.21,96.26,-4948367,2.19,,-4948367,29573545,-34521912,无人驾驶、汽车零部件,2.4,198025172,5107294829,0.917175,0
002937,兴瑞科技,0.4,221400,-0.11,17.94,-5055454,-0.44,,-5055454,9917520,-14972974,端侧AI、汽车零部件,-0.33,83538596,2447546622,0.69064,0
002632,道明光学,0.1,84000,-0.83,8.58,-5860653,1.3,,-5860653,15896215,-21756868,固态电池、VR/AR/MR,2.14,129609413,2839000437,1.03147,0
300608,思特奇,1.3,1497330,-0.7,12.61,-6414424,-1.41,,-6414424,40745016,-47159440,AI智能体、通信,-0.71,220076199,2369212025,0.558329,-3120000
002577,雷柏科技,0.4,65969,-0.19,16.0,-6512818,-0.74,,-6512818,5912506,-12425324,AI眼镜、端侧AI,-0.56,61047426,1903093090,0.74719,0
688001,华兴源创,14.0,1960210,-1.71,33.82,-6628711,-5.03,,-6628711,47950139,-54578850,汽车零部件、并购重组,-3.37,263341066,3094349291,1.53624,0
300307,慈星股份,0.6,185942,-0.77,7.92,-7214576,1.02,,-7214576,37682262,-44896838,机器人概念、新型工业化,1.8,199459571,4104551207,1.14482,0
603738,泰晶科技,0.2,401750,-0.43,16.2,-8054053,0.37,,-8054053,46331153,-54385206,机器人概念、华为海思,0.81,193076293,5130578804,0.886518,-842696
601928,凤凰传媒,1.2,373088,-0.29,10.38,-8099240,-1.24,,-8099240,18214154,-26313394,文化传媒、AI智能体,-0.95,125589340,7193067266,0.606915,0
688138,清溢光电,0.7,209613,0.04,25.87,-8342929,-1.75,,-8342929,12891700,-21234629,芯片、VR/AR/MR,-1.78,109800199,2055643404,0.877841,0
300578,会畅通讯,1.5,659025,-1.09,21.83,-9248877,-0.73,,-9248877,18081531,-27330408,信创、人工智能,0.37,174710322,3055173241,0.719573,0
002858,力盛体育,0.6,539028,-0.4,12.9,-9374493,3.45,,-9374493,25698418,-35072911,体育产业、web3.0,3.86,164471231,1618520031,0.93602,0
301312,智立方,0.5,233955,-0.8,53.0,-9537602,1.13,,-9537602,37735045,-47272647,苹果概念、消费电子,1.94,218476615,1368320398,1.13549,0
300232,洲明科技,1.1,250173,-0.43,6.92,-9594317,-0.57,,-9594317,16604869,-26199186,Mini/Micro、机器人概念,-0.14,132180613,5667491537,0.728514,0
002238,天威视讯,0.4,1345032,-0.85,9.3,-9602825,-1.48,,-9602825,49310306,-58913131,短剧、通信,-0.64,268177295,2562882389,0.434276,0
301302,华如科技,0.3,454032,0.48,20.66,-9917631,-1.24,,-9917631,9028027,-18945658,军工、机器人概念,-1.71,102636085,1740398400,0.819745,3705849
002047,宝鹰股份,5.0,5133653,-0.68,2.89,-9926910,-2.03,,-9926910,40503460,-50430370,股权转让、元宇宙,-1.37,203302850,2982947583,1.37604,0
688127,蓝特光学,0.9,417416,0.12,24.06,-9975641,-3.3,,-9975641,20257434,-30233075,华为概念、玻璃基板,-3.41,151404588,4756287321,0.66439,0
002878,元隆雅图,2.1,24512250,1.75,15.68,-10227426,10.04,2连板,-10227426,309990848,-320218274,谷子经济、并购重组,8.14,1027780259,2213594073,2.49824,70003454
300947,德必集团,0.4,204282,-0.63,17.37,-10319768,-1.14,,-10319768,7523267,-17843035,房地产、VR/AR/MR,-0.52,72805275,1525353949,0.560164,0
603052,可川科技,0.3,1790100,-2.16,41.82,-10708262,-2.86,,-10708262,15347532,-26055794,消费电子、人工智能,-0.71,131762016,1713114480,0.650153,0
300494,盛天网络,0.9,5894010,-0.92,13.1,-10891576,0.61,,-10891576,274552907,-285444483,云游戏、并购重组,1.55,1014299600,4825083319,1.18984,4795752
603977,国泰集团,0.1,36234,0.22,13.47,-10940085,0.6,,-10940085,7876032,-18816117,民用爆破、军工,0.37,94536116,4379451118,0.964441,-3340203
301326,捷邦科技,5.5,1220432,-0.81,72.37,-11071233,-2.36,,-11071233,27087780,-38159013,芯片、并购重组,-1.56,136049819,1944970382,0.471446,0
002993,奥海科技,0.1,2089500,-2.43,34.97,-11314794,-2.51,,-11314794,51539345,-62854139,柴油发电机、工商业储能,-0.09,402652772,4104556996,0.786806,-3229200
002861,瀛通通讯,0.5,788040,-1.05,13.01,-11433264,-2.47,,-11433264,13653127,-25086391,AI眼镜、端侧AI,-1.44,157044235,1231020596,0.657904,0
603893,瑞芯微  ,0.6,1001980,-0.52,84.53,-11675171,-0.13,,-11675171,36854756,-48529927,端侧芯片、数字芯片,0.39,302850322,14314974181,0.533381,-3086075
300790,宇瞳光学,0.8,1032148,-0.4,16.96,-11679038,-2.14,,-11679038,47605792,-59284830,无人驾驶、汽车零部件,-1.74,297069377,4643788580,0.627173,0
688322,奥比中光,6.0,1613745,-0.66,34.94,-11808810,-0.26,,-11808810,29238979,-41047789,宇树机器人、机器视觉,0.4,210347480,6333421629,0.925784,0
002947,恒铭达,0.0,81408,-0.73,33.51,-12202228,-1.93,,-12202228,22777879,-34980107,消费电子、华为概念,-1.21,129122401,4387103804,0.664876,-3351054
002962,五方光电,0.4,24248025,0.23,17.77,-12479545,3.31,,-12479545,278878009,-291357554,AI手机、元宇宙,3.07,1281768743,3349575958,3.19362,37573363
000607,华媒控股,0.5,189766,-0.75,4.0,-12504733,0.0,,-12504733,6493977,-18998710,文化传媒、数据确权,0.76,69440678,1951549660,0.893963,0
002343,慈文传媒,0.5,713793,-0.43,6.89,-12808662,-0.14,,-12808662,22624670,-35433332,AI眼镜、文化传媒,0.29,174774202,2336564703,0.605477,0
300545,联得装备,0.3,3918240,-1.79,36.2,-14637654,-2.0,,-14637654,59716687,-74354341,华为概念、工业互联网,-0.22,318713566,3287093776,0.898078,0
002369,卓翼科技,0.8,925954,0.0,6.45,-15151272,-1.23,,-15151272,17708588,-32859860,华为概念、工业母机,-1.23,188108180,3182335483,0.840516,0
002786,银宝山新,1.1,2046198,-0.09,11.21,-15219166,-1.15,,-15219166,25280168,-40499334,机器人概念、汽车热管理,-1.06,250008677,3302205115,0.707941,-3215520
301316,慧博云通,1.0,910632,-0.15,19.65,-15512473,-1.75,,-15512473,23903927,-39416400,互联网金融、智能驾驶,-1.6,177614784,3078526540,0.625391,0
000793,华闻集团,3.2,3915810,-2.17,2.68,-17854587,-2.9,,-17854587,54797944,-72652531,海南、稀土永磁,-0.74,314335094,4277648416,0.742978,0
301221,光庭信息,1.9,2500616,-1.63,51.95,-18024330,-1.5,,-18024330,36683502,-54707832,智能驾驶、小米汽车,0.13,266444517,2267561654,1.15105,0
002232,启明信息,1.2,6562320,-1.68,22.39,-18784999,-0.84,,-18784999,209455980,-228240979,无人驾驶、EDR,0.86,951860364,4053039098,0.575154,6334421
300291,百纳千成,2.9,2135466,-0.71,5.65,-18819678,0.53,,-18819678,35162769,-53982447,AIGC、短剧,1.25,223995904,3234666182,1.04112,0
300134,大富科技,1.5,1266290,-0.64,13.98,-18821908,-0.07,,-18821908,43853392,-62675300,华为手机、5G,0.58,279708850,5352450394,0.975808,0
000681,视觉中国,0.4,699360,-0.28,14.15,-19526626,0.07,,-19526626,57289384,-76816010,AI智能体、知识产权,0.35,312321689,6942371651,0.591647,94801
002222,福晶科技,0.8,2310120,-1.73,32.87,-20252568,-0.3,,-20252568,199419117,-219671685,光刻机、激光雷达,1.45,621240614,12205293349,0.679517,-17171396
000016,深康佳Ａ,0.5,4002870,0.0,5.55,-20811636,3.74,,-20811636,201204557,-222016193,深圳、芯片,3.74,1050250855,5953637210,1.33729,-10445229
300076,GQY视讯,0.4,1272920,-1.47,6.38,-20967479,3.91,,-20967479,66992100,-87959579,机器人概念、VR/AR/MR,5.45,293252557,1901239489,1.42278,0
603160,汇顶科技,0.3,1230050,-0.2,84.15,-21036919,-0.32,,-21036919,115721501,-136758420,并购重组、模拟芯片,-0.12,495819200,21218092711,0.616532,-3167899
301486,致尚科技,0.8,219208,-0.55,46.25,-21493826,-1.39,,-21493826,18641313,-40135139,CPO/MPO、VR/AR/MR,-0.84,122929437,2376927833,0.758492,0
603466,风语筑  ,2.8,2124280,0.11,9.14,-21708664,-0.54,,-21708664,20067572,-41776236,DeepSeek、人工智能,-0.65,219761945,3051623463,0.84577,-3206387
300248,新开普,1.8,9221262,-1.97,11.64,-21828620,-4.43,,-21828620,111645951,-133474571,AI智能体、数字经济,-2.51,560870312,4271046595,0.740942,-3019717
002855,捷荣技术,0.3,1377750,-1.43,27.2,-22266424,-2.51,,-22266424,26699021,-48965445,端侧AI、华为概念,-1.09,310667428,2436373154,0.705143,0
300766,每日互动,1.4,3381183,-0.59,15.33,-22576001,0.2,,-22576001,71264185,-93840186,DeepSeek、大数据,0.79,410021087,5266380403,0.647743,0
600640,国脉文化,12.3,973263,0.0,13.25,-23306012,0.61,,-23306012,23130635,-46436647,AI眼镜、端侧AI,0.61,165712090,3668848549,0.717535,0
300622,博士眼镜,0.7,17397800,-0.37,41.11,-23541423,-4.75,,-23541423,261403705,-284945128,AI眼镜、端侧AI,-4.4,1064987423,4022710392,0.838293,-891759
300566,激智科技,0.6,424560,-0.71,18.13,-24929789,-1.63,,-24929789,27902400,-52832189,POE胶膜、端侧AI,-0.93,163536608,3648249126,0.915747,0
300296,利亚德,0.3,1734384,-0.54,5.48,-25435627,-1.26,,-25435627,60445484,-85881111,首发经济、VR/AR/MR,-0.72,301500846,10665675167,0.805246,0
600373,中文传媒,2.8,904991,-0.31,12.78,-26496824,-1.31,,-26496824,52539831,-79036655,元宇宙、并购重组,-1.01,245632048,6566808002,0.73237,-6770666
000719,中原传媒,13.8,5046015,-0.35,11.34,-27907687,-1.31,,-27907687,37879908,-65787595,版权、数据确权,-0.96,250440642,3436781093,1.24846,0
300032,金龙机电,0.4,1016784,-1.43,5.49,-28568603,-1.96,,-28568603,24653301,-53221904,电子烟、消费电子,-0.54,227235027,3684559268,0.91177,0
300793,佳禾智能,0.4,1821780,-0.46,17.15,-29699764,-2.17,,-29699764,53696193,-83395957,AI眼镜、人工智能,-1.72,401053340,4123233857,0.593017,-3441602
002291,遥望科技,1.5,2360457,0.0,6.25,-33393364,-1.26,,-33393364,55437358,-88830722,小红书概念、平台经济,-1.26,329173926,4601331562,0.438038,0
300128,锦富技术,2.0,2155860,-0.68,5.67,-34312416,-2.91,,-34312416,109256646,-143569062,光伏、并购重组,-2.24,379514624,5369964669,0.705908,0
000727,冠捷科技,0.9,1065271,-0.35,2.77,-36629262,-1.77,,-36629262,55239716,-91868978,消费电子、汽车零部件,-1.42,311603542,7079438064,0.886682,0
002175,东方智造,15.9,77196129,5.9,3.73,-37427250,10.03,2连板,-37427250,190107183,-227534433,芯片、元宇宙,3.9,439654401,3848676003,0.922745,30418488
002955,鸿合科技,1.0,2652339,-1.24,27.3,-37486073,-3.33,,-37486073,48331231,-85817304,教育、人工智能,-2.12,326331667,3046296071,1.04453,-15832350
300083,创世纪,0.9,961143,0.0,7.49,-37651382,-1.58,,-37651382,42316504,-79967886,机器人概念、VR/AR/MR,-1.58,288198456,10757617682,0.765819,0
688097,博众精工,2.0,9526438,2.33,26.94,-38143032,-3.27,,-38143032,84175543,-122318575,科创板、机器人概念,-5.47,391119066,4245120258,1.23205,0
603721,中广天择,0.9,3439260,-2.31,28.21,-39077389,-1.23,,-39077389,58198258,-97275647,阶跃星辰、人工智能,1.11,392599095,1819827946,0.780193,1571893
300684,中石科技,0.5,4721140,-0.57,22.2,-41464605,-2.33,,-41464605,75943671,-117408276,液冷服务器、军工,-1.77,503737672,3889719981,0.566655,0
300256,星星科技,0.5,2184084,-0.82,4.85,-42052364,-1.02,,-42052364,65107636,-107160000,AI眼镜、端侧AI,-0.21,513911382,5321723315,0.723457,0
300458,全志科技,0.2,1459248,-0.44,35.96,-43330130,-0.88,,-43330130,168582753,-211912883,RISC-V、汽车电子,-0.44,740021551,15796832704,0.718478,4072586
000670,盈方微,0.4,6433734,-1.2,7.45,-43537860,-0.4,,-43537860,81122231,-124660091,存储、卫星导航,0.81,647968935,4709094502,0.993373,-7799516
600345,长江通信,2.6,46086360,3.22,29.3,-44264516,3.57,,-44264516,595166836,-639431352,通信、车路云,0.34,1554017521,3530650820,1.51763,51487186
002456,欧菲光,1.1,58651632,0.06,16.09,-44856383,3.74,,-44856383,2282012946,-2326869329,消费电子、华为概念,3.67,8356243536,44287923487,1.20085,18915052
300366,创意信息,2.0,10128690,4.0,11.93,-44967350,6.04,,-44967350,160719413,-205686763,智谱AI、操作系统,1.97,844673534,6038075665,1.44284,-10071947
301121,紫建电子,4.2,4312500,0.65,56.21,-46341460,-1.61,,-46341460,60768887,-107110347,固态电池、西部大开发,-2.24,410291244,1646908624,1.38337,7763899
301178,天亿马,70.1,14198707,-2.74,33.35,-46512162,2.55,,-46512162,112562894,-159075056,人工智能、乡村振兴,5.44,496694160,1454021848,2.42242,-16269378
002681,奋达科技,0.3,3342882,-1.38,5.71,-46516812,-1.72,,-46516812,98117538,-144634350,机器人概念、VR/AR/MR,-0.35,598687827,7332476997,0.853799,-9476083
300496,中科创达,0.9,4498053,-0.12,57.13,-47528457,-1.43,,-47528457,176632613,-224161070,无人驾驶、智能座舱,-1.31,744909051,19216891670,0.72783,-3729578
603626,科森科技,0.6,2884113,-1.19,9.8,-47721968,-3.07,,-47721968,70290921,-118012889,华为手机、固态电池,-1.9,577087606,3517438175,0.660091,-4883340
002957,科瑞技术,0.4,680855,-0.52,16.9,-49083309,-1.97,,-49083309,26652179,-75735488,VR/AR/MR、芯片,-1.46,229038931,2531271792,0.61275,0
002315,焦点科技,1.4,7708680,-0.29,36.27,-50311814,-2.89,,-50311814,98466282,-148778096,AI智能体、跨境电商,-2.6,594754280,5994497750,0.678965,-11003147
000050,深天马Ａ,0.8,1578096,0.21,9.12,-52286135,-2.36,,-52286135,56724478,-109010613,折叠屏、消费电子,-2.56,348151683,10851549777,0.644902,-8158968
301383,天键股份,0.9,3742260,-0.92,37.03,-53817999,-4.9,,-53817999,49356368,-103174367,AI眼镜、端侧AI,-4.02,288978751,1853092588,0.646339,-4601211
301396,宏景科技,1.1,15840305,0.91,31.57,-59362795,-0.91,,-59362795,235023128,-294385923,算力、信创,-1.8,705776433,1510109531,1.75317,-5808957
603516,淳中科技,0.3,6472000,-1.21,40.07,-64180259,-1.04,,-64180259,281612678,-345792937,芯片、安防,0.17,736618877,5339153138,0.831578,-5919377
300322,硕贝德,0.6,2050645,-0.24,16.38,-66010185,-3.02,,-66010185,129651182,-195661367,消费电子、华为概念,-2.79,632527568,6000034277,0.829049,-19363146
300284,苏交科,1.4,12041900,-3.67,12.24,-66561989,-0.08,,-66561989,325971112,-392533101,低空经济、汽车零部件,3.73,1361984209,9156253053,1.71694,14739929
300968,格林精密,0.9,5605615,-1.86,20.38,-74047729,-4.99,,-74047729,92075325,-166123054,AI眼镜、机器人概念,-3.18,613055784,4022635156,0.925175,-8206841
002765,蓝黛科技,0.9,10172619,-2.36,9.1,-81558825,-2.26,,-81558825,229341787,-310900612,机器人概念、汽车零部件,0.11,948275127,4106308369,0.846226,-14536589
300115,长盈精密,0.3,2275920,-0.23,17.15,-82633452,-1.66,,-82633452,191439527,-274072979,消费电子、灵巧手,-1.44,772565871,12978838580,0.757978,-18579024
002036,联创电子,0.5,8171820,-1.68,10.87,-84179464,-3.72,,-84179464,173354798,-257534262,比亚迪产业链、光学镜头,-2.07,861712715,10456807663,0.897453,-17958625
300088,长信科技,0.4,1586700,-0.4,7.29,-85905971,-1.62,,-85905971,185620942,-271526913,智能穿戴、智能座舱,-1.22,694429159,14395946486,0.817632,0
002717,岭南股份,0.7,13486864,-3.1,3.33,-88153422,-6.2,,-88153422,164656247,-252809669,腾讯系AI 、元宇宙,-3.2,1305595412,5087433323,0.989394,6824707
002351,漫步者,1.0,3284118,-1.14,16.06,-100072833,-3.6,,-100072833,124359364,-224432197,智能音箱、无线耳机,-2.49,612308709,6653961947,0.58763,-27523954
002241,歌尔股份,1.1,20913750,-1.63,24.81,-103595120,-1.39,,-103595120,944045145,-1047640265,VR/AR/MR、消费电子,0.24,2761980923,53816446826,0.511604,-64061881
300182,捷成股份,3.3,25171758,-1.12,6.25,-107315204,0.0,,-107315204,697160514,-804475718,AIGC、AI智能体,1.13,1868865438,13205764019,1.26348,0
003021,兆威机电,0.4,18009384,0.0,66.3,-119113400,-5.46,,-119113400,283156560,-402269960,宇树机器人、汽车零部件,-5.46,1156158843,4816658696,0.903861,-28022707
002555,三七互娱,2.4,13165525,-0.48,16.57,-121084991,-0.36,,-121084991,327969469,-449054460,游戏、云游戏,0.12,1199070053,23394222795,0.617046,-14051834
300476,胜宏科技,0.9,4411450,-1.31,40.58,-137665925,-3.5,,-137665925,332143395,-469809320,印制电路板、汽车零部件,-2.22,1208129193,22852133277,1.06562,-59031861
002273,水晶光电,0.5,5599462,-0.55,21.22,-137894126,-3.59,,-137894126,468336071,-606230197,AI眼镜、端侧AI,-3.06,1648388560,22970248081,1.21227,-77010354
603501,韦尔股份,1.0,10099044,0.0,104.92,-147475834,-0.89,,-147475834,384255741,-531731575,芯片、数字芯片,-0.89,1414916007,65479437159,0.705021,-48444186
300735,光弘科技,0.8,8411878,-0.39,34.9,-155552287,-2.84,,-155552287,534002360,-689554647,华为概念、消费电子,-2.46,1753458053,12603557467,0.980111,-55760553
002387,维信诺,0.3,21506850,-1.39,12.6,-232239521,-7.96,,-232239521,367503313,-599742834,智能穿戴、华为概念,-6.67,1674824009,10426544947,0.805503,-43357596
300081,恒信东方,7.2,59454113,2.9,8.34,-291760657,-3.36,,-291760657,394695063,-686455720,人工智能、AI智能体,-6.08,1669525934,4513564806,2.57355,0
002416,爱施德,0.5,8537600,-0.93,15.64,-353380295,-3.16,,-353380295,444941502,-798321797,消费电子、互联网金融,-2.25,1755587230,11494497502,1.33868,-113686668
002384,东山精密,2.5,15258969,-0.29,26.8,-492076051,-2.44,,-492076051,991354467,-1483430518,苹果概念、通信,-2.15,3008221420,34308213105,0.853383,-157547529
002045,国光电器,1.0,225654000,5.36,20.78,-829279069,-0.48,,-829279069,2061770591,-2891049660,AI眼镜、无线耳机,-5.55,5927909681,9267023509,2.06073,-349789118
