本数据策略分享会专用，由邢不行整理，微信：xbx6660
股票代码,股票名称,交易日期,开盘价,最高价,最低价,收盘价,前收盘价,成交量,成交额,流通市值,总市值,净利润TTM,现金流TTM,净资产,总资产,总负债,净利润(当季),中户资金买入额,中户资金卖出额,大户资金买入额,大户资金卖出额,散户资金买入额,散户资金卖出额,机构资金买入额,机构资金卖出额,沪深300成分股,上证50成分股,中证500成分股,中证1000成分股,中证2000成分股,创业板指成分股,新版申万一级行业名称,新版申万二级行业名称,新版申万三级行业名称,09:35收盘价,09:45收盘价,09:55收盘价
sh600145,四维瓷业,1999-09-23,9.28,9.85,9.11,9.24,4.0,28238800.0,266269866.0,415800000.0,1155000000.0,,,,,,,,,,,,,,,,,,,,,,,,,,
sh600145,四维瓷业,1999-09-24,9.28,9.69,9.13,9.42,9.24,10503700.0,99208371.0,423900000.0,1177500000.0,,,,,,,,,,,,,,,,,,,,,,,,,,
sh600145,四维瓷业,1999-09-27,9.5,9.54,9.21,9.25,9.42,4153900.0,38717735.0,416250000.0,1156250000.0,,,,,,,,,,,,,,,,,,,,,,,,,,
sh600145,四维瓷业,1999-09-28,9.25,9.66,9.2,9.58,9.25,4292500.0,40737073.0,431100000.0,1197500000.0,,,,,,,,,,,,,,,,,,,,,,,,,,
sh600145,四维瓷业,1999-09-29,9.58,9.95,9.57,9.68,9.58,6553451.0,63943389.0,435600000.0,1210000000.0,,,,,,,,,,,,,,,,,,,,,,,,,,
sh600145,四维瓷业,1999-09-30,9.7,9.84,9.48,9.58,9.68,3259700.0,31408101.0,431100000.0,1197500000.0,,,,,,,,,,,,,,,,,,,,,,,,,,
sh600145,四维瓷业,1999-10-08,9.57,9.66,9.45,9.48,9.58,1493800.0,14228510.0,426600000.0,1185000000.0,,,,,,,,,,,,,,,,,,,,,,,,,,
sh600145,四维瓷业,1999-10-11,9.42,9.65,9.35,9.63,9.48,1783400.0,16986477.0,433350000.0,1203750000.0,,,,,,,,,,,,,,,,,,,,,,,,,,
sh600145,四维瓷业,1999-10-12,9.79,9.79,9.58,9.64,9.63,1747200.0,16928926.0,433800000.0,1205000000.0,,,,,,,,,,,,,,,,,,,,,,,,,,
sh600145,四维瓷业,1999-10-13,9.68,9.68,9.41,9.47,9.64,1607400.0,15290686.0,426150000.0,1183750000.0,,,,,,,,,,,,,,,,,,,,,,,,,,
sh600145,四维瓷业,1999-10-14,9.65,9.65,9.37,9.42,9.47,1496900.0,14151377.0,423900000.0,1177500000.0,,,,,,,,,,,,,,,,,,,,,,,,,,
sh600145,四维瓷业,1999-10-15,9.51,9.85,9.44,9.83,9.42,2966300.0,28746611.0,442350000.0,1228750000.0,,,,,,,,,,,,,,,,,,,,,,,,,,
sh600145,四维瓷业,1999-10-18,9.8,9.82,9.37,9.37,9.83,1658800.0,15816022.0,421650000.0,1171250000.0,,,,,,,,,,,,,,,,,,,,,,,,,,
sh600145,四维瓷业,1999-10-19,9.34,9.5,9.28,9.41,9.37,949900.0,8914646.0,423450000.0,1176250000.0,,,,,,,,,,,,,,,,,,,,,,,,,,
sh600145,四维瓷业,1999-10-20,9.45,9.55,9.3,9.43,9.41,678400.0,6355218.0,424350000.0,1178750000.0,,,,,,,,,,,,,,,,,,,,,,,,,,
sh600145,四维瓷业,1999-10-21,9.46,9.46,9.1,9.18,9.43,1687200.0,15546687.0,413100000.0,1147500000.0,,,,,,,,,,,,,,,,,,,,,,,,,,
sh600145,四维瓷业,1999-10-22,9.3,9.7,9.17,9.52,9.18,1951800.0,18594205.0,428400000.0,1190000000.0,,,,,,,,,,,,,,,,,,,,,,,,,,
sh600145,四维瓷业,1999-10-25,9.52,9.58,9.33,9.35,9.52,786900.0,7433036.0,420750000.0,1168750000.0,,,,,,,,,,,,,,,,,,,,,,,,,,
sh600145,四维瓷业,1999-10-26,9.3,9.78,9.3,9.7,9.35,2239200.0,21576153.0,436500000.0,1212500000.0,,,,,,,,,,,,,,,,,,,,,,,,,,
sh600145,四维瓷业,1999-10-27,9.95,9.99,9.76,9.92,9.7,5077500.0,50044282.0,446400000.0,1240000000.0,,,,,,,,,,,,,,,,,,,,,,,,,,
sh600145,四维瓷业,1999-10-28,9.95,9.95,9.65,9.67,9.92,1928000.0,18855097.0,435150000.0,1208750000.0,,,,,,,,,,,,,,,,,,,,,,,,,,
sh600145,四维瓷业,1999-10-29,9.67,9.85,9.62,9.79,9.67,1194600.0,11624304.0,440550000.0,1223750000.0,,,,,,,,,,,,,,,,,,,,,,,,,,
sh600145,四维瓷业,1999-11-01,9.7,9.7,9.47,9.5,9.79,1017200.0,9743103.0,427500000.0,1187500000.0,,,,,,,,,,,,,,,,,,,,,,,,,,
sh600145,四维瓷业,1999-11-02,9.5,9.6,9.41,9.48,9.5,606600.0,5744684.0,426600000.0,1185000000.0,,,,,,,,,,,,,,,,,,,,,,,,,,
sh600145,四维瓷业,1999-11-03,9.5,9.58,9.41,9.49,9.48,447200.0,4239372.0,427050000.0,1186250000.0,,,,,,,,,,,,,,,,,,,,,,,,,,
sh600145,四维瓷业,1999-11-04,9.49,9.55,9.38,9.43,9.49,618400.0,5829470.0,424350000.0,1178750000.0,,,,,,,,,,,,,,,,,,,,,,,,,,
sh600145,四维瓷业,1999-11-05,9.4,9.62,9.38,9.44,9.43,422700.0,3999527.0,424800000.0,1180000000.0,,,,,,,,,,,,,,,,,,,,,,,,,,
sh600145,四维瓷业,1999-11-08,9.42,9.52,9.34,9.45,9.44,319500.0,3007767.0,425250000.0,1181250000.0,,,,,,,,,,,,,,,,,,,,,,,,,,
sh600145,四维瓷业,1999-11-09,9.49,9.64,9.44,9.52,9.45,579400.0,5533435.0,428400000.0,1190000000.0,,,,,,,,,,,,,,,,,,,,,,,,,,
sh600145,四维瓷业,1999-11-10,9.45,9.5,9.3,9.45,9.52,789000.0,7383433.0,425250000.0,1181250000.0,,,,,,,,,,,,,,,,,,,,,,,,,,
sh600145,四维瓷业,1999-11-11,9.45,9.54,9.32,9.32,9.45,404100.0,3797675.0,419400000.0,1165000000.0,,,,,,,,,,,,,,,,,,,,,,,,,,
sh600145,四维瓷业,1999-11-12,9.35,9.74,9.35,9.63,9.32,1884700.0,18081387.0,433350000.0,1203750000.0,,,,,,,,,,,,,,,,,,,,,,,,,,
sh600145,四维瓷业,1999-11-15,9.68,9.74,9.51,9.71,9.63,726300.0,7004728.0,436950000.0,1213750000.0,,,,,,,,,,,,,,,,,,,,,,,,,,
sh600145,四维瓷业,1999-11-16,9.75,9.8,9.5,9.55,9.71,670100.0,6445093.0,429750000.0,1193750000.0,,,,,,,,,,,,,,,,,,,,,,,,,,
sh600145,四维瓷业,1999-11-17,9.55,10.28,9.51,10.26,9.55,2694000.0,26680293.0,461700000.0,1282500000.0,,,,,,,,,,,,,,,,,,,,,,,,,,
sh600145,四维瓷业,1999-11-18,10.2,10.45,10.03,10.1,10.26,7065800.0,72294786.0,454500000.0,1262500000.0,,,,,,,,,,,,,,,,,,,,,,,,,,
sh600145,四维瓷业,1999-11-19,10.1,10.37,10.06,10.14,10.1,2709100.0,27627116.0,456300000.0,1267500000.0,,,,,,,,,,,,,,,,,,,,,,,,,,
sh600145,四维瓷业,1999-11-22,10.25,10.5,10.14,10.35,10.14,2550300.0,26430138.0,465750000.0,1293750000.0,,,,,,,,,,,,,,,,,,,,,,,,,,
sh600145,四维瓷业,1999-11-23,10.3,10.4,10.15,10.17,10.35,1117300.0,11457378.0,457650000.0,1271250000.0,,,,,,,,,,,,,,,,,,,,,,,,,,
sh600145,四维瓷业,1999-11-24,10.17,10.21,10.05,10.19,10.17,933300.0,9445785.0,458550000.0,1273750000.0,,,,,,,,,,,,,,,,,,,,,,,,,,
sh600145,四维瓷业,1999-11-25,10.15,10.28,10.03,10.2,10.19,724300.0,7371040.0,459000000.0,1275000000.0,,,,,,,,,,,,,,,,,,,,,,,,,,
sh600145,四维瓷业,1999-11-26,10.2,10.49,10.16,10.42,10.2,1631300.0,16942136.0,468900000.0,1302500000.0,,,,,,,,,,,,,,,,,,,,,,,,,,
sh600145,四维瓷业,1999-11-29,10.37,10.58,10.21,10.22,10.42,1131600.0,11756358.0,459900000.0,1277500000.0,,,,,,,,,,,,,,,,,,,,,,,,,,
sh600145,四维瓷业,1999-11-30,10.2,10.29,10.13,10.2,10.22,877100.0,8935009.0,459000000.0,1275000000.0,,,,,,,,,,,,,,,,,,,,,,,,,,
sh600145,四维瓷业,1999-12-01,10.2,10.45,10.16,10.3,10.2,693000.0,7144374.0,463500000.0,1287500000.0,,,,,,,,,,,,,,,,,,,,,,,,,,
sh600145,四维瓷业,1999-12-02,10.31,10.36,10.13,10.18,10.3,852300.0,8686100.0,458100000.0,1272500000.0,,,,,,,,,,,,,,,,,,,,,,,,,,
sh600145,四维瓷业,1999-12-03,10.18,10.22,10.06,10.11,10.18,967500.0,9795045.0,454950000.0,1263750000.0,,,,,,,,,,,,,,,,,,,,,,,,,,
sh600145,四维瓷业,1999-12-06,10.12,10.15,9.81,9.9,10.11,1799200.0,17826509.0,445500000.0,1237500000.0,,,,,,,,,,,,,,,,,,,,,,,,,,
sh600145,四维瓷业,1999-12-07,9.82,10.02,9.7,9.85,9.9,1004600.0,9921091.0,443250000.0,1231250000.0,,,,,,,,,,,,,,,,,,,,,,,,,,
sh600145,四维瓷业,1999-12-08,9.9,10.02,9.85,10.0,9.85,547200.0,5425544.0,450000000.0,1250000000.0,,,,,,,,,,,,,,,,,,,,,,,,,,
sh600145,四维瓷业,1999-12-09,9.95,10.09,9.89,9.97,10.0,583800.0,5844448.0,448650000.0,1246250000.0,,,,,,,,,,,,,,,,,,,,,,,,,,
sh600145,四维瓷业,1999-12-10,9.98,10.08,9.85,10.08,9.97,533379.0,5304741.0,453600000.0,1260000000.0,,,,,,,,,,,,,,,,,,,,,,,,,,
sh600145,四维瓷业,1999-12-13,10.12,10.19,10.05,10.18,10.08,876800.0,8878279.0,458100000.0,1272500000.0,,,,,,,,,,,,,,,,,,,,,,,,,,
sh600145,四维瓷业,1999-12-14,10.12,10.19,10.0,10.16,10.18,528500.0,5324023.0,457200000.0,1270000000.0,,,,,,,,,,,,,,,,,,,,,,,,,,
sh600145,四维瓷业,1999-12-15,10.18,10.44,9.96,10.23,10.16,1527500.0,15671190.0,460350000.0,1278750000.0,,,,,,,,,,,,,,,,,,,,,,,,,,
sh600145,四维瓷业,1999-12-16,10.3,10.35,10.14,10.16,10.23,609500.0,6226059.0,457200000.0,1270000000.0,,,,,,,,,,,,,,,,,,,,,,,,,,
sh600145,四维瓷业,1999-12-17,10.18,10.25,9.9,9.93,10.16,649800.0,6517548.0,446850000.0,1241250000.0,,,,,,,,,,,,,,,,,,,,,,,,,,
sh600145,四维瓷业,1999-12-21,9.85,9.88,9.64,9.67,9.93,578100.0,5634245.0,435150000.0,1208750000.0,,,,,,,,,,,,,,,,,,,,,,,,,,
sh600145,四维瓷业,1999-12-22,9.67,9.7,9.53,9.68,9.67,511500.0,4908150.0,435600000.0,1210000000.0,,,,,,,,,,,,,,,,,,,,,,,,,,
sh600145,四维瓷业,1999-12-23,9.69,9.69,9.48,9.52,9.68,377968.0,3600564.0,428400000.0,1190000000.0,,,,,,,,,,,,,,,,,,,,,,,,,,
sh600145,四维瓷业,1999-12-24,9.52,9.63,9.45,9.5,9.52,308400.0,2930830.0,427500000.0,1187500000.0,,,,,,,,,,,,,,,,,,,,,,,,,,
sh600145,四维瓷业,1999-12-27,9.5,10.39,9.48,9.63,9.5,977300.0,9759011.0,433350000.0,1203750000.0,,,,,,,,,,,,,,,,,,,,,,,,,,
sh600145,四维瓷业,1999-12-28,9.67,9.75,9.52,9.56,9.63,265000.0,2553212.0,430200000.0,1195000000.0,,,,,,,,,,,,,,,,,,,,,,,,,,
sh600145,四维瓷业,1999-12-29,9.56,9.68,9.5,9.61,9.56,270000.0,2589899.0,432450000.0,1201250000.0,,,,,,,,,,,,,,,,,,,,,,,,,,
sh600145,四维瓷业,1999-12-30,9.49,9.65,9.49,9.6,9.61,199000.0,1902140.0,432000000.0,1200000000.0,,,,,,,,,,,,,,,,,,,,,,,,,,
sh600145,四维瓷业,2000-01-04,9.55,9.87,9.5,9.82,9.6,489600.0,4770485.0,441900000.0,1227500000.0,,,,,,,,,,,,,,,,,,,,,,,,,,
sh600145,四维瓷业,2000-01-05,9.8,9.95,9.6,9.66,9.82,1182000.0,11563966.0,434700000.0,1207500000.0,,,,,,,,,,,,,,,,,,,,,,,,,,
sh600145,四维瓷业,2000-01-06,9.63,10.18,9.63,10.05,9.66,1325100.0,13170472.0,452250000.0,1256250000.0,,,,,,,,,,,,,,,,,,,,,,,,,,
sh600145,四维瓷业,2000-01-07,10.2,10.45,10.05,10.34,10.05,3056300.0,31369497.0,465300000.0,1292500000.0,,,,,,,,,,,,,,,,,,,,,,,,,,
sh600145,四维瓷业,2000-01-10,10.45,11.0,10.4,10.74,10.34,4714900.0,50576234.0,483300000.0,1342500000.0,,,,,,,,,,,,,,,,,,,,,,,,,,
sh600145,四维瓷业,2000-01-11,10.8,10.9,10.2,10.24,10.74,3084400.0,32552535.0,460800000.0,1280000000.0,,,,,,,,,,,,,,,,,,,,,,,,,,
sh600145,四维瓷业,2000-01-12,10.2,10.4,9.9,9.92,10.24,1765400.0,17791493.0,446400000.0,1240000000.0,,,,,,,,,,,,,,,,,,,,,,,,,,
sh600145,四维瓷业,2000-01-13,9.9,10.18,9.85,9.93,9.92,832900.0,8342220.0,446850000.0,1241250000.0,,,,,,,,,,,,,,,,,,,,,,,,,,
sh600145,四维瓷业,2000-01-14,9.95,10.08,9.85,10.0,9.93,752600.0,7515909.0,450000000.0,1250000000.0,,,,,,,,,,,,,,,,,,,,,,,,,,
sh600145,四维瓷业,2000-01-17,10.1,10.5,10.1,10.46,10.0,1999600.0,20816262.0,470700000.0,1307500000.0,,,,,,,,,,,,,,,,,,,,,,,,,,
sh600145,四维瓷业,2000-01-18,10.5,10.56,10.2,10.33,10.46,935700.0,9687782.0,464850000.0,1291250000.0,,,,,,,,,,,,,,,,,,,,,,,,,,
sh600145,四维瓷业,2000-01-19,10.28,10.55,10.25,10.4,10.33,936100.0,9764705.0,468000000.0,1300000000.0,,,,,,,,,,,,,,,,,,,,,,,,,,
sh600145,四维瓷业,2000-01-20,10.49,10.69,10.33,10.57,10.4,1471400.0,15547883.0,475650000.0,1321250000.0,,,,,,,,,,,,,,,,,,,,,,,,,,
sh600145,四维瓷业,2000-01-21,10.57,10.6,10.3,10.3,10.57,2003700.0,20892551.0,463500000.0,1287500000.0,,,,,,,,,,,,,,,,,,,,,,,,,,
sh600145,四维瓷业,2000-01-24,10.3,10.6,10.01,10.45,10.3,1784500.0,18376996.0,470250000.0,1306250000.0,,,,,,,,,,,,,,,,,,,,,,,,,,
sh600145,四维瓷业,2000-01-25,10.51,10.6,10.16,10.23,10.45,1072600.0,11066316.0,460350000.0,1278750000.0,,,,,,,,,,,,,,,,,,,,,,,,,,
sh600145,四维瓷业,2000-01-26,10.22,10.56,10.1,10.41,10.23,1106300.0,11533952.0,468450000.0,1301250000.0,,,,,,,,,,,,,,,,,,,,,,,,,,
sh600145,四维瓷业,2000-01-27,10.4,10.95,10.3,10.8,10.41,2766800.0,29579044.0,486000000.0,1350000000.0,,,,,,,,,,,,,,,,,,,,,,,,,,
sh600145,四维瓷业,2000-01-28,10.82,10.9,10.55,10.6,10.8,1612000.0,17189613.0,477000000.0,1325000000.0,,,,,,,,,,,,,,,,,,,,,,,,,,
sh600145,四维瓷业,2000-02-14,10.99,11.66,10.72,11.65,10.6,2565300.0,28762000.0,524250000.0,1456250000.0,,,,,,,,,,,,,,,,,,,,,,,,,,
sh600145,四维瓷业,2000-02-15,11.65,11.98,10.9,11.0,11.65,4094700.0,46551949.0,495000000.0,1375000000.0,,,,,,,,,,,,,,,,,,,,,,,,,,
sh600145,四维瓷业,2000-02-16,10.95,11.0,10.51,10.7,11.0,2891900.0,31107743.0,481500000.0,1337500000.0,,,,,,,,,,,,,,,,,,,,,,,,,,
sh600145,四维瓷业,2000-02-17,10.7,11.5,10.52,10.85,10.7,4193300.0,45756486.0,488250000.0,1356250000.0,,,,,,,,,,,,,,,,,,,,,,,,,,
sh600145,四维瓷业,2000-02-18,10.9,11.38,10.88,11.2,10.85,2302400.0,25663064.0,504000000.0,1400000000.0,,,,,,,,,,,,,,,,,,,,,,,,,,
sh600145,四维瓷业,2000-02-21,11.31,12.19,11.31,12.19,11.2,5797900.0,69110813.0,548550000.0,1523750000.0,,,,,,,,,,,,,,,,,,,,,,,,,,
sh600145,四维瓷业,2000-02-22,12.19,12.19,11.06,11.18,12.19,3081900.0,36128705.0,503100000.0,1397500000.0,,,,,,,,,,,,,,,,,,,,,,,,,,
sh600145,四维瓷业,2000-02-23,11.0,11.25,10.71,10.98,11.18,1939700.0,21198029.0,494100000.0,1372500000.0,,,,,,,,,,,,,,,,,,,,,,,,,,
sh600145,四维瓷业,2000-02-24,10.85,11.25,10.85,11.18,10.98,814600.0,9052835.0,503100000.0,1397500000.0,,,,,,,,,,,,,,,,,,,,,,,,,,
sh600145,四维瓷业,2000-02-25,11.1,11.4,11.0,11.1,11.18,1295700.0,14478423.0,499500000.0,1387500000.0,,,,,,,,,,,,,,,,,,,,,,,,,,
sh600145,四维瓷业,2000-02-28,11.1,11.45,11.1,11.38,11.1,1567800.0,17628350.0,512100000.0,1422500000.0,,,,,,,,,,,,,,,,,,,,,,,,,,
sh600145,四维瓷业,2000-02-29,11.48,11.48,10.81,10.99,11.38,1710200.0,18875799.0,494550000.0,1373750000.0,,,,,,,,,,,,,,,,,,,,,,,,,,
sh600145,四维瓷业,2000-03-01,10.99,11.2,10.88,10.98,10.99,1315100.0,14467764.0,494100000.0,1372500000.0,,,,,,,,,,,,,,,,,,,,,,,,,,
sh600145,四维瓷业,2000-03-02,10.95,11.09,10.6,11.0,10.98,1607300.0,17314095.0,495000000.0,1375000000.0,,,,,,,,,,,,,,,,,,,,,,,,,,
sh600145,四维瓷业,2000-03-03,11.09,11.14,10.78,11.01,11.0,1076600.0,11783266.0,495450000.0,1376250000.0,,,,,,,,,,,,,,,,,,,,,,,,,,
sh600145,四维瓷业,2000-03-06,10.95,11.35,10.7,10.9,11.01,2146200.0,23735976.0,490500000.0,1362500000.0,22714600.79,50845243.82,308905498.87,504781856.79,195876357.92,,,,,,,,,,,,,,,,,,,,,
sh600145,四维瓷业,2000-03-07,10.9,11.16,10.8,11.12,10.9,1040300.0,11485869.0,500400000.0,1390000000.0,22714600.79,50845243.82,308905498.87,504781856.79,195876357.92,,,,,,,,,,,,,,,,,,,,,
sh600145,四维瓷业,2000-03-08,11.12,11.43,11.1,11.33,11.12,1180200.0,13316356.0,509850000.0,1416250000.0,22714600.79,50845243.82,308905498.87,504781856.79,195876357.92,,,,,,,,,,,,,,,,,,,,,
sh600145,四维瓷业,2000-03-09,11.33,11.38,11.02,11.13,11.33,899600.0,10071764.0,500850000.0,1391250000.0,22714600.79,50845243.82,308905498.87,504781856.79,195876357.92,,,,,,,,,,,,,,,,,,,,,
sh600145,四维瓷业,2000-03-10,11.1,11.27,10.75,10.8,11.13,1068100.0,11737631.0,486000000.0,1350000000.0,22714600.79,50845243.82,308905498.87,504781856.79,195876357.92,,,,,,,,,,,,,,,,,,,,,
sh600145,四维瓷业,2000-03-13,10.9,11.05,10.8,10.88,10.8,764000.0,8351365.0,489600000.0,1360000000.0,22714600.79,50845243.82,308905498.87,504781856.79,195876357.92,,,,,,,,,,,,,,,,,,,,,
sh600145,四维瓷业,2000-03-14,10.91,11.01,10.54,10.65,10.88,1581000.0,17025780.0,479250000.0,1331250000.0,22714600.79,50845243.82,308905498.87,504781856.79,195876357.92,,,,,,,,,,,,,,,,,,,,,
sh600145,四维瓷业,2000-03-15,10.68,11.25,10.68,10.85,10.65,770700.0,8500487.0,488250000.0,1356250000.0,22714600.79,50845243.82,308905498.87,504781856.79,195876357.92,,,,,,,,,,,,,,,,,,,,,
sh600145,四维瓷业,2000-03-16,10.9,11.09,10.6,10.74,10.85,1190400.0,12884305.0,483300000.0,1342500000.0,22714600.79,50845243.82,308905498.87,504781856.79,195876357.92,,,,,,,,,,,,,,,,,,,,,
sh600145,四维瓷业,2000-03-17,10.8,11.15,10.8,10.98,10.74,873900.0,9600714.0,494100000.0,1372500000.0,22714600.79,50845243.82,308905498.87,504781856.79,195876357.92,,,,,,,,,,,,,,,,,,,,,
sh600145,四维瓷业,2000-03-20,11.0,11.97,10.98,11.72,10.98,3146900.0,36821309.0,527400000.0,1465000000.0,22714600.79,50845243.82,308905498.87,504781856.79,195876357.92,,,,,,,,,,,,,,,,,,,,,
sh600145,四维瓷业,2000-03-21,11.56,12.08,11.5,11.68,11.72,1697000.0,19973658.0,525600000.0,1460000000.0,22714600.79,50845243.82,308905498.87,504781856.79,195876357.92,,,,,,,,,,,,,,,,,,,,,
sh600145,四维瓷业,2000-03-22,11.65,11.78,11.28,11.39,11.68,1079400.0,12341527.0,512550000.0,1423750000.0,22714600.79,50845243.82,308905498.87,504781856.79,195876357.92,,,,,,,,,,,,,,,,,,,,,
sh600145,四维瓷业,2000-03-23,11.4,11.95,11.4,11.62,11.39,1030700.0,12025243.0,522900000.0,1452500000.0,22714600.79,50845243.82,308905498.87,504781856.79,195876357.92,,,,,,,,,,,,,,,,,,,,,
sh600145,四维瓷业,2000-03-24,11.66,11.82,11.4,11.45,11.62,1131900.0,13164069.0,515250000.0,1431250000.0,22714600.79,50845243.82,308905498.87,504781856.79,195876357.92,,,,,,,,,,,,,,,,,,,,,
sh600145,四维瓷业,2000-03-27,11.4,12.56,11.4,11.82,11.45,2635600.0,31637050.0,531900000.0,1477500000.0,22714600.79,50845243.82,308905498.87,504781856.79,195876357.92,,,,,,,,,,,,,,,,,,,,,
sh600145,四维瓷业,2000-03-28,12.08,12.55,11.9,12.18,11.82,2304700.0,28233345.0,548100000.0,1522500000.0,22714600.79,50845243.82,308905498.87,504781856.79,195876357.92,,,,,,,,,,,,,,,,,,,,,
sh600145,四维瓷业,2000-03-29,12.2,12.5,11.83,12.29,12.18,1703800.0,20670021.0,553050000.0,1536250000.0,22714600.79,50845243.82,308905498.87,504781856.79,195876357.92,,,,,,,,,,,,,,,,,,,,,
sh600145,四维瓷业,2000-03-30,12.3,13.19,12.22,12.92,12.29,4533900.0,58005024.0,581400000.0,1615000000.0,22714600.79,50845243.82,308905498.87,504781856.79,195876357.92,,,,,,,,,,,,,,,,,,,,,
sh600145,四维瓷业,2000-03-31,12.9,13.4,12.61,12.9,12.92,3653200.0,47948162.0,580500000.0,1612500000.0,22714600.79,50845243.82,308905498.87,504781856.79,195876357.92,,,,,,,,,,,,,,,,,,,,,
sh600145,四维瓷业,2000-04-03,13.0,13.4,12.88,12.9,12.9,2169200.0,28429288.0,580500000.0,1612500000.0,22714600.79,50845243.82,308905498.87,504781856.79,195876357.92,,,,,,,,,,,,,,,,,,,,,
sh600145,四维瓷业,2000-04-04,12.8,12.95,12.5,12.51,12.9,2034300.0,25835882.0,562950000.0,1563750000.0,22714600.79,50845243.82,308905498.87,504781856.79,195876357.92,,,,,,,,,,,,,,,,,,,,,
sh600145,四维瓷业,2000-04-05,12.4,12.65,12.26,12.39,12.51,1500400.0,18657960.0,557550000.0,1548750000.0,22714600.79,50845243.82,308905498.87,504781856.79,195876357.92,,,,,,,,,,,,,,,,,,,,,
sh600145,四维瓷业,2000-04-06,12.55,13.63,12.5,13.37,12.39,2499200.0,32982505.0,601650000.0,1671250000.0,22714600.79,50845243.82,308905498.87,504781856.79,195876357.92,,,,,,,,,,,,,,,,,,,,,
sh600145,四维瓷业,2000-04-07,13.42,13.42,12.95,13.18,13.37,1311100.0,17293008.0,593100000.0,1647500000.0,22714600.79,50845243.82,308905498.87,504781856.79,195876357.92,,,,,,,,,,,,,,,,,,,,,
sh600145,四维瓷业,2000-04-10,13.18,13.44,13.15,13.28,13.18,841700.0,11203272.0,597600000.0,1660000000.0,22714600.79,50845243.82,308905498.87,504781856.79,195876357.92,,,,,,,,,,,,,,,,,,,,,
sh600145,四维瓷业,2000-04-11,13.3,13.42,12.9,13.26,13.28,1560700.0,20636597.0,596700000.0,1657500000.0,22714600.79,50845243.82,308905498.87,504781856.79,195876357.92,,,,,,,,,,,,,,,,,,,,,
sh600145,四维瓷业,2000-04-12,13.14,13.46,13.0,13.29,13.26,1607500.0,21339753.0,598050000.0,1661250000.0,22714600.79,50845243.82,308905498.87,504781856.79,195876357.92,,,,,,,,,,,,,,,,,,,,,
sh600145,四维瓷业,2000-04-13,13.3,13.65,12.91,12.99,13.29,2687300.0,35796670.0,584550000.0,1623750000.0,22714600.79,50845243.82,308905498.87,504781856.79,195876357.92,,,,,,,,,,,,,,,,,,,,,
sh600145,四维瓷业,2000-04-14,13.1,13.12,12.69,12.81,12.99,1984400.0,25539620.0,576450000.0,1601250000.0,22714600.79,50845243.82,308905498.87,504781856.79,195876357.92,,,,,,,,,,,,,,,,,,,,,
sh600145,四维瓷业,2000-04-17,12.72,13.2,12.42,12.67,12.81,1958900.0,24994200.0,570150000.0,1583750000.0,22714600.79,50845243.82,308905498.87,504781856.79,195876357.92,,,,,,,,,,,,,,,,,,,,,
sh600145,四维瓷业,2000-04-18,12.77,13.15,12.67,12.95,12.67,1276600.0,16570340.0,582750000.0,1618750000.0,22714600.79,50845243.82,308905498.87,504781856.79,195876357.92,,,,,,,,,,,,,,,,,,,,,
sh600145,四维瓷业,2000-04-19,13.15,13.2,12.93,12.95,12.95,627200.0,8161157.0,582750000.0,1618750000.0,22714600.79,50845243.82,308905498.87,504781856.79,195876357.92,,,,,,,,,,,,,,,,,,,,,
sh600145,四维瓷业,2000-04-20,13.05,13.55,13.0,13.22,12.95,1084300.0,14351607.0,594900000.0,1652500000.0,22714600.79,50845243.82,308905498.87,504781856.79,195876357.92,,,,,,,,,,,,,,,,,,,,,
sh600145,四维瓷业,2000-04-21,13.35,13.41,13.12,13.14,13.22,1098900.0,14614525.0,591300000.0,1642500000.0,22714600.79,50845243.82,308905498.87,504781856.79,195876357.92,,,,,,,,,,,,,,,,,,,,,
sh600145,四维瓷业,2000-04-24,13.25,13.58,13.14,13.2,13.14,1789100.0,23948632.0,594000000.0,1650000000.0,22714600.79,50845243.82,308905498.87,504781856.79,195876357.92,,,,,,,,,,,,,,,,,,,,,
sh600145,四维瓷业,2000-04-25,13.47,14.52,13.25,13.97,13.2,4111800.0,58240337.0,628650000.0,1746250000.0,22714600.79,50845243.82,308905498.87,504781856.79,195876357.92,,,,,,,,,,,,,,,,,,,,,
sh600145,四维瓷业,2000-04-26,13.99,14.5,13.88,14.03,13.97,1848500.0,26220014.0,631350000.0,1753750000.0,22714600.79,50845243.82,308905498.87,504781856.79,195876357.92,,,,,,,,,,,,,,,,,,,,,
sh600145,四维瓷业,2000-04-27,14.0,14.03,13.6,13.6,14.03,1167800.0,16086137.0,612000000.0,1700000000.0,22714600.79,50845243.82,308905498.87,504781856.79,195876357.92,,,,,,,,,,,,,,,,,,,,,
sh600145,四维瓷业,2000-05-08,13.7,14.96,13.7,14.96,13.6,2993500.0,44045698.0,673200000.0,1870000000.0,22714600.79,50845243.82,308905498.87,504781856.79,195876357.92,,,,,,,,,,,,,,,,,,,,,
sh600145,四维瓷业,2000-05-09,15.06,15.07,14.68,14.68,14.96,1614600.0,24091415.0,660600000.0,1835000000.0,22714600.79,50845243.82,308905498.87,504781856.79,195876357.92,,,,,,,,,,,,,,,,,,,,,
sh600145,四维瓷业,2000-05-10,14.6,14.65,14.11,14.11,14.68,1419800.0,20297853.0,634950000.0,1763750000.0,22714600.79,50845243.82,308905498.87,504781856.79,195876357.92,,,,,,,,,,,,,,,,,,,,,
sh600145,四维瓷业,2000-05-11,13.97,14.6,13.85,14.04,14.11,1210500.0,17147941.0,631800000.0,1755000000.0,22714600.79,50845243.82,308905498.87,504781856.79,195876357.92,,,,,,,,,,,,,,,,,,,,,
sh600145,四维瓷业,2000-05-12,14.1,14.35,13.93,13.95,14.04,1127700.0,15893194.0,627750000.0,1743750000.0,22714600.79,50845243.82,308905498.87,504781856.79,195876357.92,,,,,,,,,,,,,,,,,,,,,
sh600145,四维瓷业,2000-05-15,13.85,14.47,13.7,14.36,13.95,707100.0,10037438.0,646200000.0,1795000000.0,22714600.79,50845243.82,308905498.87,504781856.79,195876357.92,,,,,,,,,,,,,,,,,,,,,
sh600145,四维瓷业,2000-05-16,14.4,14.57,14.2,14.4,14.36,461900.0,6653932.0,648000000.0,1800000000.0,22714600.79,50845243.82,308905498.87,504781856.79,195876357.92,,,,,,,,,,,,,,,,,,,,,
sh600145,四维瓷业,2000-05-17,14.45,14.5,14.05,14.15,14.4,516500.0,7408879.0,636750000.0,1768750000.0,22714600.79,50845243.82,308905498.87,504781856.79,195876357.92,,,,,,,,,,,,,,,,,,,,,
sh600145,四维瓷业,2000-05-18,14.2,14.4,13.77,14.14,14.15,1235500.0,17442504.0,636300000.0,1767500000.0,22714600.79,50845243.82,308905498.87,504781856.79,195876357.92,,,,,,,,,,,,,,,,,,,,,
sh600145,四维瓷业,2000-05-19,14.21,14.95,14.2,14.83,14.14,1122900.0,16515677.0,667350000.0,1853750000.0,22714600.79,50845243.82,308905498.87,504781856.79,195876357.92,,,,,,,,,,,,,,,,,,,,,
sh600145,四维瓷业,2000-05-22,14.85,15.38,14.85,14.9,14.83,1732400.0,26067746.0,670500000.0,1862500000.0,22714600.79,50845243.82,308905498.87,504781856.79,195876357.92,,,,,,,,,,,,,,,,,,,,,
sh600145,四维瓷业,2000-05-23,15.0,15.6,14.9,15.33,14.9,1880100.0,28899056.0,689850000.0,1916250000.0,22714600.79,50845243.82,308905498.87,504781856.79,195876357.92,,,,,,,,,,,,,,,,,,,,,
sh600145,四维瓷业,2000-05-24,15.38,15.55,15.0,15.18,15.33,842600.0,12845618.0,683100000.0,1897500000.0,22714600.79,50845243.82,308905498.87,504781856.79,195876357.92,,,,,,,,,,,,,,,,,,,,,
sh600145,四维瓷业,2000-05-25,15.3,15.78,14.99,15.19,15.18,1311300.0,20059529.0,683550000.0,1898750000.0,22714600.79,50845243.82,308905498.87,504781856.79,195876357.92,,,,,,,,,,,,,,,,,,,,,
sh600145,四维瓷业,2000-05-26,15.5,15.5,13.8,14.85,15.19,1762100.0,26237267.0,668250000.0,1856250000.0,22714600.79,50845243.82,308905498.87,504781856.79,195876357.92,,,,,,,,,,,,,,,,,,,,,
sh600145,四维瓷业,2000-05-29,14.95,15.05,14.65,14.73,14.85,1047500.0,15475898.0,662850000.0,1841250000.0,22714600.79,50845243.82,308905498.87,504781856.79,195876357.92,,,,,,,,,,,,,,,,,,,,,
sh600145,四维瓷业,2000-05-30,14.8,15.4,14.4,14.5,14.73,1171700.0,17538492.0,652500000.0,1812500000.0,22714600.79,50845243.82,308905498.87,504781856.79,195876357.92,,,,,,,,,,,,,,,,,,,,,
sh600145,四维瓷业,2000-05-31,14.7,15.0,14.35,14.5,14.5,2070100.0,30375940.0,652500000.0,1812500000.0,22714600.79,50845243.82,308905498.87,504781856.79,195876357.92,,,,,,,,,,,,,,,,,,,,,
sh600145,四维瓷业,2000-06-01,14.65,15.19,14.65,14.88,14.5,1522900.0,22690454.0,669600000.0,1860000000.0,22714600.79,50845243.82,308905498.87,504781856.79,195876357.92,,,,,,,,,,,,,,,,,,,,,
sh600145,四维瓷业,2000-06-02,15.01,15.1,14.7,14.92,14.88,795200.0,11858026.0,671400000.0,1865000000.0,22714600.79,50845243.82,308905498.87,504781856.79,195876357.92,,,,,,,,,,,,,,,,,,,,,
sh600145,四维瓷业,2000-06-05,15.0,15.1,14.49,14.69,14.92,817700.0,12023250.0,661050000.0,1836250000.0,22714600.79,50845243.82,308905498.87,504781856.79,195876357.92,,,,,,,,,,,,,,,,,,,,,
sh600145,四维瓷业,2000-06-06,14.65,14.81,14.6,14.81,14.69,563100.0,8278080.0,666450000.0,1851250000.0,22714600.79,50845243.82,308905498.87,504781856.79,195876357.92,,,,,,,,,,,,,,,,,,,,,
sh600145,四维瓷业,2000-06-07,14.85,15.31,14.85,15.17,14.81,776300.0,11738778.0,682650000.0,1896250000.0,22714600.79,50845243.82,308905498.87,504781856.79,195876357.92,,,,,,,,,,,,,,,,,,,,,
sh600145,四维瓷业,2000-06-08,15.2,15.25,14.65,14.75,15.17,655300.0,9747182.0,663750000.0,1843750000.0,22714600.79,50845243.82,308905498.87,504781856.79,195876357.92,,,,,,,,,,,,,,,,,,,,,
sh600145,四维瓷业,2000-06-09,14.67,14.97,14.6,14.6,14.75,444500.0,6539770.0,657000000.0,1825000000.0,22714600.79,50845243.82,308905498.87,504781856.79,195876357.92,,,,,,,,,,,,,,,,,,,,,
sh600145,四维瓷业,2000-06-12,14.5,14.52,13.95,14.15,14.6,1127800.0,15990518.0,636750000.0,1768750000.0,22714600.79,50845243.82,308905498.87,504781856.79,195876357.92,,,,,,,,,,,,,,,,,,,,,
sh600145,四维瓷业,2000-06-13,14.05,14.35,14.03,14.2,14.15,741200.0,10499592.0,639000000.0,1775000000.0,22714600.79,50845243.82,308905498.87,504781856.79,195876357.92,,,,,,,,,,,,,,,,,,,,,
sh600145,四维瓷业,2000-06-14,14.2,14.74,14.06,14.59,14.2,664300.0,9532059.0,656550000.0,1823750000.0,22714600.79,50845243.82,308905498.87,504781856.79,195876357.92,,,,,,,,,,,,,,,,,,,,,
sh600145,四维瓷业,2000-06-15,14.58,14.72,14.3,14.4,14.59,906900.0,13134822.0,648000000.0,1800000000.0,22714600.79,50845243.82,308905498.87,504781856.79,195876357.92,,,,,,,,,,,,,,,,,,,,,
sh600145,四维瓷业,2000-06-16,14.4,14.53,14.09,14.12,14.4,517400.0,7394429.0,635400000.0,1765000000.0,22714600.79,50845243.82,308905498.87,504781856.79,195876357.92,,,,,,,,,,,,,,,,,,,,,
sh600145,四维瓷业,2000-06-19,14.12,14.4,14.1,14.22,14.12,403600.0,5734744.0,639900000.0,1777500000.0,22714600.79,50845243.82,308905498.87,504781856.79,195876357.92,,,,,,,,,,,,,,,,,,,,,
sh600145,四维瓷业,2000-06-20,14.2,14.6,14.2,14.42,14.22,477300.0,6904103.0,648900000.0,1802500000.0,22714600.79,50845243.82,308905498.87,504781856.79,195876357.92,,,,,,,,,,,,,,,,,,,,,
sh600145,四维瓷业,2000-06-21,14.45,14.7,14.35,14.64,14.42,335100.0,4876919.0,658800000.0,1830000000.0,22714600.79,50845243.82,308905498.87,504781856.79,195876357.92,,,,,,,,,,,,,,,,,,,,,
sh600145,四维瓷业,2000-06-22,14.75,14.78,14.5,14.62,14.64,337800.0,4948356.0,657900000.0,1827500000.0,22714600.79,50845243.82,308905498.87,504781856.79,195876357.92,,,,,,,,,,,,,,,,,,,,,
sh600145,四维瓷业,2000-06-23,14.6,14.71,14.06,14.56,14.62,278500.0,4051344.0,655200000.0,1820000000.0,22714600.79,50845243.82,308905498.87,504781856.79,195876357.92,,,,,,,,,,,,,,,,,,,,,
sh600145,四维瓷业,2000-06-26,14.6,15.35,14.3,15.25,14.56,1576600.0,23604785.0,686250000.0,1906250000.0,22714600.79,50845243.82,308905498.87,504781856.79,195876357.92,,,,,,,,,,,,,,,,,,,,,
sh600145,四维瓷业,2000-06-27,15.28,15.28,14.99,15.09,15.25,1285000.0,19390987.0,679050000.0,1886250000.0,22714600.79,50845243.82,308905498.87,504781856.79,195876357.92,,,,,,,,,,,,,,,,,,,,,
sh600145,四维瓷业,2000-06-28,15.26,15.26,14.9,15.0,15.09,1546900.0,23390513.0,675000000.0,1875000000.0,22714600.79,50845243.82,308905498.87,504781856.79,195876357.92,,,,,,,,,,,,,,,,,,,,,
sh600145,四维瓷业,2000-06-29,15.0,15.06,14.75,14.91,15.0,525900.0,7841901.0,670950000.0,1863750000.0,22714600.79,50845243.82,308905498.87,504781856.79,195876357.92,,,,,,,,,,,,,,,,,,,,,
sh600145,四维瓷业,2000-06-30,14.91,15.02,14.8,14.8,14.91,377500.0,5635501.0,666000000.0,1850000000.0,22714600.79,50845243.82,308905498.87,504781856.79,195876357.92,,,,,,,,,,,,,,,,,,,,,
sh600145,四维瓷业,2000-07-03,14.75,14.88,14.45,14.68,14.8,405600.0,5969504.0,660600000.0,1835000000.0,22714600.79,50845243.82,308905498.87,504781856.79,195876357.92,,,,,,,,,,,,,,,,,,,,,
sh600145,四维瓷业,2000-07-04,14.65,14.8,14.51,14.6,14.68,221300.0,3226802.0,657000000.0,1825000000.0,22714600.79,50845243.82,308905498.87,504781856.79,195876357.92,,,,,,,,,,,,,,,,,,,,,
sh600145,四维瓷业,2000-07-05,14.7,15.26,14.53,14.95,14.6,969900.0,14614862.0,672750000.0,1868750000.0,22714600.79,50845243.82,308905498.87,504781856.79,195876357.92,,,,,,,,,,,,,,,,,,,,,
sh600145,四维瓷业,2000-07-06,14.96,15.1,14.68,14.85,14.95,1053100.0,15681096.0,668250000.0,1856250000.0,22714600.79,50845243.82,308905498.87,504781856.79,195876357.92,,,,,,,,,,,,,,,,,,,,,
sh600145,四维瓷业,2000-07-07,14.9,15.35,14.86,15.28,14.85,1021800.0,15557587.0,687600000.0,1910000000.0,22714600.79,50845243.82,308905498.87,504781856.79,195876357.92,,,,,,,,,,,,,,,,,,,,,
sh600145,四维瓷业,2000-07-10,15.4,15.48,15.18,15.32,15.28,573800.0,8793191.0,689400000.0,1915000000.0,22714600.79,50845243.82,308905498.87,504781856.79,195876357.92,,,,,,,,,,,,,,,,,,,,,
sh600145,四维瓷业,2000-07-11,15.35,15.7,15.22,15.34,15.32,931300.0,14396365.0,690300000.0,1917500000.0,22714600.79,50845243.82,308905498.87,504781856.79,195876357.92,,,,,,,,,,,,,,,,,,,,,
sh600145,四维瓷业,2000-07-12,15.41,15.49,15.1,15.14,15.34,669400.0,10161333.0,681300000.0,1892500000.0,22714600.79,50845243.82,308905498.87,504781856.79,195876357.92,,,,,,,,,,,,,,,,,,,,,
sh600145,四维瓷业,2000-07-13,15.1,15.3,14.9,14.92,15.14,847400.0,12731868.0,671400000.0,1865000000.0,22714600.79,50845243.82,308905498.87,504781856.79,195876357.92,,,,,,,,,,,,,,,,,,,,,
sh600145,四维瓷业,2000-07-14,14.9,15.1,14.86,14.98,14.92,541200.0,8095799.0,674100000.0,1872500000.0,22714600.79,50845243.82,308905498.87,504781856.79,195876357.92,,,,,,,,,,,,,,,,,,,,,
sh600145,四维瓷业,2000-07-17,15.0,15.21,14.98,15.13,14.98,430900.0,6515425.0,680850000.0,1891250000.0,22714600.79,50845243.82,308905498.87,504781856.79,195876357.92,,,,,,,,,,,,,,,,,,,,,
sh600145,四维瓷业,2000-07-18,15.15,15.5,15.0,15.25,15.13,699300.0,10668430.0,686250000.0,1906250000.0,22714600.79,50845243.82,308905498.87,504781856.79,195876357.92,,,,,,,,,,,,,,,,,,,,,
sh600145,四维瓷业,2000-07-19,15.31,15.52,15.15,15.3,15.25,529200.0,8104019.0,688500000.0,1912500000.0,22714600.79,50845243.82,308905498.87,504781856.79,195876357.92,,,,,,,,,,,,,,,,,,,,,
sh600145,四维瓷业,2000-07-20,15.31,16.05,15.3,15.99,15.3,1617300.0,25557210.0,719550000.0,1998750000.0,22714600.79,50845243.82,308905498.87,504781856.79,195876357.92,,,,,,,,,,,,,,,,,,,,,
sh600145,四维瓷业,2000-07-21,16.0,16.1,15.83,15.98,15.99,704400.0,11249601.0,719100000.0,1997500000.0,22714600.79,50845243.82,308905498.87,504781856.79,195876357.92,,,,,,,,,,,,,,,,,,,,,
sh600145,四维瓷业,2000-07-24,16.5,16.5,15.5,15.52,15.98,1191500.0,18834207.0,698400000.0,1940000000.0,22714600.79,50845243.82,308905498.87,504781856.79,195876357.92,,,,,,,,,,,,,,,,,,,,,
sh600145,四维瓷业,2000-07-25,15.7,15.7,15.36,15.51,15.52,460900.0,7141576.0,697950000.0,1938750000.0,22714600.79,50845243.82,308905498.87,504781856.79,195876357.92,,,,,,,,,,,,,,,,,,,,,
sh600145,四维瓷业,2000-07-26,15.6,15.67,15.35,15.5,15.51,625700.0,9678646.0,697500000.0,1937500000.0,22714600.79,50845243.82,308905498.87,504781856.79,195876357.92,,,,,,,,,,,,,,,,,,,,,
sh600145,四维瓷业,2000-07-27,15.6,15.6,15.2,15.32,15.5,1056600.0,16240375.0,689400000.0,1915000000.0,22714600.79,50845243.82,308905498.87,504781856.79,195876357.92,,,,,,,,,,,,,,,,,,,,,
sh600145,四维瓷业,2000-07-28,15.3,15.85,15.3,15.49,15.32,645900.0,10067833.0,697050000.0,1936250000.0,22714600.79,50845243.82,308905498.87,504781856.79,195876357.92,,,,,,,,,,,,,,,,,,,,,
sh600145,四维瓷业,2000-07-31,15.5,15.8,15.0,15.45,15.49,1348100.0,20764444.0,695250000.0,1931250000.0,22714600.79,50845243.82,308905498.87,504781856.79,195876357.92,,,,,,,,,,,,,,,,,,,,,
sh600145,四维瓷业,2000-08-01,15.0,15.4,14.8,15.03,15.45,1897200.0,28526501.0,676350000.0,1878750000.0,22714600.79,50845243.82,300097936.8899999,587317720.43,287219783.54,,,,,,,,,,,,,,,,,,,,,
sh600145,四维瓷业,2000-08-02,15.0,15.0,14.68,14.83,15.03,1204600.0,17796330.0,667350000.0,1853750000.0,22714600.79,50845243.82,300097936.8899999,587317720.43,287219783.54,,,,,,,,,,,,,,,,,,,,,
sh600145,四维瓷业,2000-08-03,14.82,15.18,14.82,15.14,14.83,447600.0,6756398.0,681300000.0,1892500000.0,22714600.79,50845243.82,300097936.8899999,587317720.43,287219783.54,,,,,,,,,,,,,,,,,,,,,
sh600145,四维瓷业,2000-08-04,15.19,15.45,15.0,15.33,15.14,575100.0,8719685.0,689850000.0,1916250000.0,22714600.79,50845243.82,300097936.8899999,587317720.43,287219783.54,,,,,,,,,,,,,,,,,,,,,
sh600145,四维瓷业,2000-08-07,15.3,15.3,15.0,15.2,15.33,563700.0,8542229.0,684000000.0,1900000000.0,22714600.79,50845243.82,300097936.8899999,587317720.43,287219783.54,,,,,,,,,,,,,,,,,,,,,
sh600145,四维瓷业,2000-08-08,15.7,15.9,15.22,15.46,15.2,2358900.0,37014650.0,695700000.0,1932500000.0,22714600.79,50845243.82,300097936.8899999,587317720.43,287219783.54,,,,,,,,,,,,,,,,,,,,,
sh600145,四维瓷业,2000-08-09,15.5,15.75,15.36,15.48,15.46,494200.0,7660013.0,696600000.0,1935000000.0,22714600.79,50845243.82,300097936.8899999,587317720.43,287219783.54,,,,,,,,,,,,,,,,,,,,,
sh600145,四维瓷业,2000-08-10,15.54,15.55,15.1,15.31,15.48,468900.0,7181093.0,688950000.0,1913750000.0,22714600.79,50845243.82,300097936.8899999,587317720.43,287219783.54,,,,,,,,,,,,,,,,,,,,,
sh600145,四维瓷业,2000-08-11,15.22,15.38,15.0,15.2,15.31,439700.0,6710096.0,684000000.0,1900000000.0,22714600.79,50845243.82,300097936.8899999,587317720.43,287219783.54,,,,,,,,,,,,,,,,,,,,,
sh600145,四维瓷业,2000-08-14,15.18,15.24,15.0,15.16,15.2,812000.0,12295383.0,682200000.0,1895000000.0,22714600.79,50845243.82,300097936.8899999,587317720.43,287219783.54,,,,,,,,,,,,,,,,,,,,,
sh600145,四维瓷业,2000-08-15,15.06,15.51,15.05,15.43,15.16,408100.0,6266455.0,694350000.0,1928750000.0,22714600.79,50845243.82,300097936.8899999,587317720.43,287219783.54,,,,,,,,,,,,,,,,,,,,,
sh600145,四维瓷业,2000-08-16,15.48,15.48,15.0,15.28,15.43,594900.0,9126550.0,687600000.0,1910000000.0,22714600.79,50845243.82,300097936.8899999,587317720.43,287219783.54,,,,,,,,,,,,,,,,,,,,,
sh600145,四维瓷业,2000-08-17,15.02,15.48,15.02,15.47,15.28,435600.0,6712523.0,696150000.0,1933750000.0,22714600.79,50845243.82,300097936.8899999,587317720.43,287219783.54,,,,,,,,,,,,,,,,,,,,,
sh600145,四维瓷业,2000-08-18,15.58,15.58,15.4,15.44,15.47,275100.0,4259616.0,694800000.0,1930000000.0,22714600.79,50845243.82,300097936.8899999,587317720.43,287219783.54,,,,,,,,,,,,,,,,,,,,,
sh600145,四维瓷业,2000-08-21,15.55,15.86,15.55,15.6,15.44,592200.0,9288913.0,702000000.0,1950000000.0,22714600.79,50845243.82,300097936.8899999,587317720.43,287219783.54,,,,,,,,,,,,,,,,,,,,,
sh600145,四维瓷业,2000-08-22,15.08,15.97,15.08,15.46,15.6,309600.0,4803543.0,695700000.0,1932500000.0,22714600.79,50845243.82,300097936.8899999,587317720.43,287219783.54,,,,,,,,,,,,,,,,,,,,,
sh600145,四维瓷业,2000-08-23,15.56,15.88,15.0,15.54,15.46,1240200.0,19087709.0,699300000.0,1942500000.0,22714600.79,50845243.82,300097936.8899999,587317720.43,287219783.54,,,,,,,,,,,,,,,,,,,,,
sh600145,四维瓷业,2000-08-24,15.05,16.1,15.05,15.95,15.54,1023100.0,16189618.0,717750000.0,1993750000.0,22714600.79,50845243.82,300097936.8899999,587317720.43,287219783.54,,,,,,,,,,,,,,,,,,,,,
sh600145,四维瓷业,2000-08-25,15.95,16.5,15.4,16.45,15.95,1340200.0,21870640.0,740250000.0,2056250000.0,22714600.79,50845243.82,300097936.8899999,587317720.43,287219783.54,,,,,,,,,,,,,,,,,,,,,
sh600145,四维瓷业,2000-08-28,16.5,16.8,15.8,16.31,16.45,902100.0,14844186.0,733950000.0,2038750000.0,22714600.79,50845243.82,300097936.8899999,587317720.43,287219783.54,,,,,,,,,,,,,,,,,,,,,
sh600145,四维瓷业,2000-08-29,16.3,16.4,16.1,16.2,16.31,310300.0,5029385.0,729000000.0,2025000000.0,22714600.79,50845243.82,300097936.8899999,587317720.43,287219783.54,,,,,,,,,,,,,,,,,,,,,
sh600145,四维瓷业,2000-08-30,16.2,16.82,16.15,16.65,16.2,618100.0,10246698.0,749250000.0,2081250000.0,22714600.79,50845243.82,300097936.8899999,587317720.43,287219783.54,,,,,,,,,,,,,,,,,,,,,
sh600145,四维瓷业,2000-08-31,16.61,16.68,16.18,16.42,16.65,642300.0,10539355.0,738900000.0,2052500000.0,22714600.79,50845243.82,300097936.8899999,587317720.43,287219783.54,,,,,,,,,,,,,,,,,,,,,
sh600145,四维瓷业,2000-09-01,16.11,16.42,16.0,16.0,16.42,545500.0,8849143.0,720000000.0,2000000000.0,22714600.79,50845243.82,300097936.8899999,587317720.43,287219783.54,,,,,,,,,,,,,,,,,,,,,
sh600145,四维瓷业,2000-09-04,15.85,16.2,15.81,16.15,16.0,349500.0,5607424.0,726750000.0,2018750000.0,22714600.79,50845243.82,300097936.8899999,587317720.43,287219783.54,,,,,,,,,,,,,,,,,,,,,
sh600145,四维瓷业,2000-09-05,16.17,16.35,15.91,15.92,16.15,269400.0,4359117.0,716400000.0,1990000000.0,22714600.79,50845243.82,300097936.8899999,587317720.43,287219783.54,,,,,,,,,,,,,,,,,,,,,
sh600145,四维瓷业,2000-09-06,15.91,16.35,15.82,16.25,15.92,570638.0,9213637.0,731250000.0,2031250000.0,22714600.79,50845243.82,300097936.8899999,587317720.43,287219783.54,,,,,,,,,,,,,,,,,,,,,
sh600145,四维瓷业,2000-09-07,16.1,17.08,16.1,16.9,16.25,675500.0,11319135.0,760500000.0,2112500000.0,22714600.79,50845243.82,300097936.8899999,587317720.43,287219783.54,,,,,,,,,,,,,,,,,,,,,
sh600145,四维瓷业,2000-09-08,17.0,17.35,16.88,16.9,16.9,517000.0,8854590.0,760500000.0,2112500000.0,22714600.79,50845243.82,300097936.8899999,587317720.43,287219783.54,,,,,,,,,,,,,,,,,,,,,
sh600145,四维瓷业,2000-09-11,16.9,18.15,16.8,18.06,16.9,654500.0,11447985.0,812700000.0,2257500000.0,22714600.79,50845243.82,300097936.8899999,587317720.43,287219783.54,,,,,,,,,,,,,,,,,,,,,
sh600145,四维瓷业,2000-09-12,18.18,18.25,17.6,18.13,18.06,807600.0,14510871.0,815850000.0,2266250000.0,22714600.79,50845243.82,300097936.8899999,587317720.43,287219783.54,,,,,,,,,,,,,,,,,,,,,
sh600145,四维瓷业,2000-09-13,18.11,18.11,17.7,17.8,18.13,474300.0,8487546.0,801000000.0,2225000000.0,22714600.79,50845243.82,300097936.8899999,587317720.43,287219783.54,,,,,,,,,,,,,,,,,,,,,
sh600145,四维瓷业,2000-09-14,17.88,18.0,17.68,17.75,17.8,460100.0,8216461.0,798750000.0,2218750000.0,22714600.79,50845243.82,300097936.8899999,587317720.43,287219783.54,,,,,,,,,,,,,,,,,,,,,
sh600145,四维瓷业,2000-09-15,17.8,18.1,17.68,18.0,17.75,215600.0,3853123.0,810000000.0,2250000000.0,22714600.79,50845243.82,300097936.8899999,587317720.43,287219783.54,,,,,,,,,,,,,,,,,,,,,
sh600145,四维瓷业,2000-09-18,18.1,18.52,17.99,17.99,18.0,450500.0,8248999.0,809550000.0,2248750000.0,22714600.79,50845243.82,300097936.8899999,587317720.43,287219783.54,,,,,,,,,,,,,,,,,,,,,
sh600145,四维瓷业,2000-09-19,17.85,17.9,16.56,16.71,17.99,780500.0,13371678.0,751950000.0,2088750000.0,22714600.79,50845243.82,300097936.8899999,587317720.43,287219783.54,,,,,,,,,,,,,,,,,,,,,
sh600145,四维瓷业,2000-09-20,16.81,17.1,16.71,16.98,16.71,385900.0,6516373.0,764100000.0,2122500000.0,22714600.79,50845243.82,300097936.8899999,587317720.43,287219783.54,,,,,,,,,,,,,,,,,,,,,
sh600145,四维瓷业,2000-09-21,17.1,17.28,16.55,16.55,16.98,279100.0,4727535.0,744750000.0,2068750000.0,22714600.79,50845243.82,300097936.8899999,587317720.43,287219783.54,,,,,,,,,,,,,,,,,,,,,
sh600145,四维瓷业,2000-09-22,16.21,16.6,16.21,16.5,16.55,261900.0,4312247.0,742500000.0,2062500000.0,22714600.79,50845243.82,300097936.8899999,587317720.43,287219783.54,,,,,,,,,,,,,,,,,,,,,
sh600145,四维瓷业,2000-09-25,16.6,16.88,16.6,16.8,16.5,117500.0,1963536.0,756000000.0,2100000000.0,22714600.79,50845243.82,300097936.8899999,587317720.43,287219783.54,,,,,,,,,,,,,,,,,,,,,
sh600145,四维瓷业,2000-09-26,16.88,17.08,16.8,16.85,16.8,135400.0,2291939.0,758250000.0,2106250000.0,22714600.79,50845243.82,300097936.8899999,587317720.43,287219783.54,,,,,,,,,,,,,,,,,,,,,
sh600145,四维瓷业,2000-09-27,16.78,17.49,16.78,17.35,16.85,236000.0,4085323.0,780750000.0,2168750000.0,22714600.79,50845243.82,300097936.8899999,587317720.43,287219783.54,,,,,,,,,,,,,,,,,,,,,
sh600145,四维瓷业,2000-09-28,17.45,17.69,17.0,17.0,17.35,332800.0,5769162.0,765000000.0,2125000000.0,22714600.79,50845243.82,300097936.8899999,587317720.43,287219783.54,,,,,,,,,,,,,,,,,,,,,
sh600145,四维瓷业,2000-09-29,17.0,17.48,16.61,16.61,17.0,278800.0,4765576.0,747450000.0,2076250000.0,22714600.79,50845243.82,300097936.8899999,587317720.43,287219783.54,,,,,,,,,,,,,,,,,,,,,
sh600145,四维瓷业,2000-10-09,17.04,17.59,16.72,17.55,16.61,286700.0,4896087.0,789750000.0,2193750000.0,22714600.79,50845243.82,300097936.8899999,587317720.43,287219783.54,,,,,,,,,,,,,,,,,,,,,
sh600145,四维瓷业,2000-10-10,17.4,17.98,17.28,17.85,17.55,270000.0,4775621.0,803250000.0,2231250000.0,22714600.79,50845243.82,300097936.8899999,587317720.43,287219783.54,,,,,,,,,,,,,,,,,,,,,
sh600145,四维瓷业,2000-10-11,18.0,18.05,17.65,17.85,17.85,221900.0,3956908.0,803250000.0,2231250000.0,22714600.79,50845243.82,300097936.8899999,587317720.43,287219783.54,,,,,,,,,,,,,,,,,,,,,
sh600145,四维瓷业,2000-10-12,17.85,18.36,17.78,18.35,17.85,480100.0,8671105.0,825750000.0,2293750000.0,22714600.79,50845243.82,300097936.8899999,587317720.43,287219783.54,,,,,,,,,,,,,,,,,,,,,
sh600145,四维瓷业,2000-10-13,18.35,18.76,17.8,17.9,18.35,515300.0,9440022.0,805500000.0,2237500000.0,22714600.79,50845243.82,300097936.8899999,587317720.43,287219783.54,,,,,,,,,,,,,,,,,,,,,
sh600145,四维瓷业,2000-10-17,18.18,18.18,17.55,17.8,17.9,127500.0,2273538.0,801000000.0,2225000000.0,22714600.79,50845243.82,300097936.8899999,587317720.43,287219783.54,,,,,,,,,,,,,,,,,,,,,
sh600145,四维瓷业,2000-10-18,18.0,18.0,17.65,17.86,17.8,162100.0,2883178.0,803700000.0,2232500000.0,22714600.79,50845243.82,300097936.8899999,587317720.43,287219783.54,,,,,,,,,,,,,,,,,,,,,
sh600145,四维瓷业,2000-10-19,17.86,18.0,17.68,17.85,17.86,154400.0,2747765.0,803250000.0,2231250000.0,22714600.79,50845243.82,300097936.8899999,587317720.43,287219783.54,,,,,,,,,,,,,,,,,,,,,
sh600145,四维瓷业,2000-10-20,17.9,17.98,17.68,17.69,17.85,177300.0,3145650.0,796050000.0,2211250000.0,22714600.79,50845243.82,300097936.8899999,587317720.43,287219783.54,,,,,,,,,,,,,,,,,,,,,
sh600145,四维瓷业,2000-10-23,17.8,17.8,17.32,17.6,17.69,344500.0,6021199.0,792000000.0,2200000000.0,22714600.79,50845243.82,300097936.8899999,587317720.43,287219783.54,,,,,,,,,,,,,,,,,,,,,
sh600145,四维瓷业,2000-10-24,17.58,17.68,17.3,17.4,17.6,461600.0,8024139.0,783000000.0,2175000000.0,22714600.79,50845243.82,300097936.8899999,587317720.43,287219783.54,,,,,,,,,,,,,,,,,,,,,
sh600145,四维瓷业,2000-10-25,17.5,17.94,17.5,17.5,17.4,364900.0,6461339.0,787500000.0,2187500000.0,22714600.79,50845243.82,300097936.8899999,587317720.43,287219783.54,,,,,,,,,,,,,,,,,,,,,
sh600145,四维瓷业,2000-10-26,17.88,17.94,17.15,17.3,17.5,482000.0,8362336.0,778500000.0,2162500000.0,22714600.79,50845243.82,300097936.8899999,587317720.43,287219783.54,,,,,,,,,,,,,,,,,,,,,
sh600145,四维瓷业,2000-10-27,17.5,17.5,16.96,16.98,17.3,376400.0,6434432.0,764100000.0,2122500000.0,22714600.79,50845243.82,300097936.8899999,587317720.43,287219783.54,,,,,,,,,,,,,,,,,,,,,
sh600145,四维瓷业,2000-10-30,17.1,17.19,16.8,16.87,16.98,418300.0,7072698.0,759150000.0,2108750000.0,22714600.79,50845243.82,300097936.8899999,587317720.43,287219783.54,,,,,,,,,,,,,,,,,,,,,
sh600145,四维瓷业,2000-10-31,16.87,17.39,16.87,17.22,16.87,252800.0,4348548.0,774900000.0,2152500000.0,22714600.79,50845243.82,300097936.8899999,587317720.43,287219783.54,,,,,,,,,,,,,,,,,,,,,
sh600145,四维瓷业,2000-11-01,17.3,17.3,17.1,17.18,17.22,119400.0,2050006.0,773100000.0,2147500000.0,22714600.79,50845243.82,300097936.8899999,587317720.43,287219783.54,,,,,,,,,,,,,,,,,,,,,
sh600145,四维瓷业,2000-11-02,17.23,17.45,17.01,17.15,17.18,200100.0,3436545.0,771750000.0,2143750000.0,22714600.79,50845243.82,300097936.8899999,587317720.43,287219783.54,,,,,,,,,,,,,,,,,,,,,
sh600145,四维瓷业,2000-11-03,17.16,17.4,17.15,17.26,17.15,130600.0,2257203.0,776700000.0,2157500000.0,22714600.79,50845243.82,300097936.8899999,587317720.43,287219783.54,,,,,,,,,,,,,,,,,,,,,
sh600145,四维瓷业,2000-11-06,17.25,17.25,16.8,16.95,17.26,479400.0,8130454.0,762750000.0,2118750000.0,22714600.79,50845243.82,300097936.8899999,587317720.43,287219783.54,,,,,,,,,,,,,,,,,,,,,
sh600145,四维瓷业,2000-11-07,17.0,17.27,16.7,16.85,16.95,300400.0,5041268.0,758250000.0,2106250000.0,22714600.79,50845243.82,300097936.8899999,587317720.43,287219783.54,,,,,,,,,,,,,,,,,,,,,
sh600145,四维瓷业,2000-11-08,16.85,17.15,16.85,17.1,16.85,212600.0,3617476.0,769500000.0,2137500000.0,22714600.79,50845243.82,300097936.8899999,587317720.43,287219783.54,,,,,,,,,,,,,,,,,,,,,
sh600145,四维瓷业,2000-11-09,17.18,17.19,16.91,17.09,17.1,244000.0,4157879.0,769050000.0,2136250000.0,22714600.79,50845243.82,300097936.8899999,587317720.43,287219783.54,,,,,,,,,,,,,,,,,,,,,
sh600145,四维瓷业,2000-11-10,17.08,17.39,17.06,17.35,17.09,328700.0,5666922.0,780750000.0,2168750000.0,22714600.79,50845243.82,300097936.8899999,587317720.43,287219783.54,,,,,,,,,,,,,,,,,,,,,
sh600145,四维瓷业,2000-11-13,17.35,17.9,17.2,17.75,17.35,475600.0,8429151.0,798750000.0,2218750000.0,22714600.79,50845243.82,300097936.8899999,587317720.43,287219783.54,,,,,,,,,,,,,,,,,,,,,
sh600145,四维瓷业,2000-11-14,17.77,18.1,17.55,17.99,17.75,279000.0,4988960.0,809550000.0,2248750000.0,22714600.79,50845243.82,300097936.8899999,587317720.43,287219783.54,,,,,,,,,,,,,,,,,,,,,
sh600145,四维瓷业,2000-11-15,17.99,18.07,17.75,17.86,17.99,438200.0,7845055.0,803700000.0,2232500000.0,22714600.79,50845243.82,300097936.8899999,587317720.43,287219783.54,,,,,,,,,,,,,,,,,,,,,
sh600145,四维瓷业,2000-11-16,17.71,18.6,17.7,18.5,17.86,778500.0,14257816.0,832500000.0,2312500000.0,22714600.79,50845243.82,300097936.8899999,587317720.43,287219783.54,,,,,,,,,,,,,,,,,,,,,
sh600145,四维瓷业,2000-11-17,18.5,18.6,18.3,18.3,18.5,612300.0,11298144.0,823500000.0,2287500000.0,22714600.79,50845243.82,300097936.8899999,587317720.43,287219783.54,,,,,,,,,,,,,,,,,,,,,
sh600145,四维瓷业,2000-11-21,18.7,19.0,18.35,18.65,18.3,513500.0,9615386.0,839250000.0,2331250000.0,22714600.79,50845243.82,300097936.8899999,587317720.43,287219783.54,,,,,,,,,,,,,,,,,,,,,
sh600145,四维瓷业,2000-11-22,18.65,18.71,18.3,18.39,18.65,534500.0,9882461.0,827550000.0,2298750000.0,22714600.79,50845243.82,300097936.8899999,587317720.43,287219783.54,,,,,,,,,,,,,,,,,,,,,
sh600145,四维瓷业,2000-11-23,18.39,18.95,18.39,18.95,18.39,433677.0,8119800.0,852750000.0,2368750000.0,22714600.79,50845243.82,300097936.8899999,587317720.43,287219783.54,,,,,,,,,,,,,,,,,,,,,
sh600145,四维瓷业,2000-11-24,19.1,19.1,18.1,18.24,18.95,743635.0,13814388.0,820800000.0,2280000000.0,22714600.79,50845243.82,300097936.8899999,587317720.43,287219783.54,,,,,,,,,,,,,,,,,,,,,
sh600145,四维瓷业,2000-11-27,18.18,18.44,17.91,18.3,18.24,555221.0,10126283.0,823500000.0,2287500000.0,22714600.79,50845243.82,300097936.8899999,587317720.43,287219783.54,,,,,,,,,,,,,,,,,,,,,
sh600145,四维瓷业,2000-11-28,18.4,19.0,18.2,19.0,18.3,705853.0,13200856.0,855000000.0,2375000000.0,22714600.79,50845243.82,300097936.8899999,587317720.43,287219783.54,,,,,,,,,,,,,,,,,,,,,
sh600145,四维瓷业,2000-11-29,19.03,19.2,18.6,18.99,19.0,464460.0,8782977.0,854550000.0,2373750000.0,22714600.79,50845243.82,300097936.8899999,587317720.43,287219783.54,,,,,,,,,,,,,,,,,,,,,
sh600145,四维瓷业,2000-11-30,18.98,19.55,18.51,19.35,18.99,379700.0,7357255.0,870750000.0,2418750000.0,22714600.79,50845243.82,300097936.8899999,587317720.43,287219783.54,,,,,,,,,,,,,,,,,,,,,
sh600145,四维瓷业,2000-12-01,18.9,19.55,18.75,18.91,19.35,301952.0,5745969.0,850950000.0,2363750000.0,22714600.79,50845243.82,300097936.8899999,587317720.43,287219783.54,,,,,,,,,,,,,,,,,,,,,
sh600145,四维瓷业,2000-12-04,19.14,19.22,18.82,19.1,18.91,148700.0,2840354.0,859500000.0,2387500000.0,22714600.79,50845243.82,300097936.8899999,587317720.43,287219783.54,,,,,,,,,,,,,,,,,,,,,
sh600145,四维瓷业,2000-12-05,19.2,19.2,18.59,18.6,19.1,422718.0,7938817.0,837000000.0,2325000000.0,22714600.79,50845243.82,300097936.8899999,587317720.43,287219783.54,,,,,,,,,,,,,,,,,,,,,
sh600145,四维瓷业,2000-12-06,18.6,18.9,18.6,18.61,18.6,429700.0,8040539.0,837450000.0,2326250000.0,22714600.79,50845243.82,300097936.8899999,587317720.43,287219783.54,,,,,,,,,,,,,,,,,,,,,
sh600145,四维瓷业,2000-12-07,18.5,18.78,18.42,18.61,18.61,410000.0,7635768.0,837450000.0,2326250000.0,22714600.79,50845243.82,300097936.8899999,587317720.43,287219783.54,,,,,,,,,,,,,,,,,,,,,
sh600145,四维瓷业,2000-12-08,18.7,18.75,18.2,18.54,18.61,316900.0,5872311.0,834300000.0,2317500000.0,22714600.79,50845243.82,300097936.8899999,587317720.43,287219783.54,,,,,,,,,,,,,,,,,,,,,
sh600145,四维瓷业,2000-12-11,18.5,18.55,18.2,18.35,18.54,271898.0,4987514.0,825750000.0,2293750000.0,22714600.79,50845243.82,300097936.8899999,587317720.43,287219783.54,,,,,,,,,,,,,,,,,,,,,
sh600145,四维瓷业,2000-12-12,18.49,18.99,18.1,18.8,18.35,268288.0,5001507.0,846000000.0,2350000000.0,22714600.79,50845243.82,300097936.8899999,587317720.43,287219783.54,,,,,,,,,,,,,,,,,,,,,
sh600145,四维瓷业,2000-12-13,18.8,19.17,18.68,18.93,18.8,159605.0,3024913.0,851850000.0,2366250000.0,22714600.79,50845243.82,300097936.8899999,587317720.43,287219783.54,,,,,,,,,,,,,,,,,,,,,
sh600145,四维瓷业,2000-12-14,19.2,19.2,18.49,18.8,18.93,215160.0,4067000.0,846000000.0,2350000000.0,22714600.79,50845243.82,300097936.8899999,587317720.43,287219783.54,,,,,,,,,,,,,,,,,,,,,
sh600145,四维瓷业,2000-12-15,18.98,19.17,18.61,18.96,18.8,265500.0,5012583.0,853200000.0,2370000000.0,22714600.79,50845243.82,300097936.8899999,587317720.43,287219783.54,,,,,,,,,,,,,,,,,,,,,
sh600145,四维瓷业,2000-12-18,18.6,19.25,17.7,19.11,18.96,703100.0,13046646.0,859950000.0,2388750000.0,22714600.79,50845243.82,300097936.8899999,587317720.43,287219783.54,,,,,,,,,,,,,,,,,,,,,
sh600145,四维瓷业,2000-12-19,17.45,17.75,17.45,17.69,17.35,433750.0,7662290.0,875655000.0,2432375000.0,22714600.79,50845243.82,300097936.8899999,587317720.43,287219783.54,,,,,,,,,,,,,,,,,,,,,
sh600145,四维瓷业,2000-12-20,17.69,18.0,17.38,17.49,17.69,341703.0,6003335.0,865755000.0,2404875000.0,22714600.79,50845243.82,300097936.8899999,587317720.43,287219783.54,,,,,,,,,,,,,,,,,,,,,
sh600145,四维瓷业,2000-12-21,17.41,17.88,17.01,17.65,17.49,519619.0,9139145.0,873675000.0,2426875000.0,22714600.79,50845243.82,300097936.8899999,587317720.43,287219783.54,,,,,,,,,,,,,,,,,,,,,
sh600145,四维瓷业,2000-12-22,17.4,17.8,17.15,17.38,17.65,394110.0,6842811.0,860310000.0,2389750000.0,22714600.79,50845243.82,300097936.8899999,587317720.43,287219783.54,,,,,,,,,,,,,,,,,,,,,
sh600145,四维瓷业,2000-12-25,17.5,17.77,17.3,17.77,17.38,661190.0,11584224.0,879615000.0,2443375000.0,22714600.79,50845243.82,300097936.8899999,587317720.43,287219783.54,,,,,,,,,,,,,,,,,,,,,
sh600145,四维瓷业,2000-12-26,17.8,18.15,17.7,18.1,17.77,417281.0,7495007.0,895950000.0,2488750000.0,22714600.79,50845243.82,300097936.8899999,587317720.43,287219783.54,,,,,,,,,,,,,,,,,,,,,
sh600145,四维瓷业,2000-12-27,18.1,18.2,17.7,17.89,18.1,314741.0,5659749.0,885555000.0,2459875000.0,22714600.79,50845243.82,300097936.8899999,587317720.43,287219783.54,,,,,,,,,,,,,,,,,,,,,
sh600145,四维瓷业,2000-12-28,17.89,18.28,17.55,17.78,17.89,500130.0,8952539.0,880110000.0,2444750000.0,22714600.79,50845243.82,300097936.8899999,587317720.43,287219783.54,,,,,,,,,,,,,,,,,,,,,
sh600145,四维瓷业,2000-12-29,17.97,18.0,17.4,17.5,17.78,203590.0,3585250.0,866250000.0,2406250000.0,22714600.79,50845243.82,300097936.8899999,587317720.43,287219783.54,,,,,,,,,,,,,,,,,,,,,
sh600145,四维瓷业,2001-01-02,17.4,17.6,17.28,17.4,17.5,326983.0,5689957.0,861300000.0,2392500000.0,22714600.79,50845243.82,300097936.8899999,587317720.43,287219783.54,,,,,,,,,,,,,,,,,,,,,
sh600145,四维瓷业,2001-01-03,17.42,17.65,17.31,17.4,17.4,440667.0,7683724.0,861300000.0,2392500000.0,22714600.79,50845243.82,300097936.8899999,587317720.43,287219783.54,,,,,,,,,,,,,,,,,,,,,
sh600145,四维瓷业,2001-01-04,17.4,17.6,17.36,17.48,17.4,251890.0,4402069.0,865260000.0,2403500000.0,22714600.79,50845243.82,300097936.8899999,587317720.43,287219783.54,,,,,,,,,,,,,,,,,,,,,
sh600145,四维瓷业,2001-01-05,17.48,17.67,17.03,17.1,17.48,540760.0,9309511.0,846450000.0,2351250000.0,22714600.79,50845243.82,300097936.8899999,587317720.43,287219783.54,,,,,,,,,,,,,,,,,,,,,
sh600145,四维瓷业,2001-01-08,17.1,17.1,16.2,16.4,17.1,1104532.0,18209689.0,811800000.0,2255000000.0,22714600.79,50845243.82,300097936.8899999,587317720.43,287219783.54,,,,,,,,,,,,,,,,,,,,,
sh600145,四维瓷业,2001-01-09,16.35,17.56,16.25,17.56,16.4,726335.0,12201513.0,869220000.0,2414500000.0,22714600.79,50845243.82,300097936.8899999,587317720.43,287219783.54,,,,,,,,,,,,,,,,,,,,,
sh600145,四维瓷业,2001-01-10,17.01,18.15,17.01,18.03,17.56,986832.0,17598014.0,892485000.0,2479125000.0,22714600.79,50845243.82,300097936.8899999,587317720.43,287219783.54,,,,,,,,,,,,,,,,,,,,,
sh600145,四维瓷业,2001-01-11,18.05,18.1,17.58,17.8,18.03,498620.0,8924109.0,881100000.0,2447500000.0,22714600.79,50845243.82,300097936.8899999,587317720.43,287219783.54,,,,,,,,,,,,,,,,,,,,,
sh600145,四维瓷业,2001-01-12,17.9,17.95,17.6,17.83,17.8,173028.0,3090332.0,882585000.0,2451625000.0,22714600.79,50845243.82,300097936.8899999,587317720.43,287219783.54,,,,,,,,,,,,,,,,,,,,,
sh600145,四维瓷业,2001-01-15,17.83,17.92,17.35,17.35,17.83,229435.0,4056701.0,858825000.0,2385625000.0,22714600.79,50845243.82,300097936.8899999,587317720.43,287219783.54,,,,,,,,,,,,,,,,,,,,,
sh600145,四维瓷业,2001-01-16,17.35,17.55,16.8,17.48,17.35,110345.0,1884295.0,865260000.0,2403500000.0,22714600.79,50845243.82,300097936.8899999,587317720.43,287219783.54,,,,,,,,,,,,,,,,,,,,,
sh600145,四维瓷业,2001-01-17,17.5,17.5,17.1,17.28,17.48,63505.0,1096403.0,855360000.0,2376000000.0,22714600.79,50845243.82,300097936.8899999,587317720.43,287219783.54,,,,,,,,,,,,,,,,,,,,,
sh600145,四维瓷业,2001-01-18,17.27,17.28,16.85,17.03,17.28,139670.0,2373748.0,842985000.0,2341625000.0,22714600.79,50845243.82,300097936.8899999,587317720.43,287219783.54,,,,,,,,,,,,,,,,,,,,,
sh600145,四维瓷业,2001-01-19,17.0,17.4,17.0,17.15,17.03,177092.0,3038913.0,848925000.0,2358125000.0,22714600.79,50845243.82,300097936.8899999,587317720.43,287219783.54,,,,,,,,,,,,,,,,,,,,,
sh600145,四维瓷业,2001-02-05,17.48,17.5,16.7,17.0,17.15,161425.0,2739747.0,841500000.0,2337500000.0,22714600.79,50845243.82,300097936.8899999,587317720.43,287219783.54,,,,,,,,,,,,,,,,,,,,,
sh600145,四维瓷业,2001-02-06,17.0,17.02,16.41,16.97,17.0,190160.0,3187782.0,840015000.0,2333375000.0,22714600.79,50845243.82,300097936.8899999,587317720.43,287219783.54,,,,,,,,,,,,,,,,,,,,,
sh600145,四维瓷业,2001-02-07,16.95,16.97,16.61,16.9,16.97,88593.0,1489367.0,836550000.0,2323750000.0,22714600.79,50845243.82,300097936.8899999,587317720.43,287219783.54,,,,,,,,,,,,,,,,,,,,,
sh600145,四维瓷业,2001-02-08,16.89,17.19,16.84,17.0,16.9,221228.0,3747634.0,841500000.0,2337500000.0,22714600.79,50845243.82,300097936.8899999,587317720.43,287219783.54,,,,,,,,,,,,,,,,,,,,,
sh600145,四维瓷业,2001-02-09,17.2,17.28,17.01,17.2,17.0,225130.0,3861779.0,851400000.0,2365000000.0,22714600.79,50845243.82,300097936.8899999,587317720.43,287219783.54,,,,,,,,,,,,,,,,,,,,,
sh600145,四维瓷业,2001-02-12,17.2,17.79,17.0,17.75,17.2,281856.0,4924879.0,878625000.0,2440625000.0,22714600.79,50845243.82,300097936.8899999,587317720.43,287219783.54,,,,,,,,,,,,,,,,,,,,,
sh600145,四维瓷业,2001-02-13,17.55,18.08,17.55,17.9,17.75,379850.0,6782559.0,886050000.0,2461250000.0,22714600.79,50845243.82,300097936.8899999,587317720.43,287219783.54,,,,,,,,,,,,,,,,,,,,,
sh600145,四维瓷业,2001-02-14,17.95,18.0,17.8,17.9,17.9,194900.0,3488751.0,886050000.0,2461250000.0,22714600.79,50845243.82,300097936.8899999,587317720.43,287219783.54,,,,,,,,,,,,,,,,,,,,,
sh600145,四维瓷业,2001-02-15,18.51,18.75,18.1,18.38,17.9,783009.0,14420696.0,909810000.0,2527250000.0,34031256.35,37903944.33,336680567.6500001,598747943.57,262067375.92,,,,,,,,,,,,,,,,,,,,,
sh600145,四维瓷业,2001-02-16,18.5,19.15,18.16,18.88,18.38,1032679.0,19414541.0,934560000.0,2596000000.0,34031256.35,37903944.33,336680567.6500001,598747943.57,262067375.92,,,,,,,,,,,,,,,,,,,,,
sh600145,四维瓷业,2001-02-19,18.89,19.0,18.6,18.86,18.88,409535.0,7704390.0,933570000.0,2593250000.0,34031256.35,37903944.33,336680567.6500001,598747943.57,262067375.92,,,,,,,,,,,,,,,,,,,,,
sh600145,四维瓷业,2001-02-20,18.88,19.2,18.7,18.88,18.86,385120.0,7292064.0,934560000.0,2596000000.0,34031256.35,37903944.33,336680567.6500001,598747943.57,262067375.92,,,,,,,,,,,,,,,,,,,,,
sh600145,四维瓷业,2001-02-21,18.7,18.88,18.45,18.69,18.88,372305.0,6945740.0,925155000.0,2569875000.0,34031256.35,37903944.33,336680567.6500001,598747943.57,262067375.92,,,,,,,,,,,,,,,,,,,,,
sh600145,四维瓷业,2001-02-22,18.69,19.13,18.5,18.89,18.69,216700.0,4076388.0,935055000.0,2597375000.0,34031256.35,37903944.33,336680567.6500001,598747943.57,262067375.92,,,,,,,,,,,,,,,,,,,,,
sh600145,四维瓷业,2001-02-23,18.98,18.98,18.7,18.88,18.89,104440.0,1963676.0,934560000.0,2596000000.0,34031256.35,37903944.33,336680567.6500001,598747943.57,262067375.92,,,,,,,,,,,,,,,,,,,,,
sh600145,四维瓷业,2001-02-26,18.89,19.3,18.89,19.28,18.88,276766.0,5312253.0,954360000.0,2651000000.0,34031256.35,37903944.33,336680567.6500001,598747943.57,262067375.92,,,,,,,,,,,,,,,,,,,,,
sh600145,四维瓷业,2001-02-27,19.3,19.46,19.11,19.29,19.28,178220.0,3435135.0,954855000.0,2652375000.0,34031256.35,37903944.33,336680567.6500001,598747943.57,262067375.92,,,,,,,,,,,,,,,,,,,,,
sh600145,四维瓷业,2001-02-28,19.31,19.31,19.1,19.25,19.29,197238.0,3791607.0,952875000.0,2646875000.0,34031256.35,37903944.33,336680567.6500001,598747943.57,262067375.92,,,,,,,,,,,,,,,,,,,,,
sh600145,四维瓷业,2001-03-01,19.25,19.5,18.71,19.49,19.25,281615.0,5372505.0,964755000.0,2679875000.0,34031256.35,37903944.33,336680567.6500001,598747943.57,262067375.92,,,,,,,,,,,,,,,,,,,,,
sh600145,四维瓷业,2001-03-02,19.55,20.18,19.55,20.18,19.49,719352.0,14337228.0,998910000.0,2774750000.0,34031256.35,37903944.33,336680567.6500001,598747943.57,262067375.92,,,,,,,,,,,,,,,,,,,,,
sh600145,四维瓷业,2001-03-05,20.5,20.6,20.18,20.35,20.18,681142.0,13856920.0,1007325000.0,2798125000.0,34031256.35,37903944.33,336680567.6500001,598747943.57,262067375.92,,,,,,,,,,,,,,,,,,,,,
sh600145,四维瓷业,2001-03-06,20.35,20.49,20.06,20.33,20.35,205756.0,4173515.0,1006335000.0,2795375000.0,34031256.35,37903944.33,336680567.6500001,598747943.57,262067375.92,,,,,,,,,,,,,,,,,,,,,
sh600145,四维瓷业,2001-03-07,20.3,20.8,20.27,20.79,20.33,289155.0,5958702.0,1029105000.0,2858625000.0,34031256.35,37903944.33,336680567.6500001,598747943.57,262067375.92,,,,,,,,,,,,,,,,,,,,,
sh600145,四维瓷业,2001-03-08,20.79,20.8,20.49,20.49,20.79,245700.0,5069877.0,1014255000.0,2817375000.0,34031256.35,37903944.33,336680567.6500001,598747943.57,262067375.92,,,,,,,,,,,,,,,,,,,,,
sh600145,四维瓷业,2001-03-09,20.45,20.5,20.01,20.45,20.49,226845.0,4615104.0,1012275000.0,2811875000.0,34031256.35,37903944.33,336680567.6500001,598747943.57,262067375.92,,,,,,,,,,,,,,,,,,,,,
sh600145,四维瓷业,2001-03-12,20.45,20.58,20.08,20.27,20.45,261155.0,5275378.0,1003365000.0,2787125000.0,34031256.35,37903944.33,336680567.6500001,598747943.57,262067375.92,,,,,,,,,,,,,,,,,,,,,
sh600145,四维瓷业,2001-03-13,20.28,20.45,20.11,20.39,20.27,119297.0,2424301.0,1009305000.0,2803625000.0,34031256.35,37903944.33,336680567.6500001,598747943.57,262067375.92,,,,,,,,,,,,,,,,,,,,,
sh600145,四维瓷业,2001-03-14,20.3,20.56,20.28,20.55,20.39,341311.0,6981468.0,1017225000.0,2825625000.0,34031256.35,37903944.33,336680567.6500001,598747943.57,262067375.92,,,,,,,,,,,,,,,,,,,,,
sh600145,四维瓷业,2001-03-15,20.6,20.85,20.4,20.85,20.55,281916.0,5814177.0,1032075000.0,2866875000.0,34031256.35,37903944.33,336680567.6500001,598747943.57,262067375.92,,,,,,,,,,,,,,,,,,,,,
sh600145,四维瓷业,2001-03-16,20.85,20.98,20.5,20.8,20.85,269000.0,5578297.0,1029600000.0,2860000000.0,34031256.35,37903944.33,336680567.6500001,598747943.57,262067375.92,,,,,,,,,,,,,,,,,,,,,
sh600145,四维瓷业,2001-03-20,21.01,21.5,20.8,21.35,20.8,569675.0,12013573.0,1056825000.0,2935625000.0,34031256.35,37903944.33,336680567.6500001,598747943.57,262067375.92,,,,,,,,,,,,,,,,,,,,,
sh600145,四维瓷业,2001-03-21,21.3,21.32,20.62,20.9,21.35,440693.0,9223926.0,1034550000.0,2873750000.0,34031256.35,37903944.33,336680567.6500001,598747943.57,262067375.92,,,,,,,,,,,,,,,,,,,,,
sh600145,四维瓷业,2001-03-22,20.95,21.3,20.72,21.16,20.9,612743.0,12864198.0,1047420000.0,2909500000.0,34031256.35,37903944.33,336680567.6500001,598747943.57,262067375.92,,,,,,,,,,,,,,,,,,,,,
sh600145,四维瓷业,2001-03-23,21.0,21.4,20.76,21.0,21.16,996785.0,21038103.0,1039500000.0,2887500000.0,34031256.35,37903944.33,336680567.6500001,598747943.57,262067375.92,,,,,,,,,,,,,,,,,,,,,
sh600145,四维瓷业,2001-03-26,11.53,11.92,11.38,11.85,11.65,1292704.0,15031804.0,1055835000.0,2932875000.0,34031256.35,37903944.33,336680567.6500001,598747943.57,262067375.92,,,,,,,,,,,,,,,,,,,,,
sh600145,四维瓷业,2001-03-27,11.9,12.4,11.9,12.13,11.85,3643699.0,44160851.0,1080783000.0,3002175000.0,34031256.35,37903944.33,336680567.6500001,598747943.57,262067375.92,,,,,,,,,,,,,,,,,,,,,
sh600145,四维瓷业,2001-03-28,12.25,12.31,11.98,12.0,12.13,1954412.0,23602518.0,1069200000.0,2970000000.0,34031256.35,37903944.33,336680567.6500001,598747943.57,262067375.92,,,,,,,,,,,,,,,,,,,,,
sh600145,四维瓷业,2001-03-29,12.18,12.19,12.0,12.17,12.0,1043314.0,12599790.0,1084347000.0,3012075000.0,34031256.35,37903944.33,336680567.6500001,598747943.57,262067375.92,,,,,,,,,,,,,,,,,,,,,
sh600145,四维瓷业,2001-03-30,12.25,12.45,12.18,12.43,12.17,1152922.0,14168293.0,1107513000.0,3076425000.0,34031256.35,37903944.33,336680567.6500001,598747943.57,262067375.92,,,,,,,,,,,,,,,,,,,,,
sh600145,四维瓷业,2001-04-02,12.5,13.3,12.5,13.21,12.43,3313507.0,43215735.0,1177011000.0,3269475000.0,34031256.35,37903944.33,336680567.6500001,598747943.57,262067375.92,,,,,,,,,,,,,,,,,,,,,
sh600145,四维瓷业,2001-04-03,13.3,13.94,12.85,12.98,13.21,5976800.0,80013516.0,1156518000.0,3212550000.0,34031256.35,37903944.33,336680567.6500001,598747943.57,262067375.92,,,,,,,,,,,,,,,,,,,,,
sh600145,四维瓷业,2001-04-04,12.97,13.0,12.6,12.75,12.98,2376099.0,30305457.0,1136025000.0,3155625000.0,34031256.35,37903944.33,336680567.6500001,598747943.57,262067375.92,,,,,,,,,,,,,,,,,,,,,
sh600145,四维瓷业,2001-04-05,12.75,13.0,12.65,12.97,12.75,1059676.0,13686014.0,1155627000.0,3210075000.0,34031256.35,37903944.33,336680567.6500001,598747943.57,262067375.92,,,,,,,,,,,,,,,,,,,,,
sh600145,四维瓷业,2001-04-06,13.0,13.15,12.75,12.82,12.97,930907.0,12048771.0,1142262000.0,3172950000.0,34031256.35,37903944.33,336680567.6500001,598747943.57,262067375.92,,,,,,,,,,,,,,,,,,,,,
sh600145,四维瓷业,2001-04-09,12.8,12.8,12.61,12.75,12.82,836894.0,10620366.0,1136025000.0,3155625000.0,34031256.35,37903944.33,336680567.6500001,598747943.57,262067375.92,,,,,,,,,,,,,,,,,,,,,
sh600145,四维瓷业,2001-04-10,12.72,12.98,12.69,12.95,12.75,367263.0,4721340.0,1153845000.0,3205125000.0,34031256.35,37903944.33,336680567.6500001,598747943.57,262067375.92,,,,,,,,,,,,,,,,,,,,,
sh600145,四维瓷业,2001-04-11,12.9,12.92,12.81,12.85,12.95,484787.0,6232525.0,1144935000.0,3180375000.0,34031256.35,37903944.33,336680567.6500001,598747943.57,262067375.92,,,,,,,,,,,,,,,,,,,,,
sh600145,四维瓷业,2001-04-12,12.85,12.92,12.75,12.85,12.85,698077.0,8972390.0,1144935000.0,3180375000.0,34031256.35,37903944.33,336680567.6500001,598747943.57,262067375.92,,,,,,,,,,,,,,,,,,,,,
sh600145,四维瓷业,2001-04-13,12.84,12.87,12.68,12.72,12.85,678460.0,8646998.0,1133352000.0,3148200000.0,34031256.35,37903944.33,336680567.6500001,598747943.57,262067375.92,,,,,,,,,,,,,,,,,,,,,
sh600145,四维瓷业,2001-04-16,12.72,12.8,12.5,12.7,12.72,1078277.0,13567741.0,1131570000.0,3143250000.0,34031256.35,37903944.33,336680567.6500001,598747943.57,262067375.92,,,,,,,,,,,,,,,,,,,,,
sh600145,四维瓷业,2001-04-17,12.7,12.72,12.46,12.51,12.7,860184.0,10775847.0,1114641000.0,3096225000.0,34031256.35,37903944.33,336680567.6500001,598747943.57,262067375.92,,,,,,,,,,,,,,,,,,,,,
sh600145,四维瓷业,2001-04-18,12.5,12.68,12.2,12.67,12.51,942060.0,11675771.0,1128897000.0,3135825000.0,34031256.35,37903944.33,336680567.6500001,598747943.57,262067375.92,,,,,,,,,,,,,,,,,,,,,
sh600145,四维瓷业,2001-04-19,12.77,13.0,12.6,12.98,12.67,903750.0,11635378.0,1156518000.0,3212550000.0,34031256.35,37903944.33,336680567.6500001,598747943.57,262067375.92,,,,,,,,,,,,,,,,,,,,,
sh600145,四维瓷业,2001-04-20,13.0,13.0,12.74,12.82,12.98,603069.0,7786211.0,1142262000.0,3172950000.0,34031256.35,37903944.33,336680567.6500001,598747943.57,262067375.92,,,,,,,,,,,,,,,,,,,,,
sh600145,四维瓷业,2001-04-23,12.8,13.25,12.71,13.23,12.82,1819084.0,23648215.0,1178793000.0,3274425000.0,34031256.35,37903944.33,336680567.6500001,598747943.57,262067375.92,,,,,,,,,,,,,,,,,,,,,
sh600145,四维瓷业,2001-04-24,13.25,13.35,13.02,13.11,13.23,1190006.0,15710342.0,1168101000.0,3244725000.0,34031256.35,37903944.33,336680567.6500001,598747943.57,262067375.92,,,,,,,,,,,,,,,,,,,,,
sh600145,四维瓷业,2001-04-25,13.11,13.17,12.6,12.8,13.11,501937.0,6495346.0,1140480000.0,3168000000.0,34031256.35,37903944.33,336680567.6500001,598747943.57,262067375.92,,,,,,,,,,,,,,,,,,,,,
sh600145,四维瓷业,2001-04-26,12.71,12.94,12.5,12.8,12.8,536265.0,6836224.0,1140480000.0,3168000000.0,34031256.35,37903944.33,336680567.6500001,598747943.57,262067375.92,,,,,,,,,,,,,,,,,,,,,
sh600145,四维瓷业,2001-04-27,12.8,13.17,12.68,13.0,12.8,815946.0,10570997.0,1158300000.0,3217500000.0,34031256.35,37903944.33,336680567.6500001,598747943.57,262067375.92,,,,,,,,,,,,,,,,,,,,,
sh600145,四维瓷业,2001-04-30,13.0,13.05,12.78,12.95,13.0,264660.0,3415477.0,1153845000.0,3205125000.0,34031256.35,37903944.33,336680567.6500001,598747943.57,262067375.92,,,,,,,,,,,,,,,,,,,,,
sh600145,四维瓷业,2001-05-08,12.93,12.93,12.6,12.8,12.95,247036.0,3163075.0,1140480000.0,3168000000.0,34031256.35,37903944.33,336680567.6500001,598747943.57,262067375.92,,,,,,,,,,,,,,,,,,,,,
sh600145,四维瓷业,2001-05-09,12.85,13.2,12.7,13.09,12.8,611411.0,7935371.0,1166319000.0,3239775000.0,34031256.35,37903944.33,336680567.6500001,598747943.57,262067375.92,,,,,,,,,,,,,,,,,,,,,
sh600145,四维瓷业,2001-05-10,13.03,13.24,13.0,13.17,13.09,502405.0,6614130.0,1173447000.0,3259575000.0,34031256.35,37903944.33,336680567.6500001,598747943.57,262067375.92,,,,,,,,,,,,,,,,,,,,,
sh600145,四维瓷业,2001-05-11,13.17,13.3,13.06,13.28,13.17,787728.0,10402626.0,1183248000.0,3286800000.0,34031256.35,37903944.33,336680567.6500001,598747943.57,262067375.92,,,,,,,,,,,,,,,,,,,,,
sh600145,四维瓷业,2001-05-14,13.36,13.55,13.0,13.53,13.28,1332197.0,17795710.0,1205523000.0,3348675000.0,34031256.35,37903944.33,336680567.6500001,598747943.57,262067375.92,,,,,,,,,,,,,,,,,,,,,
sh600145,四维瓷业,2001-05-15,13.51,13.6,13.35,13.43,13.53,704367.0,9482446.0,1196613000.0,3323925000.0,34031256.35,37903944.33,336680567.6500001,598747943.57,262067375.92,,,,,,,,,,,,,,,,,,,,,
sh600145,四维瓷业,2001-05-16,13.4,13.8,13.33,13.71,13.43,1031000.0,14022142.0,1221561000.0,3393225000.0,34031256.35,37903944.33,336680567.6500001,598747943.57,262067375.92,,,,,,,,,,,,,,,,,,,,,
sh600145,四维瓷业,2001-05-17,13.73,14.58,13.72,14.42,13.71,3256706.0,46306105.0,1284822000.0,3568950000.0,34031256.35,37903944.33,336680567.6500001,598747943.57,262067375.92,,,,,,,,,,,,,,,,,,,,,
sh600145,四维瓷业,2001-05-18,14.52,14.6,14.2,14.4,14.42,1372750.0,19732997.0,1283040000.0,3564000000.0,34031256.35,37903944.33,336680567.6500001,598747943.57,262067375.92,,,,,,,,,,,,,,,,,,,,,
sh600145,四维瓷业,2001-05-21,14.5,14.65,14.3,14.42,14.4,1046816.0,15132316.0,1284822000.0,3568950000.0,34031256.35,37903944.33,336680567.6500001,598747943.57,262067375.92,,,,,,,,,,,,,,,,,,,,,
sh600145,四维瓷业,2001-05-22,14.42,14.55,14.01,14.42,14.42,746346.0,10655121.0,1284822000.0,3568950000.0,34031256.35,37903944.33,336680567.6500001,598747943.57,262067375.92,,,,,,,,,,,,,,,,,,,,,
sh600145,四维瓷业,2001-05-23,14.4,14.4,13.98,14.19,14.42,716462.0,10116832.0,1264329000.0,3512025000.0,34031256.35,37903944.33,336680567.6500001,598747943.57,262067375.92,,,,,,,,,,,,,,,,,,,,,
sh600145,四维瓷业,2001-05-24,14.18,14.18,13.95,14.03,14.19,608934.0,8554789.0,1250073000.0,3472425000.0,34031256.35,37903944.33,336680567.6500001,598747943.57,262067375.92,,,,,,,,,,,,,,,,,,,,,
sh600145,四维瓷业,2001-05-25,14.03,14.4,14.0,14.15,14.03,570408.0,8114824.0,1260765000.0,3502125000.0,34031256.35,37903944.33,336680567.6500001,598747943.57,262067375.92,,,,,,,,,,,,,,,,,,,,,
sh600145,四维瓷业,2001-05-28,14.15,14.46,13.95,14.2,14.15,579644.0,8215814.0,1265220000.0,3514500000.0,34031256.35,37903944.33,336680567.6500001,598747943.57,262067375.92,,,,,,,,,,,,,,,,,,,,,
sh600145,四维瓷业,2001-05-29,14.2,14.45,14.2,14.38,14.2,400819.0,5749510.0,1281258000.0,3559050000.0,34031256.35,37903944.33,336680567.6500001,598747943.57,262067375.92,,,,,,,,,,,,,,,,,,,,,
sh600145,四维瓷业,2001-05-30,14.42,14.8,14.38,14.8,14.38,1247040.0,18193838.0,1318680000.0,3663000000.0,34031256.35,37903944.33,336680567.6500001,598747943.57,262067375.92,,,,,,,,,,,,,,,,,,,,,
sh600145,四维瓷业,2001-05-31,14.9,15.15,14.59,14.88,14.8,941854.0,13917620.0,1325808000.0,3682800000.0,34031256.35,37903944.33,336680567.6500001,598747943.57,262067375.92,,,,,,,,,,,,,,,,,,,,,
sh600145,四维瓷业,2001-06-01,14.88,14.9,14.51,14.71,14.88,482641.0,7083400.0,1310661000.0,3640725000.0,34031256.35,37903944.33,336680567.6500001,598747943.57,262067375.92,,,,,,,,,,,,,,,,,,,,,
sh600145,四维瓷业,2001-06-04,14.71,14.93,14.51,14.63,14.71,374832.0,5483626.0,1303533000.0,3620925000.0,34031256.35,37903944.33,336680567.6500001,598747943.57,262067375.92,,,,,,,,,,,,,,,,,,,,,
sh600145,四维瓷业,2001-06-05,14.5,14.75,14.5,14.73,14.63,596231.0,8751420.0,1312443000.0,3645675000.0,34031256.35,37903944.33,336680567.6500001,598747943.57,262067375.92,,,,,,,,,,,,,,,,,,,,,
sh600145,四维瓷业,2001-06-06,14.75,14.88,14.5,14.84,14.73,951699.0,13956375.0,1322244000.0,3672900000.0,34031256.35,37903944.33,336680567.6500001,598747943.57,262067375.92,,,,,,,,,,,,,,,,,,,,,
sh600145,四维瓷业,2001-06-07,14.8,14.9,14.5,14.62,14.84,921989.0,13444100.0,1302642000.0,3618450000.0,34031256.35,37903944.33,336680567.6500001,598747943.57,262067375.92,,,,,,,,,,,,,,,,,,,,,
sh600145,四维瓷业,2001-06-08,14.5,14.84,14.0,14.7,14.62,1427825.0,20761046.0,1309770000.0,3638250000.0,34031256.35,37903944.33,336680567.6500001,598747943.57,262067375.92,,,,,,,,,,,,,,,,,,,,,
sh600145,四维瓷业,2001-06-11,14.69,14.69,14.31,14.56,14.7,360713.0,5204243.0,1297296000.0,3603600000.0,34031256.35,37903944.33,336680567.6500001,598747943.57,262067375.92,,,,,,,,,,,,,,,,,,,,,
sh600145,四维瓷业,2001-06-12,14.35,14.62,14.28,14.48,14.56,555038.0,7986465.0,1290168000.0,3583800000.0,34031256.35,37903944.33,336680567.6500001,598747943.57,262067375.92,,,,,,,,,,,,,,,,,,,,,
sh600145,四维瓷业,2001-06-13,14.4,14.8,14.2,14.7,14.48,789534.0,11418581.0,1309770000.0,3638250000.0,34031256.35,37903944.33,336680567.6500001,598747943.57,262067375.92,,,,,,,,,,,,,,,,,,,,,
sh600145,四维瓷业,2001-06-14,14.7,14.99,14.5,14.84,14.7,1687400.0,24997042.0,1322244000.0,3672900000.0,34031256.35,37903944.33,336680567.6500001,598747943.57,262067375.92,,,,,,,,,,,,,,,,,,,,,
sh600145,四维瓷业,2001-06-15,14.8,14.98,14.55,14.75,14.84,964120.0,14263712.0,1314225000.0,3650625000.0,34031256.35,37903944.33,336680567.6500001,598747943.57,262067375.92,,,,,,,,,,,,,,,,,,,,,
sh600145,四维瓷业,2001-06-18,14.78,14.9,14.2,14.51,14.75,751096.0,10825915.0,1292841000.0,3591225000.0,34031256.35,37903944.33,336680567.6500001,598747943.57,262067375.92,,,,,,,,,,,,,,,,,,,,,
sh600145,四维瓷业,2001-06-19,14.45,14.53,14.2,14.53,14.51,449225.0,6454051.0,1294623000.0,3596175000.0,34031256.35,37903944.33,336680567.6500001,598747943.57,262067375.92,,,,,,,,,,,,,,,,,,,,,
sh600145,四维瓷业,2001-06-20,14.4,14.65,14.35,14.58,14.53,472336.0,6867207.0,1299078000.0,3608550000.0,34031256.35,37903944.33,336680567.6500001,598747943.57,262067375.92,,,,,,,,,,,,,,,,,,,,,
sh600145,四维瓷业,2001-06-21,14.58,14.88,14.5,14.88,14.58,673662.0,9887633.0,1325808000.0,3682800000.0,34031256.35,37903944.33,336680567.6500001,598747943.57,262067375.92,,,,,,,,,,,,,,,,,,,,,
sh600145,四维瓷业,2001-06-22,14.9,15.05,14.7,15.03,14.88,992516.0,14783556.0,1339173000.0,3719925000.0,34031256.35,37903944.33,336680567.6500001,598747943.57,262067375.92,,,,,,,,,,,,,,,,,,,,,
sh600145,四维瓷业,2001-06-25,15.1,15.13,14.9,15.02,15.03,436210.0,6529495.0,1338282000.0,3717450000.0,34031256.35,37903944.33,336680567.6500001,598747943.57,262067375.92,,,,,,,,,,,,,,,,,,,,,
sh600145,四维瓷业,2001-06-27,15.13,15.13,14.75,14.99,15.02,620966.0,9238582.0,1335609000.0,3710025000.0,34031256.35,37903944.33,336680567.6500001,598747943.57,262067375.92,,,,,,,,,,,,,,,,,,,,,
sh600145,四维瓷业,2001-06-28,14.99,15.29,14.7,14.99,14.99,1202995.0,17976488.0,1335609000.0,3710025000.0,34031256.35,37903944.33,336680567.6500001,598747943.57,262067375.92,,,,,,,,,,,,,,,,,,,,,
sh600145,四维瓷业,2001-06-29,15.08,15.1,14.7,15.03,14.99,887407.0,13179053.0,1339173000.0,3719925000.0,34031256.35,37903944.33,336680567.6500001,598747943.57,262067375.92,,,,,,,,,,,,,,,,,,,,,
sh600145,四维瓷业,2001-07-02,14.99,15.05,14.7,14.97,15.03,411564.0,6113468.0,1333827000.0,3705075000.0,34031256.35,37903944.33,336680567.6500001,598747943.57,262067375.92,,,,,,,,,,,,,,,,,,,,,
sh600145,四维瓷业,2001-07-03,14.85,15.01,14.7,14.95,14.97,329072.0,4889766.0,1332045000.0,3700125000.0,34031256.35,37903944.33,336680567.6500001,598747943.57,262067375.92,,,,,,,,,,,,,,,,,,,,,
sh600145,四维瓷业,2001-07-04,14.9,14.98,14.6,14.87,14.95,352200.0,5200986.0,1324917000.0,3680325000.0,34031256.35,37903944.33,336680567.6500001,598747943.57,262067375.92,,,,,,,,,,,,,,,,,,,,,
sh600145,四维瓷业,2001-07-05,14.85,14.85,14.6,14.6,14.87,258000.0,3784788.0,1300860000.0,3613500000.0,34031256.35,37903944.33,336680567.6500001,598747943.57,262067375.92,,,,,,,,,,,,,,,,,,,,,
sh600145,四维瓷业,2001-07-06,14.6,14.6,13.16,13.4,14.6,2476053.0,33541238.0,1193940000.0,3316500000.0,34031256.35,37903944.33,336680567.6500001,598747943.57,262067375.92,,,,,,,,,,,,,,,,,,,,,
sh600145,四维瓷业,2001-07-09,13.2,13.3,12.43,13.0,13.4,1481965.0,19095601.0,1158300000.0,3217500000.0,34031256.35,37903944.33,336680567.6500001,598747943.57,262067375.92,,,,,,,,,,,,,,,,,,,,,
sh600145,四维瓷业,2001-07-10,13.0,13.93,13.0,13.89,13.0,982077.0,13397942.0,1237599000.0,3437775000.0,34031256.35,37903944.33,336680567.6500001,598747943.57,262067375.92,,,,,,,,,,,,,,,,,,,,,
sh600145,四维瓷业,2001-07-11,13.7,13.9,13.29,13.7,13.89,2299173.0,31136639.0,1220670000.0,3390750000.0,34031256.35,37903944.33,336680567.6500001,598747943.57,262067375.92,,,,,,,,,,,,,,,,,,,,,
sh600145,四维瓷业,2001-07-12,13.69,13.84,13.56,13.68,13.7,453565.0,6213884.0,1218888000.0,3385800000.0,34031256.35,37903944.33,336680567.6500001,598747943.57,262067375.92,,,,,,,,,,,,,,,,,,,,,
sh600145,四维瓷业,2001-07-13,13.65,13.76,13.51,13.63,13.68,424250.0,5778295.0,1214433000.0,3373425000.0,34031256.35,37903944.33,336680567.6500001,598747943.57,262067375.92,,,,,,,,,,,,,,,,,,,,,
sh600145,四维瓷业,2001-07-16,13.67,13.9,13.56,13.75,13.63,1226214.0,16769774.0,1225125000.0,3403125000.0,34031256.35,37903944.33,336680567.6500001,598747943.57,262067375.92,,,,,,,,,,,,,,,,,,,,,
sh600145,四维瓷业,2001-07-17,13.75,13.85,13.55,13.78,13.75,441929.0,6044563.0,1227798000.0,3410550000.0,34031256.35,37903944.33,336680567.6500001,598747943.57,262067375.92,,,,,,,,,,,,,,,,,,,,,
sh600145,四维瓷业,2001-07-18,13.7,14.05,13.65,13.93,13.78,439120.0,6104037.0,1241163000.0,3447675000.0,34031256.35,37903944.33,336680567.6500001,598747943.57,262067375.92,,,,,,,,,,,,,,,,,,,,,
sh600145,四维瓷业,2001-07-19,13.79,14.15,13.7,14.14,13.93,1201912.0,16708251.0,1259874000.0,3499650000.0,34031256.35,37903944.33,336680567.6500001,598747943.57,262067375.92,,,,,,,,,,,,,,,,,,,,,
sh600145,四维瓷业,2001-07-20,14.05,14.47,13.92,14.38,14.14,1237572.0,17577802.0,1281258000.0,3559050000.0,34031256.35,37903944.33,336680567.6500001,598747943.57,262067375.92,,,,,,,,,,,,,,,,,,,,,
sh600145,四维瓷业,2001-07-23,14.38,14.46,14.3,14.36,14.38,264094.0,3795933.0,1279476000.0,3554100000.0,34031256.35,37903944.33,336680567.6500001,598747943.57,262067375.92,,,,,,,,,,,,,,,,,,,,,
sh600145,四维瓷业,2001-07-24,14.3,14.3,14.0,14.03,14.36,216800.0,3051743.0,1250073000.0,3472425000.0,34031256.35,37903944.33,336680567.6500001,598747943.57,262067375.92,,,,,,,,,,,,,,,,,,,,,
sh600145,四维瓷业,2001-07-25,14.0,14.05,13.5,13.9,14.03,724414.0,10029250.0,1238490000.0,3440250000.0,34031256.35,37903944.33,336680567.6500001,598747943.57,262067375.92,,,,,,,,,,,,,,,,,,,,,
sh600145,四维瓷业,2001-07-26,13.88,14.1,13.58,13.87,13.9,480170.0,6612457.0,1235817000.0,3432825000.0,34031256.35,37903944.33,336680567.6500001,598747943.57,262067375.92,,,,,,,,,,,,,,,,,,,,,
sh600145,四维瓷业,2001-07-27,13.8,14.08,13.8,14.0,13.87,546733.0,7652428.0,1247400000.0,3465000000.0,34031256.35,37903944.33,336680567.6500001,598747943.57,262067375.92,,,,,,,,,,,,,,,,,,,,,
sh600145,四维瓷业,2001-07-30,13.9,13.9,13.48,13.6,14.0,275316.0,3747708.0,1211760000.0,3366000000.0,34031256.35,37903944.33,336680567.6500001,598747943.57,262067375.92,,,,,,,,,,,,,,,,,,,,,
sh600145,四维瓷业,2001-07-31,13.7,13.88,13.11,13.45,13.6,239938.0,3205668.0,1198395000.0,3328875000.0,80392933.93,71327201.33,404520306.61999995,679647386.03,275127079.41,,,,,,,,,,,,,,,,,,,,,
sh600145,四维瓷业,2001-08-01,13.35,14.0,13.35,13.86,13.45,281242.0,3875418.0,1234926000.0,3430350000.0,80392933.93,71327201.33,404520306.61999995,679647386.03,275127079.41,,,,,,,,,,,,,,,,,,,,,
sh600145,四维瓷业,2001-08-02,13.6,13.9,13.42,13.8,13.86,133424.0,1819386.0,1229580000.0,3415500000.0,80392933.93,71327201.33,404520306.61999995,679647386.03,275127079.41,,,,,,,,,,,,,,,,,,,,,
sh600145,四维瓷业,2001-08-03,13.7,13.86,13.7,13.81,13.8,91022.0,1250281.0,1230471000.0,3417975000.0,80392933.93,71327201.33,404520306.61999995,679647386.03,275127079.41,,,,,,,,,,,,,,,,,,,,,
sh600145,四维瓷业,2001-08-06,13.82,13.82,13.33,13.58,13.81,125654.0,1697502.0,1209978000.0,3361050000.0,80392933.93,71327201.33,404520306.61999995,679647386.03,275127079.41,,,,,,,,,,,,,,,,,,,,,
sh600145,四维瓷业,2001-08-07,13.5,13.8,13.3,13.8,13.58,178004.0,2397401.0,1229580000.0,3415500000.0,80392933.93,71327201.33,404520306.61999995,679647386.03,275127079.41,,,,,,,,,,,,,,,,,,,,,
sh600145,四维瓷业,2001-08-08,12.55,13.77,12.55,13.72,13.8,111643.0,1514719.0,1222452000.0,3395700000.0,80392933.93,71327201.33,404520306.61999995,679647386.03,275127079.41,,,,,,,,,,,,,,,,,,,,,
sh600145,四维瓷业,2001-08-09,13.71,13.78,13.44,13.7,13.72,108312.0,1474807.0,1220670000.0,3390750000.0,80392933.93,71327201.33,404520306.61999995,679647386.03,275127079.41,,,,,,,,,,,,,,,,,,,,,
sh600145,四维瓷业,2001-08-10,13.8,13.95,13.55,13.78,13.7,268475.0,3682201.0,1227798000.0,3410550000.0,80392933.93,71327201.33,404520306.61999995,679647386.03,275127079.41,,,,,,,,,,,,,,,,,,,,,
sh600145,四维瓷业,2001-08-13,13.8,13.85,13.6,13.67,13.78,82700.0,1130185.0,1217997000.0,3383325000.0,80392933.93,71327201.33,404520306.61999995,679647386.03,275127079.41,,,,,,,,,,,,,,,,,,,,,
sh600145,四维瓷业,2001-08-14,13.6,13.75,13.55,13.67,13.67,64421.0,877790.0,1217997000.0,3383325000.0,80392933.93,71327201.33,404520306.61999995,679647386.03,275127079.41,,,,,,,,,,,,,,,,,,,,,
sh600145,四维瓷业,2001-08-15,13.62,13.74,13.42,13.6,13.67,94305.0,1273748.0,1211760000.0,3366000000.0,80392933.93,71327201.33,404520306.61999995,679647386.03,275127079.41,,,,,,,,,,,,,,,,,,,,,
sh600145,四维瓷业,2001-08-16,13.6,13.61,13.3,13.45,13.6,91060.0,1222198.0,1198395000.0,3328875000.0,80392933.93,71327201.33,404520306.61999995,679647386.03,275127079.41,,,,,,,,,,,,,,,,,,,,,
sh600145,四维瓷业,2001-08-17,13.3,13.4,12.92,13.35,13.45,283623.0,3716328.0,1189485000.0,3304125000.0,80392933.93,71327201.33,404520306.61999995,679647386.03,275127079.41,,,,,,,,,,,,,,,,,,,,,
sh600145,四维瓷业,2001-08-20,13.25,13.35,13.0,13.26,13.35,87700.0,1152561.0,1181466000.0,3281850000.0,80392933.93,71327201.33,404520306.61999995,679647386.03,275127079.41,,,,,,,,,,,,,,,,,,,,,
sh600145,四维瓷业,2001-08-21,13.1,13.4,13.1,13.28,13.26,134274.0,1772840.0,1183248000.0,3286800000.0,80392933.93,71327201.33,404520306.61999995,679647386.03,275127079.41,,,,,,,,,,,,,,,,,,,,,
sh600145,四维瓷业,2001-08-22,13.18,13.3,13.05,13.05,13.28,86400.0,1135129.0,1162755000.0,3229875000.0,80392933.93,71327201.33,404520306.61999995,679647386.03,275127079.41,,,,,,,,,,,,,,,,,,,,,
sh600145,四维瓷业,2001-08-23,13.08,13.38,13.01,13.22,13.05,155550.0,2035214.0,1177902000.0,3271950000.0,80392933.93,71327201.33,404520306.61999995,679647386.03,275127079.41,,,,,,,,,,,,,,,,,,,,,
sh600145,四维瓷业,2001-08-24,13.22,13.4,13.05,13.12,13.22,113374.0,1491430.0,1168992000.0,3247200000.0,80392933.93,71327201.33,404520306.61999995,679647386.03,275127079.41,,,,,,,,,,,,,,,,,,,,,
sh600145,四维瓷业,2001-08-27,13.25,13.25,12.6,12.81,13.12,150500.0,1934162.0,1141371000.0,3170475000.0,80392933.93,71327201.33,404520306.61999995,679647386.03,275127079.41,,,,,,,,,,,,,,,,,,,,,
sh600145,四维瓷业,2001-08-28,12.6,13.0,12.5,12.75,12.81,150584.0,1903215.0,1136025000.0,3155625000.0,80392933.93,71327201.33,404520306.61999995,679647386.03,275127079.41,,,,,,,,,,,,,,,,,,,,,
sh600145,四维瓷业,2001-08-29,12.75,12.92,12.62,12.76,12.75,122337.0,1552353.0,1136916000.0,3158100000.0,80392933.93,71327201.33,404520306.61999995,679647386.03,275127079.41,,,,,,,,,,,,,,,,,,,,,
sh600145,四维瓷业,2001-08-30,12.7,12.78,12.4,12.5,12.76,135120.0,1692814.0,1113750000.0,3093750000.0,80392933.93,71327201.33,404520306.61999995,679647386.03,275127079.41,,,,,,,,,,,,,,,,,,,,,
sh600145,四维瓷业,2001-08-31,12.5,12.88,12.49,12.88,12.5,227007.0,2881701.0,1147608000.0,3187800000.0,80392933.93,71327201.33,404520306.61999995,679647386.03,275127079.41,,,,,,,,,,,,,,,,,,,,,
sh600145,四维瓷业,2001-09-03,12.8,12.96,12.6,12.96,12.88,189026.0,2416556.0,1154736000.0,3207600000.0,80392933.93,71327201.33,404520306.61999995,679647386.03,275127079.41,,,,,,,,,,,,,,,,,,,,,
sh600145,四维瓷业,2001-09-04,12.96,13.3,12.81,13.2,12.96,171968.0,2249499.0,1176120000.0,3267000000.0,80392933.93,71327201.33,404520306.61999995,679647386.03,275127079.41,,,,,,,,,,,,,,,,,,,,,
sh600145,四维瓷业,2001-09-05,13.2,13.4,13.0,13.18,13.2,109812.0,1449093.0,1174338000.0,3262050000.0,80392933.93,71327201.33,404520306.61999995,679647386.03,275127079.41,,,,,,,,,,,,,,,,,,,,,
sh600145,四维瓷业,2001-09-06,13.18,13.3,13.0,13.16,13.18,47376.0,619127.0,1172556000.0,3257100000.0,80392933.93,71327201.33,404520306.61999995,679647386.03,275127079.41,,,,,,,,,,,,,,,,,,,,,
sh600145,四维瓷业,2001-09-07,13.16,13.34,12.7,12.97,13.16,78502.0,1010077.0,1155627000.0,3210075000.0,80392933.93,71327201.33,404520306.61999995,679647386.03,275127079.41,,,,,,,,,,,,,,,,,,,,,
sh600145,四维瓷业,2001-09-10,12.8,13.19,12.79,13.19,12.97,101948.0,1319914.0,1175229000.0,3264525000.0,80392933.93,71327201.33,404520306.61999995,679647386.03,275127079.41,,,,,,,,,,,,,,,,,,,,,
sh600145,四维瓷业,2001-09-11,13.19,13.19,12.85,13.15,13.19,133248.0,1731528.0,1171665000.0,3254625000.0,80392933.93,71327201.33,404520306.61999995,679647386.03,275127079.41,,,,,,,,,,,,,,,,,,,,,
sh600145,四维瓷业,2001-09-12,13.1,13.1,12.69,12.95,13.15,100652.0,1291050.0,1153845000.0,3205125000.0,80392933.93,71327201.33,404520306.61999995,679647386.03,275127079.41,,,,,,,,,,,,,,,,,,,,,
sh600145,四维瓷业,2001-09-13,13.1,13.1,12.72,12.89,12.95,69862.0,894085.0,1148499000.0,3190275000.0,80392933.93,71327201.33,404520306.61999995,679647386.03,275127079.41,,,,,,,,,,,,,,,,,,,,,
sh600145,四维瓷业,2001-09-14,12.99,12.99,12.45,12.69,12.89,85569.0,1079846.0,1130679000.0,3140775000.0,80392933.93,71327201.33,404520306.61999995,679647386.03,275127079.41,,,,,,,,,,,,,,,,,,,,,
sh600145,四维瓷业,2001-09-17,12.6,13.0,12.5,12.72,12.69,188680.0,2391488.0,1133352000.0,3148200000.0,80392933.93,71327201.33,404520306.61999995,679647386.03,275127079.41,,,,,,,,,,,,,,,,,,,,,
sh600145,四维瓷业,2001-09-18,12.72,12.92,12.45,12.66,12.72,140608.0,1768283.0,1128006000.0,3133350000.0,80392933.93,71327201.33,404520306.61999995,679647386.03,275127079.41,,,,,,,,,,,,,,,,,,,,,
sh600145,四维瓷业,2001-09-19,12.6,12.79,12.5,12.73,12.66,73950.0,935673.0,1134243000.0,3150675000.0,80392933.93,71327201.33,404520306.61999995,679647386.03,275127079.41,,,,,,,,,,,,,,,,,,,,,
sh600145,四维瓷业,2001-09-20,12.73,12.85,12.5,12.7,12.73,108018.0,1358217.0,1131570000.0,3143250000.0,80392933.93,71327201.33,404520306.61999995,679647386.03,275127079.41,,,,,,,,,,,,,,,,,,,,,
sh600145,四维瓷业,2001-09-21,12.7,12.74,12.46,12.59,12.7,48500.0,609112.0,1121769000.0,3116025000.0,80392933.93,71327201.33,404520306.61999995,679647386.03,275127079.41,,,,,,,,,,,,,,,,,,,,,
sh600145,四维瓷业,2001-09-24,12.5,12.7,12.4,12.5,12.59,49158.0,612543.0,1113750000.0,3093750000.0,80392933.93,71327201.33,404520306.61999995,679647386.03,275127079.41,,,,,,,,,,,,,,,,,,,,,
sh600145,四维瓷业,2001-09-25,12.5,12.55,12.2,12.35,12.5,82800.0,1023514.0,1100385000.0,3056625000.0,80392933.93,71327201.33,404520306.61999995,679647386.03,275127079.41,,,,,,,,,,,,,,,,,,,,,
sh600145,四维瓷业,2001-09-26,12.34,12.36,11.12,11.12,12.35,562700.0,6432817.0,990792000.0,2752200000.0,80392933.93,71327201.33,404520306.61999995,679647386.03,275127079.41,,,,,,,,,,,,,,,,,,,,,
sh600145,四维瓷业,2001-09-27,10.5,11.3,10.5,11.0,11.12,380668.0,4137934.0,980100000.0,2722500000.0,80392933.93,71327201.33,404520306.61999995,679647386.03,275127079.41,,,,,,,,,,,,,,,,,,,,,
sh600145,四维瓷业,2001-09-28,11.0,11.5,10.8,11.05,11.0,456450.0,5023023.0,984555000.0,2734875000.0,80392933.93,71327201.33,404520306.61999995,679647386.03,275127079.41,,,,,,,,,,,,,,,,,,,,,
sh600145,四维瓷业,2001-10-08,11.0,11.3,10.71,10.88,11.05,126200.0,1371052.0,969408000.0,2692800000.0,80392933.93,71327201.33,404520306.61999995,679647386.03,275127079.41,,,,,,,,,,,,,,,,,,,,,
sh600145,四维瓷业,2001-10-09,10.88,11.1,10.7,10.93,10.88,161128.0,1738898.0,973863000.0,2705175000.0,80392933.93,71327201.33,404520306.61999995,679647386.03,275127079.41,,,,,,,,,,,,,,,,,,,,,
sh600145,四维瓷业,2001-10-10,10.98,10.98,10.3,10.5,10.93,252600.0,2657484.0,935550000.0,2598750000.0,80392933.93,71327201.33,404520306.61999995,679647386.03,275127079.41,,,,,,,,,,,,,,,,,,,,,
sh600145,四维瓷业,2001-10-11,10.5,10.6,10.0,10.18,10.5,458255.0,4692368.0,907038000.0,2519550000.0,80392933.93,71327201.33,404520306.61999995,679647386.03,275127079.41,,,,,,,,,,,,,,,,,,,,,
sh600145,四维瓷业,2001-10-12,10.1,10.88,10.0,10.8,10.18,383072.0,3943767.0,962280000.0,2673000000.0,80392933.93,71327201.33,404520306.61999995,679647386.03,275127079.41,,,,,,,,,,,,,,,,,,,,,
sh600145,四维瓷业,2001-10-15,10.78,10.78,10.4,10.77,10.8,102345.0,1078123.0,959607000.0,2665575000.0,80392933.93,71327201.33,404520306.61999995,679647386.03,275127079.41,,,,,,,,,,,,,,,,,,,,,
sh600145,四维瓷业,2001-10-16,10.75,10.8,10.4,10.65,10.77,68400.0,718116.0,948915000.0,2635875000.0,80392933.93,71327201.33,404520306.61999995,679647386.03,275127079.41,,,,,,,,,,,,,,,,,,,,,
sh600145,四维瓷业,2001-10-17,10.65,10.65,10.4,10.58,10.65,66500.0,697532.0,942678000.0,2618550000.0,80392933.93,71327201.33,404520306.61999995,679647386.03,275127079.41,,,,,,,,,,,,,,,,,,,,,
sh600145,四维瓷业,2001-10-18,10.5,10.75,10.2,10.48,10.58,81853.0,849630.0,933768000.0,2593800000.0,80392933.93,71327201.33,404520306.61999995,679647386.03,275127079.41,,,,,,,,,,,,,,,,,,,,,
sh600145,四维瓷业,2001-10-19,10.48,10.48,10.0,10.25,10.48,125200.0,1271526.0,913275000.0,2536875000.0,80392933.93,71327201.33,404520306.61999995,679647386.03,275127079.41,,,,,,,,,,,,,,,,,,,,,
sh600145,四维瓷业,2001-10-22,10.1,10.2,10.0,10.05,10.25,232321.0,2329148.0,895455000.0,2487375000.0,80392933.93,71327201.33,404520306.61999995,679647386.03,275127079.41,,,,,,,,,,,,,,,,,,,,,
sh600145,四维瓷业,2001-10-23,10.05,11.06,10.05,11.06,10.05,717676.0,7744485.0,985446000.0,2737350000.0,80392933.93,71327201.33,404520306.61999995,679647386.03,275127079.41,,,,,,,,,,,,,,,,,,,,,
sh600145,四维瓷业,2001-10-24,11.19,11.8,11.14,11.45,11.06,890539.0,10142510.0,1020195000.0,2833875000.0,80392933.93,71327201.33,404520306.61999995,679647386.03,275127079.41,,,,,,,,,,,,,,,,,,,,,
sh600145,四维瓷业,2001-10-25,11.55,11.55,10.6,10.99,11.45,928282.0,10139587.0,979209000.0,2720025000.0,80392933.93,71327201.33,404520306.61999995,679647386.03,275127079.41,,,,,,,,,,,,,,,,,,,,,
sh600145,四维瓷业,2001-10-26,10.63,10.88,10.59,10.88,10.99,126200.0,1352726.0,969408000.0,2692800000.0,80392933.93,71327201.33,404520306.61999995,679647386.03,275127079.41,,,,,,,,,,,,,,,,,,,,,
sh600145,四维瓷业,2001-10-29,10.78,11.4,10.5,10.98,10.88,207223.0,2266235.0,978318000.0,2717550000.0,80392933.93,71327201.33,404520306.61999995,679647386.03,275127079.41,,,,,,,,,,,,,,,,,,,,,
sh600145,四维瓷业,2001-10-30,10.98,11.0,10.7,10.88,10.98,102800.0,1107224.0,969408000.0,2692800000.0,80392933.93,71327201.33,404520306.61999995,679647386.03,275127079.41,,,,,,,,,,,,,,,,,,,,,
sh600145,四维瓷业,2001-10-31,10.88,10.9,10.61,10.9,10.88,132349.0,1427246.0,971190000.0,2697750000.0,80392933.93,71327201.33,404520306.61999995,679647386.03,275127079.41,,,,,,,,,,,,,,,,,,,,,
sh600145,四维瓷业,2001-11-01,11.18,11.18,10.72,11.0,10.9,172400.0,1882430.0,980100000.0,2722500000.0,80392933.93,71327201.33,404520306.61999995,679647386.03,275127079.41,,,,,,,,,,,,,,,,,,,,,
sh600145,四维瓷业,2001-11-02,11.0,11.1,10.65,10.82,11.0,108300.0,1172234.0,964062000.0,2677950000.0,80392933.93,71327201.33,404520306.61999995,679647386.03,275127079.41,,,,,,,,,,,,,,,,,,,,,
sh600145,四维瓷业,2001-11-05,10.81,11.1,10.6,10.83,10.82,89783.0,973882.0,964953000.0,2680425000.0,80392933.93,71327201.33,404520306.61999995,679647386.03,275127079.41,,,,,,,,,,,,,,,,,,,,,
sh600145,四维瓷业,2001-11-06,10.8,10.87,10.6,10.82,10.83,89900.0,961499.0,964062000.0,2677950000.0,80392933.93,71327201.33,404520306.61999995,679647386.03,275127079.41,,,,,,,,,,,,,,,,,,,,,
sh600145,四维瓷业,2001-11-07,10.8,10.85,10.1,10.53,10.82,143082.0,1503503.0,938223000.0,2606175000.0,80392933.93,71327201.33,404520306.61999995,679647386.03,275127079.41,,,,,,,,,,,,,,,,,,,,,
sh600145,四维瓷业,2001-11-08,10.3,10.55,10.2,10.4,10.53,184000.0,1907383.0,926640000.0,2574000000.0,80392933.93,71327201.33,404520306.61999995,679647386.03,275127079.41,,,,,,,,,,,,,,,,,,,,,
sh600145,四维瓷业,2001-11-09,10.45,10.8,10.4,10.8,10.4,197408.0,2096898.0,962280000.0,2673000000.0,80392933.93,71327201.33,404520306.61999995,679647386.03,275127079.41,,,,,,,,,,,,,,,,,,,,,
sh600145,四维瓷业,2001-11-12,10.8,10.85,10.62,10.79,10.8,61204.0,657969.0,961389000.0,2670525000.0,80392933.93,71327201.33,404520306.61999995,679647386.03,275127079.41,,,,,,,,,,,,,,,,,,,,,
sh600145,四维瓷业,2001-11-13,10.78,10.85,10.6,10.84,10.79,78400.0,844042.0,965844000.0,2682900000.0,80392933.93,71327201.33,404520306.61999995,679647386.03,275127079.41,,,,,,,,,,,,,,,,,,,,,
sh600145,四维瓷业,2001-11-14,10.84,10.88,10.8,10.83,10.84,70880.0,766521.0,964953000.0,2680425000.0,80392933.93,71327201.33,404520306.61999995,679647386.03,275127079.41,,,,,,,,,,,,,,,,,,,,,
sh600145,四维瓷业,2001-11-15,10.83,11.0,10.63,10.82,10.83,74720.0,806459.0,964062000.0,2677950000.0,80392933.93,71327201.33,404520306.61999995,679647386.03,275127079.41,,,,,,,,,,,,,,,,,,,,,
sh600145,四维瓷业,2001-11-16,11.3,11.5,10.8,10.88,10.82,214320.0,2360953.0,969408000.0,2692800000.0,80392933.93,71327201.33,404520306.61999995,679647386.03,275127079.41,,,,,,,,,,,,,,,,,,,,,
sh600145,四维瓷业,2001-11-19,10.88,10.88,10.6,10.8,10.88,72305.0,776758.0,962280000.0,2673000000.0,80392933.93,71327201.33,404520306.61999995,679647386.03,275127079.41,,,,,,,,,,,,,,,,,,,,,
sh600145,四维瓷业,2001-11-20,10.8,10.99,10.66,10.92,10.8,329792.0,3581091.0,972972000.0,2702700000.0,80392933.93,71327201.33,404520306.61999995,679647386.03,275127079.41,,,,,,,,,,,,,,,,,,,,,
sh600145,四维瓷业,2001-11-21,10.92,11.25,10.83,11.25,10.92,361001.0,3970190.0,1002375000.0,2784375000.0,80392933.93,71327201.33,404520306.61999995,679647386.03,275127079.41,,,,,,,,,,,,,,,,,,,,,
sh600145,四维瓷业,2001-11-22,11.25,11.37,11.02,11.21,11.25,246114.0,2758500.0,998811000.0,2774475000.0,80392933.93,71327201.33,404520306.61999995,679647386.03,275127079.41,,,,,,,,,,,,,,,,,,,,,
sh600145,四维瓷业,2001-11-23,11.26,11.34,10.95,11.14,11.21,314180.0,3506745.0,992574000.0,2757150000.0,80392933.93,71327201.33,404520306.61999995,679647386.03,275127079.41,,,,,,,,,,,,,,,,,,,,,
sh600145,四维瓷业,2001-11-26,11.1,11.2,10.94,11.2,11.14,83200.0,919694.0,997920000.0,2772000000.0,80392933.93,71327201.33,404520306.61999995,679647386.03,275127079.41,,,,,,,,,,,,,,,,,,,,,
sh600145,四维瓷业,2001-11-27,11.19,11.19,10.96,11.17,11.2,143545.0,1590138.0,995247000.0,2764575000.0,80392933.93,71327201.33,404520306.61999995,679647386.03,275127079.41,,,,,,,,,,,,,,,,,,,,,
sh600145,四维瓷业,2001-11-28,11.17,11.17,10.9,11.12,11.17,231500.0,2563124.0,990792000.0,2752200000.0,80392933.93,71327201.33,404520306.61999995,679647386.03,275127079.41,,,,,,,,,,,,,,,,,,,,,
sh600145,四维瓷业,2001-11-29,11.18,11.44,11.12,11.4,11.12,439791.0,4976733.0,1015740000.0,2821500000.0,80392933.93,71327201.33,404520306.61999995,679647386.03,275127079.41,,,,,,,,,,,,,,,,,,,,,
sh600145,四维瓷业,2001-11-30,11.4,11.49,11.3,11.38,11.4,198205.0,2248510.0,1013958000.0,2816550000.0,80392933.93,71327201.33,404520306.61999995,679647386.03,275127079.41,,,,,,,,,,,,,,,,,,,,,
sh600145,四维瓷业,2001-12-04,11.44,11.48,11.3,11.44,11.38,307860.0,3496167.0,1019304000.0,2831400000.0,80392933.93,71327201.33,404520306.61999995,679647386.03,275127079.41,,,,,,,,,,,,,,,,,,,,,
sh600145,四维瓷业,2001-12-05,11.44,11.6,11.19,11.23,11.44,256878.0,2925903.0,1000593000.0,2779425000.0,80392933.93,71327201.33,404520306.61999995,679647386.03,275127079.41,,,,,,,,,,,,,,,,,,,,,
sh600145,四维瓷业,2001-12-06,11.25,11.3,11.08,11.22,11.23,149501.0,1674566.0,999702000.0,2776950000.0,80392933.93,71327201.33,404520306.61999995,679647386.03,275127079.41,,,,,,,,,,,,,,,,,,,,,
sh600145,四维瓷业,2001-12-07,10.97,11.48,10.97,11.27,11.22,104658.0,1172940.0,1004157000.0,2789325000.0,80392933.93,71327201.33,404520306.61999995,679647386.03,275127079.41,,,,,,,,,,,,,,,,,,,,,
sh600145,四维瓷业,2001-12-10,11.27,11.38,11.15,11.24,11.27,114600.0,1285069.0,1001484000.0,2781900000.0,80392933.93,71327201.33,404520306.61999995,679647386.03,275127079.41,,,,,,,,,,,,,,,,,,,,,
sh600145,四维瓷业,2001-12-11,11.24,11.3,11.0,11.14,11.24,139674.0,1554258.0,992574000.0,2757150000.0,80392933.93,71327201.33,404520306.61999995,679647386.03,275127079.41,,,,,,,,,,,,,,,,,,,,,
sh600145,四维瓷业,2001-12-12,11.1,11.17,10.98,11.11,11.14,117945.0,1300900.0,989901000.0,2749725000.0,80392933.93,71327201.33,404520306.61999995,679647386.03,275127079.41,,,,,,,,,,,,,,,,,,,,,
sh600145,四维瓷业,2001-12-13,11.11,11.2,10.9,11.03,11.11,130000.0,1432999.0,982773000.0,2729925000.0,80392933.93,71327201.33,404520306.61999995,679647386.03,275127079.41,,,,,,,,,,,,,,,,,,,,,
sh600145,四维瓷业,2001-12-14,10.7,11.08,10.7,10.97,11.03,58775.0,643690.0,977427000.0,2715075000.0,80392933.93,71327201.33,404520306.61999995,679647386.03,275127079.41,,,,,,,,,,,,,,,,,,,,,
sh600145,四维瓷业,2001-12-17,10.9,10.98,10.7,10.92,10.97,52466.0,569803.0,972972000.0,2702700000.0,80392933.93,71327201.33,404520306.61999995,679647386.03,275127079.41,,,,,,,,,,,,,,,,,,,,,
sh600145,四维瓷业,2001-12-18,10.7,10.99,10.7,10.96,10.92,117900.0,1280581.0,976536000.0,2712600000.0,80392933.93,71327201.33,404520306.61999995,679647386.03,275127079.41,,,,,,,,,,,,,,,,,,,,,
sh600145,四维瓷业,2001-12-19,11.0,11.35,10.99,11.18,10.96,616755.0,6930351.0,996138000.0,2767050000.0,80392933.93,71327201.33,404520306.61999995,679647386.03,275127079.41,,,,,,,,,,,,,,,,,,,,,
sh600145,四维瓷业,2001-12-20,11.2,11.29,10.81,10.96,11.18,519096.0,5754903.0,976536000.0,2712600000.0,80392933.93,71327201.33,404520306.61999995,679647386.03,275127079.41,,,,,,,,,,,,,,,,,,,,,
sh600145,四维瓷业,2001-12-21,10.8,11.03,10.8,10.97,10.96,186876.0,2037094.0,977427000.0,2715075000.0,80392933.93,71327201.33,404520306.61999995,679647386.03,275127079.41,,,,,,,,,,,,,,,,,,,,,
sh600145,四维瓷业,2001-12-24,10.97,10.97,10.5,10.63,10.97,180446.0,1936241.0,947133000.0,2630925000.0,80392933.93,71327201.33,404520306.61999995,679647386.03,275127079.41,,,,,,,,,,,,,,,,,,,,,
sh600145,四维瓷业,2001-12-25,10.6,10.9,10.31,10.71,10.63,134230.0,1429515.0,954261000.0,2650725000.0,80392933.93,71327201.33,404520306.61999995,679647386.03,275127079.41,,,,,,,,,,,,,,,,,,,,,
sh600145,四维瓷业,2001-12-26,10.71,10.75,10.45,10.61,10.71,364394.0,3855148.0,945351000.0,2625975000.0,80392933.93,71327201.33,404520306.61999995,679647386.03,275127079.41,,,,,,,,,,,,,,,,,,,,,
sh600145,四维瓷业,2001-12-27,10.6,10.8,10.2,10.36,10.61,402124.0,4199234.0,923076000.0,2564100000.0,80392933.93,71327201.33,404520306.61999995,679647386.03,275127079.41,,,,,,,,,,,,,,,,,,,,,
sh600145,四维瓷业,2001-12-28,10.4,10.46,10.24,10.4,10.36,140883.0,1457133.0,926640000.0,2574000000.0,80392933.93,71327201.33,404520306.61999995,679647386.03,275127079.41,,,,,,,,,,,,,,,,,,,,,
sh600145,四维瓷业,2001-12-31,10.4,10.6,10.4,10.58,10.4,91500.0,962195.0,942678000.0,2618550000.0,80392933.93,71327201.33,404520306.61999995,679647386.03,275127079.41,,,,,,,,,,,,,,,,,,,,,
sh600145,四维瓷业,2002-01-04,10.58,10.78,10.33,10.58,10.58,54800.0,573860.0,942678000.0,2618550000.0,80392933.93,71327201.33,404520306.61999995,679647386.03,275127079.41,,,,,,,,,,,,,,,,,,,,,
sh600145,四维瓷业,2002-01-07,10.56,10.56,10.3,10.45,10.58,39300.0,407800.0,931095000.0,2586375000.0,80392933.93,71327201.33,404520306.61999995,679647386.03,275127079.41,,,,,,,,,,,,,,,,,,,,,
sh600145,四维瓷业,2002-01-08,9.41,10.65,9.41,10.46,10.45,90580.0,950005.0,931986000.0,2588850000.0,80392933.93,71327201.33,404520306.61999995,679647386.03,275127079.41,,,,,,,,,,,,,,,,,,,,,
sh600145,四维瓷业,2002-01-09,10.59,10.6,10.33,10.46,10.46,154800.0,1615482.0,931986000.0,2588850000.0,80392933.93,71327201.33,404520306.61999995,679647386.03,275127079.41,,,,,,,,,,,,,,,,,,,,,
sh600145,四维瓷业,2002-01-10,10.4,10.64,10.31,10.62,10.46,220654.0,2312492.0,946242000.0,2628450000.0,80392933.93,71327201.33,404520306.61999995,679647386.03,275127079.41,,,,,,,,,,,,,,,,,,,,,
sh600145,四维瓷业,2002-01-11,10.67,10.67,10.49,10.51,10.62,69305.0,728450.0,936441000.0,2601225000.0,80392933.93,71327201.33,404520306.61999995,679647386.03,275127079.41,,,,,,,,,,,,,,,,,,,,,
sh600145,四维瓷业,2002-01-14,10.45,10.58,10.0,10.0,10.51,144200.0,1459214.0,891000000.0,2475000000.0,80392933.93,71327201.33,404520306.61999995,679647386.03,275127079.41,,,,,,,,,,,,,,,,,,,,,
sh600145,四维瓷业,2002-01-15,9.9,10.1,9.53,9.87,10.0,110300.0,1092823.0,879417000.0,2442825000.0,80392933.93,71327201.33,404520306.61999995,679647386.03,275127079.41,,,,,,,,,,,,,,,,,,,,,
sh600145,四维瓷业,2002-01-16,9.95,10.2,9.95,10.03,9.87,148500.0,1489078.0,893673000.0,2482425000.0,80392933.93,71327201.33,404520306.61999995,679647386.03,275127079.41,,,,,,,,,,,,,,,,,,,,,
sh600145,四维瓷业,2002-01-17,10.13,10.2,9.8,9.94,10.03,110500.0,1099665.0,885654000.0,2460150000.0,80392933.93,71327201.33,404520306.61999995,679647386.03,275127079.41,,,,,,,,,,,,,,,,,,,,,
sh600145,四维瓷业,2002-01-18,9.9,10.0,9.7,10.0,9.94,143548.0,1422720.0,891000000.0,2475000000.0,80392933.93,71327201.33,404520306.61999995,679647386.03,275127079.41,,,,,,,,,,,,,,,,,,,,,
sh600145,四维瓷业,2002-01-21,9.85,10.05,9.5,9.76,10.0,256500.0,2514597.0,869616000.0,2415600000.0,80392933.93,71327201.33,404520306.61999995,679647386.03,275127079.41,,,,,,,,,,,,,,,,,,,,,
sh600145,四维瓷业,2002-01-22,10.17,10.27,9.96,10.04,9.76,310030.0,3126726.0,894564000.0,2484900000.0,80392933.93,71327201.33,404520306.61999995,679647386.03,275127079.41,,,,,,,,,,,,,,,,,,,,,
sh600145,四维瓷业,2002-01-23,10.05,10.88,10.05,10.83,10.04,326471.0,3395591.0,964953000.0,2680425000.0,80392933.93,71327201.33,404520306.61999995,679647386.03,275127079.41,,,,,,,,,,,,,,,,,,,,,
sh600145,四维瓷业,2002-01-24,10.81,11.0,10.35,10.91,10.83,375387.0,4068649.0,972081000.0,2700225000.0,80392933.93,71327201.33,404520306.61999995,679647386.03,275127079.41,,,,,,,,,,,,,,,,,,,,,
sh600145,四维瓷业,2002-01-25,10.8,11.0,10.8,10.91,10.91,181454.0,1976286.0,972081000.0,2700225000.0,80392933.93,71327201.33,404520306.61999995,679647386.03,275127079.41,,,,,,,,,,,,,,,,,,,,,
sh600145,四维瓷业,2002-01-28,10.7,11.0,10.05,10.16,10.91,315150.0,3263056.0,905256000.0,2514600000.0,80392933.93,71327201.33,404520306.61999995,679647386.03,275127079.41,,,,,,,,,,,,,,,,,,,,,
sh600145,四维瓷业,2002-01-29,9.99,10.38,9.89,10.22,10.16,359654.0,3688289.0,910602000.0,2529450000.0,80392933.93,71327201.33,404520306.61999995,679647386.03,275127079.41,,,,,,,,,,,,,,,,,,,,,
sh600145,四维瓷业,2002-01-30,10.23,10.5,10.1,10.21,10.22,577772.0,5900162.0,909711000.0,2526975000.0,80392933.93,71327201.33,404520306.61999995,679647386.03,275127079.41,,,,,,,,,,,,,,,,,,,,,
sh600145,四维瓷业,2002-01-31,10.8,11.02,10.79,10.88,10.21,391424.0,4258084.0,969408000.0,2692800000.0,80392933.93,71327201.33,404520306.61999995,679647386.03,275127079.41,,,,,,,,,,,,,,,,,,,,,
sh600145,四维瓷业,2002-02-01,10.9,11.1,10.5,10.61,10.88,375700.0,4016566.0,945351000.0,2625975000.0,80392933.93,71327201.33,404520306.61999995,679647386.03,275127079.41,,,,,,,,,,,,,,,,,,,,,
sh600145,四维瓷业,2002-02-04,10.59,10.83,10.58,10.71,10.61,830821.0,8912455.0,954261000.0,2650725000.0,80392933.93,71327201.33,404520306.61999995,679647386.03,275127079.41,,,,,,,,,,,,,,,,,,,,,
sh600145,四维瓷业,2002-02-05,10.69,10.76,10.55,10.7,10.71,435040.0,4640305.0,953370000.0,2648250000.0,80392933.93,71327201.33,404520306.61999995,679647386.03,275127079.41,,,,,,,,,,,,,,,,,,,,,
sh600145,四维瓷业,2002-02-06,10.76,10.99,10.65,10.88,10.7,1485201.0,16113363.0,969408000.0,2692800000.0,80392933.93,71327201.33,404520306.61999995,679647386.03,275127079.41,,,,,,,,,,,,,,,,,,,,,
sh600145,四维瓷业,2002-02-07,10.95,11.33,10.88,11.3,10.88,1468516.0,16385664.0,1006830000.0,2796750000.0,80392933.93,71327201.33,404520306.61999995,679647386.03,275127079.41,,,,,,,,,,,,,,,,,,,,,
sh600145,四维瓷业,2002-02-08,11.31,11.45,11.21,11.27,11.3,1227723.0,13936893.0,1004157000.0,2789325000.0,80392933.93,71327201.33,404520306.61999995,679647386.03,275127079.41,,,,,,,,,,,,,,,,,,,,,
sh600145,四维瓷业,2002-02-25,11.45,11.92,11.45,11.89,11.27,1886582.0,22231662.0,1059399000.0,2942775000.0,80392933.93,71327201.33,404520306.61999995,679647386.03,275127079.41,,,,,,,,,,,,,,,,,,,,,
sh600145,四维瓷业,2002-02-26,12.11,12.15,11.7,11.86,11.89,1607302.0,19032917.0,1056726000.0,2935350000.0,78637958.08,63657861.51,429242927.03999996,719626056.78,290383129.74,,,,,,,,,,,,,,,,,,,,,
sh600145,四维瓷业,2002-02-27,11.88,11.9,11.7,11.78,11.86,1063120.0,12518168.0,1049598000.0,2915550000.0,78637958.08,63657861.51,429242927.03999996,719626056.78,290383129.74,,,,,,,,,,,,,,,,,,,,,
sh600145,四维瓷业,2002-02-28,11.78,11.9,11.67,11.74,11.78,692491.0,8151741.0,1046034000.0,2905650000.0,78637958.08,63657861.51,429242927.03999996,719626056.78,290383129.74,,,,,,,,,,,,,,,,,,,,,
sh600145,四维瓷业,2002-03-01,11.64,11.75,11.55,11.56,11.74,455995.0,5307355.0,1029996000.0,2861100000.0,78637958.08,63657861.51,429242927.03999996,719626056.78,290383129.74,,,,,,,,,,,,,,,,,,,,,
sh600145,四维瓷业,2002-03-04,11.56,11.9,11.56,11.88,11.56,971732.0,11478326.0,1058508000.0,2940300000.0,78637958.08,63657861.51,429242927.03999996,719626056.78,290383129.74,,,,,,,,,,,,,,,,,,,,,
sh600145,四维瓷业,2002-03-05,11.89,12.09,11.81,12.0,11.88,1274110.0,15235698.0,1069200000.0,2970000000.0,78637958.08,63657861.51,429242927.03999996,719626056.78,290383129.74,,,,,,,,,,,,,,,,,,,,,
sh600145,四维瓷业,2002-03-06,12.1,12.12,11.84,11.85,12.0,1331405.0,15932686.0,1055835000.0,2932875000.0,78637958.08,63657861.51,429242927.03999996,719626056.78,290383129.74,,,,,,,,,,,,,,,,,,,,,
sh600145,四维瓷业,2002-03-07,11.8,12.2,11.78,12.17,11.85,2185217.0,25995245.0,1084347000.0,3012075000.0,78637958.08,63657861.51,429242927.03999996,719626056.78,290383129.74,,,,,,,,,,,,,,,,,,,,,
sh600145,四维瓷业,2002-03-08,12.22,12.3,11.79,12.0,12.17,3042662.0,36424052.0,1069200000.0,2970000000.0,78637958.08,63657861.51,429242927.03999996,719626056.78,290383129.74,,,,,,,,,,,,,,,,,,,,,
sh600145,四维瓷业,2002-03-11,12.0,12.08,11.84,12.05,12.0,2125659.0,25300449.0,1073655000.0,2982375000.0,78637958.08,63657861.51,429242927.03999996,719626056.78,290383129.74,,,,,,,,,,,,,,,,,,,,,
sh600145,四维瓷业,2002-03-12,12.1,12.1,11.65,11.76,12.05,1945585.0,23003089.0,1047816000.0,2910600000.0,78637958.08,63657861.51,429242927.03999996,719626056.78,290383129.74,,,,,,,,,,,,,,,,,,,,,
sh600145,四维瓷业,2002-03-13,11.88,11.92,11.6,11.72,11.76,1253180.0,14729464.0,1044252000.0,2900700000.0,78637958.08,63657861.51,429242927.03999996,719626056.78,290383129.74,,,,,,,,,,,,,,,,,,,,,
sh600145,四维瓷业,2002-03-14,11.7,11.9,11.64,11.84,11.72,1001785.0,11799040.0,1054944000.0,2930400000.0,78637958.08,63657861.51,429242927.03999996,719626056.78,290383129.74,,,,,,,,,,,,,,,,,,,,,
sh600145,四维瓷业,2002-03-15,11.98,11.99,11.68,11.76,11.84,1090671.0,12894679.0,1047816000.0,2910600000.0,78637958.08,63657861.51,429242927.03999996,719626056.78,290383129.74,,,,,,,,,,,,,,,,,,,,,
sh600145,四维瓷业,2002-03-18,11.76,11.96,11.6,11.79,11.76,1043560.0,12277071.0,1050489000.0,2918025000.0,78637958.08,63657861.51,429242927.03999996,719626056.78,290383129.74,,,,,,,,,,,,,,,,,,,,,
sh600145,四维瓷业,2002-03-19,11.78,12.06,11.7,12.05,11.79,2861781.0,34065639.0,1073655000.0,2982375000.0,78637958.08,63657861.51,429242927.03999996,719626056.78,290383129.74,,,,,,,,,,,,,,,,,,,,,
sh600145,四维瓷业,2002-03-20,12.09,12.28,11.94,12.19,12.05,4866093.0,59039007.0,1086129000.0,3017025000.0,78637958.08,63657861.51,429242927.03999996,719626056.78,290383129.74,,,,,,,,,,,,,,,,,,,,,
sh600145,四维瓷业,2002-03-21,12.2,12.35,11.99,12.17,12.19,2025934.0,24492829.0,1084347000.0,3012075000.0,78637958.08,63657861.51,429242927.03999996,719626056.78,290383129.74,,,,,,,,,,,,,,,,,,,,,
sh600145,四维瓷业,2002-03-22,12.17,12.17,11.8,11.95,12.17,1278926.0,15231354.0,1064745000.0,2957625000.0,78637958.08,63657861.51,429242927.03999996,719626056.78,290383129.74,,,,,,,,,,,,,,,,,,,,,
sh600145,四维瓷业,2002-03-25,11.93,12.08,11.9,12.07,11.95,978075.0,11712947.0,1075437000.0,2987325000.0,78637958.08,63657861.51,429242927.03999996,719626056.78,290383129.74,,,,,,,,,,,,,,,,,,,,,
sh600145,四维瓷业,2002-03-26,12.06,12.1,11.8,11.94,12.07,860460.0,10248079.0,1063854000.0,2955150000.0,78637958.08,63657861.51,429242927.03999996,719626056.78,290383129.74,,,,,,,,,,,,,,,,,,,,,
sh600145,四维瓷业,2002-03-27,11.88,12.08,11.84,12.06,11.94,1293684.0,15491303.0,1074546000.0,2984850000.0,78637958.08,63657861.51,429242927.03999996,719626056.78,290383129.74,,,,,,,,,,,,,,,,,,,,,
sh600145,四维瓷业,2002-03-28,12.06,12.53,12.01,12.43,12.06,4104772.0,50382020.0,1107513000.0,3076425000.0,78637958.08,63657861.51,429242927.03999996,719626056.78,290383129.74,,,,,,,,,,,,,,,,,,,,,
sh600145,四维瓷业,2002-03-29,12.43,12.43,11.86,11.92,12.43,2188384.0,26544498.0,1062072000.0,2950200000.0,78637958.08,63657861.51,429242927.03999996,719626056.78,290383129.74,,,,,,,,,,,,,,,,,,,,,
sh600145,四维瓷业,2002-04-02,11.95,12.25,11.8,12.0,11.92,1802166.0,21547191.0,1069200000.0,2970000000.0,78637958.08,63657861.51,429242927.03999996,719626056.78,290383129.74,,,,,,,,,,,,,,,,,,,,,
sh600145,四维瓷业,2002-04-03,12.02,12.28,12.02,12.2,12.0,2745414.0,33391530.0,1087020000.0,3019500000.0,78637958.08,63657861.51,429242927.03999996,719626056.78,290383129.74,,,,,,,,,,,,,,,,,,,,,
sh600145,四维瓷业,2002-04-04,12.23,12.41,12.1,12.4,12.2,3286248.0,40392211.0,1104840000.0,3069000000.0,78637958.08,63657861.51,429242927.03999996,719626056.78,290383129.74,,,,,,,,,,,,,,,,,,,,,
sh600145,四维瓷业,2002-04-05,12.45,12.55,12.18,12.25,12.4,2993672.0,36933171.0,1091475000.0,3031875000.0,78637958.08,63657861.51,429242927.03999996,719626056.78,290383129.74,,,,,,,,,,,,,,,,,,,,,
sh600145,四维瓷业,2002-04-08,12.25,12.7,12.21,12.62,12.25,3540388.0,44168893.0,1124442000.0,3123450000.0,78637958.08,63657861.51,429242927.03999996,719626056.78,290383129.74,,,,,,,,,,,,,,,,,,,,,
sh600145,四维瓷业,2002-04-09,12.68,12.8,12.54,12.78,12.62,4332533.0,54916164.0,1138698000.0,3163050000.0,78637958.08,63657861.51,429242927.03999996,719626056.78,290383129.74,,,,,,,,,,,,,,,,,,,,,
sh600145,四维瓷业,2002-04-10,12.8,12.87,12.47,12.53,12.78,4522291.0,56874550.0,1116423000.0,3101175000.0,78637958.08,63657861.51,429242927.03999996,719626056.78,290383129.74,,,,,,,,,,,,,,,,,,,,,
sh600145,四维瓷业,2002-04-11,12.53,12.62,12.21,12.26,12.53,3309689.0,41165022.0,1092366000.0,3034350000.0,78637958.08,63657861.51,429242927.03999996,719626056.78,290383129.74,,,,,,,,,,,,,,,,,,,,,
sh600145,四维瓷业,2002-04-12,12.3,12.5,12.25,12.3,12.26,4469145.0,55259563.0,1095930000.0,3044250000.0,78637958.08,63657861.51,429242927.03999996,719626056.78,290383129.74,,,,,,,,,,,,,,,,,,,,,
sh600145,DR四维瓷,2002-04-15,8.85,8.89,8.6,8.76,8.75,1787068.0,15546156.0,780516000.0,2168100000.0,78637958.08,63657861.51,429242927.03999996,719626056.78,290383129.74,,,,,,,,,,,,,,,,,,,,,
sh600145,四维瓷业,2002-04-16,8.72,8.8,8.47,8.5,8.76,1800932.0,15550143.0,1060290000.0,2945250000.0,78637958.08,63657861.51,429242927.03999996,719626056.78,290383129.74,,,,,,,,,,,,,,,,,,,,,
sh600145,四维瓷业,2002-04-17,8.5,8.58,8.29,8.36,8.5,1915286.0,16044935.0,1042826400.0,2896740000.0,78637958.08,63657861.51,429242927.03999996,719626056.78,290383129.74,,,,,,,,,,,,,,,,,,,,,
sh600145,四维瓷业,2002-04-18,8.45,8.58,8.35,8.4,8.36,2203399.0,18621521.0,1047816000.0,2910600000.0,78637958.08,63657861.51,429242927.03999996,719626056.78,290383129.74,,,,,,,,,,,,,,,,,,,,,
sh600145,四维瓷业,2002-04-19,8.38,8.42,8.15,8.34,8.4,1660162.0,13716858.0,1040331600.0,2889810000.0,78637958.08,63657861.51,429242927.03999996,719626056.78,290383129.74,,,,,,,,,,,,,,,,,,,,,
sh600145,四维瓷业,2002-04-22,8.33,8.37,8.21,8.28,8.34,1057297.0,8774234.0,1032847200.0,2869020000.0,78637958.08,63657861.51,429242927.03999996,719626056.78,290383129.74,,,,,,,,,,,,,,,,,,,,,
sh600145,四维瓷业,2002-04-23,8.26,8.51,8.21,8.41,8.28,1616992.0,13564151.0,1049063400.0,2914065000.0,78637958.08,63657861.51,429242927.03999996,719626056.78,290383129.74,,,,,,,,,,,,,,,,,,,,,
sh600145,四维瓷业,2002-04-24,8.49,8.54,8.29,8.32,8.41,1207472.0,10093167.0,1037836800.0,2882880000.0,78637958.08,63657861.51,429242927.03999996,719626056.78,290383129.74,,,,,,,,,,,,,,,,,,,,,
sh600145,四维瓷业,2002-04-25,8.3,8.41,8.2,8.24,8.32,994397.0,8225752.0,1027857600.0,2855160000.0,78637958.08,63657861.51,429242927.03999996,719626056.78,290383129.74,,,,,,,,,,,,,,,,,,,,,
sh600145,四维瓷业,2002-04-26,8.27,8.45,8.22,8.39,8.24,1714434.0,14267670.0,1046568600.0,2907135000.0,78637958.08,63657861.51,429242927.03999996,719626056.78,290383129.74,,,,,,,,,,,,,,,,,,,,,
sh600145,四维瓷业,2002-04-29,8.4,8.45,8.27,8.4,8.39,1993808.0,16657183.0,1047816000.0,2910600000.0,78637958.08,63657861.51,429242927.03999996,719626056.78,290383129.74,,,,,,,,,,,,,,,,,,,,,
sh600145,四维瓷业,2002-04-30,8.35,8.48,8.29,8.4,8.4,1439279.0,12029668.0,1047816000.0,2910600000.0,78637958.08,63657861.51,441430681.08000004,721828234.98,280397553.9,12685853.95,,,,,,,,,,,,,,,,,,,,
sh600145,四维瓷业,2002-05-08,8.44,8.44,8.28,8.35,8.4,704149.0,5862751.0,1041579000.0,2893275000.0,78637958.08,63657861.51,441430681.08000004,721828234.98,280397553.9,12685853.95,,,,,,,,,,,,,,,,,,,,
sh600145,四维瓷业,2002-05-09,8.3,8.5,8.25,8.44,8.35,1624751.0,13699433.0,1052805600.0,2924460000.0,78637958.08,63657861.51,441430681.08000004,721828234.98,280397553.9,12685853.95,,,,,,,,,,,,,,,,,,,,
sh600145,四维瓷业,2002-05-10,8.45,8.5,8.31,8.41,8.44,1202526.0,10128347.0,1049063400.0,2914065000.0,78637958.08,63657861.51,441430681.08000004,721828234.98,280397553.9,12685853.95,,,,,,,,,,,,,,,,,,,,
sh600145,四维瓷业,2002-05-13,8.38,8.38,8.15,8.25,8.41,1360401.0,11149686.0,1029105000.0,2858625000.0,78637958.08,63657861.51,441430681.08000004,721828234.98,280397553.9,12685853.95,,,,,,,,,,,,,,,,,,,,
sh600145,四维瓷业,2002-05-14,8.2,8.34,8.02,8.09,8.25,1634389.0,13236602.0,1009146600.0,2803185000.0,78637958.08,63657861.51,441430681.08000004,721828234.98,280397553.9,12685853.95,,,,,,,,,,,,,,,,,,,,
sh600145,四维瓷业,2002-05-15,8.1,8.2,7.88,7.9,8.09,858390.0,6913188.0,985446000.0,2737350000.0,78637958.08,63657861.51,441430681.08000004,721828234.98,280397553.9,12685853.95,,,,,,,,,,,,,,,,,,,,
sh600145,四维瓷业,2002-05-16,7.99,7.99,7.36,7.47,7.9,1758200.0,13309183.0,931807800.0,2588355000.0,78637958.08,63657861.51,441430681.08000004,721828234.98,280397553.9,12685853.95,,,,,,,,,,,,,,,,,,,,
sh600145,四维瓷业,2002-05-17,7.4,7.55,7.36,7.48,7.47,1507319.0,11199644.0,933055200.0,2591820000.0,78637958.08,63657861.51,441430681.08000004,721828234.98,280397553.9,12685853.95,,,,,,,,,,,,,,,,,,,,
sh600145,四维瓷业,2002-05-20,7.48,7.48,7.1,7.23,7.48,918699.0,6629220.0,901870200.0,2505195000.0,78637958.08,63657861.51,441430681.08000004,721828234.98,280397553.9,12685853.95,,,,,,,,,,,,,,,,,,,,
sh600145,四维瓷业,2002-05-21,7.4,7.6,7.31,7.52,7.23,1433159.0,10686212.0,938044800.0,2605680000.0,78637958.08,63657861.51,441430681.08000004,721828234.98,280397553.9,12685853.95,,,,,,,,,,,,,,,,,,,,
sh600145,四维瓷业,2002-05-22,7.5,7.58,7.33,7.38,7.52,811521.0,6039967.0,920581200.0,2557170000.0,78637958.08,63657861.51,441430681.08000004,721828234.98,280397553.9,12685853.95,,,,,,,,,,,,,,,,,,,,
sh600145,四维瓷业,2002-05-23,7.45,7.52,7.35,7.43,7.38,856125.0,6372796.0,926818200.0,2574495000.0,78637958.08,63657861.51,441430681.08000004,721828234.98,280397553.9,12685853.95,,,,,,,,,,,,,,,,,,,,
sh600145,四维瓷业,2002-05-24,7.46,7.46,7.17,7.27,7.43,680855.0,4918739.0,906859800.0,2519055000.0,78637958.08,63657861.51,441430681.08000004,721828234.98,280397553.9,12685853.95,,,,,,,,,,,,,,,,,,,,
sh600145,四维瓷业,2002-05-27,7.25,7.33,7.15,7.3,7.27,359703.0,2598782.0,910602000.0,2529450000.0,78637958.08,63657861.51,441430681.08000004,721828234.98,280397553.9,12685853.95,,,,,,,,,,,,,,,,,,,,
sh600145,四维瓷业,2002-05-28,7.35,7.37,7.24,7.3,7.3,490220.0,3573310.0,910602000.0,2529450000.0,78637958.08,63657861.51,441430681.08000004,721828234.98,280397553.9,12685853.95,,,,,,,,,,,,,,,,,,,,
sh600145,四维瓷业,2002-05-29,7.24,7.24,7.1,7.11,7.3,570650.0,4071251.0,886901400.0,2463615000.0,78637958.08,63657861.51,441430681.08000004,721828234.98,280397553.9,12685853.95,,,,,,,,,,,,,,,,,,,,
sh600145,四维瓷业,2002-05-30,7.1,7.2,6.99,7.12,7.11,1049302.0,7399937.0,888148800.0,2467080000.0,78637958.08,63657861.51,441430681.08000004,721828234.98,280397553.9,12685853.95,,,,,,,,,,,,,,,,,,,,
sh600145,四维瓷业,2002-05-31,7.26,7.35,7.15,7.32,7.12,1160813.0,8407246.0,913096800.0,2536380000.0,78637958.08,63657861.51,441430681.08000004,721828234.98,280397553.9,12685853.95,,,,,,,,,,,,,,,,,,,,
sh600145,四维瓷业,2002-06-03,7.35,7.35,7.08,7.16,7.32,873892.0,6289655.0,893138400.0,2480940000.0,78637958.08,63657861.51,441430681.08000004,721828234.98,280397553.9,12685853.95,,,,,,,,,,,,,,,,,,,,
sh600145,四维瓷业,2002-06-04,7.2,7.27,7.07,7.22,7.16,830740.0,5953827.0,900622800.0,2501730000.0,78637958.08,63657861.51,441430681.08000004,721828234.98,280397553.9,12685853.95,,,,,,,,,,,,,,,,,,,,
sh600145,四维瓷业,2002-06-05,7.22,7.22,7.0,7.07,7.22,626756.0,4416388.0,881911800.0,2449755000.0,78637958.08,63657861.51,441430681.08000004,721828234.98,280397553.9,12685853.95,,,,,,,,,,,,,,,,,,,,
sh600145,四维瓷业,2002-06-06,7.1,7.4,7.03,7.34,7.07,1904039.0,13787471.0,915591600.0,2543310000.0,78637958.08,63657861.51,441430681.08000004,721828234.98,280397553.9,12685853.95,,,,,,,,,,,,,,,,,,,,
sh600145,四维瓷业,2002-06-07,7.36,7.45,7.23,7.39,7.34,1796428.0,13213798.0,921828600.0,2560635000.0,78637958.08,63657861.51,441430681.08000004,721828234.98,280397553.9,12685853.95,,,,,,,,,,,,,,,,,,,,
sh600145,四维瓷业,2002-06-10,7.39,7.4,7.28,7.35,7.39,584406.0,4289006.0,916839000.0,2546775000.0,78637958.08,63657861.51,441430681.08000004,721828234.98,280397553.9,12685853.95,,,,,,,,,,,,,,,,,,,,
sh600145,四维瓷业,2002-06-11,7.32,7.44,7.3,7.4,7.35,621233.0,4591894.0,923076000.0,2564100000.0,78637958.08,63657861.51,441430681.08000004,721828234.98,280397553.9,12685853.95,,,,,,,,,,,,,,,,,,,,
sh600145,四维瓷业,2002-06-12,7.45,7.45,7.28,7.37,7.4,321040.0,2358009.0,919333800.0,2553705000.0,78637958.08,63657861.51,441430681.08000004,721828234.98,280397553.9,12685853.95,,,,,,,,,,,,,,,,,,,,
sh600145,四维瓷业,2002-06-13,7.4,7.44,7.22,7.27,7.37,364500.0,2660940.0,906859800.0,2519055000.0,78637958.08,63657861.51,441430681.08000004,721828234.98,280397553.9,12685853.95,,,,,,,,,,,,,,,,,,,,
sh600145,四维瓷业,2002-06-14,7.2,7.25,7.08,7.14,7.27,477644.0,3415326.0,890643600.0,2474010000.0,78637958.08,63657861.51,441430681.08000004,721828234.98,280397553.9,12685853.95,,,,,,,,,,,,,,,,,,,,
sh600145,四维瓷业,2002-06-17,7.14,7.19,7.04,7.15,7.14,427679.0,3039289.0,891891000.0,2477475000.0,78637958.08,63657861.51,441430681.08000004,721828234.98,280397553.9,12685853.95,,,,,,,,,,,,,,,,,,,,
sh600145,四维瓷业,2002-06-18,7.21,7.33,7.13,7.28,7.15,744691.0,5407981.0,908107200.0,2522520000.0,78637958.08,63657861.51,441430681.08000004,721828234.98,280397553.9,12685853.95,,,,,,,,,,,,,,,,,,,,
sh600145,四维瓷业,2002-06-19,7.28,7.28,7.08,7.13,7.28,390820.0,2791720.0,889396200.0,2470545000.0,78637958.08,63657861.51,441430681.08000004,721828234.98,280397553.9,12685853.95,,,,,,,,,,,,,,,,,,,,
sh600145,四维瓷业,2002-06-20,7.1,7.23,7.1,7.14,7.13,268032.0,1922275.0,890643600.0,2474010000.0,78637958.08,63657861.51,441430681.08000004,721828234.98,280397553.9,12685853.95,,,,,,,,,,,,,,,,,,,,
sh600145,四维瓷业,2002-06-21,7.19,7.41,7.15,7.37,7.14,1668365.0,12204292.0,919333800.0,2553705000.0,78637958.08,63657861.51,441430681.08000004,721828234.98,280397553.9,12685853.95,,,,,,,,,,,,,,,,,,,,
sh600145,四维瓷业,2002-06-24,8.11,8.11,7.6,8.11,7.37,7592540.0,60546270.0,1011641400.0,2810115000.0,78637958.08,63657861.51,441430681.08000004,721828234.98,280397553.9,12685853.95,,,,,,,,,,,,,,,,,,,,
sh600145,四维瓷业,2002-06-25,8.06,8.11,7.69,7.83,8.11,5733526.0,45321272.0,976714200.0,2713095000.0,78637958.08,63657861.51,441430681.08000004,721828234.98,280397553.9,12685853.95,,,,,,,,,,,,,,,,,,,,
sh600145,四维瓷业,2002-06-26,7.83,7.83,7.61,7.72,7.83,2555583.0,19637993.0,962992800.0,2674980000.0,78637958.08,63657861.51,441430681.08000004,721828234.98,280397553.9,12685853.95,,,,,,,,,,,,,,,,,,,,
sh600145,四维瓷业,2002-06-27,7.73,7.78,7.47,7.67,7.72,3956233.0,30006037.0,956755800.0,2657655000.0,78637958.08,63657861.51,441430681.08000004,721828234.98,280397553.9,12685853.95,,,,,,,,,,,,,,,,,,,,
sh600145,四维瓷业,2002-06-28,7.66,7.66,7.45,7.5,7.67,3281552.0,24657964.0,935550000.0,2598750000.0,78637958.08,63657861.51,441430681.08000004,721828234.98,280397553.9,12685853.95,,,,,,,,,,,,,,,,,,,,
sh600145,四维瓷业,2002-07-01,7.52,7.69,7.5,7.54,7.5,2840423.0,21573262.0,940539600.0,2612610000.0,78637958.08,63657861.51,441430681.08000004,721828234.98,280397553.9,12685853.95,,,,,,,,,,,,,,,,,,,,
sh600145,四维瓷业,2002-07-02,7.6,7.78,7.5,7.75,7.54,2610575.0,19917886.0,966735000.0,2685375000.0,78637958.08,63657861.51,441430681.08000004,721828234.98,280397553.9,12685853.95,,,,,,,,,,,,,,,,,,,,
sh600145,四维瓷业,2002-07-03,7.77,7.89,7.7,7.84,7.75,5636149.0,44095959.0,977961600.0,2716560000.0,78637958.08,63657861.51,441430681.08000004,721828234.98,280397553.9,12685853.95,,,,,,,,,,,,,,,,,,,,
sh600145,四维瓷业,2002-07-04,7.88,7.88,7.66,7.7,7.84,3264462.0,25206112.0,960498000.0,2668050000.0,78637958.08,63657861.51,441430681.08000004,721828234.98,280397553.9,12685853.95,,,,,,,,,,,,,,,,,,,,
sh600145,四维瓷业,2002-07-05,7.68,7.74,7.58,7.72,7.7,1668553.0,12745023.0,962992800.0,2674980000.0,78637958.08,63657861.51,441430681.08000004,721828234.98,280397553.9,12685853.95,,,,,,,,,,,,,,,,,,,,
sh600145,四维瓷业,2002-07-08,7.73,7.86,7.72,7.82,7.72,3095438.0,24202159.0,975466800.0,2709630000.0,78637958.08,63657861.51,441430681.08000004,721828234.98,280397553.9,12685853.95,,,,,,,,,,,,,,,,,,,,
sh600145,四维瓷业,2002-07-09,7.88,7.88,7.73,7.75,7.82,1441960.0,11239836.0,966735000.0,2685375000.0,78637958.08,63657861.51,441430681.08000004,721828234.98,280397553.9,12685853.95,,,,,,,,,,,,,,,,,,,,
sh600145,四维瓷业,2002-07-10,7.75,7.76,7.54,7.56,7.75,1639389.0,12474727.0,943034400.0,2619540000.0,78637958.08,63657861.51,441430681.08000004,721828234.98,280397553.9,12685853.95,,,,,,,,,,,,,,,,,,,,
sh600145,四维瓷业,2002-07-11,7.54,7.62,7.52,7.55,7.56,989328.0,7493647.0,941787000.0,2616075000.0,78637958.08,63657861.51,441430681.08000004,721828234.98,280397553.9,12685853.95,,,,,,,,,,,,,,,,,,,,
sh600145,四维瓷业,2002-07-12,7.64,7.68,7.52,7.65,7.55,666970.0,5072409.0,954261000.0,2650725000.0,78637958.08,63657861.51,441430681.08000004,721828234.98,280397553.9,12685853.95,,,,,,,,,,,,,,,,,,,,
sh600145,四维瓷业,2002-07-15,7.65,7.67,7.53,7.54,7.65,795106.0,6014543.0,940539600.0,2612610000.0,78637958.08,63657861.51,441430681.08000004,721828234.98,280397553.9,12685853.95,,,,,,,,,,,,,,,,,,,,
sh600145,四维瓷业,2002-07-16,7.57,7.64,7.5,7.57,7.54,977827.0,7380960.0,944281800.0,2623005000.0,78637958.08,63657861.51,441430681.08000004,721828234.98,280397553.9,12685853.95,,,,,,,,,,,,,,,,,,,,
sh600145,四维瓷业,2002-07-17,7.62,7.68,7.58,7.66,7.57,885901.0,6751007.0,955508400.0,2654190000.0,78637958.08,63657861.51,441430681.08000004,721828234.98,280397553.9,12685853.95,,,,,,,,,,,,,,,,,,,,
sh600145,四维瓷业,2002-07-18,7.72,7.73,7.6,7.66,7.66,809252.0,6191393.0,955508400.0,2654190000.0,78637958.08,63657861.51,441430681.08000004,721828234.98,280397553.9,12685853.95,,,,,,,,,,,,,,,,,,,,
sh600145,四维瓷业,2002-07-19,7.7,7.7,7.55,7.66,7.66,1231189.0,9358630.0,955508400.0,2654190000.0,78637958.08,63657861.51,441430681.08000004,721828234.98,280397553.9,12685853.95,,,,,,,,,,,,,,,,,,,,
sh600145,四维瓷业,2002-07-22,7.66,7.66,7.4,7.48,7.66,1815113.0,13564669.0,933055200.0,2591820000.0,78637958.08,63657861.51,441430681.08000004,721828234.98,280397553.9,12685853.95,,,,,,,,,,,,,,,,,,,,
sh600145,四维瓷业,2002-07-23,7.48,7.48,7.28,7.33,7.48,1508832.0,11119968.0,914344200.0,2539845000.0,78637958.08,63657861.51,441430681.08000004,721828234.98,280397553.9,12685853.95,,,,,,,,,,,,,,,,,,,,
sh600145,四维瓷业,2002-07-24,7.38,7.38,7.25,7.29,7.33,756467.0,5514757.0,909354600.0,2525985000.0,78637958.08,63657861.51,441430681.08000004,721828234.98,280397553.9,12685853.95,,,,,,,,,,,,,,,,,,,,
sh600145,四维瓷业,2002-07-25,7.35,7.4,7.2,7.28,7.29,620690.0,4519703.0,908107200.0,2522520000.0,78637958.08,63657861.51,441430681.08000004,721828234.98,280397553.9,12685853.95,,,,,,,,,,,,,,,,,,,,
sh600145,四维瓷业,2002-07-26,7.32,7.34,7.18,7.23,7.28,661193.0,4776780.0,901870200.0,2505195000.0,78637958.08,63657861.51,441430681.08000004,721828234.98,280397553.9,12685853.95,,,,,,,,,,,,,,,,,,,,
sh600145,四维瓷业,2002-07-29,7.22,7.35,7.16,7.34,7.23,468021.0,3393232.0,915591600.0,2543310000.0,78637958.08,63657861.51,441430681.08000004,721828234.98,280397553.9,12685853.95,,,,,,,,,,,,,,,,,,,,
sh600145,四维瓷业,2002-07-30,7.35,7.35,7.23,7.29,7.34,393786.0,2866837.0,909354600.0,2525985000.0,78637958.08,63657861.51,441430681.08000004,721828234.98,280397553.9,12685853.95,,,,,,,,,,,,,,,,,,,,
sh600145,四维瓷业,2002-07-31,7.33,7.33,7.19,7.22,7.29,438140.0,3166985.0,900622800.0,2501730000.0,78637958.08,63657861.51,441430681.08000004,721828234.98,280397553.9,12685853.95,,,,,,,,,,,,,,,,,,,,
sh600145,四维瓷业,2002-08-01,7.26,7.26,7.18,7.2,7.22,341948.0,2465910.0,898128000.0,2494800000.0,78637958.08,63657861.51,441430681.08000004,721828234.98,280397553.9,12685853.95,,,,,,,,,,,,,,,,,,,,
sh600145,四维瓷业,2002-08-02,7.21,7.34,7.19,7.25,7.2,510272.0,3717592.0,904365000.0,2512125000.0,78637958.08,63657861.51,441430681.08000004,721828234.98,280397553.9,12685853.95,,,,,,,,,,,,,,,,,,,,
sh600145,四维瓷业,2002-08-05,7.25,7.31,7.21,7.23,7.25,301962.0,2184097.0,901870200.0,2505195000.0,78637958.08,63657861.51,441430681.08000004,721828234.98,280397553.9,12685853.95,,,,,,,,,,,,,,,,,,,,
sh600145,四维瓷业,2002-08-06,7.2,7.33,7.19,7.28,7.23,357352.0,2602478.0,908107200.0,2522520000.0,78637958.08,63657861.51,441430681.08000004,721828234.98,280397553.9,12685853.95,,,,,,,,,,,,,,,,,,,,
sh600145,四维瓷业,2002-08-07,7.26,7.27,7.23,7.26,7.28,233605.0,1694682.0,905612400.0,2515590000.0,78637958.08,63657861.51,441430681.08000004,721828234.98,280397553.9,12685853.95,,,,,,,,,,,,,,,,,,,,
sh600145,四维瓷业,2002-08-08,7.25,7.31,7.21,7.22,7.26,311010.0,2258648.0,900622800.0,2501730000.0,78637958.08,63657861.51,441430681.08000004,721828234.98,280397553.9,12685853.95,,,,,,,,,,,,,,,,,,,,
sh600145,四维瓷业,2002-08-09,7.22,7.23,7.15,7.17,7.22,396160.0,2843083.0,894385800.0,2484405000.0,78637958.08,63657861.51,441430681.08000004,721828234.98,280397553.9,12685853.95,,,,,,,,,,,,,,,,,,,,
sh600145,四维瓷业,2002-08-12,7.14,7.15,7.08,7.11,7.17,372327.0,2644625.0,886901400.0,2463615000.0,78637958.08,63657861.51,441430681.08000004,721828234.98,280397553.9,12685853.95,,,,,,,,,,,,,,,,,,,,
sh600145,四维瓷业,2002-08-13,7.11,7.16,7.09,7.11,7.11,212199.0,1510472.0,886901400.0,2463615000.0,78637958.08,63657861.51,441430681.08000004,721828234.98,280397553.9,12685853.95,,,,,,,,,,,,,,,,,,,,
sh600145,四维瓷业,2002-08-14,7.11,7.16,7.09,7.16,7.11,435615.0,3098428.0,893138400.0,2480940000.0,78637958.08,63657861.51,441430681.08000004,721828234.98,280397553.9,12685853.95,,,,,,,,,,,,,,,,,,,,
sh600145,四维瓷业,2002-08-15,7.07,7.13,7.0,7.02,7.16,698120.0,4907131.0,875674800.0,2432430000.0,60031711.529999994,39909220.09,460422691.65,765541300.63,305118608.98,18587970.21,,,,,,,,,,,,,,,,,,,,
sh600145,四维瓷业,2002-08-16,7.02,7.09,6.9,7.03,7.02,830985.0,5797325.0,876922200.0,2435895000.0,60031711.529999994,39909220.09,460422691.65,765541300.63,305118608.98,18587970.21,,,,,,,,,,,,,,,,,,,,
sh600145,四维瓷业,2002-08-19,7.04,7.04,6.97,7.0,7.03,275450.0,1927029.0,873180000.0,2425500000.0,60031711.529999994,39909220.09,460422691.65,765541300.63,305118608.98,18587970.21,,,,,,,,,,,,,,,,,,,,
sh600145,四维瓷业,2002-08-20,7.0,7.14,6.98,7.1,7.0,686736.0,4846952.0,885654000.0,2460150000.0,60031711.529999994,39909220.09,460422691.65,765541300.63,305118608.98,18587970.21,,,,,,,,,,,,,,,,,,,,
sh600145,四维瓷业,2002-08-21,7.1,7.11,7.02,7.07,7.1,511091.0,3602858.0,881911800.0,2449755000.0,60031711.529999994,39909220.09,460422691.65,765541300.63,305118608.98,18587970.21,,,,,,,,,,,,,,,,,,,,
sh600145,四维瓷业,2002-08-22,7.07,7.17,7.05,7.15,7.07,918923.0,6544121.0,891891000.0,2477475000.0,60031711.529999994,39909220.09,460422691.65,765541300.63,305118608.98,18587970.21,,,,,,,,,,,,,,,,,,,,
sh600145,四维瓷业,2002-08-23,7.16,7.16,7.08,7.11,7.15,575936.0,4103180.0,886901400.0,2463615000.0,60031711.529999994,39909220.09,460422691.65,765541300.63,305118608.98,18587970.21,,,,,,,,,,,,,,,,,,,,
sh600145,四维瓷业,2002-08-26,7.1,7.1,7.0,7.03,7.11,663688.0,4671590.0,876922200.0,2435895000.0,60031711.529999994,39909220.09,460422691.65,765541300.63,305118608.98,18587970.21,,,,,,,,,,,,,,,,,,,,
sh600145,四维瓷业,2002-08-27,7.07,7.09,6.98,7.05,7.03,857466.0,6014393.0,879417000.0,2442825000.0,60031711.529999994,39909220.09,460422691.65,765541300.63,305118608.98,18587970.21,,,,,,,,,,,,,,,,,,,,
sh600145,四维瓷业,2002-08-28,7.05,7.07,7.0,7.04,7.05,406955.0,2859404.0,878169600.0,2439360000.0,60031711.529999994,39909220.09,460422691.65,765541300.63,305118608.98,18587970.21,,,,,,,,,,,,,,,,,,,,
sh600145,四维瓷业,2002-08-29,7.05,7.14,7.04,7.06,7.04,600672.0,4261982.0,880664400.0,2446290000.0,60031711.529999994,39909220.09,460422691.65,765541300.63,305118608.98,18587970.21,,,,,,,,,,,,,,,,,,,,
sh600145,四维瓷业,2002-08-30,7.05,7.09,7.01,7.04,7.06,306092.0,2155195.0,878169600.0,2439360000.0,60031711.529999994,39909220.09,460422691.65,765541300.63,305118608.98,18587970.21,,,,,,,,,,,,,,,,,,,,
sh600145,四维瓷业,2002-09-02,7.02,7.07,7.0,7.05,7.04,368840.0,2590131.0,879417000.0,2442825000.0,60031711.529999994,39909220.09,460422691.65,765541300.63,305118608.98,18587970.21,,,,,,,,,,,,,,,,,,,,
sh600145,四维瓷业,2002-09-03,7.03,7.08,7.02,7.04,7.05,491100.0,3460798.0,878169600.0,2439360000.0,60031711.529999994,39909220.09,460422691.65,765541300.63,305118608.98,18587970.21,,,,,,,,,,,,,,,,,,,,
sh600145,四维瓷业,2002-09-04,7.03,7.07,7.02,7.05,7.04,479469.0,3374804.0,879417000.0,2442825000.0,60031711.529999994,39909220.09,460422691.65,765541300.63,305118608.98,18587970.21,,,,,,,,,,,,,,,,,,,,
sh600145,四维瓷业,2002-09-05,7.05,7.06,6.91,6.93,7.05,754830.0,5257927.0,864448200.0,2401245000.0,60031711.529999994,39909220.09,460422691.65,765541300.63,305118608.98,18587970.21,,,,,,,,,,,,,,,,,,,,
sh600145,四维瓷业,2002-09-06,6.9,6.98,6.84,6.85,6.93,498400.0,3439594.0,854469000.0,2373525000.0,60031711.529999994,39909220.09,460422691.65,765541300.63,305118608.98,18587970.21,,,,,,,,,,,,,,,,,,,,
sh600145,四维瓷业,2002-09-09,6.81,6.81,6.69,6.71,6.85,852620.0,5742796.0,837005400.0,2325015000.0,60031711.529999994,39909220.09,460422691.65,765541300.63,305118608.98,18587970.21,,,,,,,,,,,,,,,,,,,,
sh600145,四维瓷业,2002-09-10,6.71,6.86,6.7,6.72,6.71,748784.0,5041807.0,838252800.0,2328480000.0,60031711.529999994,39909220.09,460422691.65,765541300.63,305118608.98,18587970.21,,,,,,,,,,,,,,,,,,,,
sh600145,四维瓷业,2002-09-11,6.76,6.76,6.52,6.56,6.72,1483719.0,9808010.0,818294400.0,2273040000.0,60031711.529999994,39909220.09,460422691.65,765541300.63,305118608.98,18587970.21,,,,,,,,,,,,,,,,,,,,
sh600145,四维瓷业,2002-09-12,6.56,6.66,6.41,6.57,6.56,1102965.0,7178175.0,819541800.0,2276505000.0,60031711.529999994,39909220.09,460422691.65,765541300.63,305118608.98,18587970.21,,,,,,,,,,,,,,,,,,,,
sh600145,四维瓷业,2002-09-13,6.5,6.59,6.42,6.52,6.57,675080.0,4388938.0,813304800.0,2259180000.0,60031711.529999994,39909220.09,460422691.65,765541300.63,305118608.98,18587970.21,,,,,,,,,,,,,,,,,,,,
sh600145,四维瓷业,2002-09-17,6.05,6.65,6.05,6.46,6.52,800205.0,5184539.0,805820400.0,2238390000.0,60031711.529999994,39909220.09,460422691.65,765541300.63,305118608.98,18587970.21,,,,,,,,,,,,,,,,,,,,
sh600145,四维瓷业,2002-09-18,6.42,6.43,6.32,6.36,6.46,439000.0,2796668.0,793346400.0,2203740000.0,60031711.529999994,39909220.09,460422691.65,765541300.63,305118608.98,18587970.21,,,,,,,,,,,,,,,,,,,,
sh600145,四维瓷业,2002-09-19,6.43,6.5,6.25,6.49,6.36,1067449.0,6821510.0,809562600.0,2248785000.0,60031711.529999994,39909220.09,460422691.65,765541300.63,305118608.98,18587970.21,,,,,,,,,,,,,,,,,,,,
sh600145,四维瓷业,2002-09-20,6.53,6.53,6.36,6.41,6.49,810539.0,5232226.0,799583400.0,2221065000.0,60031711.529999994,39909220.09,460422691.65,765541300.63,305118608.98,18587970.21,,,,,,,,,,,,,,,,,,,,
sh600145,四维瓷业,2002-09-23,6.47,6.48,6.34,6.36,6.41,554854.0,3547281.0,793346400.0,2203740000.0,60031711.529999994,39909220.09,460422691.65,765541300.63,305118608.98,18587970.21,,,,,,,,,,,,,,,,,,,,
sh600145,四维瓷业,2002-09-24,6.3,6.38,6.29,6.31,6.36,477753.0,3018505.0,787109400.0,2186415000.0,60031711.529999994,39909220.09,460422691.65,765541300.63,305118608.98,18587970.21,,,,,,,,,,,,,,,,,,,,
sh600145,四维瓷业,2002-09-25,6.3,6.37,6.25,6.3,6.31,408836.0,2580897.0,785862000.0,2182950000.0,60031711.529999994,39909220.09,460422691.65,765541300.63,305118608.98,18587970.21,,,,,,,,,,,,,,,,,,,,
sh600145,四维瓷业,2002-09-26,6.31,6.36,6.26,6.28,6.3,529332.0,3335658.0,783367200.0,2176020000.0,60031711.529999994,39909220.09,460422691.65,765541300.63,305118608.98,18587970.21,,,,,,,,,,,,,,,,,,,,
sh600145,四维瓷业,2002-09-27,6.28,6.33,6.21,6.23,6.28,622775.0,3895050.0,777130200.0,2158695000.0,60031711.529999994,39909220.09,460422691.65,765541300.63,305118608.98,18587970.21,,,,,,,,,,,,,,,,,,,,
sh600145,四维瓷业,2002-10-08,6.13,6.23,6.06,6.22,6.23,721968.0,4414640.0,775882800.0,2155230000.0,60031711.529999994,39909220.09,460422691.65,765541300.63,305118608.98,18587970.21,,,,,,,,,,,,,,,,,,,,
sh600145,四维瓷业,2002-10-09,6.23,6.28,6.08,6.09,6.22,947960.0,5865163.0,759666600.0,2110185000.0,60031711.529999994,39909220.09,460422691.65,765541300.63,305118608.98,18587970.21,,,,,,,,,,,,,,,,,,,,
sh600145,四维瓷业,2002-10-10,6.02,6.13,6.02,6.1,6.09,604316.0,3667863.0,760914000.0,2113650000.0,60031711.529999994,39909220.09,460422691.65,765541300.63,305118608.98,18587970.21,,,,,,,,,,,,,,,,,,,,
sh600145,四维瓷业,2002-10-11,6.14,6.16,6.04,6.05,6.1,639358.0,3898277.0,754677000.0,2096325000.0,60031711.529999994,39909220.09,460422691.65,765541300.63,305118608.98,18587970.21,,,,,,,,,,,,,,,,,,,,
sh600145,四维瓷业,2002-10-14,6.0,6.14,5.91,6.09,6.05,1149561.0,6898142.0,759666600.0,2110185000.0,60031711.529999994,39909220.09,460422691.65,765541300.63,305118608.98,18587970.21,,,,,,,,,,,,,,,,,,,,
sh600145,四维瓷业,2002-10-15,6.1,6.24,6.07,6.18,6.09,1821907.0,11205146.0,770893200.0,2141370000.0,60031711.529999994,39909220.09,460422691.65,765541300.63,305118608.98,18587970.21,,,,,,,,,,,,,,,,,,,,
sh600145,四维瓷业,2002-10-16,6.2,6.5,6.13,6.41,6.18,3257884.0,20606688.0,799583400.0,2221065000.0,60031711.529999994,39909220.09,460422691.65,765541300.63,305118608.98,18587970.21,,,,,,,,,,,,,,,,,,,,
sh600145,四维瓷业,2002-10-17,6.4,6.44,6.21,6.27,6.41,1916930.0,12136920.0,782119800.0,2172555000.0,60031711.529999994,39909220.09,460422691.65,765541300.63,305118608.98,18587970.21,,,,,,,,,,,,,,,,,,,,
sh600145,四维瓷业,2002-10-21,6.31,6.38,6.24,6.38,6.27,1296284.0,8205939.0,795841200.0,2210670000.0,60031711.529999994,39909220.09,460422691.65,765541300.63,305118608.98,18587970.21,,,,,,,,,,,,,,,,,,,,
sh600145,四维瓷业,2002-10-22,6.41,6.55,6.32,6.47,6.38,2006184.0,12936647.0,807067800.0,2241855000.0,60031711.529999994,39909220.09,460422691.65,765541300.63,305118608.98,18587970.21,,,,,,,,,,,,,,,,,,,,
sh600145,四维瓷业,2002-10-23,6.5,6.5,6.39,6.44,6.47,1260598.0,8108139.0,803325600.0,2231460000.0,60031711.529999994,39909220.09,460422691.65,765541300.63,305118608.98,18587970.21,,,,,,,,,,,,,,,,,,,,
sh600145,四维瓷业,2002-10-24,6.43,6.43,6.28,6.31,6.44,1667543.0,10582997.0,787109400.0,2186415000.0,60031711.529999994,39909220.09,460422691.65,765541300.63,305118608.98,18587970.21,,,,,,,,,,,,,,,,,,,,
sh600145,四维瓷业,2002-10-25,6.34,6.4,6.17,6.18,6.31,1037492.0,6510856.0,770893200.0,2141370000.0,60031711.529999994,39909220.09,464093466.23,727979229.12,263885762.89,4065134.459999997,,,,,,,,,,,,,,,,,,,,
sh600145,四维瓷业,2002-10-28,6.16,6.16,6.02,6.11,6.18,1229008.0,7475274.0,762161400.0,2117115000.0,60031711.529999994,39909220.09,464093466.23,727979229.12,263885762.89,4065134.459999997,,,,,,,,,,,,,,,,,,,,
sh600145,四维瓷业,2002-10-29,6.1,6.21,6.03,6.2,6.11,1617195.0,9899521.0,773388000.0,2148300000.0,60031711.529999994,39909220.09,464093466.23,727979229.12,263885762.89,4065134.459999997,,,,,,,,,,,,,,,,,,,,
sh600145,四维瓷业,2002-10-30,6.1,6.22,6.08,6.21,6.2,851900.0,5239959.0,774635400.0,2151765000.0,60031711.529999994,39909220.09,464093466.23,727979229.12,263885762.89,4065134.459999997,,,,,,,,,,,,,,,,,,,,
sh600145,四维瓷业,2002-10-31,6.2,6.27,6.16,6.19,6.21,712540.0,4425629.0,772140600.0,2144835000.0,60031711.529999994,39909220.09,464093466.23,727979229.12,263885762.89,4065134.459999997,,,,,,,,,,,,,,,,,,,,
sh600145,四维瓷业,2002-11-01,6.19,6.24,6.13,6.18,6.19,490775.0,3034561.0,770893200.0,2141370000.0,60031711.529999994,39909220.09,464093466.23,727979229.12,263885762.89,4065134.459999997,,,,,,,,,,,,,,,,,,,,
sh600145,四维瓷业,2002-11-04,6.2,6.47,6.2,6.39,6.18,2797604.0,17832742.0,797088600.0,2214135000.0,60031711.529999994,39909220.09,464093466.23,727979229.12,263885762.89,4065134.459999997,,,,,,,,,,,,,,,,,,,,
sh600145,四维瓷业,2002-11-05,6.39,6.53,6.35,6.48,6.39,2978667.0,19225074.0,808315200.0,2245320000.0,60031711.529999994,39909220.09,464093466.23,727979229.12,263885762.89,4065134.459999997,,,,,,,,,,,,,,,,,,,,
sh600145,四维瓷业,2002-11-06,6.47,6.51,6.38,6.4,6.48,1361087.0,8759934.0,798336000.0,2217600000.0,60031711.529999994,39909220.09,464093466.23,727979229.12,263885762.89,4065134.459999997,,,,,,,,,,,,,,,,,,,,
sh600145,四维瓷业,2002-11-07,6.39,6.47,6.35,6.39,6.4,1007414.0,6450212.0,797088600.0,2214135000.0,60031711.529999994,39909220.09,464093466.23,727979229.12,263885762.89,4065134.459999997,,,,,,,,,,,,,,,,,,,,
sh600145,四维瓷业,2002-11-08,6.4,6.54,6.15,6.21,6.39,2610374.0,16504445.0,774635400.0,2151765000.0,60031711.529999994,39909220.09,464093466.23,727979229.12,263885762.89,4065134.459999997,,,,,,,,,,,,,,,,,,,,
sh600145,四维瓷业,2002-11-11,6.3,6.4,6.2,6.23,6.21,1708060.0,10758672.0,777130200.0,2158695000.0,60031711.529999994,39909220.09,464093466.23,727979229.12,263885762.89,4065134.459999997,,,,,,,,,,,,,,,,,,,,
sh600145,四维瓷业,2002-11-12,6.23,6.34,6.06,6.11,6.23,1897002.0,11697105.0,762161400.0,2117115000.0,60031711.529999994,39909220.09,464093466.23,727979229.12,263885762.89,4065134.459999997,,,,,,,,,,,,,,,,,,,,
sh600145,四维瓷业,2002-11-13,6.11,6.21,6.05,6.18,6.11,1720316.0,10545371.0,770893200.0,2141370000.0,60031711.529999994,39909220.09,464093466.23,727979229.12,263885762.89,4065134.459999997,,,,,,,,,,,,,,,,,,,,
sh600145,四维瓷业,2002-11-14,6.18,6.2,6.0,6.01,6.18,1131853.0,6911279.0,749687400.0,2082465000.0,60031711.529999994,39909220.09,464093466.23,727979229.12,263885762.89,4065134.459999997,,,,,,,,,,,,,,,,,,,,
sh600145,四维瓷业,2002-11-15,6.0,6.11,5.96,6.04,6.01,1282305.0,7763025.0,753429600.0,2092860000.0,60031711.529999994,39909220.09,464093466.23,727979229.12,263885762.89,4065134.459999997,,,,,,,,,,,,,,,,,,,,
sh600145,四维瓷业,2002-11-18,6.05,6.06,5.85,5.91,6.04,1158848.0,6846466.0,737213400.0,2047815000.0,60031711.529999994,39909220.09,464093466.23,727979229.12,263885762.89,4065134.459999997,,,,,,,,,,,,,,,,,,,,
sh600145,四维瓷业,2002-11-19,5.9,5.96,5.86,5.95,5.91,781440.0,4622437.0,742203000.0,2061675000.0,60031711.529999994,39909220.09,464093466.23,727979229.12,263885762.89,4065134.459999997,,,,,,,,,,,,,,,,,,,,
sh600145,四维瓷业,2002-11-20,5.9,5.95,5.67,5.7,5.95,1214084.0,7033900.0,711018000.0,1975050000.0,60031711.529999994,39909220.09,464093466.23,727979229.12,263885762.89,4065134.459999997,,,,,,,,,,,,,,,,,,,,
sh600145,四维瓷业,2002-11-21,5.7,5.8,5.5,5.53,5.7,910688.0,5129023.0,689812200.0,1916145000.0,60031711.529999994,39909220.09,464093466.23,727979229.12,263885762.89,4065134.459999997,,,,,,,,,,,,,,,,,,,,
sh600145,四维瓷业,2002-11-22,5.58,5.69,5.47,5.56,5.53,1113336.0,6216769.0,693554400.0,1926540000.0,60031711.529999994,39909220.09,464093466.23,727979229.12,263885762.89,4065134.459999997,,,,,,,,,,,,,,,,,,,,
sh600145,四维瓷业,2002-11-25,5.53,5.6,5.48,5.55,5.56,940197.0,5199864.0,692307000.0,1923075000.0,60031711.529999994,39909220.09,464093466.23,727979229.12,263885762.89,4065134.459999997,,,,,,,,,,,,,,,,,,,,
sh600145,四维瓷业,2002-11-26,5.6,5.63,5.43,5.44,5.55,946693.0,5263256.0,678585600.0,1884960000.0,60031711.529999994,39909220.09,464093466.23,727979229.12,263885762.89,4065134.459999997,,,,,,,,,,,,,,,,,,,,
sh600145,四维瓷业,2002-11-27,5.47,5.48,5.29,5.43,5.44,1172745.0,6331134.0,677338200.0,1881495000.0,60031711.529999994,39909220.09,464093466.23,727979229.12,263885762.89,4065134.459999997,,,,,,,,,,,,,,,,,,,,
sh600145,四维瓷业,2002-11-28,5.44,5.62,5.4,5.61,5.43,1559904.0,8574610.0,699791400.0,1943865000.0,60031711.529999994,39909220.09,464093466.23,727979229.12,263885762.89,4065134.459999997,,,,,,,,,,,,,,,,,,,,
sh600145,四维瓷业,2002-11-29,5.61,5.78,5.55,5.64,5.61,2235933.0,12648054.0,703533600.0,1954260000.0,60031711.529999994,39909220.09,464093466.23,727979229.12,263885762.89,4065134.459999997,,,,,,,,,,,,,,,,,,,,
sh600145,四维瓷业,2002-12-02,5.64,5.66,5.45,5.5,5.64,1186600.0,6588378.0,686070000.0,1905750000.0,60031711.529999994,39909220.09,464093466.23,727979229.12,263885762.89,4065134.459999997,,,,,,,,,,,,,,,,,,,,
sh600145,四维瓷业,2002-12-03,5.48,5.58,5.44,5.56,5.5,791664.0,4349077.0,693554400.0,1926540000.0,60031711.529999994,39909220.09,464093466.23,727979229.12,263885762.89,4065134.459999997,,,,,,,,,,,,,,,,,,,,
sh600145,四维瓷业,2002-12-04,5.56,5.69,5.53,5.58,5.56,1135238.0,6368783.0,696049200.0,1933470000.0,60031711.529999994,39909220.09,464093466.23,727979229.12,263885762.89,4065134.459999997,,,,,,,,,,,,,,,,,,,,
sh600145,四维瓷业,2002-12-05,5.52,5.6,5.5,5.57,5.58,506910.0,2804536.0,694801800.0,1930005000.0,60031711.529999994,39909220.09,464093466.23,727979229.12,263885762.89,4065134.459999997,,,,,,,,,,,,,,,,,,,,
sh600145,四维瓷业,2002-12-06,5.56,5.6,5.51,5.54,5.57,685779.0,3807015.0,691059600.0,1919610000.0,60031711.529999994,39909220.09,464093466.23,727979229.12,263885762.89,4065134.459999997,,,,,,,,,,,,,,,,,,,,
sh600145,四维瓷业,2002-12-09,5.58,5.62,5.49,5.51,5.54,457690.0,2547085.0,687317400.0,1909215000.0,60031711.529999994,39909220.09,464093466.23,727979229.12,263885762.89,4065134.459999997,,,,,,,,,,,,,,,,,,,,
sh600145,四维瓷业,2002-12-10,5.48,5.57,5.4,5.41,5.51,657503.0,3606749.0,674843400.0,1874565000.0,60031711.529999994,39909220.09,464093466.23,727979229.12,263885762.89,4065134.459999997,,,,,,,,,,,,,,,,,,,,
sh600145,四维瓷业,2002-12-11,5.38,5.52,5.33,5.36,5.41,512754.0,2765313.0,668606400.0,1857240000.0,60031711.529999994,39909220.09,464093466.23,727979229.12,263885762.89,4065134.459999997,,,,,,,,,,,,,,,,,,,,
sh600145,四维瓷业,2002-12-12,5.43,5.48,5.37,5.39,5.36,476250.0,2583855.0,672348600.0,1867635000.0,60031711.529999994,39909220.09,464093466.23,727979229.12,263885762.89,4065134.459999997,,,,,,,,,,,,,,,,,,,,
sh600145,四维瓷业,2002-12-13,5.33,5.59,5.3,5.5,5.39,1075295.0,5839933.0,686070000.0,1905750000.0,60031711.529999994,39909220.09,464093466.23,727979229.12,263885762.89,4065134.459999997,,,,,,,,,,,,,,,,,,,,
sh600145,四维瓷业,2002-12-16,5.48,5.6,5.46,5.53,5.5,1619571.0,8973413.0,689812200.0,1916145000.0,60031711.529999994,39909220.09,464093466.23,727979229.12,263885762.89,4065134.459999997,,,,,,,,,,,,,,,,,,,,
sh600145,四维瓷业,2002-12-17,5.54,5.72,5.54,5.65,5.53,2243500.0,12656704.0,704781000.0,1957725000.0,60031711.529999994,39909220.09,464093466.23,727979229.12,263885762.89,4065134.459999997,,,,,,,,,,,,,,,,,,,,
sh600145,四维瓷业,2002-12-19,5.58,5.66,5.52,5.65,5.65,1326596.0,7399219.0,704781000.0,1957725000.0,60031711.529999994,39909220.09,464093466.23,727979229.12,263885762.89,4065134.459999997,,,,,,,,,,,,,,,,,,,,
sh600145,四维瓷业,2002-12-20,5.65,5.75,5.6,5.71,5.65,1157822.0,6569191.0,712265400.0,1978515000.0,60031711.529999994,39909220.09,464093466.23,727979229.12,263885762.89,4065134.459999997,,,,,,,,,,,,,,,,,,,,
sh600145,四维瓷业,2002-12-23,5.67,5.8,5.67,5.75,5.71,2468175.0,14225254.0,717255000.0,1992375000.0,60031711.529999994,39909220.09,464093466.23,727979229.12,263885762.89,4065134.459999997,,,,,,,,,,,,,,,,,,,,
sh600145,四维瓷业,2002-12-24,5.81,5.82,5.71,5.82,5.75,3056492.0,17639703.0,725986800.0,2016630000.0,60031711.529999994,39909220.09,464093466.23,727979229.12,263885762.89,4065134.459999997,,,,,,,,,,,,,,,,,,,,
sh600145,四维瓷业,2002-12-25,5.81,5.85,5.72,5.73,5.82,1442815.0,8362993.0,714760200.0,1985445000.0,60031711.529999994,39909220.09,464093466.23,727979229.12,263885762.89,4065134.459999997,,,,,,,,,,,,,,,,,,,,
sh600145,四维瓷业,2002-12-26,5.68,5.7,5.43,5.45,5.73,1617905.0,8982107.0,679833000.0,1888425000.0,60031711.529999994,39909220.09,464093466.23,727979229.12,263885762.89,4065134.459999997,,,,,,,,,,,,,,,,,,,,
sh600145,四维瓷业,2002-12-27,5.44,5.52,5.35,5.45,5.45,1395027.0,7600015.0,679833000.0,1888425000.0,60031711.529999994,39909220.09,464093466.23,727979229.12,263885762.89,4065134.459999997,,,,,,,,,,,,,,,,,,,,
sh600145,四维瓷业,2002-12-30,5.32,5.44,5.23,5.26,5.45,1247863.0,6648643.0,656132400.0,1822590000.0,60031711.529999994,39909220.09,464093466.23,727979229.12,263885762.89,4065134.459999997,,,,,,,,,,,,,,,,,,,,
sh600145,四维瓷业,2002-12-31,5.25,5.32,5.13,5.14,5.26,988301.0,5179046.0,641163600.0,1781010000.0,60031711.529999994,39909220.09,464093466.23,727979229.12,263885762.89,4065134.459999997,,,,,,,,,,,,,,,,,,,,
sh600145,四维瓷业,2003-01-02,5.14,5.2,5.05,5.07,5.14,835095.0,4273993.0,632431800.0,1756755000.0,60031711.529999994,39909220.09,464093466.23,727979229.12,263885762.89,4065134.459999997,,,,,,,,,,,,,,,,,,,,
sh600145,四维瓷业,2003-01-03,5.07,5.13,5.03,5.13,5.07,759684.0,3866114.0,639916200.0,1777545000.0,60031711.529999994,39909220.09,464093466.23,727979229.12,263885762.89,4065134.459999997,,,,,,,,,,,,,,,,,,,,
sh600145,四维瓷业,2003-01-06,5.13,5.24,5.06,5.23,5.13,874161.0,4528458.0,652390200.0,1812195000.0,60031711.529999994,39909220.09,464093466.23,727979229.12,263885762.89,4065134.459999997,,,,,,,,,,,,,,,,,,,,
sh600145,四维瓷业,2003-01-07,5.24,5.26,5.1,5.14,5.23,786280.0,4070297.0,641163600.0,1781010000.0,60031711.529999994,39909220.09,464093466.23,727979229.12,263885762.89,4065134.459999997,,,,,,,,,,,,,,,,,,,,
sh600145,四维瓷业,2003-01-08,5.11,5.36,5.11,5.36,5.14,1248106.0,6542670.0,668606400.0,1857240000.0,60031711.529999994,39909220.09,464093466.23,727979229.12,263885762.89,4065134.459999997,,,,,,,,,,,,,,,,,,,,
sh600145,四维瓷业,2003-01-09,5.39,5.5,5.32,5.48,5.36,2633640.0,14268672.0,683575200.0,1898820000.0,60031711.529999994,39909220.09,464093466.23,727979229.12,263885762.89,4065134.459999997,,,,,,,,,,,,,,,,,,,,
sh600145,四维瓷业,2003-01-10,5.48,5.57,5.3,5.33,5.48,2345025.0,12767806.0,664864200.0,1846845000.0,60031711.529999994,39909220.09,464093466.23,727979229.12,263885762.89,4065134.459999997,,,,,,,,,,,,,,,,,,,,
sh600145,四维瓷业,2003-01-13,5.31,5.39,5.28,5.37,5.33,1105839.0,5892295.0,669853800.0,1860705000.0,60031711.529999994,39909220.09,464093466.23,727979229.12,263885762.89,4065134.459999997,,,,,,,,,,,,,,,,,,,,
sh600145,四维瓷业,2003-01-14,5.36,5.72,5.34,5.67,5.37,3916837.0,21869780.0,707275800.0,1964655000.0,60031711.529999994,39909220.09,464093466.23,727979229.12,263885762.89,4065134.459999997,,,,,,,,,,,,,,,,,,,,
sh600145,四维瓷业,2003-01-15,5.68,5.72,5.55,5.68,5.67,3338711.0,18834555.0,708523200.0,1968120000.0,60031711.529999994,39909220.09,464093466.23,727979229.12,263885762.89,4065134.459999997,,,,,,,,,,,,,,,,,,,,
sh600145,四维瓷业,2003-01-16,5.61,5.81,5.61,5.8,5.68,2694508.0,15369198.0,723492000.0,2009700000.0,60031711.529999994,39909220.09,464093466.23,727979229.12,263885762.89,4065134.459999997,,,,,,,,,,,,,,,,,,,,
sh600145,四维瓷业,2003-01-17,5.82,5.95,5.78,5.86,5.8,3509257.0,20525080.0,730976400.0,2030490000.0,60031711.529999994,39909220.09,464093466.23,727979229.12,263885762.89,4065134.459999997,,,,,,,,,,,,,,,,,,,,
sh600145,四维瓷业,2003-01-20,5.86,5.88,5.72,5.83,5.86,1549699.0,8976357.0,727234200.0,2020095000.0,60031711.529999994,39909220.09,464093466.23,727979229.12,263885762.89,4065134.459999997,,,,,,,,,,,,,,,,,,,,
sh600145,四维瓷业,2003-01-21,5.83,5.85,5.61,5.63,5.83,1849830.0,10550798.0,702286200.0,1950795000.0,60031711.529999994,39909220.09,464093466.23,727979229.12,263885762.89,4065134.459999997,,,,,,,,,,,,,,,,,,,,
sh600145,四维瓷业,2003-01-22,5.6,5.7,5.57,5.67,5.63,1141985.0,6420263.0,707275800.0,1964655000.0,60031711.529999994,39909220.09,464093466.23,727979229.12,263885762.89,4065134.459999997,,,,,,,,,,,,,,,,,,,,
sh600145,四维瓷业,2003-01-23,5.67,5.74,5.55,5.58,5.67,846890.0,4774953.0,696049200.0,1933470000.0,60031711.529999994,39909220.09,464093466.23,727979229.12,263885762.89,4065134.459999997,,,,,,,,,,,,,,,,,,,,
sh600145,四维瓷业,2003-01-24,5.55,5.72,5.53,5.69,5.58,1183514.0,6647115.0,709770600.0,1971585000.0,60031711.529999994,39909220.09,464093466.23,727979229.12,263885762.89,4065134.459999997,,,,,,,,,,,,,,,,,,,,
sh600145,四维瓷业,2003-01-27,5.71,5.8,5.66,5.77,5.69,1261212.0,7245223.0,719749800.0,1999305000.0,60031711.529999994,39909220.09,464093466.23,727979229.12,263885762.89,4065134.459999997,,,,,,,,,,,,,,,,,,,,
sh600145,四维瓷业,2003-01-28,5.77,5.81,5.73,5.8,5.77,1160203.0,6693697.0,723492000.0,2009700000.0,60031711.529999994,39909220.09,464093466.23,727979229.12,263885762.89,4065134.459999997,,,,,,,,,,,,,,,,,,,,
sh600145,四维瓷业,2003-01-29,5.8,5.82,5.72,5.72,5.8,876940.0,5054274.0,713512800.0,1981980000.0,60031711.529999994,39909220.09,464093466.23,727979229.12,263885762.89,4065134.459999997,,,,,,,,,,,,,,,,,,,,
sh600145,四维瓷业,2003-02-10,5.72,5.73,5.61,5.63,5.72,514600.0,2910399.0,702286200.0,1950795000.0,60031711.529999994,39909220.09,464093466.23,727979229.12,263885762.89,4065134.459999997,,,,,,,,,,,,,,,,,,,,
sh600145,四维瓷业,2003-02-11,5.61,5.74,5.61,5.73,5.63,506258.0,2872312.0,714760200.0,1985445000.0,60031711.529999994,39909220.09,464093466.23,727979229.12,263885762.89,4065134.459999997,,,,,,,,,,,,,,,,,,,,
sh600145,四维瓷业,2003-02-12,5.7,5.98,5.68,5.98,5.73,4845505.0,28577704.0,745945200.0,2072070000.0,60031711.529999994,39909220.09,464093466.23,727979229.12,263885762.89,4065134.459999997,,,,,,,,,,,,,,,,,,,,
sh600145,四维瓷业,2003-02-13,5.98,6.04,5.88,5.89,5.98,2871289.0,17054901.0,734718600.0,2040885000.0,60031711.529999994,39909220.09,464093466.23,727979229.12,263885762.89,4065134.459999997,,,,,,,,,,,,,,,,,,,,
sh600145,四维瓷业,2003-02-14,5.94,6.0,5.87,5.98,5.89,2038198.0,12130236.0,745945200.0,2072070000.0,60031711.529999994,39909220.09,464093466.23,727979229.12,263885762.89,4065134.459999997,,,,,,,,,,,,,,,,,,,,
sh600145,四维瓷业,2003-02-17,6.0,6.05,5.87,5.92,5.98,2451839.0,14617190.0,738460800.0,2051280000.0,60031711.529999994,39909220.09,464093466.23,727979229.12,263885762.89,4065134.459999997,,,,,,,,,,,,,,,,,,,,
sh600145,四维瓷业,2003-02-18,5.91,5.94,5.84,5.86,5.92,1292860.0,7612495.0,730976400.0,2030490000.0,60031711.529999994,39909220.09,464093466.23,727979229.12,263885762.89,4065134.459999997,,,,,,,,,,,,,,,,,,,,
sh600145,四维瓷业,2003-02-19,5.95,6.09,5.89,6.08,5.86,3569299.0,21409624.0,758419200.0,2106720000.0,60031711.529999994,39909220.09,464093466.23,727979229.12,263885762.89,4065134.459999997,,,,,,,,,,,,,,,,,,,,
sh600145,四维瓷业,2003-02-20,6.08,6.08,5.97,6.0,6.08,1925582.0,11583276.0,748440000.0,2079000000.0,60031711.529999994,39909220.09,464093466.23,727979229.12,263885762.89,4065134.459999997,,,,,,,,,,,,,,,,,,,,
sh600145,四维瓷业,2003-02-21,6.0,6.0,5.8,5.8,6.0,2150285.0,12620772.0,723492000.0,2009700000.0,60031711.529999994,39909220.09,464093466.23,727979229.12,263885762.89,4065134.459999997,,,,,,,,,,,,,,,,,,,,
sh600145,四维瓷业,2003-02-24,5.8,5.89,5.75,5.81,5.8,924836.0,5390583.0,724739400.0,2013165000.0,60031711.529999994,39909220.09,464093466.23,727979229.12,263885762.89,4065134.459999997,,,,,,,,,,,,,,,,,,,,
sh600145,四维瓷业,2003-02-25,5.8,5.94,5.78,5.93,5.81,1211078.0,7143055.0,739708200.0,2054745000.0,60031711.529999994,39909220.09,464093466.23,727979229.12,263885762.89,4065134.459999997,,,,,,,,,,,,,,,,,,,,
sh600145,四维瓷业,2003-02-26,5.91,5.93,5.86,5.9,5.93,515596.0,3038260.0,735966000.0,2044350000.0,60031711.529999994,39909220.09,464093466.23,727979229.12,263885762.89,4065134.459999997,,,,,,,,,,,,,,,,,,,,
sh600145,四维瓷业,2003-02-27,5.89,5.96,5.86,5.9,5.9,681170.0,4018547.0,735966000.0,2044350000.0,60031711.529999994,39909220.09,464093466.23,727979229.12,263885762.89,4065134.459999997,,,,,,,,,,,,,,,,,,,,
sh600145,四维瓷业,2003-02-28,5.89,5.89,5.8,5.85,5.9,694290.0,4053274.0,729729000.0,2027025000.0,60031711.529999994,39909220.09,464093466.23,727979229.12,263885762.89,4065134.459999997,,,,,,,,,,,,,,,,,,,,
sh600145,四维瓷业,2003-03-03,5.87,5.93,5.83,5.93,5.85,600699.0,3530942.0,739708200.0,2054745000.0,60031711.529999994,39909220.09,464093466.23,727979229.12,263885762.89,4065134.459999997,,,,,,,,,,,,,,,,,,,,
sh600145,四维瓷业,2003-03-04,5.93,5.97,5.87,5.92,5.93,871717.0,5168427.0,738460800.0,2051280000.0,60031711.529999994,39909220.09,464093466.23,727979229.12,263885762.89,4065134.459999997,,,,,,,,,,,,,,,,,,,,
sh600145,四维瓷业,2003-03-05,5.95,5.95,5.83,5.85,5.92,881885.0,5163317.0,729729000.0,2027025000.0,60031711.529999994,39909220.09,464093466.23,727979229.12,263885762.89,4065134.459999997,,,,,,,,,,,,,,,,,,,,
sh600145,四维瓷业,2003-03-06,5.85,5.9,5.7,5.72,5.85,925049.0,5335499.0,713512800.0,1981980000.0,60031711.529999994,39909220.09,464093466.23,727979229.12,263885762.89,4065134.459999997,,,,,,,,,,,,,,,,,,,,
sh600145,四维瓷业,2003-03-07,5.7,5.78,5.69,5.7,5.72,733676.0,4196314.0,711018000.0,1975050000.0,60031711.529999994,39909220.09,464093466.23,727979229.12,263885762.89,4065134.459999997,,,,,,,,,,,,,,,,,,,,
sh600145,四维瓷业,2003-03-10,5.7,5.72,5.52,5.54,5.7,1069443.0,5976046.0,691059600.0,1919610000.0,60031711.529999994,39909220.09,464093466.23,727979229.12,263885762.89,4065134.459999997,,,,,,,,,,,,,,,,,,,,
sh600145,四维瓷业,2003-03-11,5.55,5.59,5.52,5.57,5.54,491040.0,2727490.0,694801800.0,1930005000.0,60031711.529999994,39909220.09,464093466.23,727979229.12,263885762.89,4065134.459999997,,,,,,,,,,,,,,,,,,,,
sh600145,四维瓷业,2003-03-12,5.57,5.58,5.47,5.54,5.57,554775.0,3056454.0,691059600.0,1919610000.0,60031711.529999994,39909220.09,464093466.23,727979229.12,263885762.89,4065134.459999997,,,,,,,,,,,,,,,,,,,,
sh600145,四维瓷业,2003-03-13,5.57,5.58,5.48,5.49,5.54,775740.0,4294427.0,684822600.0,1902285000.0,60031711.529999994,39909220.09,464093466.23,727979229.12,263885762.89,4065134.459999997,,,,,,,,,,,,,,,,,,,,
sh600145,四维瓷业,2003-03-14,5.49,5.54,5.46,5.5,5.49,524527.0,2883025.0,686070000.0,1905750000.0,60031711.529999994,39909220.09,464093466.23,727979229.12,263885762.89,4065134.459999997,,,,,,,,,,,,,,,,,,,,
sh600145,四维瓷业,2003-03-17,5.49,5.52,5.4,5.47,5.5,651481.0,3552805.0,682327800.0,1895355000.0,60031711.529999994,39909220.09,464093466.23,727979229.12,263885762.89,4065134.459999997,,,,,,,,,,,,,,,,,,,,
sh600145,四维瓷业,2003-03-18,5.49,5.55,5.42,5.42,5.47,579051.0,3178495.0,676090800.0,1878030000.0,60031711.529999994,39909220.09,464093466.23,727979229.12,263885762.89,4065134.459999997,,,,,,,,,,,,,,,,,,,,
sh600145,四维瓷业,2003-03-19,5.4,5.48,5.39,5.45,5.42,415575.0,2256038.0,679833000.0,1888425000.0,60031711.529999994,39909220.09,464093466.23,727979229.12,263885762.89,4065134.459999997,,,,,,,,,,,,,,,,,,,,
sh600145,四维瓷业,2003-03-20,5.48,5.49,5.42,5.43,5.45,435390.0,2376660.0,677338200.0,1881495000.0,60031711.529999994,39909220.09,464093466.23,727979229.12,263885762.89,4065134.459999997,,,,,,,,,,,,,,,,,,,,
sh600145,四维瓷业,2003-03-21,5.43,5.55,5.42,5.5,5.43,244020.0,1341289.0,686070000.0,1905750000.0,60031711.529999994,39909220.09,464093466.23,727979229.12,263885762.89,4065134.459999997,,,,,,,,,,,,,,,,,,,,
sh600145,四维瓷业,2003-03-24,5.5,5.53,5.48,5.52,5.5,255200.0,1404961.0,688564800.0,1912680000.0,60031711.529999994,39909220.09,464093466.23,727979229.12,263885762.89,4065134.459999997,,,,,,,,,,,,,,,,,,,,
sh600145,四维瓷业,2003-03-25,5.52,5.52,5.4,5.41,5.52,304100.0,1655439.0,674843400.0,1874565000.0,60031711.529999994,39909220.09,464093466.23,727979229.12,263885762.89,4065134.459999997,,,,,,,,,,,,,,,,,,,,
sh600145,四维瓷业,2003-03-26,5.44,5.45,5.34,5.35,5.41,399161.0,2144212.0,667359000.0,1853775000.0,60031711.529999994,39909220.09,464093466.23,727979229.12,263885762.89,4065134.459999997,,,,,,,,,,,,,,,,,,,,
sh600145,四维瓷业,2003-03-27,5.34,5.54,5.31,5.51,5.35,740299.0,4025806.0,687317400.0,1909215000.0,60031711.529999994,39909220.09,464093466.23,727979229.12,263885762.89,4065134.459999997,,,,,,,,,,,,,,,,,,,,
sh600145,四维瓷业,2003-03-28,5.5,5.54,5.44,5.44,5.51,1084571.0,5936042.0,678585600.0,1884960000.0,39272322.88,33240468.93,468708077.42999995,742233020.56,273524943.13,3933364.2600000054,,,,,,,,,,,,,,,,,,,,
sh600145,四维瓷业,2003-03-31,5.44,5.53,5.44,5.52,5.44,572575.0,3152648.0,688564800.0,1912680000.0,39272322.88,33240468.93,468708077.42999995,742233020.56,273524943.13,3933364.2600000054,,,,,,,,,,,,,,,,,,,,
sh600145,四维瓷业,2003-04-01,5.53,5.59,5.5,5.58,5.52,951480.0,5278332.0,696049200.0,1933470000.0,39272322.88,33240468.93,468708077.42999995,742233020.56,273524943.13,3933364.2600000054,,,,,,,,,,,,,,,,,,,,
sh600145,四维瓷业,2003-04-02,5.58,5.58,5.51,5.55,5.58,447209.0,2475872.0,692307000.0,1923075000.0,39272322.88,33240468.93,468708077.42999995,742233020.56,273524943.13,3933364.2600000054,,,,,,,,,,,,,,,,,,,,
sh600145,四维瓷业,2003-04-03,5.53,5.55,5.44,5.44,5.55,703260.0,3857505.0,678585600.0,1884960000.0,39272322.88,33240468.93,468708077.42999995,742233020.56,273524943.13,3933364.2600000054,,,,,,,,,,,,,,,,,,,,
sh600145,四维瓷业,2003-04-04,5.44,5.48,5.42,5.46,5.44,947127.0,5164152.0,681080400.0,1891890000.0,39272322.88,33240468.93,468708077.42999995,742233020.56,273524943.13,3933364.2600000054,,,,,,,,,,,,,,,,,,,,
sh600145,四维瓷业,2003-04-07,5.48,5.53,5.42,5.45,5.46,626393.0,3421431.0,679833000.0,1888425000.0,39272322.88,33240468.93,468708077.42999995,742233020.56,273524943.13,3933364.2600000054,,,,,,,,,,,,,,,,,,,,
sh600145,四维瓷业,2003-04-08,5.44,5.47,5.33,5.34,5.45,1213033.0,6515804.0,666111600.0,1850310000.0,39272322.88,33240468.93,468708077.42999995,742233020.56,273524943.13,3933364.2600000054,,,,,,,,,,,,,,,,,,,,
sh600145,四维瓷业,2003-04-09,5.34,5.42,5.24,5.38,5.34,1322800.0,7041483.0,671101200.0,1864170000.0,39272322.88,33240468.93,468708077.42999995,742233020.56,273524943.13,3933364.2600000054,,,,,,,,,,,,,,,,,,,,
sh600145,四维瓷业,2003-04-10,5.43,5.58,5.35,5.57,5.38,2712426.0,14877544.0,694801800.0,1930005000.0,39272322.88,33240468.93,468708077.42999995,742233020.56,273524943.13,3933364.2600000054,,,,,,,,,,,,,,,,,,,,
sh600145,四维瓷业,2003-04-11,5.62,5.92,5.62,5.79,5.57,8783530.0,50864137.0,722244600.0,2006235000.0,39272322.88,33240468.93,468708077.42999995,742233020.56,273524943.13,3933364.2600000054,,,,,,,,,,,,,,,,,,,,
sh600145,四维瓷业,2003-04-14,5.8,5.98,5.78,5.88,5.79,5043860.0,29539024.0,733471200.0,2037420000.0,39272322.88,33240468.93,468708077.42999995,742233020.56,273524943.13,3933364.2600000054,,,,,,,,,,,,,,,,,,,,
sh600145,四维瓷业,2003-04-15,5.93,5.95,5.79,5.88,5.88,3487437.0,20368799.0,733471200.0,2037420000.0,39272322.88,33240468.93,468708077.42999995,742233020.56,273524943.13,3933364.2600000054,,,,,,,,,,,,,,,,,,,,
sh600145,四维瓷业,2003-04-16,5.9,5.95,5.66,5.68,5.88,3536348.0,20426135.0,708523200.0,1968120000.0,39272322.88,33240468.93,468708077.42999995,742233020.56,273524943.13,3933364.2600000054,,,,,,,,,,,,,,,,,,,,
sh600145,四维瓷业,2003-04-17,5.68,5.75,5.59,5.75,5.68,1808780.0,10221575.0,717255000.0,1992375000.0,39272322.88,33240468.93,468708077.42999995,742233020.56,273524943.13,3933364.2600000054,,,,,,,,,,,,,,,,,,,,
sh600145,四维瓷业,2003-04-18,5.75,5.76,5.65,5.69,5.75,1399370.0,7957139.0,709770600.0,1971585000.0,39272322.88,33240468.93,468708077.42999995,742233020.56,273524943.13,3933364.2600000054,,,,,,,,,,,,,,,,,,,,
sh600145,四维瓷业,2003-04-21,5.7,5.72,5.57,5.6,5.69,1383866.0,7798581.0,698544000.0,1940400000.0,39272322.88,33240468.93,468708077.42999995,742233020.56,273524943.13,3933364.2600000054,,,,,,,,,,,,,,,,,,,,
sh600145,四维瓷业,2003-04-22,5.6,5.64,5.56,5.62,5.6,662098.0,3705444.0,701038800.0,1947330000.0,39272322.88,33240468.93,468708077.42999995,742233020.56,273524943.13,3933364.2600000054,,,,,,,,,,,,,,,,,,,,
sh600145,四维瓷业,2003-04-23,5.6,5.62,5.43,5.47,5.62,831720.0,4616690.0,682327800.0,1895355000.0,39272322.88,33240468.93,468708077.42999995,742233020.56,273524943.13,3933364.2600000054,,,,,,,,,,,,,,,,,,,,
sh600145,四维瓷业,2003-04-24,5.47,5.48,5.35,5.37,5.47,1244500.0,6728222.0,669853800.0,1860705000.0,39272322.88,33240468.93,468708077.42999995,742233020.56,273524943.13,3933364.2600000054,,,,,,,,,,,,,,,,,,,,
sh600145,四维瓷业,2003-04-25,5.37,5.43,5.3,5.34,5.37,651521.0,3487480.0,666111600.0,1850310000.0,39272322.88,33240468.93,468708077.42999995,742233020.56,273524943.13,3933364.2600000054,,,,,,,,,,,,,,,,,,,,
sh600145,四维瓷业,2003-04-28,5.31,5.45,5.23,5.42,5.34,964198.0,5104872.0,676090800.0,1878030000.0,39272322.88,33240468.93,468708077.42999995,742233020.56,273524943.13,3933364.2600000054,,,,,,,,,,,,,,,,,,,,
sh600145,四维瓷业,2003-04-29,5.35,5.4,5.24,5.26,5.42,603960.0,3203837.0,656132400.0,1822590000.0,34578495.93000001,33240468.93,478748669.75,719931632.11,241182962.36,7992027.0,,,,,,,,,,,,,,,,,,,,
sh600145,四维瓷业,2003-04-30,5.26,5.35,5.26,5.34,5.26,679490.0,3602382.0,666111600.0,1850310000.0,34578495.93000001,33240468.93,478748669.75,719931632.11,241182962.36,7992027.0,,,,,,,,,,,,,,,,,,,,
sh600145,四维瓷业,2003-05-13,5.35,5.35,4.98,5.01,5.34,1931270.0,9765234.0,624947400.0,1735965000.0,34578495.93000001,33240468.93,478748669.75,719931632.11,241182962.36,7992027.0,,,,,,,,,,,,,,,,,,,,
sh600145,四维瓷业,2003-05-14,5.0,5.17,4.99,5.16,5.01,1283868.0,6517555.0,643658400.0,1787940000.0,34578495.93000001,33240468.93,478748669.75,719931632.11,241182962.36,7992027.0,,,,,,,,,,,,,,,,,,,,
sh600145,四维瓷业,2003-05-15,5.18,5.29,5.05,5.29,5.16,1417140.0,7344836.0,659874600.0,1832985000.0,34578495.93000001,33240468.93,478748669.75,719931632.11,241182962.36,7992027.0,,,,,,,,,,,,,,,,,,,,
sh600145,四维瓷业,2003-05-16,5.3,5.35,5.19,5.23,5.29,776616.0,4063878.0,652390200.0,1812195000.0,34578495.93000001,33240468.93,478748669.75,719931632.11,241182962.36,7992027.0,,,,,,,,,,,,,,,,,,,,
sh600145,四维瓷业,2003-05-19,5.28,5.33,5.19,5.31,5.23,1142704.0,6016049.0,662369400.0,1839915000.0,34578495.93000001,33240468.93,478748669.75,719931632.11,241182962.36,7992027.0,,,,,,,,,,,,,,,,,,,,
sh600145,四维瓷业,2003-05-20,5.31,5.55,5.23,5.45,5.31,3381816.0,18374613.0,679833000.0,1888425000.0,34578495.93000001,33240468.93,478748669.75,719931632.11,241182962.36,7992027.0,,,,,,,,,,,,,,,,,,,,
sh600145,四维瓷业,2003-05-21,5.5,5.52,5.39,5.42,5.45,2705741.0,14751690.0,676090800.0,1878030000.0,34578495.93000001,33240468.93,478748669.75,719931632.11,241182962.36,7992027.0,,,,,,,,,,,,,,,,,,,,
sh600145,四维瓷业,2003-05-22,5.45,5.45,5.35,5.42,5.42,836036.0,4511905.0,676090800.0,1878030000.0,34578495.93000001,33240468.93,478748669.75,719931632.11,241182962.36,7992027.0,,,,,,,,,,,,,,,,,,,,
sh600145,四维瓷业,2003-05-23,5.45,5.49,5.41,5.43,5.42,1042785.0,5679510.0,677338200.0,1881495000.0,34578495.93000001,33240468.93,478748669.75,719931632.11,241182962.36,7992027.0,,,,,,,,,,,,,,,,,,,,
sh600145,四维瓷业,2003-05-26,5.5,5.5,5.38,5.43,5.43,1093395.0,5935258.0,677338200.0,1881495000.0,34578495.93000001,33240468.93,478748669.75,719931632.11,241182962.36,7992027.0,,,,,,,,,,,,,,,,,,,,
sh600145,四维瓷业,2003-05-27,5.45,5.5,5.4,5.5,5.43,1090326.0,5953511.0,686070000.0,1905750000.0,34578495.93000001,33240468.93,478748669.75,719931632.11,241182962.36,7992027.0,,,,,,,,,,,,,,,,,,,,
sh600145,四维瓷业,2003-05-28,5.52,5.53,5.4,5.4,5.5,880718.0,4814740.0,673596000.0,1871100000.0,34578495.93000001,33240468.93,478748669.75,719931632.11,241182962.36,7992027.0,,,,,,,,,,,,,,,,,,,,
sh600145,四维瓷业,2003-05-29,5.39,5.42,5.31,5.39,5.4,1100702.0,5890904.0,672348600.0,1867635000.0,34578495.93000001,33240468.93,478748669.75,719931632.11,241182962.36,7992027.0,,,,,,,,,,,,,,,,,,,,
sh600145,四维瓷业,2003-05-30,5.42,5.51,5.33,5.51,5.39,1391131.0,7573295.0,687317400.0,1909215000.0,34578495.93000001,33240468.93,478748669.75,719931632.11,241182962.36,7992027.0,,,,,,,,,,,,,,,,,,,,
sh600145,四维瓷业,2003-06-02,5.51,5.56,5.44,5.55,5.51,1088053.0,5987911.0,692307000.0,1923075000.0,34578495.93000001,33240468.93,478748669.75,719931632.11,241182962.36,7992027.0,,,,,,,,,,,,,,,,,,,,
sh600145,四维瓷业,2003-06-03,5.59,5.67,5.5,5.52,5.55,2625860.0,14717869.0,688564800.0,1912680000.0,34578495.93000001,33240468.93,478748669.75,719931632.11,241182962.36,7992027.0,,,,,,,,,,,,,,,,,,,,
sh600145,四维瓷业,2003-06-04,5.5,5.53,5.41,5.5,5.52,949014.0,5195353.0,686070000.0,1905750000.0,34578495.93000001,33240468.93,478748669.75,719931632.11,241182962.36,7992027.0,,,,,,,,,,,,,,,,,,,,
sh600145,四维瓷业,2003-06-05,5.52,5.55,5.43,5.47,5.5,732580.0,4026942.0,682327800.0,1895355000.0,34578495.93000001,33240468.93,478748669.75,719931632.11,241182962.36,7992027.0,,,,,,,,,,,,,,,,,,,,
sh600145,四维瓷业,2003-06-06,5.47,5.53,5.43,5.46,5.47,968381.0,5318142.0,681080400.0,1891890000.0,34578495.93000001,33240468.93,478748669.75,719931632.11,241182962.36,7992027.0,,,,,,,,,,,,,,,,,,,,
sh600145,四维瓷业,2003-06-09,5.46,5.46,5.3,5.36,5.46,615847.0,3302117.0,668606400.0,1857240000.0,34578495.93000001,33240468.93,478748669.75,719931632.11,241182962.36,7992027.0,,,,,,,,,,,,,,,,,,,,
sh600145,四维瓷业,2003-06-10,5.3,5.38,5.3,5.37,5.36,325630.0,1741741.0,669853800.0,1860705000.0,34578495.93000001,33240468.93,478748669.75,719931632.11,241182962.36,7992027.0,,,,,,,,,,,,,,,,,,,,
sh600145,四维瓷业,2003-06-11,5.38,5.5,5.37,5.48,5.37,448730.0,2442178.0,683575200.0,1898820000.0,34578495.93000001,33240468.93,478748669.75,719931632.11,241182962.36,7992027.0,,,,,,,,,,,,,,,,,,,,
sh600145,四维瓷业,2003-06-12,5.47,5.48,5.4,5.41,5.48,336900.0,1826427.0,674843400.0,1874565000.0,34578495.93000001,33240468.93,478748669.75,719931632.11,241182962.36,7992027.0,,,,,,,,,,,,,,,,,,,,
sh600145,四维瓷业,2003-06-13,5.4,5.46,5.4,5.44,5.41,558663.0,3029752.0,678585600.0,1884960000.0,34578495.93000001,33240468.93,478748669.75,719931632.11,241182962.36,7992027.0,,,,,,,,,,,,,,,,,,,,
sh600145,四维瓷业,2003-06-16,5.45,5.5,5.41,5.46,5.44,556730.0,3037235.0,681080400.0,1891890000.0,34578495.93000001,33240468.93,478748669.75,719931632.11,241182962.36,7992027.0,,,,,,,,,,,,,,,,,,,,
sh600145,四维瓷业,2003-06-17,5.5,5.53,5.43,5.51,5.46,1372837.0,7543854.0,687317400.0,1909215000.0,34578495.93000001,33240468.93,478748669.75,719931632.11,241182962.36,7992027.0,,,,,,,,,,,,,,,,,,,,
sh600145,四维瓷业,2003-06-18,5.55,5.55,5.46,5.48,5.51,541270.0,2976621.0,683575200.0,1898820000.0,34578495.93000001,33240468.93,478748669.75,719931632.11,241182962.36,7992027.0,,,,,,,,,,,,,,,,,,,,
sh600145,四维瓷业,2003-06-19,5.45,5.5,5.36,5.38,5.48,546486.0,2949602.0,671101200.0,1864170000.0,34578495.93000001,33240468.93,478748669.75,719931632.11,241182962.36,7992027.0,,,,,,,,,,,,,,,,,,,,
sh600145,四维瓷业,2003-06-20,5.35,5.44,5.34,5.38,5.38,428670.0,2305943.0,671101200.0,1864170000.0,34578495.93000001,33240468.93,478748669.75,719931632.11,241182962.36,7992027.0,,,,,,,,,,,,,,,,,,,,
sh600145,四维瓷业,2003-06-23,5.38,5.38,5.29,5.29,5.38,588000.0,3121409.0,659874600.0,1832985000.0,34578495.93000001,33240468.93,478748669.75,719931632.11,241182962.36,7992027.0,,,,,,,,,,,,,,,,,,,,
sh600145,四维瓷业,2003-06-24,5.3,5.33,5.29,5.31,5.29,236668.0,1256799.0,662369400.0,1839915000.0,34578495.93000001,33240468.93,478748669.75,719931632.11,241182962.36,7992027.0,,,,,,,,,,,,,,,,,,,,
sh600145,四维瓷业,2003-06-25,5.31,5.32,5.23,5.24,5.31,306648.0,1615126.0,653637600.0,1815660000.0,34578495.93000001,33240468.93,478748669.75,719931632.11,241182962.36,7992027.0,,,,,,,,,,,,,,,,,,,,
sh600145,四维瓷业,2003-06-26,5.24,5.28,5.18,5.24,5.24,515235.0,2690727.0,653637600.0,1815660000.0,34578495.93000001,33240468.93,478748669.75,719931632.11,241182962.36,7992027.0,,,,,,,,,,,,,,,,,,,,
sh600145,四维瓷业,2003-06-27,5.27,5.27,5.15,5.15,5.24,403060.0,2091931.0,642411000.0,1784475000.0,34578495.93000001,33240468.93,478748669.75,719931632.11,241182962.36,7992027.0,,,,,,,,,,,,,,,,,,,,
sh600145,四维瓷业,2003-07-01,5.09,5.17,5.06,5.14,5.15,566180.0,2904331.0,641163600.0,1781010000.0,34578495.93000001,33240468.93,478748669.75,719931632.11,241182962.36,7992027.0,,,,,,,,,,,,,,,,,,,,
sh600145,四维瓷业,2003-07-02,5.11,5.19,5.09,5.18,5.14,428944.0,2201227.0,646153200.0,1794870000.0,34578495.93000001,33240468.93,478748669.75,719931632.11,241182962.36,7992027.0,,,,,,,,,,,,,,,,,,,,
sh600145,四维瓷业,2003-07-03,5.18,5.19,5.1,5.12,5.18,686823.0,3513543.0,638668800.0,1774080000.0,34578495.93000001,33240468.93,478748669.75,719931632.11,241182962.36,7992027.0,,,,,,,,,,,,,,,,,,,,
sh600145,四维瓷业,2003-07-04,5.14,5.14,5.08,5.11,5.12,518600.0,2646757.0,637421400.0,1770615000.0,34578495.93000001,33240468.93,478748669.75,719931632.11,241182962.36,7992027.0,,,,,,,,,,,,,,,,,,,,
sh600145,四维瓷业,2003-07-07,5.11,5.14,5.04,5.13,5.11,543379.0,2759443.0,639916200.0,1777545000.0,34578495.93000001,33240468.93,478748669.75,719931632.11,241182962.36,7992027.0,,,,,,,,,,,,,,,,,,,,
sh600145,四维瓷业,2003-07-08,5.12,5.25,5.09,5.23,5.13,2024896.0,10432080.0,652390200.0,1812195000.0,34578495.93000001,33240468.93,478748669.75,719931632.11,241182962.36,7992027.0,,,,,,,,,,,,,,,,,,,,
sh600145,四维瓷业,2003-07-09,5.23,5.23,5.1,5.14,5.23,643174.0,3310788.0,641163600.0,1781010000.0,34578495.93000001,33240468.93,478748669.75,719931632.11,241182962.36,7992027.0,,,,,,,,,,,,,,,,,,,,
sh600145,四维瓷业,2003-07-10,5.13,5.2,5.1,5.19,5.14,1682364.0,8676151.0,647400600.0,1798335000.0,34578495.93000001,33240468.93,478748669.75,719931632.11,241182962.36,7992027.0,,,,,,,,,,,,,,,,,,,,
sh600145,四维瓷业,2003-07-11,5.19,5.19,5.1,5.14,5.19,1768224.0,9054658.0,641163600.0,1781010000.0,34578495.93000001,33240468.93,478748669.75,719931632.11,241182962.36,7992027.0,,,,,,,,,,,,,,,,,,,,
sh600145,四维瓷业,2003-07-14,5.15,5.16,5.1,5.14,5.14,407310.0,2087582.0,641163600.0,1781010000.0,34578495.93000001,33240468.93,478748669.75,719931632.11,241182962.36,7992027.0,,,,,,,,,,,,,,,,,,,,
sh600145,四维瓷业,2003-07-15,5.18,5.18,5.09,5.12,5.14,831456.0,4256412.0,638668800.0,1774080000.0,34578495.93000001,33240468.93,478748669.75,719931632.11,241182962.36,7992027.0,,,,,,,,,,,,,,,,,,,,
sh600145,四维瓷业,2003-07-16,5.14,5.14,5.05,5.1,5.12,1154559.0,5858768.0,636174000.0,1767150000.0,34578495.93000001,33240468.93,478748669.75,719931632.11,241182962.36,7992027.0,,,,,,,,,,,,,,,,,,,,
sh600145,四维瓷业,2003-07-17,5.1,5.1,5.04,5.05,5.1,1150066.0,5817665.0,629937000.0,1749825000.0,34578495.93000001,33240468.93,478748669.75,719931632.11,241182962.36,7992027.0,,,,,,,,,,,,,,,,,,,,
sh600145,四维瓷业,2003-07-18,5.1,5.1,5.01,5.01,5.05,570841.0,2880668.0,624947400.0,1735965000.0,34578495.93000001,33240468.93,478748669.75,719931632.11,241182962.36,7992027.0,,,,,,,,,,,,,,,,,,,,
sh600145,四维瓷业,2003-07-21,4.9,4.98,4.85,4.91,5.01,1017415.0,4979866.0,612473400.0,1701315000.0,34578495.93000001,33240468.93,478748669.75,719931632.11,241182962.36,7992027.0,,,,,,,,,,,,,,,,,,,,
sh600145,四维瓷业,2003-07-22,4.94,5.07,4.88,5.05,4.91,1338912.0,6673326.0,629937000.0,1749825000.0,34578495.93000001,33240468.93,478748669.75,719931632.11,241182962.36,7992027.0,,,,,,,,,,,,,,,,,,,,
sh600145,四维瓷业,2003-07-23,5.1,5.26,5.1,5.21,5.05,7140966.0,37135592.0,649895400.0,1805265000.0,34578495.93000001,33240468.93,478748669.75,719931632.11,241182962.36,7992027.0,,,,,,,,,,,,,,,,,,,,
sh600145,四维瓷业,2003-07-24,5.18,5.21,5.13,5.14,5.21,1193271.0,6162924.0,641163600.0,1781010000.0,34578495.93000001,33240468.93,478748669.75,719931632.11,241182962.36,7992027.0,,,,,,,,,,,,,,,,,,,,
sh600145,四维瓷业,2003-07-25,5.11,5.12,5.01,5.05,5.14,1709862.0,8661133.0,629937000.0,1749825000.0,34578495.93000001,33240468.93,478748669.75,719931632.11,241182962.36,7992027.0,,,,,,,,,,,,,,,,,,,,
sh600145,四维瓷业,2003-07-28,5.11,5.11,4.95,5.01,5.05,674943.0,3377907.0,624947400.0,1735965000.0,34578495.93000001,33240468.93,478748669.75,719931632.11,241182962.36,7992027.0,,,,,,,,,,,,,,,,,,,,
sh600145,四维瓷业,2003-07-29,5.0,5.02,4.96,5.01,5.01,619838.0,3097010.0,624947400.0,1735965000.0,34578495.93000001,33240468.93,478748669.75,719931632.11,241182962.36,7992027.0,,,,,,,,,,,,,,,,,,,,
sh600145,四维瓷业,2003-07-30,4.98,5.0,4.93,4.97,5.01,433112.0,2149043.0,619957800.0,1722105000.0,34578495.93000001,33240468.93,478748669.75,719931632.11,241182962.36,7992027.0,,,,,,,,,,,,,,,,,,,,
sh600145,四维瓷业,2003-08-01,4.95,4.95,4.9,4.94,4.97,603518.0,2966801.0,616215600.0,1711710000.0,34578495.93000001,33240468.93,478748669.75,719931632.11,241182962.36,7992027.0,,,,,,,,,,,,,,,,,,,,
sh600145,四维瓷业,2003-08-04,4.94,5.05,4.9,5.04,4.94,614241.0,3052288.0,628689600.0,1746360000.0,34578495.93000001,33240468.93,478748669.75,719931632.11,241182962.36,7992027.0,,,,,,,,,,,,,,,,,,,,
sh600145,四维瓷业,2003-08-05,5.04,5.05,4.97,5.01,5.04,557520.0,2785484.0,624947400.0,1735965000.0,34578495.93000001,33240468.93,478748669.75,719931632.11,241182962.36,7992027.0,,,,,,,,,,,,,,,,,,,,
sh600145,四维瓷业,2003-08-06,5.01,5.08,4.93,5.03,5.01,520039.0,2596051.0,627442200.0,1742895000.0,34578495.93000001,33240468.93,478748669.75,719931632.11,241182962.36,7992027.0,,,,,,,,,,,,,,,,,,,,
sh600145,四维瓷业,2003-08-07,5.0,5.04,4.98,5.0,5.03,384168.0,1924734.0,623700000.0,1732500000.0,34578495.93000001,33240468.93,478748669.75,719931632.11,241182962.36,7992027.0,,,,,,,,,,,,,,,,,,,,
sh600145,四维瓷业,2003-08-08,5.01,5.01,4.92,4.93,5.0,429100.0,2121998.0,614968200.0,1708245000.0,34578495.93000001,33240468.93,478748669.75,719931632.11,241182962.36,7992027.0,,,,,,,,,,,,,,,,,,,,
sh600145,四维瓷业,2003-08-11,4.9,4.96,4.9,4.94,4.93,335161.0,1654244.0,616215600.0,1711710000.0,34578495.93000001,33240468.93,478748669.75,719931632.11,241182962.36,7992027.0,,,,,,,,,,,,,,,,,,,,
sh600145,四维瓷业,2003-08-12,4.94,4.99,4.9,4.95,4.94,332660.0,1641890.0,617463000.0,1715175000.0,34578495.93000001,33240468.93,478748669.75,719931632.11,241182962.36,7992027.0,,,,,,,,,,,,,,,,,,,,
sh600145,四维瓷业,2003-08-13,4.95,4.96,4.9,4.91,4.95,221170.0,1087989.0,612473400.0,1701315000.0,34578495.93000001,33240468.93,478748669.75,719931632.11,241182962.36,7992027.0,,,,,,,,,,,,,,,,,,,,
sh600145,四维瓷业,2003-08-14,4.9,4.95,4.88,4.9,4.91,402387.0,1973668.0,611226000.0,1697850000.0,34578495.93000001,33240468.93,478748669.75,719931632.11,241182962.36,7992027.0,,,,,,,,,,,,,,,,,,,,
sh600145,四维瓷业,2003-08-15,4.91,4.95,4.88,4.9,4.9,246160.0,1204618.0,611226000.0,1697850000.0,34578495.93000001,33240468.93,478748669.75,719931632.11,241182962.36,7992027.0,,,,,,,,,,,,,,,,,,,,
sh600145,四维瓷业,2003-08-18,4.9,4.94,4.86,4.87,4.9,219680.0,1073085.0,607483800.0,1687455000.0,34578495.93000001,33240468.93,478748669.75,719931632.11,241182962.36,7992027.0,,,,,,,,,,,,,,,,,,,,
sh600145,四维瓷业,2003-08-19,4.86,4.91,4.86,4.9,4.87,288999.0,1411169.0,611226000.0,1697850000.0,34578495.93000001,33240468.93,478748669.75,719931632.11,241182962.36,7992027.0,,,,,,,,,,,,,,,,,,,,
sh600145,四维瓷业,2003-08-20,4.88,4.9,4.84,4.86,4.9,193699.0,942022.0,606236400.0,1683990000.0,34578495.93000001,33240468.93,478748669.75,719931632.11,241182962.36,7992027.0,,,,,,,,,,,,,,,,,,,,
sh600145,四维瓷业,2003-08-21,4.85,4.86,4.8,4.8,4.86,451012.0,2170246.0,598752000.0,1663200000.0,34578495.93000001,33240468.93,478748669.75,719931632.11,241182962.36,7992027.0,,,,,,,,,,,,,,,,,,,,
sh600145,四维瓷业,2003-08-22,4.8,4.83,4.77,4.78,4.8,333600.0,1598487.0,596257200.0,1656270000.0,34578495.93000001,33240468.93,478748669.75,719931632.11,241182962.36,7992027.0,,,,,,,,,,,,,,,,,,,,
sh600145,四维瓷业,2003-08-25,4.77,4.79,4.68,4.69,4.78,349772.0,1661582.0,585030600.0,1625085000.0,34578495.93000001,33240468.93,478748669.75,719931632.11,241182962.36,7992027.0,,,,,,,,,,,,,,,,,,,,
sh600145,四维瓷业,2003-08-26,4.69,4.78,4.68,4.71,4.69,248382.0,1167798.0,587525400.0,1632015000.0,34578495.93000001,33240468.93,478748669.75,719931632.11,241182962.36,7992027.0,,,,,,,,,,,,,,,,,,,,
sh600145,四维瓷业,2003-08-27,4.7,4.74,4.65,4.71,4.71,296169.0,1389192.0,587525400.0,1632015000.0,34578495.93000001,33240468.93,478748669.75,719931632.11,241182962.36,7992027.0,,,,,,,,,,,,,,,,,,,,
sh600145,四维瓷业,2003-08-28,4.7,4.77,4.66,4.68,4.71,285100.0,1348844.0,583783200.0,1621620000.0,23927660.76,31023614.999999996,488286310.89000005,787966821.98,299680511.09,7937135.039999999,,,,,,,,,,,,,,,,,,,,
sh600145,四维瓷业,2003-08-29,4.67,4.69,4.55,4.64,4.68,536985.0,2469293.0,578793600.0,1607760000.0,23927660.76,31023614.999999996,488286310.89000005,787966821.98,299680511.09,7937135.039999999,,,,,,,,,,,,,,,,,,,,
sh600145,四维瓷业,2003-09-01,4.64,4.74,4.57,4.74,4.64,579378.0,2700133.0,591267600.0,1642410000.0,23927660.76,31023614.999999996,488286310.89000005,787966821.98,299680511.09,7937135.039999999,,,,,,,,,,,,,,,,,,,,
sh600145,四维瓷业,2003-09-02,4.74,4.77,4.65,4.68,4.74,545900.0,2565835.0,583783200.0,1621620000.0,23927660.76,31023614.999999996,488286310.89000005,787966821.98,299680511.09,7937135.039999999,,,,,,,,,,,,,,,,,,,,
sh600145,四维瓷业,2003-09-03,4.68,4.82,4.64,4.78,4.68,733570.0,3477198.0,596257200.0,1656270000.0,23927660.76,31023614.999999996,488286310.89000005,787966821.98,299680511.09,7937135.039999999,,,,,,,,,,,,,,,,,,,,
sh600145,四维瓷业,2003-09-04,4.8,4.8,4.7,4.75,4.78,418840.0,1995192.0,592515000.0,1645875000.0,23927660.76,31023614.999999996,488286310.89000005,787966821.98,299680511.09,7937135.039999999,,,,,,,,,,,,,,,,,,,,
sh600145,四维瓷业,2003-09-05,4.75,4.78,4.66,4.66,4.75,469026.0,2218585.0,581288400.0,1614690000.0,23927660.76,31023614.999999996,488286310.89000005,787966821.98,299680511.09,7937135.039999999,,,,,,,,,,,,,,,,,,,,
sh600145,四维瓷业,2003-09-08,4.66,4.67,4.6,4.64,4.66,342260.0,1586295.0,578793600.0,1607760000.0,23927660.76,31023614.999999996,488286310.89000005,787966821.98,299680511.09,7937135.039999999,,,,,,,,,,,,,,,,,,,,
sh600145,四维瓷业,2003-09-09,4.65,4.73,4.61,4.71,4.64,343419.0,1606904.0,587525400.0,1632015000.0,23927660.76,31023614.999999996,488286310.89000005,787966821.98,299680511.09,7937135.039999999,,,,,,,,,,,,,,,,,,,,
sh600145,四维瓷业,2003-09-10,4.77,4.77,4.66,4.7,4.71,199700.0,938830.0,586278000.0,1628550000.0,23927660.76,31023614.999999996,488286310.89000005,787966821.98,299680511.09,7937135.039999999,,,,,,,,,,,,,,,,,,,,
sh600145,四维瓷业,2003-09-11,4.77,4.77,4.65,4.67,4.7,196900.0,923282.0,582535800.0,1618155000.0,23927660.76,31023614.999999996,488286310.89000005,787966821.98,299680511.09,7937135.039999999,,,,,,,,,,,,,,,,,,,,
sh600145,四维瓷业,2003-09-12,4.75,4.75,4.58,4.59,4.67,279551.0,1292865.0,572556600.0,1590435000.0,23927660.76,31023614.999999996,488286310.89000005,787966821.98,299680511.09,7937135.039999999,,,,,,,,,,,,,,,,,,,,
sh600145,四维瓷业,2003-09-15,4.67,4.67,4.52,4.54,4.59,250180.0,1142592.0,566319600.0,1573110000.0,23927660.76,31023614.999999996,488286310.89000005,787966821.98,299680511.09,7937135.039999999,,,,,,,,,,,,,,,,,,,,
sh600145,四维瓷业,2003-09-16,4.6,4.6,4.5,4.59,4.54,310711.0,1412250.0,572556600.0,1590435000.0,23927660.76,31023614.999999996,488286310.89000005,787966821.98,299680511.09,7937135.039999999,,,,,,,,,,,,,,,,,,,,
sh600145,四维瓷业,2003-09-17,4.59,4.61,4.5,4.5,4.59,344220.0,1557401.0,561330000.0,1559250000.0,23927660.76,31023614.999999996,488286310.89000005,787966821.98,299680511.09,7937135.039999999,,,,,,,,,,,,,,,,,,,,
sh600145,四维瓷业,2003-09-18,4.56,4.58,4.48,4.56,4.5,411360.0,1866817.0,568814400.0,1580040000.0,23927660.76,31023614.999999996,488286310.89000005,787966821.98,299680511.09,7937135.039999999,,,,,,,,,,,,,,,,,,,,
sh600145,四维瓷业,2003-09-19,4.6,4.66,4.52,4.57,4.56,1289750.0,5935866.0,570061800.0,1583505000.0,23927660.76,31023614.999999996,488286310.89000005,787966821.98,299680511.09,7937135.039999999,,,,,,,,,,,,,,,,,,,,
sh600145,四维瓷业,2003-09-22,4.63,4.64,4.55,4.58,4.57,231740.0,1060613.0,571309200.0,1586970000.0,23927660.76,31023614.999999996,488286310.89000005,787966821.98,299680511.09,7937135.039999999,,,,,,,,,,,,,,,,,,,,
sh600145,四维瓷业,2003-09-23,4.58,4.58,4.5,4.57,4.58,216046.0,982057.0,570061800.0,1583505000.0,23927660.76,31023614.999999996,488286310.89000005,787966821.98,299680511.09,7937135.039999999,,,,,,,,,,,,,,,,,,,,
sh600145,四维瓷业,2003-09-24,4.59,4.63,4.54,4.61,4.57,275351.0,1263836.0,575051400.0,1597365000.0,23927660.76,31023614.999999996,488286310.89000005,787966821.98,299680511.09,7937135.039999999,,,,,,,,,,,,,,,,,,,,
sh600145,四维瓷业,2003-09-25,4.57,4.61,4.51,4.51,4.61,171600.0,779098.0,562577400.0,1562715000.0,23927660.76,31023614.999999996,488286310.89000005,787966821.98,299680511.09,7937135.039999999,,,,,,,,,,,,,,,,,,,,
sh600145,四维瓷业,2003-09-26,4.5,4.52,4.47,4.5,4.51,226782.0,1018348.0,561330000.0,1559250000.0,23927660.76,31023614.999999996,488286310.89000005,787966821.98,299680511.09,7937135.039999999,,,,,,,,,,,,,,,,,,,,
sh600145,四维瓷业,2003-09-29,4.48,4.48,4.35,4.37,4.5,450912.0,1984320.0,545113800.0,1514205000.0,23927660.76,31023614.999999996,488286310.89000005,787966821.98,299680511.09,7937135.039999999,,,,,,,,,,,,,,,,,,,,
sh600145,四维瓷业,2003-09-30,4.38,4.41,4.32,4.39,4.37,235520.0,1031006.0,547608600.0,1521135000.0,23927660.76,31023614.999999996,488286310.89000005,787966821.98,299680511.09,7937135.039999999,,,,,,,,,,,,,,,,,,,,
sh600145,四维瓷业,2003-10-08,4.39,4.43,4.34,4.41,4.39,267801.0,1177715.0,550103400.0,1528065000.0,23927660.76,31023614.999999996,488286310.89000005,787966821.98,299680511.09,7937135.039999999,,,,,,,,,,,,,,,,,,,,
sh600145,四维瓷业,2003-10-09,4.4,4.42,4.37,4.41,4.41,294360.0,1294843.0,550103400.0,1528065000.0,23927660.76,31023614.999999996,488286310.89000005,787966821.98,299680511.09,7937135.039999999,,,,,,,,,,,,,,,,,,,,
sh600145,四维瓷业,2003-10-10,4.41,4.53,4.39,4.48,4.41,450709.0,2013592.0,558835200.0,1552320000.0,23927660.76,31023614.999999996,488286310.89000005,787966821.98,299680511.09,7937135.039999999,,,,,,,,,,,,,,,,,,,,
sh600145,四维瓷业,2003-10-13,4.51,4.59,4.5,4.58,4.48,747385.0,3397139.0,571309200.0,1586970000.0,23927660.76,31023614.999999996,488286310.89000005,787966821.98,299680511.09,7937135.039999999,,,,,,,,,,,,,,,,,,,,
sh600145,四维瓷业,2003-10-14,4.58,4.58,4.48,4.49,4.58,408730.0,1844257.0,560082600.0,1555785000.0,23927660.76,31023614.999999996,488286310.89000005,787966821.98,299680511.09,7937135.039999999,,,,,,,,,,,,,,,,,,,,
sh600145,四维瓷业,2003-10-15,4.48,4.54,4.48,4.49,4.49,287100.0,1293461.0,560082600.0,1555785000.0,23927660.76,31023614.999999996,488286310.89000005,787966821.98,299680511.09,7937135.039999999,,,,,,,,,,,,,,,,,,,,
sh600145,四维瓷业,2003-10-16,4.49,4.49,4.42,4.49,4.49,345170.0,1532504.0,560082600.0,1555785000.0,23927660.76,31023614.999999996,488286310.89000005,787966821.98,299680511.09,7937135.039999999,,,,,,,,,,,,,,,,,,,,
sh600145,四维瓷业,2003-10-17,4.45,4.62,4.43,4.57,4.49,1306670.0,5990073.0,570061800.0,1583505000.0,23927660.76,31023614.999999996,488286310.89000005,787966821.98,299680511.09,7937135.039999999,,,,,,,,,,,,,,,,,,,,
sh600145,四维瓷业,2003-10-20,4.57,4.61,4.5,4.55,4.57,267900.0,1221743.0,567567000.0,1576575000.0,23927660.76,31023614.999999996,488286310.89000005,787966821.98,299680511.09,7937135.039999999,,,,,,,,,,,,,,,,,,,,
sh600145,四维瓷业,2003-10-21,4.55,4.59,4.53,4.59,4.55,344438.0,1569145.0,572556600.0,1590435000.0,23927660.76,31023614.999999996,488286310.89000005,787966821.98,299680511.09,7937135.039999999,,,,,,,,,,,,,,,,,,,,
sh600145,四维瓷业,2003-10-22,4.59,4.68,4.54,4.63,4.59,731810.0,3390879.0,577546200.0,1604295000.0,23927660.76,31023614.999999996,488286310.89000005,787966821.98,299680511.09,7937135.039999999,,,,,,,,,,,,,,,,,,,,
sh600145,四维瓷业,2003-10-23,4.65,4.65,4.53,4.54,4.63,335300.0,1535850.0,566319600.0,1573110000.0,23927660.76,31023614.999999996,488286310.89000005,787966821.98,299680511.09,7937135.039999999,,,,,,,,,,,,,,,,,,,,
sh600145,四维瓷业,2003-10-24,4.51,4.56,4.42,4.44,4.54,368400.0,1647135.0,553845600.0,1538460000.0,23927660.76,31023614.999999996,488286310.89000005,787966821.98,299680511.09,7937135.039999999,,,,,,,,,,,,,,,,,,,,
sh600145,四维瓷业,2003-10-27,4.4,4.45,4.37,4.4,4.44,358800.0,1578086.0,548856000.0,1524600000.0,23927660.76,31023614.999999996,488286310.89000005,787966821.98,299680511.09,7937135.039999999,,,,,,,,,,,,,,,,,,,,
sh600145,四维瓷业,2003-10-28,4.38,4.47,4.37,4.44,4.4,523480.0,2307728.0,553845600.0,1538460000.0,23927660.76,31023614.999999996,488286310.89000005,787966821.98,299680511.09,7937135.039999999,,,,,,,,,,,,,,,,,,,,
sh600145,四维瓷业,2003-10-29,4.44,4.5,4.3,4.48,4.44,1128305.0,4966505.0,558835200.0,1552320000.0,23927660.76,31023614.999999996,488286310.89000005,787966821.98,299680511.09,7937135.039999999,,,,,,,,,,,,,,,,,,,,
sh600145,四维瓷业,2003-10-30,4.46,4.46,4.35,4.36,4.48,405660.0,1779677.0,543866400.0,1510740000.0,23927660.76,31023614.999999996,488286310.89000005,787966821.98,299680511.09,7937135.039999999,,,,,,,,,,,,,,,,,,,,
sh600145,四维瓷业,2003-10-31,4.32,4.45,4.3,4.38,4.36,286920.0,1257596.0,546361200.0,1517670000.0,22205056.330000006,31023614.999999996,490464342.96000004,800318222.32,309853879.36,2342530.030000001,,,,,,,,,,,,,,,,,,,,
sh600145,四维瓷业,2003-11-03,4.36,4.52,4.36,4.49,4.38,753700.0,3372061.0,560082600.0,1555785000.0,22205056.330000006,31023614.999999996,490464342.96000004,800318222.32,309853879.36,2342530.030000001,,,,,,,,,,,,,,,,,,,,
sh600145,四维瓷业,2003-11-04,4.45,4.6,4.45,4.53,4.49,731233.0,3310501.0,565072200.0,1569645000.0,22205056.330000006,31023614.999999996,490464342.96000004,800318222.32,309853879.36,2342530.030000001,,,,,,,,,,,,,,,,,,,,
sh600145,四维瓷业,2003-11-05,4.53,4.68,4.45,4.63,4.53,3829960.0,17679791.0,577546200.0,1604295000.0,22205056.330000006,31023614.999999996,490464342.96000004,800318222.32,309853879.36,2342530.030000001,,,,,,,,,,,,,,,,,,,,
sh600145,四维瓷业,2003-11-06,4.58,4.61,4.37,4.38,4.63,881250.0,3946499.0,546361200.0,1517670000.0,22205056.330000006,31023614.999999996,490464342.96000004,800318222.32,309853879.36,2342530.030000001,,,,,,,,,,,,,,,,,,,,
sh600145,四维瓷业,2003-11-07,4.35,4.43,4.31,4.34,4.38,689351.0,3008491.0,541371600.0,1503810000.0,22205056.330000006,31023614.999999996,490464342.96000004,800318222.32,309853879.36,2342530.030000001,,,,,,,,,,,,,,,,,,,,
sh600145,四维瓷业,2003-11-10,4.31,4.45,4.3,4.44,4.34,398809.0,1743769.0,553845600.0,1538460000.0,22205056.330000006,31023614.999999996,490464342.96000004,800318222.32,309853879.36,2342530.030000001,,,,,,,,,,,,,,,,,,,,
sh600145,四维瓷业,2003-11-11,4.45,4.62,4.4,4.46,4.44,400188.0,1785821.0,556340400.0,1545390000.0,22205056.330000006,31023614.999999996,490464342.96000004,800318222.32,309853879.36,2342530.030000001,,,,,,,,,,,,,,,,,,,,
sh600145,四维瓷业,2003-11-12,4.46,4.46,4.33,4.34,4.46,294720.0,1284121.0,541371600.0,1503810000.0,22205056.330000006,31023614.999999996,490464342.96000004,800318222.32,309853879.36,2342530.030000001,,,,,,,,,,,,,,,,,,,,
sh600145,四维瓷业,2003-11-13,4.33,4.44,4.31,4.43,4.34,639364.0,2797832.0,552598200.0,1534995000.0,22205056.330000006,31023614.999999996,490464342.96000004,800318222.32,309853879.36,2342530.030000001,,,,,,,,,,,,,,,,,,,,
sh600145,四维瓷业,2003-11-14,4.42,4.48,4.37,4.46,4.43,287213.0,1271511.0,556340400.0,1545390000.0,22205056.330000006,31023614.999999996,490464342.96000004,800318222.32,309853879.36,2342530.030000001,,,,,,,,,,,,,,,,,,,,
sh600145,四维瓷业,2003-11-17,4.46,4.58,4.44,4.54,4.46,917859.0,4152050.0,566319600.0,1573110000.0,22205056.330000006,31023614.999999996,490464342.96000004,800318222.32,309853879.36,2342530.030000001,,,,,,,,,,,,,,,,,,,,
sh600145,四维瓷业,2003-11-18,4.54,4.56,4.45,4.45,4.54,667529.0,2997185.0,555093000.0,1541925000.0,22205056.330000006,31023614.999999996,490464342.96000004,800318222.32,309853879.36,2342530.030000001,,,,,,,,,,,,,,,,,,,,
sh600145,四维瓷业,2003-11-19,4.46,4.56,4.43,4.54,4.45,625438.0,2827341.0,566319600.0,1573110000.0,22205056.330000006,31023614.999999996,490464342.96000004,800318222.32,309853879.36,2342530.030000001,,,,,,,,,,,,,,,,,,,,
sh600145,四维瓷业,2003-11-20,4.53,4.66,4.52,4.64,4.54,1797400.0,8298463.0,578793600.0,1607760000.0,22205056.330000006,31023614.999999996,490464342.96000004,800318222.32,309853879.36,2342530.030000001,,,,,,,,,,,,,,,,,,,,
sh600145,四维瓷业,2003-11-21,4.68,4.73,4.51,4.52,4.64,1895855.0,8816224.0,563824800.0,1566180000.0,22205056.330000006,31023614.999999996,490464342.96000004,800318222.32,309853879.36,2342530.030000001,,,,,,,,,,,,,,,,,,,,
sh600145,四维瓷业,2003-11-24,4.52,4.67,4.52,4.65,4.52,1053636.0,4866075.0,580041000.0,1611225000.0,22205056.330000006,31023614.999999996,490464342.96000004,800318222.32,309853879.36,2342530.030000001,,,,,,,,,,,,,,,,,,,,
sh600145,四维瓷业,2003-11-25,4.7,4.87,4.62,4.86,4.65,6604858.0,31745935.0,606236400.0,1683990000.0,22205056.330000006,31023614.999999996,490464342.96000004,800318222.32,309853879.36,2342530.030000001,,,,,,,,,,,,,,,,,,,,
sh600145,四维瓷业,2003-11-26,4.96,5.2,4.9,5.03,4.86,15719522.0,78894364.0,627442200.0,1742895000.0,22205056.330000006,31023614.999999996,490464342.96000004,800318222.32,309853879.36,2342530.030000001,,,,,,,,,,,,,,,,,,,,
sh600145,四维瓷业,2003-11-27,4.98,4.98,4.8,4.81,5.03,2708511.0,13172304.0,599999400.0,1666665000.0,22205056.330000006,31023614.999999996,490464342.96000004,800318222.32,309853879.36,2342530.030000001,,,,,,,,,,,,,,,,,,,,
sh600145,四维瓷业,2003-11-28,4.77,4.85,4.72,4.78,4.81,1225555.0,5858445.0,596257200.0,1656270000.0,22205056.330000006,31023614.999999996,490464342.96000004,800318222.32,309853879.36,2342530.030000001,,,,,,,,,,,,,,,,,,,,
sh600145,四维瓷业,2003-12-01,4.8,4.88,4.76,4.87,4.78,1319447.0,6373318.0,607483800.0,1687455000.0,22205056.330000006,31023614.999999996,490464342.96000004,800318222.32,309853879.36,2342530.030000001,,,,,,,,,,,,,,,,,,,,
sh600145,四维瓷业,2003-12-03,4.85,4.85,4.75,4.8,4.87,1341921.0,6425870.0,598752000.0,1663200000.0,22205056.330000006,31023614.999999996,490464342.96000004,800318222.32,309853879.36,2342530.030000001,,,,,,,,,,,,,,,,,,,,
sh600145,四维瓷业,2003-12-04,4.8,4.8,4.69,4.75,4.8,1719384.0,8122620.0,592515000.0,1645875000.0,22205056.330000006,31023614.999999996,490464342.96000004,800318222.32,309853879.36,2342530.030000001,,,,,,,,,,,,,,,,,,,,
sh600145,四维瓷业,2003-12-05,4.73,4.85,4.72,4.78,4.75,1000080.0,4782817.0,596257200.0,1656270000.0,22205056.330000006,31023614.999999996,490464342.96000004,800318222.32,309853879.36,2342530.030000001,,,,,,,,,,,,,,,,,,,,
sh600145,四维瓷业,2003-12-08,4.77,4.78,4.69,4.71,4.78,867312.0,4096235.0,587525400.0,1632015000.0,22205056.330000006,31023614.999999996,490464342.96000004,800318222.32,309853879.36,2342530.030000001,,,,,,,,,,,,,,,,,,,,
sh600145,四维瓷业,2003-12-09,4.7,4.71,4.65,4.7,4.71,630873.0,2947671.0,586278000.0,1628550000.0,22205056.330000006,31023614.999999996,490464342.96000004,800318222.32,309853879.36,2342530.030000001,,,,,,,,,,,,,,,,,,,,
sh600145,四维瓷业,2003-12-10,4.71,4.75,4.66,4.73,4.7,1125739.0,5318110.0,590020200.0,1638945000.0,22205056.330000006,31023614.999999996,490464342.96000004,800318222.32,309853879.36,2342530.030000001,,,,,,,,,,,,,,,,,,,,
sh600145,四维瓷业,2003-12-11,4.77,4.77,4.65,4.68,4.73,2220099.0,10388171.0,583783200.0,1621620000.0,22205056.330000006,31023614.999999996,490464342.96000004,800318222.32,309853879.36,2342530.030000001,,,,,,,,,,,,,,,,,,,,
sh600145,四维瓷业,2003-12-12,4.68,4.82,4.67,4.81,4.68,1915331.0,9138985.0,599999400.0,1666665000.0,22205056.330000006,31023614.999999996,490464342.96000004,800318222.32,309853879.36,2342530.030000001,,,,,,,,,,,,,,,,,,,,
sh600145,四维瓷业,2003-12-15,4.82,4.84,4.73,4.78,4.81,696332.0,3319465.0,596257200.0,1656270000.0,22205056.330000006,31023614.999999996,490464342.96000004,800318222.32,309853879.36,2342530.030000001,,,,,,,,,,,,,,,,,,,,
sh600145,四维瓷业,2003-12-16,4.75,4.75,4.59,4.66,4.78,1018631.0,4723257.0,581288400.0,1614690000.0,22205056.330000006,31023614.999999996,490464342.96000004,800318222.32,309853879.36,2342530.030000001,,,,,,,,,,,,,,,,,,,,
sh600145,四维瓷业,2003-12-17,4.65,4.7,4.57,4.57,4.66,891669.0,4129716.0,570061800.0,1583505000.0,22205056.330000006,31023614.999999996,490464342.96000004,800318222.32,309853879.36,2342530.030000001,,,,,,,,,,,,,,,,,,,,
sh600145,四维瓷业,2003-12-18,4.53,4.57,4.41,4.43,4.57,1622220.0,7244529.0,552598200.0,1534995000.0,22205056.330000006,31023614.999999996,490464342.96000004,800318222.32,309853879.36,2342530.030000001,,,,,,,,,,,,,,,,,,,,
sh600145,四维瓷业,2003-12-19,4.44,4.45,4.05,4.13,4.43,2471169.0,10500196.0,515176200.0,1431045000.0,22205056.330000006,31023614.999999996,490464342.96000004,800318222.32,309853879.36,2342530.030000001,,,,,,,,,,,,,,,,,,,,
sh600145,四维瓷业,2003-12-22,4.1,4.18,3.93,4.18,4.13,2559818.0,10301187.0,521413200.0,1448370000.0,22205056.330000006,31023614.999999996,490464342.96000004,800318222.32,309853879.36,2342530.030000001,,,,,,,,,,,,,,,,,,,,
sh600145,四维瓷业,2003-12-23,4.18,4.25,4.12,4.16,4.18,1329262.0,5534498.0,518918400.0,1441440000.0,22205056.330000006,31023614.999999996,490464342.96000004,800318222.32,309853879.36,2342530.030000001,,,,,,,,,,,,,,,,,,,,
sh600145,四维瓷业,2003-12-24,4.16,4.2,4.07,4.14,4.16,1396310.0,5749339.0,516423600.0,1434510000.0,22205056.330000006,31023614.999999996,490464342.96000004,800318222.32,309853879.36,2342530.030000001,,,,,,,,,,,,,,,,,,,,
sh600145,四维瓷业,2003-12-25,4.14,4.14,4.07,4.1,4.14,975636.0,3996574.0,511434000.0,1420650000.0,22205056.330000006,31023614.999999996,490464342.96000004,800318222.32,309853879.36,2342530.030000001,,,,,,,,,,,,,,,,,,,,
sh600145,四维瓷业,2003-12-26,4.08,4.16,4.07,4.13,4.1,1327633.0,5475840.0,515176200.0,1431045000.0,22205056.330000006,31023614.999999996,490464342.96000004,800318222.32,309853879.36,2342530.030000001,,,,,,,,,,,,,,,,,,,,
sh600145,四维瓷业,2003-12-29,4.17,4.17,4.06,4.08,4.13,986812.0,4033359.0,508939200.0,1413720000.0,22205056.330000006,31023614.999999996,490464342.96000004,800318222.32,309853879.36,2342530.030000001,,,,,,,,,,,,,,,,,,,,
sh600145,四维瓷业,2003-12-30,4.07,4.08,3.99,4.0,4.08,1414600.0,5677360.0,498960000.0,1386000000.0,22205056.330000006,31023614.999999996,490464342.96000004,800318222.32,309853879.36,2342530.030000001,,,,,,,,,,,,,,,,,,,,
sh600145,四维瓷业,2003-12-31,4.03,4.04,3.96,4.01,4.0,744234.0,2977082.0,500207400.0,1389465000.0,22205056.330000006,31023614.999999996,490464342.96000004,800318222.32,309853879.36,2342530.030000001,,,,,,,,,,,,,,,,,,,,
sh600145,四维瓷业,2004-01-02,4.0,4.04,4.0,4.04,4.01,615385.0,2473228.0,503949600.0,1399860000.0,22205056.330000006,31023614.999999996,490464342.96000004,800318222.32,309853879.36,2342530.030000001,,,,,,,,,,,,,,,,,,,,
sh600145,四维瓷业,2004-01-05,4.04,4.04,3.96,3.99,4.04,1223936.0,4872876.0,497712600.0,1382535000.0,22205056.330000006,31023614.999999996,490464342.96000004,800318222.32,309853879.36,2342530.030000001,,,,,,,,,,,,,,,,,,,,
sh600145,四维瓷业,2004-01-06,3.98,3.98,3.84,3.9,3.99,2307116.0,9002912.0,486486000.0,1351350000.0,22205056.330000006,31023614.999999996,490464342.96000004,800318222.32,309853879.36,2342530.030000001,,,,,,,,,,,,,,,,,,,,
sh600145,四维瓷业,2004-01-07,3.9,4.03,3.87,4.0,3.9,1438377.0,5704664.0,498960000.0,1386000000.0,22205056.330000006,31023614.999999996,490464342.96000004,800318222.32,309853879.36,2342530.030000001,,,,,,,,,,,,,,,,,,,,
sh600145,四维瓷业,2004-01-08,4.0,4.09,3.9,4.07,4.0,1649715.0,6611783.0,507691800.0,1410255000.0,22205056.330000006,31023614.999999996,490464342.96000004,800318222.32,309853879.36,2342530.030000001,,,,,,,,,,,,,,,,,,,,
sh600145,四维瓷业,2004-01-09,4.08,4.2,4.0,4.16,4.07,3559623.0,14577359.0,518918400.0,1441440000.0,22205056.330000006,31023614.999999996,490464342.96000004,800318222.32,309853879.36,2342530.030000001,,,,,,,,,,,,,,,,,,,,
sh600145,四维瓷业,2004-01-12,4.16,4.3,4.1,4.29,4.16,4401510.0,18594377.0,535134600.0,1486485000.0,22205056.330000006,31023614.999999996,490464342.96000004,800318222.32,309853879.36,2342530.030000001,,,,,,,,,,,,,,,,,,,,
sh600145,四维瓷业,2004-01-13,4.35,4.43,4.31,4.39,4.29,7373989.0,32190596.0,547608600.0,1521135000.0,22205056.330000006,31023614.999999996,490464342.96000004,800318222.32,309853879.36,2342530.030000001,,,,,,,,,,,,,,,,,,,,
sh600145,四维瓷业,2004-01-14,4.39,4.39,4.26,4.3,4.39,2075749.0,8920376.0,536382000.0,1489950000.0,22205056.330000006,31023614.999999996,490464342.96000004,800318222.32,309853879.36,2342530.030000001,,,,,,,,,,,,,,,,,,,,
sh600145,四维瓷业,2004-01-15,4.29,4.31,4.2,4.22,4.3,1413186.0,5991703.0,526402800.0,1462230000.0,22205056.330000006,31023614.999999996,490464342.96000004,800318222.32,309853879.36,2342530.030000001,,,,,,,,,,,,,,,,,,,,
sh600145,四维瓷业,2004-01-16,4.21,4.29,4.2,4.24,4.22,1249284.0,5291960.0,528897600.0,1469160000.0,22205056.330000006,31023614.999999996,490464342.96000004,800318222.32,309853879.36,2342530.030000001,,,,,,,,,,,,,,,,,,,,
sh600145,四维瓷业,2004-01-29,4.24,4.35,4.21,4.35,4.24,1549483.0,6655005.0,542619000.0,1507275000.0,22205056.330000006,31023614.999999996,490464342.96000004,800318222.32,309853879.36,2342530.030000001,,,,,,,,,,,,,,,,,,,,
sh600145,四维瓷业,2004-01-30,4.35,4.42,4.34,4.34,4.35,1892123.0,8277554.0,541371600.0,1503810000.0,22205056.330000006,31023614.999999996,490464342.96000004,800318222.32,309853879.36,2342530.030000001,,,,,,,,,,,,,,,,,,,,
sh600145,四维瓷业,2004-02-02,4.36,4.45,4.29,4.44,4.34,2966831.0,13039796.0,553845600.0,1538460000.0,22205056.330000006,31023614.999999996,490464342.96000004,800318222.32,309853879.36,2342530.030000001,,,,,,,,,,,,,,,,,,,,
sh600145,四维瓷业,2004-02-03,4.44,4.55,4.43,4.55,4.44,2750762.0,12412598.0,567567000.0,1576575000.0,22205056.330000006,31023614.999999996,490464342.96000004,800318222.32,309853879.36,2342530.030000001,,,,,,,,,,,,,,,,,,,,
sh600145,四维瓷业,2004-02-04,4.55,4.62,4.54,4.62,4.55,3055251.0,14009342.0,576298800.0,1600830000.0,22205056.330000006,31023614.999999996,490464342.96000004,800318222.32,309853879.36,2342530.030000001,,,,,,,,,,,,,,,,,,,,
sh600145,四维瓷业,2004-02-05,4.65,4.82,4.58,4.81,4.62,4760823.0,22368887.0,599999400.0,1666665000.0,22205056.330000006,31023614.999999996,490464342.96000004,800318222.32,309853879.36,2342530.030000001,,,,,,,,,,,,,,,,,,,,
sh600145,四维瓷业,2004-02-06,4.83,4.84,4.6,4.61,4.81,3896937.0,18423568.0,575051400.0,1597365000.0,22205056.330000006,31023614.999999996,490464342.96000004,800318222.32,309853879.36,2342530.030000001,,,,,,,,,,,,,,,,,,,,
sh600145,四维瓷业,2004-02-09,4.6,4.73,4.59,4.71,4.61,2194524.0,10245647.0,587525400.0,1632015000.0,22205056.330000006,31023614.999999996,490464342.96000004,800318222.32,309853879.36,2342530.030000001,,,,,,,,,,,,,,,,,,,,
sh600145,四维瓷业,2004-02-10,4.75,4.77,4.67,4.7,4.71,2473742.0,11646456.0,586278000.0,1628550000.0,22205056.330000006,31023614.999999996,490464342.96000004,800318222.32,309853879.36,2342530.030000001,,,,,,,,,,,,,,,,,,,,
sh600145,四维瓷业,2004-02-11,4.7,4.8,4.68,4.8,4.7,2973163.0,14128894.0,598752000.0,1663200000.0,22205056.330000006,31023614.999999996,490464342.96000004,800318222.32,309853879.36,2342530.030000001,,,,,,,,,,,,,,,,,,,,
sh600145,四维瓷业,2004-02-12,4.83,4.9,4.8,4.9,4.8,4272510.0,20742784.0,611226000.0,1697850000.0,22205056.330000006,31023614.999999996,490464342.96000004,800318222.32,309853879.36,2342530.030000001,,,,,,,,,,,,,,,,,,,,
sh600145,四维瓷业,2004-02-13,4.92,4.95,4.6,4.7,4.9,3910726.0,18586934.0,586278000.0,1628550000.0,22205056.330000006,31023614.999999996,490464342.96000004,800318222.32,309853879.36,2342530.030000001,,,,,,,,,,,,,,,,,,,,
sh600145,四维瓷业,2004-02-16,4.68,4.8,4.65,4.8,4.7,2248733.0,10636954.0,598752000.0,1663200000.0,22205056.330000006,31023614.999999996,490464342.96000004,800318222.32,309853879.36,2342530.030000001,,,,,,,,,,,,,,,,,,,,
sh600145,四维瓷业,2004-02-17,4.83,4.86,4.75,4.85,4.8,3005861.0,14484558.0,604989000.0,1680525000.0,22205056.330000006,31023614.999999996,490464342.96000004,800318222.32,309853879.36,2342530.030000001,,,,,,,,,,,,,,,,,,,,
sh600145,四维瓷业,2004-02-18,4.86,4.96,4.82,4.95,4.85,4662546.0,22835118.0,617463000.0,1715175000.0,22205056.330000006,31023614.999999996,490464342.96000004,800318222.32,309853879.36,2342530.030000001,,,,,,,,,,,,,,,,,,,,
sh600145,四维瓷业,2004-02-19,4.95,5.0,4.88,4.89,4.95,3178622.0,15671077.0,609978600.0,1694385000.0,22205056.330000006,31023614.999999996,490464342.96000004,800318222.32,309853879.36,2342530.030000001,,,,,,,,,,,,,,,,,,,,
sh600145,四维瓷业,2004-02-20,4.9,5.0,4.88,5.0,4.89,3168207.0,15663404.0,623700000.0,1732500000.0,22205056.330000006,31023614.999999996,490464342.96000004,800318222.32,309853879.36,2342530.030000001,,,,,,,,,,,,,,,,,,,,
sh600145,四维瓷业,2004-02-23,5.05,5.18,5.0,5.01,5.0,9111484.0,46505213.0,624947400.0,1735965000.0,22205056.330000006,31023614.999999996,490464342.96000004,800318222.32,309853879.36,2342530.030000001,,,,,,,,,,,,,,,,,,,,
sh600145,四维瓷业,2004-02-24,5.0,5.0,4.83,4.9,5.01,4024431.0,19742681.0,611226000.0,1697850000.0,22205056.330000006,31023614.999999996,490464342.96000004,800318222.32,309853879.36,2342530.030000001,,,,,,,,,,,,,,,,,,,,
sh600145,四维瓷业,2004-02-25,4.92,5.01,4.7,4.7,4.9,3160433.0,15357038.0,586278000.0,1628550000.0,22205056.330000006,31023614.999999996,490464342.96000004,800318222.32,309853879.36,2342530.030000001,,,,,,,,,,,,,,,,,,,,
sh600145,四维瓷业,2004-02-26,4.69,4.72,4.62,4.69,4.7,2319198.0,10826504.0,585030600.0,1625085000.0,22205056.330000006,31023614.999999996,490464342.96000004,800318222.32,309853879.36,2342530.030000001,,,,,,,,,,,,,,,,,,,,
sh600145,四维瓷业,2004-02-27,4.68,4.76,4.67,4.73,4.69,1751610.0,8255561.0,590020200.0,1638945000.0,22205056.330000006,31023614.999999996,490464342.96000004,800318222.32,309853879.36,2342530.030000001,,,,,,,,,,,,,,,,,,,,
sh600145,四维瓷业,2004-03-01,4.72,4.81,4.67,4.81,4.73,1597315.0,7584530.0,599999400.0,1666665000.0,22205056.330000006,31023614.999999996,490464342.96000004,800318222.32,309853879.36,2342530.030000001,,,,,,,,,,,,,,,,,,,,
sh600145,四维瓷业,2004-03-02,4.82,4.85,4.74,4.82,4.81,1643190.0,7865405.0,601246800.0,1670130000.0,22205056.330000006,31023614.999999996,490464342.96000004,800318222.32,309853879.36,2342530.030000001,,,,,,,,,,,,,,,,,,,,
sh600145,四维瓷业,2004-03-03,4.81,4.83,4.68,4.7,4.82,1189580.0,5641601.0,586278000.0,1628550000.0,22205056.330000006,31023614.999999996,490464342.96000004,800318222.32,309853879.36,2342530.030000001,,,,,,,,,,,,,,,,,,,,
sh600145,四维瓷业,2004-03-04,4.69,4.74,4.62,4.73,4.7,1252033.0,5863596.0,590020200.0,1638945000.0,22205056.330000006,31023614.999999996,490464342.96000004,800318222.32,309853879.36,2342530.030000001,,,,,,,,,,,,,,,,,,,,
sh600145,四维瓷业,2004-03-05,4.75,4.81,4.71,4.74,4.73,1461328.0,6966198.0,591267600.0,1642410000.0,22205056.330000006,31023614.999999996,490464342.96000004,800318222.32,309853879.36,2342530.030000001,,,,,,,,,,,,,,,,,,,,
sh600145,四维瓷业,2004-03-08,4.75,4.76,4.57,4.58,4.74,1238477.0,5755991.0,571309200.0,1586970000.0,22205056.330000006,31023614.999999996,490464342.96000004,800318222.32,309853879.36,2342530.030000001,,,,,,,,,,,,,,,,,,,,
sh600145,四维瓷业,2004-03-09,4.56,4.63,4.53,4.55,4.58,996440.0,4565411.0,567567000.0,1576575000.0,22205056.330000006,31023614.999999996,490464342.96000004,800318222.32,309853879.36,2342530.030000001,,,,,,,,,,,,,,,,,,,,
sh600145,四维瓷业,2004-03-10,4.55,4.67,4.55,4.67,4.55,797431.0,3663874.0,582535800.0,1618155000.0,22205056.330000006,31023614.999999996,490464342.96000004,800318222.32,309853879.36,2342530.030000001,,,,,,,,,,,,,,,,,,,,
sh600145,四维瓷业,2004-03-11,4.66,4.81,4.61,4.77,4.67,2239822.0,10639283.0,595009800.0,1652805000.0,22205056.330000006,31023614.999999996,490464342.96000004,800318222.32,309853879.36,2342530.030000001,,,,,,,,,,,,,,,,,,,,
sh600145,四维瓷业,2004-03-12,4.76,4.76,4.66,4.71,4.77,755584.0,3556361.0,587525400.0,1632015000.0,22205056.330000006,31023614.999999996,490464342.96000004,800318222.32,309853879.36,2342530.030000001,,,,,,,,,,,,,,,,,,,,
sh600145,四维瓷业,2004-03-15,4.7,4.87,4.68,4.86,4.71,2473544.0,11853128.0,606236400.0,1683990000.0,22205056.330000006,31023614.999999996,490464342.96000004,800318222.32,309853879.36,2342530.030000001,,,,,,,,,,,,,,,,,,,,
sh600145,四维瓷业,2004-03-16,4.87,4.88,4.81,4.86,4.86,1861329.0,9027413.0,606236400.0,1683990000.0,22205056.330000006,31023614.999999996,490464342.96000004,800318222.32,309853879.36,2342530.030000001,,,,,,,,,,,,,,,,,,,,
sh600145,四维瓷业,2004-03-17,4.86,4.91,4.8,4.88,4.86,2074351.0,10070373.0,608731200.0,1690920000.0,22205056.330000006,31023614.999999996,490464342.96000004,800318222.32,309853879.36,2342530.030000001,,,,,,,,,,,,,,,,,,,,
sh600145,四维瓷业,2004-03-18,4.88,4.92,4.75,4.77,4.88,1696308.0,8200268.0,595009800.0,1652805000.0,22205056.330000006,31023614.999999996,490464342.96000004,800318222.32,309853879.36,2342530.030000001,,,,,,,,,,,,,,,,,,,,
sh600145,四维瓷业,2004-03-19,4.75,4.85,4.74,4.85,4.77,1343064.0,6463399.0,604989000.0,1680525000.0,22205056.330000006,31023614.999999996,490464342.96000004,800318222.32,309853879.36,2342530.030000001,,,,,,,,,,,,,,,,,,,,
sh600145,四维瓷业,2004-03-22,4.85,4.99,4.82,4.98,4.85,3138645.0,15400068.0,621205200.0,1725570000.0,22205056.330000006,31023614.999999996,490464342.96000004,800318222.32,309853879.36,2342530.030000001,,,,,,,,,,,,,,,,,,,,
sh600145,四维瓷业,2004-03-23,4.98,4.98,4.84,4.9,4.98,1747681.0,8567704.0,611226000.0,1697850000.0,22205056.330000006,31023614.999999996,490464342.96000004,800318222.32,309853879.36,2342530.030000001,,,,,,,,,,,,,,,,,,,,
sh600145,四维瓷业,2004-03-24,4.9,4.98,4.85,4.92,4.9,2459048.0,12124107.0,613720800.0,1704780000.0,22205056.330000006,31023614.999999996,490464342.96000004,800318222.32,309853879.36,2342530.030000001,,,,,,,,,,,,,,,,,,,,
sh600145,四维瓷业,2004-03-25,4.91,4.96,4.86,4.91,4.92,1324115.0,6495705.0,612473400.0,1701315000.0,22205056.330000006,31023614.999999996,490464342.96000004,800318222.32,309853879.36,2342530.030000001,,,,,,,,,,,,,,,,,,,,
sh600145,四维瓷业,2004-03-26,4.92,4.92,4.84,4.87,4.91,1152286.0,5606463.0,607483800.0,1687455000.0,22205056.330000006,31023614.999999996,490464342.96000004,800318222.32,309853879.36,2342530.030000001,,,,,,,,,,,,,,,,,,,,
sh600145,四维瓷业,2004-03-29,4.87,4.95,4.85,4.91,4.87,1632490.0,8020065.0,612473400.0,1701315000.0,22205056.330000006,31023614.999999996,490464342.96000004,800318222.32,309853879.36,2342530.030000001,,,,,,,,,,,,,,,,,,,,
sh600145,四维瓷业,2004-03-30,4.92,4.98,4.82,4.97,4.91,2341415.0,11518572.0,619957800.0,1722105000.0,22205056.330000006,31023614.999999996,490464342.96000004,800318222.32,309853879.36,2342530.030000001,,,,,,,,,,,,,,,,,,,,
sh600145,四维瓷业,2004-03-31,5.01,5.18,5.01,5.08,4.97,10619027.0,54148200.0,633679200.0,1760220000.0,22205056.330000006,31023614.999999996,490464342.96000004,800318222.32,309853879.36,2342530.030000001,,,,,,,,,,,,,,,,,,,,
sh600145,四维瓷业,2004-04-01,5.05,5.12,5.04,5.07,5.08,2821340.0,14326582.0,632431800.0,1756755000.0,22205056.330000006,31023614.999999996,490464342.96000004,800318222.32,309853879.36,2342530.030000001,,,,,,,,,,,,,,,,,,,,
sh600145,四维瓷业,2004-04-02,5.08,5.1,5.0,5.09,5.07,2681742.0,13546290.0,634926600.0,1763685000.0,22205056.330000006,31023614.999999996,490464342.96000004,800318222.32,309853879.36,2342530.030000001,,,,,,,,,,,,,,,,,,,,
sh600145,四维瓷业,2004-04-05,5.09,5.25,5.09,5.19,5.09,4211084.0,21815453.0,647400600.0,1798335000.0,22205056.330000006,31023614.999999996,490464342.96000004,800318222.32,309853879.36,2342530.030000001,,,,,,,,,,,,,,,,,,,,
sh600145,四维瓷业,2004-04-06,5.19,5.24,5.12,5.21,5.19,2112583.0,10940939.0,649895400.0,1805265000.0,22205056.330000006,31023614.999999996,490464342.96000004,800318222.32,309853879.36,2342530.030000001,,,,,,,,,,,,,,,,,,,,
sh600145,四维瓷业,2004-04-07,5.19,5.2,5.09,5.09,5.21,2321791.0,11928563.0,634926600.0,1763685000.0,22205056.330000006,31023614.999999996,490464342.96000004,800318222.32,309853879.36,2342530.030000001,,,,,,,,,,,,,,,,,,,,
sh600145,四维瓷业,2004-04-08,5.08,5.15,5.05,5.08,5.09,1586410.0,8086894.0,633679200.0,1760220000.0,22205056.330000006,31023614.999999996,490464342.96000004,800318222.32,309853879.36,2342530.030000001,,,,,,,,,,,,,,,,,,,,
sh600145,四维瓷业,2004-04-09,5.08,5.1,4.88,4.89,5.08,2340101.0,11634238.0,609978600.0,1694385000.0,22205056.330000006,31023614.999999996,490464342.96000004,800318222.32,309853879.36,2342530.030000001,,,,,,,,,,,,,,,,,,,,
sh600145,四维瓷业,2004-04-12,4.86,4.95,4.83,4.91,4.89,1249697.0,6108247.0,612473400.0,1701315000.0,22205056.330000006,31023614.999999996,490464342.96000004,800318222.32,309853879.36,2342530.030000001,,,,,,,,,,,,,,,,,,,,
sh600145,四维瓷业,2004-04-13,4.92,4.96,4.86,4.9,4.91,1121522.0,5511312.0,611226000.0,1697850000.0,22205056.330000006,31023614.999999996,490464342.96000004,800318222.32,309853879.36,2342530.030000001,,,,,,,,,,,,,,,,,,,,
sh600145,四维瓷业,2004-04-14,4.93,4.93,4.75,4.82,4.9,1364032.0,6562696.0,601246800.0,1670130000.0,22205056.330000006,31023614.999999996,490464342.96000004,800318222.32,309853879.36,2342530.030000001,,,,,,,,,,,,,,,,,,,,
sh600145,四维瓷业,2004-04-15,4.8,4.86,4.74,4.75,4.82,839092.0,4029200.0,592515000.0,1645875000.0,22205056.330000006,31023614.999999996,490464342.96000004,800318222.32,309853879.36,2342530.030000001,,,,,,,,,,,,,,,,,,,,
sh600145,四维瓷业,2004-04-16,4.75,4.8,4.6,4.73,4.75,1083518.0,5087488.0,590020200.0,1638945000.0,22205056.330000006,31023614.999999996,490464342.96000004,800318222.32,309853879.36,2342530.030000001,,,,,,,,,,,,,,,,,,,,
sh600145,四维瓷业,2004-04-19,4.73,4.82,4.69,4.71,4.73,1011880.0,4833681.0,587525400.0,1632015000.0,30654900.58,42164958.35,503635243.53,858309437.93,354674194.4,12383208.509999998,,,,,,,,,,,,,,,,,,,,
sh600145,四维瓷业,2004-04-20,4.71,4.75,4.69,4.75,4.71,602081.0,2842240.0,592515000.0,1645875000.0,30654900.58,42164958.35,503635243.53,858309437.93,354674194.4,12383208.509999998,,,,,,,,,,,,,,,,,,,,
sh600145,四维瓷业,2004-04-21,4.75,4.8,4.7,4.74,4.75,622638.0,2953139.0,591267600.0,1642410000.0,30654900.58,42164958.35,503635243.53,858309437.93,354674194.4,12383208.509999998,,,,,,,,,,,,,,,,,,,,
sh600145,四维瓷业,2004-04-22,4.75,4.75,4.67,4.71,4.74,588600.0,2776243.0,587525400.0,1632015000.0,30654900.58,42164958.35,503635243.53,858309437.93,354674194.4,12383208.509999998,,,,,,,,,,,,,,,,,,,,
sh600145,四维瓷业,2004-04-23,4.72,4.72,4.62,4.63,4.71,592700.0,2762873.0,577546200.0,1604295000.0,30654900.58,42164958.35,503635243.53,858309437.93,354674194.4,12383208.509999998,,,,,,,,,,,,,,,,,,,,
sh600145,四维瓷业,2004-04-26,4.62,4.68,4.57,4.58,4.63,454100.0,2097901.0,571309200.0,1586970000.0,30654900.58,42164958.35,503635243.53,858309437.93,354674194.4,12383208.509999998,,,,,,,,,,,,,,,,,,,,
sh600145,四维瓷业,2004-04-27,4.4,4.58,4.3,4.39,4.58,770724.0,3412639.0,547608600.0,1521135000.0,24703845.479999997,33836743.2,505251684.07,852666562.64,347414878.57,2040971.9,,,,,,,,,,,,,,,,,,,,
sh600145,四维瓷业,2004-04-28,4.38,4.49,4.32,4.43,4.39,672330.0,2949679.0,552598200.0,1534995000.0,24703845.479999997,33836743.2,505251684.07,852666562.64,347414878.57,2040971.9,,,,,,,,,,,,,,,,,,,,
sh600145,四维瓷业,2004-04-29,4.46,4.47,4.34,4.36,4.43,592164.0,2595097.0,543866400.0,1510740000.0,24703845.479999997,33836743.2,505251684.07,852666562.64,347414878.57,2040971.9,,,,,,,,,,,,,,,,,,,,
sh600145,四维瓷业,2004-04-30,4.4,4.46,4.36,4.37,4.36,729266.0,3203064.0,545113800.0,1514205000.0,24703845.479999997,33836743.2,505251684.07,852666562.64,347414878.57,2040971.9,,,,,,,,,,,,,,,,,,,,
sh600145,四维瓷业,2004-05-10,4.4,4.4,4.22,4.24,4.37,468387.0,2009105.0,528897600.0,1469160000.0,24703845.479999997,33836743.2,505251684.07,852666562.64,347414878.57,2040971.9,,,,,,,,,,,,,,,,,,,,
sh600145,四维瓷业,2004-05-11,4.24,4.27,4.19,4.27,4.24,336758.0,1424337.0,532639800.0,1479555000.0,24703845.479999997,33836743.2,505251684.07,852666562.64,347414878.57,2040971.9,,,,,,,,,,,,,,,,,,,,
sh600145,四维瓷业,2004-05-12,4.26,4.4,4.18,4.39,4.27,591960.0,2566000.0,547608600.0,1521135000.0,24703845.479999997,33836743.2,505251684.07,852666562.64,347414878.57,2040971.9,,,,,,,,,,,,,,,,,,,,
sh600145,四维瓷业,2004-05-13,4.45,4.45,4.34,4.36,4.39,315150.0,1376307.0,543866400.0,1510740000.0,24703845.479999997,33836743.2,505251684.07,852666562.64,347414878.57,2040971.9,,,,,,,,,,,,,,,,,,,,
sh600145,四维瓷业,2004-05-14,4.34,4.37,4.24,4.29,4.36,476920.0,2047233.0,535134600.0,1486485000.0,24703845.479999997,33836743.2,505251684.07,852666562.64,347414878.57,2040971.9,,,,,,,,,,,,,,,,,,,,
sh600145,四维瓷业,2004-05-17,4.22,4.36,4.22,4.32,4.29,490186.0,2100485.0,538876800.0,1496880000.0,24703845.479999997,33836743.2,505251684.07,852666562.64,347414878.57,2040971.9,,,,,,,,,,,,,,,,,,,,
sh600145,四维瓷业,2004-05-18,4.32,4.44,4.28,4.43,4.32,656686.0,2867567.0,552598200.0,1534995000.0,24703845.479999997,33836743.2,505251684.07,852666562.64,347414878.57,2040971.9,,,,,,,,,,,,,,,,,,,,
sh600145,四维瓷业,2004-05-19,4.41,4.45,4.35,4.39,4.43,767820.0,3389969.0,547608600.0,1521135000.0,24703845.479999997,33836743.2,505251684.07,852666562.64,347414878.57,2040971.9,,,,,,,,,,,,,,,,,,,,
sh600145,四维瓷业,2004-05-20,4.38,4.44,4.36,4.38,4.39,582830.0,2557790.0,546361200.0,1517670000.0,24703845.479999997,33836743.2,505251684.07,852666562.64,347414878.57,2040971.9,,,,,,,,,,,,,,,,,,,,
sh600145,四维瓷业,2004-05-21,4.37,4.42,4.31,4.39,4.38,280366.0,1227063.0,547608600.0,1521135000.0,24703845.479999997,33836743.2,505251684.07,852666562.64,347414878.57,2040971.9,,,,,,,,,,,,,,,,,,,,
sh600145,四维瓷业,2004-05-24,4.41,4.47,4.39,4.44,4.39,941473.0,4178034.0,553845600.0,1538460000.0,24703845.479999997,33836743.2,505251684.07,852666562.64,347414878.57,2040971.9,,,,,,,,,,,,,,,,,,,,
sh600145,四维瓷业,2004-05-25,4.48,4.48,4.33,4.4,4.44,614528.0,2686066.0,548856000.0,1524600000.0,24703845.479999997,33836743.2,505251684.07,852666562.64,347414878.57,2040971.9,,,,,,,,,,,,,,,,,,,,
sh600145,四维瓷业,2004-05-26,4.45,4.45,4.3,4.39,4.4,827379.0,3616931.0,547608600.0,1521135000.0,24703845.479999997,33836743.2,505251684.07,852666562.64,347414878.57,2040971.9,,,,,,,,,,,,,,,,,,,,
sh600145,四维瓷业,2004-05-27,4.4,4.48,4.3,4.44,4.39,1004644.0,4436850.0,553845600.0,1538460000.0,24703845.479999997,33836743.2,505251684.07,852666562.64,347414878.57,2040971.9,,,,,,,,,,,,,,,,,,,,
sh600145,四维瓷业,2004-05-31,4.48,4.61,4.46,4.59,4.44,2166385.0,9829343.0,572556600.0,1590435000.0,24703845.479999997,33836743.2,505251684.07,852666562.64,347414878.57,2040971.9,,,,,,,,,,,,,,,,,,,,
sh600145,四维瓷业,2004-06-01,4.69,4.76,4.62,4.66,4.59,2431998.0,11355515.0,581288400.0,1614690000.0,24703845.479999997,33836743.2,505251684.07,852666562.64,347414878.57,2040971.9,,,,,,,,,,,,,,,,,,,,
sh600145,四维瓷业,2004-06-02,4.63,4.9,4.62,4.89,4.66,5015366.0,24161942.0,609978600.0,1694385000.0,24703845.479999997,33836743.2,505251684.07,852666562.64,347414878.57,2040971.9,,,,,,,,,,,,,,,,,,,,
sh600145,四维瓷业,2004-06-03,4.89,4.91,4.7,4.72,4.89,2397740.0,11439260.0,588772800.0,1635480000.0,24703845.479999997,33836743.2,505251684.07,852666562.64,347414878.57,2040971.9,,,,,,,,,,,,,,,,,,,,
sh600145,四维瓷业,2004-06-04,4.7,4.87,4.68,4.76,4.72,1301856.0,6221189.0,593762400.0,1649340000.0,24703845.479999997,33836743.2,505251684.07,852666562.64,347414878.57,2040971.9,,,,,,,,,,,,,,,,,,,,
sh600145,四维瓷业,2004-06-07,4.75,4.75,4.45,4.53,4.76,1641469.0,7482953.0,565072200.0,1569645000.0,24703845.479999997,33836743.2,505251684.07,852666562.64,347414878.57,2040971.9,,,,,,,,,,,,,,,,,,,,
sh600145,四维瓷业,2004-06-08,4.53,4.61,4.49,4.51,4.53,901023.0,4101260.0,562577400.0,1562715000.0,24703845.479999997,33836743.2,505251684.07,852666562.64,347414878.57,2040971.9,,,,,,,,,,,,,,,,,,,,
sh600145,四维瓷业,2004-06-09,4.5,4.55,4.3,4.34,4.51,1007103.0,4432573.0,541371600.0,1503810000.0,24703845.479999997,33836743.2,505251684.07,852666562.64,347414878.57,2040971.9,,,,,,,,,,,,,,,,,,,,
sh600145,四维瓷业,2004-06-10,4.4,4.4,4.29,4.3,4.34,693000.0,2995312.0,536382000.0,1489950000.0,24703845.479999997,33836743.2,505251684.07,852666562.64,347414878.57,2040971.9,,,,,,,,,,,,,,,,,,,,
sh600145,四维瓷业,2004-06-11,4.33,4.42,4.28,4.31,4.3,727675.0,3172309.0,537629400.0,1493415000.0,24703845.479999997,33836743.2,505251684.07,852666562.64,347414878.57,2040971.9,,,,,,,,,,,,,,,,,,,,
sh600145,四维瓷业,2004-06-14,4.31,4.31,4.1,4.13,4.31,1068995.0,4443422.0,515176200.0,1431045000.0,24703845.479999997,33836743.2,505251684.07,852666562.64,347414878.57,2040971.9,,,,,,,,,,,,,,,,,,,,
sh600145,四维瓷业,2004-06-15,4.13,4.3,4.12,4.28,4.13,620929.0,2609832.0,533887200.0,1483020000.0,24703845.479999997,33836743.2,505251684.07,852666562.64,347414878.57,2040971.9,,,,,,,,,,,,,,,,,,,,
sh600145,四维瓷业,2004-06-16,4.26,4.37,4.2,4.26,4.28,422780.0,1811702.0,531392400.0,1476090000.0,24703845.479999997,33836743.2,505251684.07,852666562.64,347414878.57,2040971.9,,,,,,,,,,,,,,,,,,,,
sh600145,四维瓷业,2004-06-17,4.23,4.28,4.13,4.15,4.26,443888.0,1854425.0,517671000.0,1437975000.0,24703845.479999997,33836743.2,505251684.07,852666562.64,347414878.57,2040971.9,,,,,,,,,,,,,,,,,,,,
sh600145,四维瓷业,2004-06-18,4.15,4.26,4.12,4.25,4.15,423744.0,1778398.0,530145000.0,1472625000.0,24703845.479999997,33836743.2,505251684.07,852666562.64,347414878.57,2040971.9,,,,,,,,,,,,,,,,,,,,
sh600145,四维瓷业,2004-06-21,4.25,4.42,4.21,4.4,4.25,975987.0,4243796.0,548856000.0,1524600000.0,24703845.479999997,33836743.2,505251684.07,852666562.64,347414878.57,2040971.9,,,,,,,,,,,,,,,,,,,,
sh600145,四维瓷业,2004-06-22,4.4,4.46,4.34,4.42,4.4,708707.0,3116296.0,551350800.0,1531530000.0,24703845.479999997,33836743.2,505251684.07,852666562.64,347414878.57,2040971.9,,,,,,,,,,,,,,,,,,,,
sh600145,四维瓷业,2004-06-23,4.38,4.4,4.3,4.39,4.42,424430.0,1843812.0,547608600.0,1521135000.0,24703845.479999997,33836743.2,505251684.07,852666562.64,347414878.57,2040971.9,,,,,,,,,,,,,,,,,,,,
sh600145,四维瓷业,2004-06-24,4.38,4.53,4.35,4.44,4.39,917849.0,4093012.0,553845600.0,1538460000.0,24703845.479999997,33836743.2,505251684.07,852666562.64,347414878.57,2040971.9,,,,,,,,,,,,,,,,,,,,
sh600145,四维瓷业,2004-06-25,4.42,4.5,4.1,4.17,4.44,1145492.0,4923517.0,520165800.0,1444905000.0,24703845.479999997,33836743.2,505251684.07,852666562.64,347414878.57,2040971.9,,,,,,,,,,,,,,,,,,,,
sh600145,四维瓷业,2004-06-28,4.15,4.44,4.13,4.35,4.17,2183338.0,9442933.0,542619000.0,1507275000.0,24703845.479999997,33836743.2,505251684.07,852666562.64,347414878.57,2040971.9,,,,,,,,,,,,,,,,,,,,
sh600145,四维瓷业,2004-06-29,4.36,4.4,4.18,4.39,4.35,1037900.0,4492283.0,547608600.0,1521135000.0,24703845.479999997,33836743.2,505251684.07,852666562.64,347414878.57,2040971.9,,,,,,,,,,,,,,,,,,,,
sh600145,四维瓷业,2004-06-30,4.4,4.76,4.4,4.5,4.39,6355881.0,29311496.0,561330000.0,1559250000.0,24703845.479999997,33836743.2,505251684.07,852666562.64,347414878.57,2040971.9,,,,,,,,,,,,,,,,,,,,
sh600145,四维瓷业,2004-07-01,4.46,4.66,4.42,4.63,4.5,4393491.0,20029187.0,577546200.0,1604295000.0,24703845.479999997,33836743.2,505251684.07,852666562.64,347414878.57,2040971.9,,,,,,,,,,,,,,,,,,,,
sh600145,四维瓷业,2004-07-02,4.59,4.66,4.48,4.62,4.63,2637995.0,12077271.0,576298800.0,1600830000.0,24703845.479999997,33836743.2,505251684.07,852666562.64,347414878.57,2040971.9,,,,,,,,,,,,,,,,,,,,
sh600145,四维瓷业,2004-07-05,4.57,4.6,4.45,4.54,4.62,1287498.0,5812751.0,566319600.0,1573110000.0,24703845.479999997,33836743.2,505251684.07,852666562.64,347414878.57,2040971.9,,,,,,,,,,,,,,,,,,,,
sh600145,四维瓷业,2004-07-06,4.51,4.62,4.49,4.57,4.54,1491160.0,6815881.0,570061800.0,1583505000.0,24703845.479999997,33836743.2,505251684.07,852666562.64,347414878.57,2040971.9,,,,,,,,,,,,,,,,,,,,
sh600145,四维瓷业,2004-07-07,4.52,4.57,4.45,4.45,4.57,907961.0,4069256.0,555093000.0,1541925000.0,24703845.479999997,33836743.2,505251684.07,852666562.64,347414878.57,2040971.9,,,,,,,,,,,,,,,,,,,,
sh600145,四维瓷业,2004-07-08,4.45,4.47,4.25,4.31,4.45,1580465.0,6843927.0,537629400.0,1493415000.0,24703845.479999997,33836743.2,505251684.07,852666562.64,347414878.57,2040971.9,,,,,,,,,,,,,,,,,,,,
sh600145,四维瓷业,2004-07-09,4.3,4.37,4.23,4.3,4.31,738804.0,3161340.0,536382000.0,1489950000.0,24703845.479999997,33836743.2,505251684.07,852666562.64,347414878.57,2040971.9,,,,,,,,,,,,,,,,,,,,
sh600145,四维瓷业,2004-07-12,4.3,4.3,4.15,4.2,4.3,943113.0,3956452.0,523908000.0,1455300000.0,24703845.479999997,33836743.2,505251684.07,852666562.64,347414878.57,2040971.9,,,,,,,,,,,,,,,,,,,,
sh600145,四维瓷业,2004-07-13,4.16,4.24,4.16,4.21,4.2,398439.0,1673785.0,525155400.0,1458765000.0,24703845.479999997,33836743.2,505251684.07,852666562.64,347414878.57,2040971.9,,,,,,,,,,,,,,,,,,,,
sh600145,四维瓷业,2004-07-14,4.2,4.23,4.05,4.15,4.21,1155870.0,4772892.0,517671000.0,1437975000.0,24703845.479999997,33836743.2,505251684.07,852666562.64,347414878.57,2040971.9,,,,,,,,,,,,,,,,,,,,
sh600145,四维瓷业,2004-07-15,4.15,4.21,4.13,4.17,4.15,515539.0,2147235.0,520165800.0,1444905000.0,24703845.479999997,33836743.2,505251684.07,852666562.64,347414878.57,2040971.9,,,,,,,,,,,,,,,,,,,,
sh600145,四维瓷业,2004-07-16,4.17,4.3,4.17,4.27,4.17,1253206.0,5320909.0,532639800.0,1479555000.0,24703845.479999997,33836743.2,505251684.07,852666562.64,347414878.57,2040971.9,,,,,,,,,,,,,,,,,,,,
sh600145,四维瓷业,2004-07-19,4.3,4.3,4.23,4.23,4.27,687150.0,2917934.0,527650200.0,1465695000.0,24703845.479999997,33836743.2,505251684.07,852666562.64,347414878.57,2040971.9,,,,,,,,,,,,,,,,,,,,
sh600145,四维瓷业,2004-07-20,4.2,4.23,4.11,4.14,4.23,866798.0,3607055.0,516423600.0,1434510000.0,24703845.479999997,33836743.2,505251684.07,852666562.64,347414878.57,2040971.9,,,,,,,,,,,,,,,,,,,,
sh600145,四维瓷业,2004-07-21,4.14,4.23,4.12,4.23,4.14,460559.0,1923362.0,527650200.0,1465695000.0,24703845.479999997,33836743.2,505251684.07,852666562.64,347414878.57,2040971.9,,,,,,,,,,,,,,,,,,,,
sh600145,四维瓷业,2004-07-22,4.24,4.24,4.1,4.12,4.23,545740.0,2262286.0,513928800.0,1427580000.0,24703845.479999997,33836743.2,505251684.07,852666562.64,347414878.57,2040971.9,,,,,,,,,,,,,,,,,,,,
sh600145,四维瓷业,2004-07-23,4.1,4.18,4.08,4.18,4.12,337589.0,1392179.0,521413200.0,1448370000.0,24703845.479999997,33836743.2,505251684.07,852666562.64,347414878.57,2040971.9,,,,,,,,,,,,,,,,,,,,
sh600145,四维瓷业,2004-07-26,4.15,4.16,4.1,4.11,4.18,389456.0,1601348.0,512681400.0,1424115000.0,24703845.479999997,33836743.2,505251684.07,852666562.64,347414878.57,2040971.9,,,,,,,,,,,,,,,,,,,,
sh600145,四维瓷业,2004-07-27,4.09,4.15,3.86,3.9,4.11,1110922.0,4398422.0,486486000.0,1351350000.0,24703845.479999997,33836743.2,505251684.07,852666562.64,347414878.57,2040971.9,,,,,,,,,,,,,,,,,,,,
sh600145,四维瓷业,2004-07-28,3.9,3.94,3.86,3.91,3.9,535640.0,2086026.0,487733400.0,1354815000.0,24703845.479999997,33836743.2,505251684.07,852666562.64,347414878.57,2040971.9,,,,,,,,,,,,,,,,,,,,
sh600145,四维瓷业,2004-07-29,3.93,3.97,3.88,3.94,3.91,413119.0,1616858.0,491475600.0,1365210000.0,24703845.479999997,33836743.2,505251684.07,852666562.64,347414878.57,2040971.9,,,,,,,,,,,,,,,,,,,,
sh600145,四维瓷业,2004-07-30,3.95,3.95,3.88,3.88,3.94,291020.0,1142375.0,483991200.0,1344420000.0,24703845.479999997,33836743.2,505251684.07,852666562.64,347414878.57,2040971.9,,,,,,,,,,,,,,,,,,,,
sh600145,四维瓷业,2004-08-02,3.88,3.9,3.8,3.8,3.88,469008.0,1790407.0,474012000.0,1316700000.0,24703845.479999997,33836743.2,505251684.07,852666562.64,347414878.57,2040971.9,,,,,,,,,,,,,,,,,,,,
sh600145,四维瓷业,2004-08-03,3.84,3.84,3.68,3.7,3.8,624800.0,2344531.0,461538000.0,1282050000.0,24703845.479999997,33836743.2,505251684.07,852666562.64,347414878.57,2040971.9,,,,,,,,,,,,,,,,,,,,
sh600145,四维瓷业,2004-08-04,3.72,3.88,3.68,3.83,3.7,626041.0,2378495.0,477754200.0,1327095000.0,24703845.479999997,33836743.2,505251684.07,852666562.64,347414878.57,2040971.9,,,,,,,,,,,,,,,,,,,,
sh600145,四维瓷业,2004-08-05,3.83,3.84,3.77,3.78,3.83,282060.0,1071589.0,471517200.0,1309770000.0,24703845.479999997,33836743.2,505251684.07,852666562.64,347414878.57,2040971.9,,,,,,,,,,,,,,,,,,,,
sh600145,四维瓷业,2004-08-06,3.78,3.81,3.74,3.76,3.78,282014.0,1062647.0,469022400.0,1302840000.0,24703845.479999997,33836743.2,505251684.07,852666562.64,347414878.57,2040971.9,,,,,,,,,,,,,,,,,,,,
sh600145,四维瓷业,2004-08-09,3.83,3.83,3.75,3.8,3.76,187240.0,705312.0,474012000.0,1316700000.0,24703845.479999997,33836743.2,505251684.07,852666562.64,347414878.57,2040971.9,,,,,,,,,,,,,,,,,,,,
sh600145,四维瓷业,2004-08-10,3.8,3.8,3.75,3.76,3.8,355614.0,1338957.0,469022400.0,1302840000.0,24703845.479999997,33836743.2,505251684.07,852666562.64,347414878.57,2040971.9,,,,,,,,,,,,,,,,,,,,
sh600145,四维瓷业,2004-08-11,3.77,3.79,3.72,3.73,3.76,363759.0,1362977.0,465280200.0,1292445000.0,24703845.479999997,33836743.2,505251684.07,852666562.64,347414878.57,2040971.9,,,,,,,,,,,,,,,,,,,,
sh600145,四维瓷业,2004-08-12,3.7,3.7,3.45,3.52,3.73,1346076.0,4750077.0,439084800.0,1219680000.0,24703845.479999997,33836743.2,505251684.07,852666562.64,347414878.57,2040971.9,,,,,,,,,,,,,,,,,,,,
sh600145,四维瓷业,2004-08-13,3.52,3.56,3.45,3.55,3.52,700758.0,2449565.0,442827000.0,1230075000.0,24703845.479999997,33836743.2,505251684.07,852666562.64,347414878.57,2040971.9,,,,,,,,,,,,,,,,,,,,
sh600145,四维瓷业,2004-08-16,3.58,3.59,3.49,3.51,3.55,786609.0,2779169.0,437837400.0,1216215000.0,24703845.479999997,33836743.2,505251684.07,852666562.64,347414878.57,2040971.9,,,,,,,,,,,,,,,,,,,,
sh600145,四维瓷业,2004-08-17,3.5,3.56,3.5,3.54,3.51,456003.0,1607467.0,441579600.0,1226610000.0,24703845.479999997,33836743.2,505251684.07,852666562.64,347414878.57,2040971.9,,,,,,,,,,,,,,,,,,,,
sh600145,四维瓷业,2004-08-18,3.54,3.63,3.52,3.62,3.54,973501.0,3497438.0,451558800.0,1254330000.0,24703845.479999997,33836743.2,505251684.07,852666562.64,347414878.57,2040971.9,,,,,,,,,,,,,,,,,,,,
sh600145,四维瓷业,2004-08-19,3.65,3.65,3.58,3.62,3.62,878030.0,3170981.0,451558800.0,1254330000.0,24703845.479999997,33836743.2,505251684.07,852666562.64,347414878.57,2040971.9,,,,,,,,,,,,,,,,,,,,
sh600145,四维瓷业,2004-08-20,3.64,3.66,3.5,3.55,3.62,1558090.0,5603485.0,442827000.0,1230075000.0,24703845.479999997,33836743.2,505251684.07,852666562.64,347414878.57,2040971.9,,,,,,,,,,,,,,,,,,,,
sh600145,四维瓷业,2004-08-23,3.5,3.58,3.49,3.52,3.55,702904.0,2485804.0,439084800.0,1219680000.0,24703845.479999997,33836743.2,505251684.07,852666562.64,347414878.57,2040971.9,,,,,,,,,,,,,,,,,,,,
sh600145,四维瓷业,2004-08-24,3.5,3.65,3.5,3.61,3.52,1094382.0,3938434.0,450311400.0,1250865000.0,24703845.479999997,33836743.2,505251684.07,852666562.64,347414878.57,2040971.9,,,,,,,,,,,,,,,,,,,,
sh600145,四维瓷业,2004-08-25,3.61,3.66,3.55,3.64,3.61,387960.0,1406123.0,454053600.0,1261260000.0,31298455.35,4011093.740000002,520373296.75,904912508.23,384539211.48,14531744.91,,,,,,,,,,,,,,,,,,,,
sh600145,四维瓷业,2004-08-26,3.6,3.62,3.56,3.58,3.64,242200.0,870242.0,446569200.0,1240470000.0,31298455.35,4011093.740000002,520373296.75,904912508.23,384539211.48,14531744.91,,,,,,,,,,,,,,,,,,,,
sh600145,四维瓷业,2004-08-27,3.59,3.67,3.53,3.63,3.58,483758.0,1750019.0,452806200.0,1257795000.0,31298455.35,4011093.740000002,520373296.75,904912508.23,384539211.48,14531744.91,,,,,,,,,,,,,,,,,,,,
sh600145,四维瓷业,2004-08-30,3.63,3.63,3.53,3.56,3.63,282081.0,1005658.0,444074400.0,1233540000.0,31298455.35,4011093.740000002,520373296.75,904912508.23,384539211.48,14531744.91,,,,,,,,,,,,,,,,,,,,
sh600145,四维瓷业,2004-08-31,3.69,3.7,3.6,3.64,3.56,734166.0,2676515.0,454053600.0,1261260000.0,31298455.35,4011093.740000002,520373296.75,904912508.23,384539211.48,14531744.91,,,,,,,,,,,,,,,,,,,,
sh600145,四维瓷业,2004-09-01,3.64,3.65,3.56,3.58,3.64,276300.0,991590.0,446569200.0,1240470000.0,31298455.35,4011093.740000002,520373296.75,904912508.23,384539211.48,14531744.91,,,,,,,,,,,,,,,,,,,,
sh600145,四维瓷业,2004-09-02,3.56,3.65,3.56,3.65,3.58,361469.0,1304618.0,455301000.0,1264725000.0,31298455.35,4011093.740000002,520373296.75,904912508.23,384539211.48,14531744.91,,,,,,,,,,,,,,,,,,,,
sh600145,四维瓷业,2004-09-03,3.65,3.75,3.63,3.69,3.65,1026490.0,3798319.0,460290600.0,1278585000.0,31298455.35,4011093.740000002,520373296.75,904912508.23,384539211.48,14531744.91,,,,,,,,,,,,,,,,,,,,
sh600145,四维瓷业,2004-09-06,3.66,3.72,3.66,3.71,3.69,238700.0,882409.0,462785400.0,1285515000.0,31298455.35,4011093.740000002,520373296.75,904912508.23,384539211.48,14531744.91,,,,,,,,,,,,,,,,,,,,
sh600145,四维瓷业,2004-09-07,3.7,3.73,3.66,3.7,3.71,266130.0,980563.0,461538000.0,1282050000.0,31298455.35,4011093.740000002,520373296.75,904912508.23,384539211.48,14531744.91,,,,,,,,,,,,,,,,,,,,
sh600145,四维瓷业,2004-09-08,3.7,3.74,3.67,3.69,3.7,233300.0,862905.0,460290600.0,1278585000.0,31298455.35,4011093.740000002,520373296.75,904912508.23,384539211.48,14531744.91,,,,,,,,,,,,,,,,,,,,
sh600145,四维瓷业,2004-09-09,3.69,3.69,3.52,3.57,3.69,545805.0,1957952.0,445321800.0,1237005000.0,31298455.35,4011093.740000002,520373296.75,904912508.23,384539211.48,14531744.91,,,,,,,,,,,,,,,,,,,,
sh600145,四维瓷业,2004-09-10,3.58,3.58,3.5,3.56,3.57,214850.0,760115.0,444074400.0,1233540000.0,31298455.35,4011093.740000002,520373296.75,904912508.23,384539211.48,14531744.91,,,,,,,,,,,,,,,,,,,,
sh600145,四维瓷业,2004-09-13,3.54,3.57,3.47,3.49,3.56,356900.0,1251412.0,435342600.0,1209285000.0,31298455.35,4011093.740000002,520373296.75,904912508.23,384539211.48,14531744.91,,,,,,,,,,,,,,,,,,,,
sh600145,四维瓷业,2004-09-14,3.5,3.64,3.5,3.62,3.49,649953.0,2335899.0,451558800.0,1254330000.0,31298455.35,4011093.740000002,520373296.75,904912508.23,384539211.48,14531744.91,,,,,,,,,,,,,,,,,,,,
sh600145,四维瓷业,2004-09-15,3.62,3.88,3.62,3.81,3.62,2684255.0,10161505.0,475259400.0,1320165000.0,31298455.35,4011093.740000002,520373296.75,904912508.23,384539211.48,14531744.91,,,,,,,,,,,,,,,,,,,,
sh600145,四维瓷业,2004-09-16,3.79,3.84,3.76,3.83,3.81,1241629.0,4713886.0,477754200.0,1327095000.0,31298455.35,4011093.740000002,520373296.75,904912508.23,384539211.48,14531744.91,,,,,,,,,,,,,,,,,,,,
sh600145,四维瓷业,2004-09-17,3.81,3.92,3.78,3.91,3.83,2123874.0,8212848.0,487733400.0,1354815000.0,31298455.35,4011093.740000002,520373296.75,904912508.23,384539211.48,14531744.91,,,,,,,,,,,,,,,,,,,,
sh600145,四维瓷业,2004-09-20,3.95,4.06,3.91,4.06,3.91,2791584.0,11108927.0,506444400.0,1406790000.0,31298455.35,4011093.740000002,520373296.75,904912508.23,384539211.48,14531744.91,,,,,,,,,,,,,,,,,,,,
sh600145,四维瓷业,2004-09-21,4.09,4.1,3.98,4.03,4.06,2365987.0,9518222.0,502702200.0,1396395000.0,31298455.35,4011093.740000002,520373296.75,904912508.23,384539211.48,14531744.91,,,,,,,,,,,,,,,,,,,,
sh600145,四维瓷业,2004-09-22,4.0,4.04,3.88,3.9,4.03,1356100.0,5372007.0,486486000.0,1351350000.0,31298455.35,4011093.740000002,520373296.75,904912508.23,384539211.48,14531744.91,,,,,,,,,,,,,,,,,,,,
sh600145,四维瓷业,2004-09-23,3.96,4.15,3.9,4.13,3.9,2722066.0,10954009.0,515176200.0,1431045000.0,31298455.35,4011093.740000002,520373296.75,904912508.23,384539211.48,14531744.91,,,,,,,,,,,,,,,,,,,,
sh600145,四维瓷业,2004-09-24,4.18,4.25,3.97,3.99,4.13,5781235.0,23983943.0,497712600.0,1382535000.0,31298455.35,4011093.740000002,520373296.75,904912508.23,384539211.48,14531744.91,,,,,,,,,,,,,,,,,,,,
sh600145,四维瓷业,2004-09-27,4.06,4.1,3.88,3.91,3.99,1159633.0,4605430.0,487733400.0,1354815000.0,31298455.35,4011093.740000002,520373296.75,904912508.23,384539211.48,14531744.91,,,,,,,,,,,,,,,,,,,,
sh600145,四维瓷业,2004-09-28,3.95,3.95,3.88,3.92,3.91,490089.0,1921071.0,488980800.0,1358280000.0,31298455.35,4011093.740000002,520373296.75,904912508.23,384539211.48,14531744.91,,,,,,,,,,,,,,,,,,,,
sh600145,四维瓷业,2004-09-29,3.92,3.93,3.8,3.81,3.92,1024886.0,3927665.0,475259400.0,1320165000.0,31298455.35,4011093.740000002,520373296.75,904912508.23,384539211.48,14531744.91,,,,,,,,,,,,,,,,,,,,
sh600145,四维瓷业,2004-09-30,3.81,3.85,3.71,3.72,3.81,714270.0,2689040.0,464032800.0,1288980000.0,31298455.35,4011093.740000002,520373296.75,904912508.23,384539211.48,14531744.91,,,,,,,,,,,,,,,,,,,,
sh600145,四维瓷业,2004-10-08,3.65,3.86,3.65,3.83,3.72,403993.0,1505828.0,477754200.0,1327095000.0,31298455.35,4011093.740000002,520373296.75,904912508.23,384539211.48,14531744.91,,,,,,,,,,,,,,,,,,,,
sh600145,四维瓷业,2004-10-11,3.85,3.89,3.8,3.81,3.83,819180.0,3151463.0,475259400.0,1320165000.0,31298455.35,4011093.740000002,520373296.75,904912508.23,384539211.48,14531744.91,,,,,,,,,,,,,,,,,,,,
sh600145,四维瓷业,2004-10-12,3.79,3.79,3.68,3.69,3.81,767400.0,2855643.0,460290600.0,1278585000.0,31298455.35,4011093.740000002,520373296.75,904912508.23,384539211.48,14531744.91,,,,,,,,,,,,,,,,,,,,
sh600145,四维瓷业,2004-10-13,3.69,3.75,3.64,3.74,3.69,464917.0,1716405.0,466527600.0,1295910000.0,31298455.35,4011093.740000002,520373296.75,904912508.23,384539211.48,14531744.91,,,,,,,,,,,,,,,,,,,,
sh600145,四维瓷业,2004-10-14,3.74,3.75,3.54,3.54,3.74,753020.0,2715729.0,441579600.0,1226610000.0,31298455.35,4011093.740000002,520373296.75,904912508.23,384539211.48,14531744.91,,,,,,,,,,,,,,,,,,,,
sh600145,四维瓷业,2004-10-15,3.5,3.6,3.47,3.49,3.54,602157.0,2115865.0,435342600.0,1209285000.0,31298455.35,4011093.740000002,520373296.75,904912508.23,384539211.48,14531744.91,,,,,,,,,,,,,,,,,,,,
sh600145,四维瓷业,2004-10-18,3.55,3.58,3.49,3.5,3.49,421428.0,1483285.0,436590000.0,1212750000.0,31298455.35,4011093.740000002,520373296.75,904912508.23,384539211.48,14531744.91,,,,,,,,,,,,,,,,,,,,
sh600145,四维瓷业,2004-10-19,3.51,3.59,3.49,3.51,3.5,524453.0,1852368.0,437837400.0,1216215000.0,31298455.35,4011093.740000002,520373296.75,904912508.23,384539211.48,14531744.91,,,,,,,,,,,,,,,,,,,,
sh600145,四维瓷业,2004-10-20,3.5,3.52,3.35,3.42,3.51,559700.0,1911782.0,426610800.0,1185030000.0,31298455.35,4011093.740000002,520373296.75,904912508.23,384539211.48,14531744.91,,,,,,,,,,,,,,,,,,,,
sh600145,四维瓷业,2004-10-21,3.4,3.43,3.18,3.18,3.42,1307843.0,4273256.0,396673200.0,1101870000.0,31298455.35,4011093.740000002,520373296.75,904912508.23,384539211.48,14531744.91,,,,,,,,,,,,,,,,,,,,
sh600145,四维瓷业,2004-10-22,3.22,3.25,3.1,3.19,3.18,852657.0,2694661.0,397920600.0,1105335000.0,31298455.35,4011093.740000002,520373296.75,904912508.23,384539211.48,14531744.91,,,,,,,,,,,,,,,,,,,,
sh600145,四维瓷业,2004-10-25,3.25,3.28,3.2,3.22,3.19,490412.0,1584440.0,401662800.0,1115730000.0,34311829.93,32134775.17,526121421.92,920966704.74,394845282.82,5355904.610000001,,,,,,,,,,,,,,,,,,,,
sh600145,四维瓷业,2004-10-26,3.25,3.39,3.19,3.38,3.22,900943.0,2964321.0,421621200.0,1171170000.0,34311829.93,32134775.17,526121421.92,920966704.74,394845282.82,5355904.610000001,,,,,,,,,,,,,,,,,,,,
sh600145,四维瓷业,2004-10-27,3.4,3.53,3.39,3.52,3.38,1689840.0,5843978.0,439084800.0,1219680000.0,34311829.93,32134775.17,526121421.92,920966704.74,394845282.82,5355904.610000001,,,,,,,,,,,,,,,,,,,,
sh600145,四维瓷业,2004-10-28,3.52,3.53,3.43,3.44,3.52,924127.0,3203834.0,429105600.0,1191960000.0,34311829.93,32134775.17,526121421.92,920966704.74,394845282.82,5355904.610000001,,,,,,,,,,,,,,,,,,,,
sh600145,四维瓷业,2004-10-29,3.38,3.4,3.28,3.31,3.44,637469.0,2131777.0,412889400.0,1146915000.0,34311829.93,32134775.17,526121421.92,920966704.74,394845282.82,5355904.610000001,,,,,,,,,,,,,,,,,,,,
sh600145,四维瓷业,2004-11-01,3.35,3.36,3.3,3.32,3.31,232472.0,774749.0,414136800.0,1150380000.0,34311829.93,32134775.17,526121421.92,920966704.74,394845282.82,5355904.610000001,,,,,,,,,,,,,,,,,,,,
sh600145,四维瓷业,2004-11-02,3.3,3.35,3.26,3.3,3.32,274100.0,905648.0,411642000.0,1143450000.0,34311829.93,32134775.17,526121421.92,920966704.74,394845282.82,5355904.610000001,,,,,,,,,,,,,,,,,,,,
sh600145,四维瓷业,2004-11-03,3.28,3.39,3.28,3.38,3.3,357728.0,1199645.0,421621200.0,1171170000.0,34311829.93,32134775.17,526121421.92,920966704.74,394845282.82,5355904.610000001,,,,,,,,,,,,,,,,,,,,
sh600145,四维瓷业,2004-11-04,3.4,3.43,3.3,3.34,3.38,638149.0,2154627.0,416631600.0,1157310000.0,34311829.93,32134775.17,526121421.92,920966704.74,394845282.82,5355904.610000001,,,,,,,,,,,,,,,,,,,,
sh600145,四维瓷业,2004-11-05,3.33,3.39,3.3,3.33,3.34,331920.0,1115781.0,415384200.0,1153845000.0,34311829.93,32134775.17,526121421.92,920966704.74,394845282.82,5355904.610000001,,,,,,,,,,,,,,,,,,,,
sh600145,四维瓷业,2004-11-08,3.31,3.35,3.25,3.32,3.33,369561.0,1217209.0,414136800.0,1150380000.0,34311829.93,32134775.17,526121421.92,920966704.74,394845282.82,5355904.610000001,,,,,,,,,,,,,,,,,,,,
sh600145,四维瓷业,2004-11-09,3.34,3.39,3.3,3.35,3.32,272256.0,911123.0,417879000.0,1160775000.0,34311829.93,32134775.17,526121421.92,920966704.74,394845282.82,5355904.610000001,,,,,,,,,,,,,,,,,,,,
sh600145,四维瓷业,2004-11-10,3.37,3.49,3.34,3.46,3.35,914310.0,3145512.0,431600400.0,1198890000.0,34311829.93,32134775.17,526121421.92,920966704.74,394845282.82,5355904.610000001,,,,,,,,,,,,,,,,,,,,
sh600145,四维瓷业,2004-11-11,3.48,3.62,3.44,3.45,3.46,1327933.0,4695735.0,430353000.0,1195425000.0,34311829.93,32134775.17,526121421.92,920966704.74,394845282.82,5355904.610000001,,,,,,,,,,,,,,,,,,,,
sh600145,四维瓷业,2004-11-12,3.45,3.5,3.41,3.44,3.45,434700.0,1498350.0,429105600.0,1191960000.0,34311829.93,32134775.17,526121421.92,920966704.74,394845282.82,5355904.610000001,,,,,,,,,,,,,,,,,,,,
sh600145,四维瓷业,2004-11-15,3.42,3.49,3.42,3.47,3.44,371802.0,1287853.0,432847800.0,1202355000.0,34311829.93,32134775.17,526121421.92,920966704.74,394845282.82,5355904.610000001,,,,,,,,,,,,,,,,,,,,
sh600145,四维瓷业,2004-11-16,3.48,3.51,3.44,3.5,3.47,777216.0,2703885.0,436590000.0,1212750000.0,34311829.93,32134775.17,526121421.92,920966704.74,394845282.82,5355904.610000001,,,,,,,,,,,,,,,,,,,,
sh600145,四维瓷业,2004-11-17,3.48,3.5,3.41,3.43,3.5,293309.0,1007752.0,427858200.0,1188495000.0,34311829.93,32134775.17,526121421.92,920966704.74,394845282.82,5355904.610000001,,,,,,,,,,,,,,,,,,,,
sh600145,四维瓷业,2004-11-18,3.42,3.46,3.37,3.46,3.43,406165.0,1388400.0,431600400.0,1198890000.0,34311829.93,32134775.17,526121421.92,920966704.74,394845282.82,5355904.610000001,,,,,,,,,,,,,,,,,,,,
sh600145,四维瓷业,2004-11-19,3.46,3.58,3.45,3.56,3.46,1393654.0,4924607.0,444074400.0,1233540000.0,34311829.93,32134775.17,526121421.92,920966704.74,394845282.82,5355904.610000001,,,,,,,,,,,,,,,,,,,,
sh600145,四维瓷业,2004-11-22,3.56,3.61,3.53,3.58,3.56,855261.0,3053294.0,446569200.0,1240470000.0,34311829.93,32134775.17,526121421.92,920966704.74,394845282.82,5355904.610000001,,,,,,,,,,,,,,,,,,,,
sh600145,四维瓷业,2004-11-23,3.57,3.6,3.53,3.58,3.58,851246.0,3026692.0,446569200.0,1240470000.0,34311829.93,32134775.17,526121421.92,920966704.74,394845282.82,5355904.610000001,,,,,,,,,,,,,,,,,,,,
sh600145,四维瓷业,2004-11-24,3.61,3.61,3.46,3.48,3.58,753860.0,2652924.0,434095200.0,1205820000.0,34311829.93,32134775.17,526121421.92,920966704.74,394845282.82,5355904.610000001,,,,,,,,,,,,,,,,,,,,
sh600145,四维瓷业,2004-11-25,3.48,3.49,3.4,3.42,3.48,683436.0,2350184.0,426610800.0,1185030000.0,34311829.93,32134775.17,526121421.92,920966704.74,394845282.82,5355904.610000001,,,,,,,,,,,,,,,,,,,,
sh600145,四维瓷业,2004-11-26,3.5,3.62,3.45,3.54,3.42,1621731.0,5763419.0,441579600.0,1226610000.0,34311829.93,32134775.17,526121421.92,920966704.74,394845282.82,5355904.610000001,,,,,,,,,,,,,,,,,,,,
sh600145,四维瓷业,2004-11-29,3.52,3.54,3.41,3.44,3.54,666596.0,2307613.0,429105600.0,1191960000.0,34311829.93,32134775.17,526121421.92,920966704.74,394845282.82,5355904.610000001,,,,,,,,,,,,,,,,,,,,
sh600145,四维瓷业,2004-11-30,3.42,3.46,3.4,3.45,3.44,503931.0,1726431.0,430353000.0,1195425000.0,34311829.93,32134775.17,526121421.92,920966704.74,394845282.82,5355904.610000001,,,,,,,,,,,,,,,,,,,,
sh600145,四维瓷业,2004-12-01,3.45,3.47,3.4,3.47,3.45,341701.0,1173107.0,432847800.0,1202355000.0,34311829.93,32134775.17,526121421.92,920966704.74,394845282.82,5355904.610000001,,,,,,,,,,,,,,,,,,,,
sh600145,四维瓷业,2004-12-02,3.47,3.57,3.44,3.54,3.47,1070278.0,3777747.0,441579600.0,1226610000.0,34311829.93,32134775.17,526121421.92,920966704.74,394845282.82,5355904.610000001,,,,,,,,,,,,,,,,,,,,
sh600145,四维瓷业,2004-12-03,3.53,3.65,3.5,3.64,3.54,2280491.0,8184292.0,454053600.0,1261260000.0,34311829.93,32134775.17,526121421.92,920966704.74,394845282.82,5355904.610000001,,,,,,,,,,,,,,,,,,,,
sh600145,四维瓷业,2004-12-06,3.63,3.65,3.56,3.61,3.64,912926.0,3287134.0,450311400.0,1250865000.0,34311829.93,32134775.17,526121421.92,920966704.74,394845282.82,5355904.610000001,,,,,,,,,,,,,,,,,,,,
sh600145,四维瓷业,2004-12-07,3.6,3.6,3.49,3.52,3.61,1273442.0,4491283.0,439084800.0,1219680000.0,34311829.93,32134775.17,526121421.92,920966704.74,394845282.82,5355904.610000001,,,,,,,,,,,,,,,,,,,,
sh600145,四维瓷业,2004-12-08,3.54,3.8,3.51,3.69,3.52,4449459.0,16477048.0,460290600.0,1278585000.0,34311829.93,32134775.17,526121421.92,920966704.74,394845282.82,5355904.610000001,,,,,,,,,,,,,,,,,,,,
sh600145,四维瓷业,2004-12-09,3.64,3.72,3.62,3.68,3.69,3200740.0,11745280.0,459043200.0,1275120000.0,34311829.93,32134775.17,526121421.92,920966704.74,394845282.82,5355904.610000001,,,,,,,,,,,,,,,,,,,,
sh600145,四维瓷业,2004-12-10,3.64,3.64,3.5,3.51,3.68,1260267.0,4490114.0,437837400.0,1216215000.0,34311829.93,32134775.17,526121421.92,920966704.74,394845282.82,5355904.610000001,,,,,,,,,,,,,,,,,,,,
sh600145,四维瓷业,2004-12-13,3.48,3.51,3.38,3.43,3.51,698259.0,2395669.0,427858200.0,1188495000.0,34311829.93,32134775.17,526121421.92,920966704.74,394845282.82,5355904.610000001,,,,,,,,,,,,,,,,,,,,
sh600145,四维瓷业,2004-12-14,3.43,3.45,3.36,3.39,3.43,656844.0,2235166.0,422868600.0,1174635000.0,34311829.93,32134775.17,526121421.92,920966704.74,394845282.82,5355904.610000001,,,,,,,,,,,,,,,,,,,,
sh600145,四维瓷业,2004-12-15,3.39,3.41,3.35,3.4,3.39,460820.0,1557806.0,424116000.0,1178100000.0,34311829.93,32134775.17,526121421.92,920966704.74,394845282.82,5355904.610000001,,,,,,,,,,,,,,,,,,,,
sh600145,四维瓷业,2004-12-16,3.42,3.42,3.3,3.32,3.4,507340.0,1696548.0,414136800.0,1150380000.0,34311829.93,32134775.17,526121421.92,920966704.74,394845282.82,5355904.610000001,,,,,,,,,,,,,,,,,,,,
sh600145,四维瓷业,2004-12-17,3.33,3.35,3.29,3.3,3.32,283326.0,938832.0,411642000.0,1143450000.0,34311829.93,32134775.17,526121421.92,920966704.74,394845282.82,5355904.610000001,,,,,,,,,,,,,,,,,,,,
sh600145,四维瓷业,2004-12-20,3.28,3.33,3.23,3.28,3.3,180522.0,592342.0,409147200.0,1136520000.0,34311829.93,32134775.17,526121421.92,920966704.74,394845282.82,5355904.610000001,,,,,,,,,,,,,,,,,,,,
sh600145,四维瓷业,2004-12-21,3.32,3.44,3.32,3.33,3.28,314140.0,1056444.0,415384200.0,1153845000.0,34311829.93,32134775.17,526121421.92,920966704.74,394845282.82,5355904.610000001,,,,,,,,,,,,,,,,,,,,
sh600145,四维瓷业,2004-12-22,3.36,3.44,3.34,3.43,3.33,534566.0,1819009.0,427858200.0,1188495000.0,34311829.93,32134775.17,526121421.92,920966704.74,394845282.82,5355904.610000001,,,,,,,,,,,,,,,,,,,,
sh600145,四维瓷业,2004-12-23,3.45,3.45,3.35,3.35,3.43,346350.0,1175237.0,417879000.0,1160775000.0,34311829.93,32134775.17,526121421.92,920966704.74,394845282.82,5355904.610000001,,,,,,,,,,,,,,,,,,,,
sh600145,四维瓷业,2004-12-24,3.35,3.4,3.33,3.35,3.35,151550.0,508860.0,417879000.0,1160775000.0,34311829.93,32134775.17,526121421.92,920966704.74,394845282.82,5355904.610000001,,,,,,,,,,,,,,,,,,,,
sh600145,四维瓷业,2004-12-27,3.37,3.37,3.3,3.3,3.35,223322.0,741127.0,411642000.0,1143450000.0,34311829.93,32134775.17,526121421.92,920966704.74,394845282.82,5355904.610000001,,,,,,,,,,,,,,,,,,,,
sh600145,四维瓷业,2004-12-28,3.33,3.33,3.26,3.27,3.3,360660.0,1181994.0,407899800.0,1133055000.0,34311829.93,32134775.17,526121421.92,920966704.74,394845282.82,5355904.610000001,,,,,,,,,,,,,,,,,,,,
sh600145,四维瓷业,2004-12-29,3.28,3.33,3.26,3.27,3.27,241020.0,793386.0,407899800.0,1133055000.0,34311829.93,32134775.17,526121421.92,920966704.74,394845282.82,5355904.610000001,,,,,,,,,,,,,,,,,,,,
sh600145,四维瓷业,2004-12-30,3.27,3.29,3.23,3.26,3.27,177881.0,578510.0,406652400.0,1129590000.0,34311829.93,32134775.17,526121421.92,920966704.74,394845282.82,5355904.610000001,,,,,,,,,,,,,,,,,,,,
sh600145,四维瓷业,2004-12-31,3.25,3.26,3.12,3.15,3.26,631720.0,2004797.0,392931000.0,1091475000.0,34311829.93,32134775.17,526121421.92,920966704.74,394845282.82,5355904.610000001,,,,,,,,,,,,,,,,,,,,
sh600145,四维瓷业,2005-01-04,3.13,3.18,3.1,3.15,3.15,177239.0,557410.0,392931000.0,1091475000.0,34311829.93,32134775.17,526121421.92,920966704.74,394845282.82,5355904.610000001,,,,,,,,,,,,,,,,,,,,
sh600145,四维瓷业,2005-01-05,3.12,3.26,3.1,3.23,3.15,480359.0,1537891.0,402910200.0,1119195000.0,34311829.93,32134775.17,526121421.92,920966704.74,394845282.82,5355904.610000001,,,,,,,,,,,,,,,,,,,,
sh600145,四维瓷业,2005-01-06,3.25,3.25,3.18,3.21,3.23,284300.0,913506.0,400415400.0,1112265000.0,34311829.93,32134775.17,526121421.92,920966704.74,394845282.82,5355904.610000001,,,,,,,,,,,,,,,,,,,,
sh600145,四维瓷业,2005-01-07,3.19,3.27,3.19,3.23,3.21,308028.0,994217.0,402910200.0,1119195000.0,34311829.93,32134775.17,526121421.92,920966704.74,394845282.82,5355904.610000001,,,,,,,,,,,,,,,,,,,,
sh600145,四维瓷业,2005-01-10,3.19,3.32,3.19,3.32,3.23,487955.0,1599335.0,414136800.0,1150380000.0,34311829.93,32134775.17,526121421.92,920966704.74,394845282.82,5355904.610000001,,,,,,,,,,,,,,,,,,,,
sh600145,四维瓷业,2005-01-11,3.29,3.35,3.24,3.31,3.32,482574.0,1582764.0,412889400.0,1146915000.0,34311829.93,32134775.17,526121421.92,920966704.74,394845282.82,5355904.610000001,,,,,,,,,,,,,,,,,,,,
sh600145,四维瓷业,2005-01-12,3.3,3.33,3.25,3.31,3.31,375778.0,1233201.0,412889400.0,1146915000.0,34311829.93,32134775.17,526121421.92,920966704.74,394845282.82,5355904.610000001,,,,,,,,,,,,,,,,,,,,
sh600145,四维瓷业,2005-01-13,3.3,3.34,3.27,3.3,3.31,277532.0,917897.0,411642000.0,1143450000.0,34311829.93,32134775.17,526121421.92,920966704.74,394845282.82,5355904.610000001,,,,,,,,,,,,,,,,,,,,
sh600145,四维瓷业,2005-01-14,3.27,3.3,3.21,3.23,3.3,531739.0,1730511.0,402910200.0,1119195000.0,34311829.93,32134775.17,526121421.92,920966704.74,394845282.82,5355904.610000001,,,,,,,,,,,,,,,,,,,,
sh600145,四维瓷业,2005-01-17,3.18,3.21,3.13,3.15,3.23,325726.0,1029661.0,392931000.0,1091475000.0,34311829.93,32134775.17,526121421.92,920966704.74,394845282.82,5355904.610000001,,,,,,,,,,,,,,,,,,,,
sh600145,四维瓷业,2005-01-18,3.2,3.26,3.14,3.26,3.15,380497.0,1222777.0,406652400.0,1129590000.0,34311829.93,32134775.17,526121421.92,920966704.74,394845282.82,5355904.610000001,,,,,,,,,,,,,,,,,,,,
sh600145,四维瓷业,2005-01-19,3.32,3.39,3.3,3.32,3.26,2080703.0,6962067.0,414136800.0,1150380000.0,34311829.93,32134775.17,526121421.92,920966704.74,394845282.82,5355904.610000001,,,,,,,,,,,,,,,,,,,,
sh600145,四维瓷业,2005-01-20,3.28,3.3,3.25,3.28,3.32,417208.0,1363319.0,409147200.0,1136520000.0,34311829.93,32134775.17,526121421.92,920966704.74,394845282.82,5355904.610000001,,,,,,,,,,,,,,,,,,,,
sh600145,四维瓷业,2005-01-21,3.24,3.35,3.23,3.32,3.28,546771.0,1803743.0,414136800.0,1150380000.0,34311829.93,32134775.17,526121421.92,920966704.74,394845282.82,5355904.610000001,,,,,,,,,,,,,,,,,,,,
sh600145,四维瓷业,2005-01-24,3.42,3.46,3.33,3.36,3.32,834464.0,2807433.0,419126400.0,1164240000.0,34311829.93,32134775.17,526121421.92,920966704.74,394845282.82,5355904.610000001,,,,,,,,,,,,,,,,,,,,
sh600145,四维瓷业,2005-01-26,3.31,3.35,3.26,3.26,3.36,291150.0,956598.0,406652400.0,1129590000.0,34311829.93,32134775.17,526121421.92,920966704.74,394845282.82,5355904.610000001,,,,,,,,,,,,,,,,,,,,
sh600145,四维瓷业,2005-01-27,3.25,3.26,3.2,3.21,3.26,222825.0,719264.0,400415400.0,1112265000.0,34311829.93,32134775.17,526121421.92,920966704.74,394845282.82,5355904.610000001,,,,,,,,,,,,,,,,,,,,
sh600145,四维瓷业,2005-01-28,3.21,3.21,3.15,3.16,3.21,305460.0,967998.0,394178400.0,1094940000.0,34311829.93,32134775.17,526121421.92,920966704.74,394845282.82,5355904.610000001,,,,,,,,,,,,,,,,,,,,
sh600145,四维瓷业,2005-01-31,3.15,3.15,2.95,2.95,3.16,921260.0,2798090.0,367983000.0,1022175000.0,34311829.93,32134775.17,526121421.92,920966704.74,394845282.82,5355904.610000001,,,,,,,,,,,,,,,,,,,,
sh600145,四维瓷业,2005-02-01,2.9,3.03,2.89,2.92,2.95,300660.0,889189.0,364240800.0,1011780000.0,34311829.93,32134775.17,526121421.92,920966704.74,394845282.82,5355904.610000001,,,,,,,,,,,,,,,,,,,,
sh600145,四维瓷业,2005-02-02,2.94,3.09,2.94,3.09,2.92,644882.0,1951152.0,385446600.0,1070685000.0,34311829.93,32134775.17,526121421.92,920966704.74,394845282.82,5355904.610000001,,,,,,,,,,,,,,,,,,,,
sh600145,四维瓷业,2005-02-03,3.1,3.13,2.98,2.99,3.09,549730.0,1678226.0,372972600.0,1036035000.0,34311829.93,32134775.17,526121421.92,920966704.74,394845282.82,5355904.610000001,,,,,,,,,,,,,,,,,,,,
sh600145,四维瓷业,2005-02-04,2.98,3.08,2.98,3.05,2.99,344194.0,1046833.0,380457000.0,1056825000.0,34311829.93,32134775.17,526121421.92,920966704.74,394845282.82,5355904.610000001,,,,,,,,,,,,,,,,,,,,
sh600145,四维瓷业,2005-02-16,3.1,3.15,3.05,3.08,3.05,461172.0,1430598.0,384199200.0,1067220000.0,34311829.93,32134775.17,526121421.92,920966704.74,394845282.82,5355904.610000001,,,,,,,,,,,,,,,,,,,,
sh600145,四维瓷业,2005-02-17,3.1,3.11,3.05,3.11,3.08,386274.0,1190931.0,387941400.0,1077615000.0,34311829.93,32134775.17,526121421.92,920966704.74,394845282.82,5355904.610000001,,,,,,,,,,,,,,,,,,,,
sh600145,四维瓷业,2005-02-18,3.09,3.11,3.07,3.09,3.11,308681.0,951563.0,385446600.0,1070685000.0,34311829.93,32134775.17,526121421.92,920966704.74,394845282.82,5355904.610000001,,,,,,,,,,,,,,,,,,,,
sh600145,四维瓷业,2005-02-21,3.08,3.15,3.08,3.15,3.09,542784.0,1694622.0,392931000.0,1091475000.0,34311829.93,32134775.17,526121421.92,920966704.74,394845282.82,5355904.610000001,,,,,,,,,,,,,,,,,,,,
sh600145,四维瓷业,2005-02-22,3.15,3.23,3.12,3.21,3.15,1105459.0,3515154.0,400415400.0,1112265000.0,34311829.93,32134775.17,526121421.92,920966704.74,394845282.82,5355904.610000001,,,,,,,,,,,,,,,,,,,,
sh600145,四维瓷业,2005-02-23,3.2,3.24,3.17,3.22,3.21,957202.0,3072636.0,401662800.0,1115730000.0,34311829.93,32134775.17,526121421.92,920966704.74,394845282.82,5355904.610000001,,,,,,,,,,,,,,,,,,,,
sh600145,四维瓷业,2005-02-24,3.2,3.32,3.16,3.28,3.22,1468516.0,4774096.0,409147200.0,1136520000.0,34311829.93,32134775.17,526121421.92,920966704.74,394845282.82,5355904.610000001,,,,,,,,,,,,,,,,,,,,
sh600145,四维瓷业,2005-02-25,3.27,3.3,3.21,3.22,3.28,1080173.0,3518064.0,401662800.0,1115730000.0,34311829.93,32134775.17,526121421.92,920966704.74,394845282.82,5355904.610000001,,,,,,,,,,,,,,,,,,,,
sh600145,四维瓷业,2005-02-28,3.2,3.25,3.17,3.18,3.22,644450.0,2066829.0,396673200.0,1101870000.0,34311829.93,32134775.17,526121421.92,920966704.74,394845282.82,5355904.610000001,,,,,,,,,,,,,,,,,,,,
sh600145,四维瓷业,2005-03-01,3.18,3.21,3.15,3.21,3.18,422052.0,1342606.0,400415400.0,1112265000.0,34311829.93,32134775.17,526121421.92,920966704.74,394845282.82,5355904.610000001,,,,,,,,,,,,,,,,,,,,
sh600145,四维瓷业,2005-03-02,3.22,3.28,3.19,3.21,3.21,716252.0,2319307.0,400415400.0,1112265000.0,34311829.93,32134775.17,526121421.92,920966704.74,394845282.82,5355904.610000001,,,,,,,,,,,,,,,,,,,,
sh600145,四维瓷业,2005-03-03,3.2,3.21,3.17,3.19,3.21,317595.0,1013177.0,397920600.0,1105335000.0,34311829.93,32134775.17,526121421.92,920966704.74,394845282.82,5355904.610000001,,,,,,,,,,,,,,,,,,,,
sh600145,四维瓷业,2005-03-04,3.18,3.2,3.15,3.16,3.19,305631.0,969330.0,394178400.0,1094940000.0,34311829.93,32134775.17,526121421.92,920966704.74,394845282.82,5355904.610000001,,,,,,,,,,,,,,,,,,,,
sh600145,四维瓷业,2005-03-07,3.17,3.2,3.15,3.17,3.16,272700.0,864034.0,395425800.0,1098405000.0,34311829.93,32134775.17,526121421.92,920966704.74,394845282.82,5355904.610000001,,,,,,,,,,,,,,,,,,,,
sh600145,四维瓷业,2005-03-08,3.17,3.23,3.16,3.23,3.17,501401.0,1601148.0,402910200.0,1119195000.0,34311829.93,32134775.17,526121421.92,920966704.74,394845282.82,5355904.610000001,,,,,,,,,,,,,,,,,,,,
sh600145,四维瓷业,2005-03-09,3.23,3.24,3.18,3.21,3.23,511712.0,1638105.0,400415400.0,1112265000.0,34311829.93,32134775.17,526121421.92,920966704.74,394845282.82,5355904.610000001,,,,,,,,,,,,,,,,,,,,
sh600145,四维瓷业,2005-03-10,3.19,3.2,3.09,3.09,3.21,631000.0,1982582.0,385446600.0,1070685000.0,34311829.93,32134775.17,526121421.92,920966704.74,394845282.82,5355904.610000001,,,,,,,,,,,,,,,,,,,,
sh600145,四维瓷业,2005-03-11,3.08,3.22,3.08,3.21,3.09,1271791.0,4019823.0,400415400.0,1112265000.0,34311829.93,32134775.17,526121421.92,920966704.74,394845282.82,5355904.610000001,,,,,,,,,,,,,,,,,,,,
sh600145,四维瓷业,2005-03-14,3.16,3.17,3.1,3.1,3.21,627860.0,1959552.0,386694000.0,1074150000.0,34311829.93,32134775.17,526121421.92,920966704.74,394845282.82,5355904.610000001,,,,,,,,,,,,,,,,,,,,
sh600145,四维瓷业,2005-03-15,3.11,3.12,3.02,3.03,3.1,750989.0,2292365.0,377962200.0,1049895000.0,34311829.93,32134775.17,526121421.92,920966704.74,394845282.82,5355904.610000001,,,,,,,,,,,,,,,,,,,,
sh600145,四维瓷业,2005-03-16,3.06,3.06,3.0,3.0,3.03,518625.0,1569011.0,374220000.0,1039500000.0,34311829.93,32134775.17,526121421.92,920966704.74,394845282.82,5355904.610000001,,,,,,,,,,,,,,,,,,,,
sh600145,四维瓷业,2005-03-17,3.0,3.13,2.9,3.1,3.0,1945936.0,5966935.0,386694000.0,1074150000.0,34311829.93,32134775.17,526121421.92,920966704.74,394845282.82,5355904.610000001,,,,,,,,,,,,,,,,,,,,
sh600145,四维瓷业,2005-03-18,3.08,3.1,3.02,3.03,3.1,854920.0,2622521.0,377962200.0,1049895000.0,34311829.93,32134775.17,526121421.92,920966704.74,394845282.82,5355904.610000001,,,,,,,,,,,,,,,,,,,,
sh600145,四维瓷业,2005-03-21,3.15,3.22,3.08,3.12,3.03,3770452.0,11844091.0,389188800.0,1081080000.0,34311829.93,32134775.17,526121421.92,920966704.74,394845282.82,5355904.610000001,,,,,,,,,,,,,,,,,,,,
sh600145,四维瓷业,2005-03-22,3.03,3.08,2.94,2.97,3.12,1430753.0,4285877.0,370477800.0,1029105000.0,34311829.93,32134775.17,526121421.92,920966704.74,394845282.82,5355904.610000001,,,,,,,,,,,,,,,,,,,,
sh600145,四维瓷业,2005-03-23,2.95,3.01,2.9,2.99,2.97,793719.0,2348777.0,372972600.0,1036035000.0,34311829.93,32134775.17,526121421.92,920966704.74,394845282.82,5355904.610000001,,,,,,,,,,,,,,,,,,,,
sh600145,四维瓷业,2005-03-24,2.96,3.0,2.93,3.0,2.99,505580.0,1494484.0,374220000.0,1039500000.0,34311829.93,32134775.17,526121421.92,920966704.74,394845282.82,5355904.610000001,,,,,,,,,,,,,,,,,,,,
sh600145,四维瓷业,2005-03-25,2.98,3.0,2.91,2.97,3.0,439755.0,1305881.0,370477800.0,1029105000.0,34311829.93,32134775.17,526121421.92,920966704.74,394845282.82,5355904.610000001,,,,,,,,,,,,,,,,,,,,
sh600145,四维瓷业,2005-03-28,2.97,2.97,2.91,2.93,2.97,472400.0,1379891.0,365488200.0,1015245000.0,34311829.93,32134775.17,526121421.92,920966704.74,394845282.82,5355904.610000001,,,,,,,,,,,,,,,,,,,,
sh600145,四维瓷业,2005-03-29,2.94,2.97,2.92,2.93,2.93,273060.0,802560.0,365488200.0,1015245000.0,34311829.93,32134775.17,526121421.92,920966704.74,394845282.82,5355904.610000001,,,,,,,,,,,,,,,,,,,,
sh600145,四维瓷业,2005-03-30,2.91,2.91,2.76,2.76,2.93,891607.0,2525448.0,344282400.0,956340000.0,34311829.93,32134775.17,526121421.92,920966704.74,394845282.82,5355904.610000001,,,,,,,,,,,,,,,,,,,,
sh600145,四维瓷业,2005-03-31,2.76,2.79,2.71,2.76,2.76,509600.0,1395303.0,344282400.0,956340000.0,34311829.93,32134775.17,526121421.92,920966704.74,394845282.82,5355904.610000001,,,,,,,,,,,,,,,,,,,,
sh600145,四维瓷业,2005-04-01,2.76,2.89,2.71,2.87,2.76,580180.0,1627280.0,358003800.0,994455000.0,34311829.93,32134775.17,526121421.92,920966704.74,394845282.82,5355904.610000001,,,,,,,,,,,,,,,,,,,,
sh600145,四维瓷业,2005-04-04,2.81,2.84,2.76,2.78,2.87,533366.0,1491226.0,346777200.0,963270000.0,34311829.93,32134775.17,526121421.92,920966704.74,394845282.82,5355904.610000001,,,,,,,,,,,,,,,,,,,,
sh600145,四维瓷业,2005-04-05,2.78,2.81,2.75,2.76,2.78,251840.0,697859.0,344282400.0,956340000.0,34311829.93,32134775.17,526121421.92,920966704.74,394845282.82,5355904.610000001,,,,,,,,,,,,,,,,,,,,
sh600145,四维瓷业,2005-04-06,2.76,2.82,2.71,2.81,2.76,497412.0,1373236.0,350519400.0,973665000.0,34311829.93,32134775.17,526121421.92,920966704.74,394845282.82,5355904.610000001,,,,,,,,,,,,,,,,,,,,
sh600145,四维瓷业,2005-04-07,2.77,2.88,2.77,2.83,2.81,749378.0,2129173.0,353014200.0,980595000.0,34311829.93,32134775.17,526121421.92,920966704.74,394845282.82,5355904.610000001,,,,,,,,,,,,,,,,,,,,
sh600145,四维瓷业,2005-04-08,2.81,2.9,2.8,2.9,2.83,596475.0,1705072.0,361746000.0,1004850000.0,34311829.93,32134775.17,526121421.92,920966704.74,394845282.82,5355904.610000001,,,,,,,,,,,,,,,,,,,,
sh600145,四维瓷业,2005-04-11,2.9,2.92,2.84,2.9,2.9,643666.0,1863910.0,361746000.0,1004850000.0,34311829.93,32134775.17,526121421.92,920966704.74,394845282.82,5355904.610000001,,,,,,,,,,,,,,,,,,,,
sh600145,四维瓷业,2005-04-12,2.9,2.91,2.78,2.79,2.9,423860.0,1208107.0,348024600.0,966735000.0,34311829.93,32134775.17,526121421.92,920966704.74,394845282.82,5355904.610000001,,,,,,,,,,,,,,,,,,,,
sh600145,四维瓷业,2005-04-13,2.78,2.89,2.78,2.85,2.79,454759.0,1295312.0,355509000.0,987525000.0,34311829.93,32134775.17,526121421.92,920966704.74,394845282.82,5355904.610000001,,,,,,,,,,,,,,,,,,,,
sh600145,四维瓷业,2005-04-14,2.86,2.86,2.79,2.79,2.85,437932.0,1237354.0,348024600.0,966735000.0,34311829.93,32134775.17,526121421.92,920966704.74,394845282.82,5355904.610000001,,,,,,,,,,,,,,,,,,,,
sh600145,四维瓷业,2005-04-15,2.78,2.78,2.66,2.66,2.79,672552.0,1826603.0,331808400.0,921690000.0,34311829.93,32134775.17,526121421.92,920966704.74,394845282.82,5355904.610000001,,,,,,,,,,,,,,,,,,,,
sh600145,四维瓷业,2005-04-18,2.65,2.68,2.6,2.61,2.66,408890.0,1075395.0,325571400.0,904365000.0,34311829.93,32134775.17,526121421.92,920966704.74,394845282.82,5355904.610000001,,,,,,,,,,,,,,,,,,,,
sh600145,四维瓷业,2005-04-19,2.61,2.66,2.58,2.65,2.61,320877.0,841558.0,330561000.0,918225000.0,34311829.93,32134775.17,526121421.92,920966704.74,394845282.82,5355904.610000001,,,,,,,,,,,,,,,,,,,,
sh600145,四维瓷业,2005-04-20,2.65,2.65,2.53,2.55,2.65,380645.0,979463.0,318087000.0,883575000.0,34311829.93,32134775.17,526121421.92,920966704.74,394845282.82,5355904.610000001,,,,,,,,,,,,,,,,,,,,
sh600145,四维瓷业,2005-04-21,2.54,2.58,2.39,2.43,2.55,743691.0,1833753.0,303118200.0,841995000.0,34311829.93,32134775.17,526121421.92,920966704.74,394845282.82,5355904.610000001,,,,,,,,,,,,,,,,,,,,
sh600145,四维瓷业,2005-04-22,2.45,2.45,2.25,2.28,2.43,1010555.0,2337053.0,284407200.0,790020000.0,34311829.93,32134775.17,526121421.92,920966704.74,394845282.82,5355904.610000001,,,,,,,,,,,,,,,,,,,,
sh600145,四维瓷业,2005-04-25,2.38,2.39,2.22,2.27,2.28,684360.0,1569490.0,283159800.0,786555000.0,18830190.9,14145592.11,523145908.32000005,927211556.22,404065647.9,-3098430.5200000033,,,,,,,,,,,,,,,,,,,,
sh600145,四维瓷业,2005-04-26,2.24,2.35,2.24,2.33,2.27,578542.0,1336456.0,290644200.0,807345000.0,18830190.9,14145592.11,523145908.32000005,927211556.22,404065647.9,-3098430.5200000033,,,,,,,,,,,,,,,,,,,,
sh600145,四维瓷业,2005-04-27,2.34,2.34,2.25,2.25,2.33,444008.0,1016200.0,280665000.0,779625000.0,18830190.9,14145592.11,523145908.32000005,927211556.22,404065647.9,-3098430.5200000033,,,,,,,,,,,,,,,,,,,,
sh600145,四维瓷业,2005-04-28,2.23,2.35,2.22,2.32,2.25,541079.0,1245164.0,289396800.0,803880000.0,18830190.9,14145592.11,523145908.32000005,927211556.22,404065647.9,-3098430.5200000033,,,,,,,,,,,,,,,,,,,,
sh600145,四维瓷业,2005-04-29,2.32,2.34,2.23,2.28,2.32,424285.0,970695.0,284407200.0,790020000.0,19889456.54,22865759.8,524786217.24,916647897.25,391861680.01,3100237.54,,,,,,,,,,,,,,,,,,,,
sh600145,四维瓷业,2005-05-09,2.24,2.29,2.12,2.16,2.28,667400.0,1461672.0,269438400.0,748440000.0,19889456.54,22865759.8,524786217.24,916647897.25,391861680.01,3100237.54,,,,,,,,,,,,,,,,,,,,
sh600145,四维瓷业,2005-05-10,2.13,2.16,2.04,2.12,2.16,670049.0,1403138.0,264448800.0,734580000.0,19889456.54,22865759.8,524786217.24,916647897.25,391861680.01,3100237.54,,,,,,,,,,,,,,,,,,,,
sh600145,四维瓷业,2005-05-11,2.1,2.16,2.09,2.11,2.12,568299.0,1208664.0,263201400.0,731115000.0,19889456.54,22865759.8,524786217.24,916647897.25,391861680.01,3100237.54,,,,,,,,,,,,,,,,,,,,
sh600145,四维瓷业,2005-05-12,2.11,2.18,2.11,2.15,2.11,563370.0,1204504.0,268191000.0,744975000.0,19889456.54,22865759.8,524786217.24,916647897.25,391861680.01,3100237.54,,,,,,,,,,,,,,,,,,,,
sh600145,四维瓷业,2005-05-13,2.12,2.22,2.1,2.21,2.15,643071.0,1398669.0,275675400.0,765765000.0,19889456.54,22865759.8,524786217.24,916647897.25,391861680.01,3100237.54,,,,,,,,,,,,,,,,,,,,
sh600145,四维瓷业,2005-05-16,2.19,2.28,2.15,2.28,2.21,1101119.0,2458137.0,284407200.0,790020000.0,19889456.54,22865759.8,524786217.24,916647897.25,391861680.01,3100237.54,,,,,,,,,,,,,,,,,,,,
sh600145,四维瓷业,2005-05-17,2.3,2.45,2.3,2.32,2.28,4427289.0,10488081.0,289396800.0,803880000.0,19889456.54,22865759.8,524786217.24,916647897.25,391861680.01,3100237.54,,,,,,,,,,,,,,,,,,,,
sh600145,四维瓷业,2005-05-18,2.3,2.31,2.25,2.31,2.32,1003740.0,2288541.0,288149400.0,800415000.0,19889456.54,22865759.8,524786217.24,916647897.25,391861680.01,3100237.54,,,,,,,,,,,,,,,,,,,,
sh600145,四维瓷业,2005-05-19,2.31,2.33,2.26,2.32,2.31,408418.0,938115.0,289396800.0,803880000.0,19889456.54,22865759.8,524786217.24,916647897.25,391861680.01,3100237.54,,,,,,,,,,,,,,,,,,,,
sh600145,四维瓷业,2005-05-20,2.28,2.31,2.2,2.25,2.32,428800.0,975752.0,280665000.0,779625000.0,19889456.54,22865759.8,524786217.24,916647897.25,391861680.01,3100237.54,,,,,,,,,,,,,,,,,,,,
sh600145,四维瓷业,2005-05-23,2.24,2.24,2.11,2.11,2.25,685082.0,1468005.0,263201400.0,731115000.0,19889456.54,22865759.8,524786217.24,916647897.25,391861680.01,3100237.54,,,,,,,,,,,,,,,,,,,,
sh600145,四维瓷业,2005-05-24,2.11,2.21,2.1,2.2,2.11,519655.0,1129702.0,274428000.0,762300000.0,19889456.54,22865759.8,524786217.24,916647897.25,391861680.01,3100237.54,,,,,,,,,,,,,,,,,,,,
sh600145,四维瓷业,2005-05-25,2.26,2.26,2.19,2.23,2.2,532632.0,1188429.0,278170200.0,772695000.0,19889456.54,22865759.8,524786217.24,916647897.25,391861680.01,3100237.54,,,,,,,,,,,,,,,,,,,,
sh600145,四维瓷业,2005-05-26,2.21,2.26,2.19,2.19,2.23,342557.0,756409.0,273180600.0,758835000.0,19889456.54,22865759.8,524786217.24,916647897.25,391861680.01,3100237.54,,,,,,,,,,,,,,,,,,,,
sh600145,四维瓷业,2005-05-27,2.2,2.27,2.18,2.22,2.19,625379.0,1394749.0,276922800.0,769230000.0,19889456.54,22865759.8,524786217.24,916647897.25,391861680.01,3100237.54,,,,,,,,,,,,,,,,,,,,
sh600145,四维瓷业,2005-05-30,2.2,2.32,2.2,2.32,2.22,887373.0,2014401.0,289396800.0,803880000.0,19889456.54,22865759.8,524786217.24,916647897.25,391861680.01,3100237.54,,,,,,,,,,,,,,,,,,,,
sh600145,四维瓷业,2005-05-31,2.3,2.33,2.25,2.27,2.32,607250.0,1384844.0,283159800.0,786555000.0,19889456.54,22865759.8,524786217.24,916647897.25,391861680.01,3100237.54,,,,,,,,,,,,,,,,,,,,
sh600145,四维瓷业,2005-06-01,2.28,2.28,2.2,2.23,2.27,339847.0,757428.0,278170200.0,772695000.0,19889456.54,22865759.8,524786217.24,916647897.25,391861680.01,3100237.54,,,,,,,,,,,,,,,,,,,,
sh600145,四维瓷业,2005-06-02,2.22,2.26,2.2,2.25,2.23,387200.0,862797.0,280665000.0,779625000.0,19889456.54,22865759.8,524786217.24,916647897.25,391861680.01,3100237.54,,,,,,,,,,,,,,,,,,,,
sh600145,四维瓷业,2005-06-03,2.24,2.29,2.22,2.26,2.25,392140.0,883362.0,281912400.0,783090000.0,19889456.54,22865759.8,524786217.24,916647897.25,391861680.01,3100237.54,,,,,,,,,,,,,,,,,,,,
sh600145,四维瓷业,2005-06-06,2.26,2.26,2.16,2.23,2.26,1003400.0,2203517.0,278170200.0,772695000.0,19889456.54,22865759.8,524786217.24,916647897.25,391861680.01,3100237.54,,,,,,,,,,,,,,,,,,,,
sh600145,四维瓷业,2005-06-07,2.26,2.29,2.22,2.24,2.23,603278.0,1360392.0,279417600.0,776160000.0,19889456.54,22865759.8,524786217.24,916647897.25,391861680.01,3100237.54,,,,,,,,,,,,,,,,,,,,
sh600145,四维瓷业,2005-06-08,2.24,2.41,2.24,2.39,2.24,2584174.0,6033491.0,298128600.0,828135000.0,19889456.54,22865759.8,524786217.24,916647897.25,391861680.01,3100237.54,,,,,,,,,,,,,,,,,,,,
sh600145,四维瓷业,2005-06-09,2.38,2.43,2.32,2.38,2.39,1847178.0,4364766.0,296881200.0,824670000.0,19889456.54,22865759.8,524786217.24,916647897.25,391861680.01,3100237.54,,,,,,,,,,,,,,,,,,,,
sh600145,四维瓷业,2005-06-10,2.38,2.47,2.3,2.43,2.38,2879361.0,6883908.0,303118200.0,841995000.0,19889456.54,22865759.8,524786217.24,916647897.25,391861680.01,3100237.54,,,,,,,,,,,,,,,,,,,,
sh600145,四维瓷业,2005-06-13,2.43,2.53,2.41,2.53,2.43,4406198.0,10897626.0,315592200.0,876645000.0,19889456.54,22865759.8,524786217.24,916647897.25,391861680.01,3100237.54,,,,,,,,,,,,,,,,,,,,
sh600145,四维瓷业,2005-06-14,2.51,2.51,2.37,2.38,2.53,2256797.0,5507720.0,296881200.0,824670000.0,19889456.54,22865759.8,524786217.24,916647897.25,391861680.01,3100237.54,,,,,,,,,,,,,,,,,,,,
sh600145,四维瓷业,2005-06-16,2.33,2.33,2.21,2.26,2.38,1486589.0,3347360.0,281912400.0,783090000.0,19889456.54,22865759.8,524786217.24,916647897.25,391861680.01,3100237.54,,,,,,,,,,,,,,,,,,,,
sh600145,四维瓷业,2005-06-17,2.27,2.31,2.21,2.22,2.26,767338.0,1724067.0,276922800.0,769230000.0,19889456.54,22865759.8,524786217.24,916647897.25,391861680.01,3100237.54,,,,,,,,,,,,,,,,,,,,
sh600145,四维瓷业,2005-06-20,2.21,2.29,2.2,2.28,2.22,955873.0,2143998.0,284407200.0,790020000.0,19889456.54,22865759.8,524786217.24,916647897.25,391861680.01,3100237.54,,,,,,,,,,,,,,,,,,,,
sh600145,四维瓷业,2005-06-21,2.3,2.3,2.27,2.27,2.28,699721.0,1598760.0,283159800.0,786555000.0,19889456.54,22865759.8,524786217.24,916647897.25,391861680.01,3100237.54,,,,,,,,,,,,,,,,,,,,
sh600145,四维瓷业,2005-06-22,2.26,2.3,2.26,2.29,2.27,393581.0,897252.0,285654600.0,793485000.0,19889456.54,22865759.8,524786217.24,916647897.25,391861680.01,3100237.54,,,,,,,,,,,,,,,,,,,,
sh600145,四维瓷业,2005-06-23,2.29,2.29,2.22,2.23,2.29,632547.0,1430290.0,278170200.0,772695000.0,19889456.54,22865759.8,524786217.24,916647897.25,391861680.01,3100237.54,,,,,,,,,,,,,,,,,,,,
sh600145,四维瓷业,2005-06-24,2.23,2.23,2.17,2.22,2.23,710493.0,1567831.0,276922800.0,769230000.0,19889456.54,22865759.8,524786217.24,916647897.25,391861680.01,3100237.54,,,,,,,,,,,,,,,,,,,,
sh600145,四维瓷业,2005-06-27,2.22,2.32,2.22,2.28,2.22,928467.0,2113777.0,284407200.0,790020000.0,19889456.54,22865759.8,524786217.24,916647897.25,391861680.01,3100237.54,,,,,,,,,,,,,,,,,,,,
sh600145,四维瓷业,2005-06-28,2.28,2.28,2.23,2.23,2.28,461982.0,1034660.0,278170200.0,772695000.0,19889456.54,22865759.8,524786217.24,916647897.25,391861680.01,3100237.54,,,,,,,,,,,,,,,,,,,,
sh600145,四维瓷业,2005-06-29,2.24,2.26,2.21,2.24,2.23,568574.0,1273067.0,279417600.0,776160000.0,19889456.54,22865759.8,524786217.24,916647897.25,391861680.01,3100237.54,,,,,,,,,,,,,,,,,,,,
sh600145,四维瓷业,2005-06-30,2.23,2.23,2.16,2.17,2.24,723500.0,1586920.0,270685800.0,751905000.0,19889456.54,22865759.8,524786217.24,916647897.25,391861680.01,3100237.54,,,,,,,,,,,,,,,,,,,,
sh600145,四维瓷业,2005-07-01,2.18,2.18,2.05,2.05,2.17,786340.0,1645980.0,255717000.0,710325000.0,19889456.54,22865759.8,524786217.24,916647897.25,391861680.01,3100237.54,,,,,,,,,,,,,,,,,,,,
sh600145,四维瓷业,2005-07-04,2.03,2.03,1.86,1.96,2.05,1218299.0,2350855.0,244490400.0,679140000.0,19889456.54,22865759.8,524786217.24,916647897.25,391861680.01,3100237.54,,,,,,,,,,,,,,,,,,,,
sh600145,四维瓷业,2005-07-05,1.95,2.02,1.91,2.02,1.96,1077560.0,2136568.0,251974800.0,699930000.0,19889456.54,22865759.8,524786217.24,916647897.25,391861680.01,3100237.54,,,,,,,,,,,,,,,,,,,,
sh600145,四维瓷业,2005-07-06,2.04,2.06,2.01,2.05,2.02,888727.0,1806382.0,255717000.0,710325000.0,19889456.54,22865759.8,524786217.24,916647897.25,391861680.01,3100237.54,,,,,,,,,,,,,,,,,,,,
sh600145,四维瓷业,2005-07-07,2.06,2.12,2.02,2.07,2.05,3000592.0,6232331.0,258211800.0,717255000.0,19889456.54,22865759.8,524786217.24,916647897.25,391861680.01,3100237.54,,,,,,,,,,,,,,,,,,,,
sh600145,四维瓷业,2005-07-08,2.06,2.06,1.94,1.95,2.07,566025.0,1119864.0,243243000.0,675675000.0,19889456.54,22865759.8,524786217.24,916647897.25,391861680.01,3100237.54,,,,,,,,,,,,,,,,,,,,
sh600145,四维瓷业,2005-07-11,1.96,2.05,1.92,1.92,1.95,467160.0,922137.0,239500800.0,665280000.0,19889456.54,22865759.8,524786217.24,916647897.25,391861680.01,3100237.54,,,,,,,,,,,,,,,,,,,,
sh600145,四维瓷业,2005-07-12,1.92,2.09,1.9,2.07,1.92,1189586.0,2391729.0,258211800.0,717255000.0,19889456.54,22865759.8,524786217.24,916647897.25,391861680.01,3100237.54,,,,,,,,,,,,,,,,,,,,
sh600145,四维瓷业,2005-07-13,2.06,2.17,2.01,2.15,2.07,3443306.0,7281827.0,268191000.0,744975000.0,19889456.54,22865759.8,524786217.24,916647897.25,391861680.01,3100237.54,,,,,,,,,,,,,,,,,,,,
sh600145,四维瓷业,2005-07-14,2.1,2.1,2.04,2.07,2.15,1607327.0,3336394.0,258211800.0,717255000.0,19889456.54,22865759.8,524786217.24,916647897.25,391861680.01,3100237.54,,,,,,,,,,,,,,,,,,,,
sh600145,四维瓷业,2005-07-15,2.07,2.08,1.97,1.98,2.07,941000.0,1888485.0,246985200.0,686070000.0,19889456.54,22865759.8,524786217.24,916647897.25,391861680.01,3100237.54,,,,,,,,,,,,,,,,,,,,
sh600145,四维瓷业,2005-07-18,1.96,1.98,1.86,1.87,1.98,874550.0,1679139.0,233263800.0,647955000.0,19889456.54,22865759.8,524786217.24,916647897.25,391861680.01,3100237.54,,,,,,,,,,,,,,,,,,,,
sh600145,四维瓷业,2005-07-19,1.88,1.94,1.87,1.92,1.87,670979.0,1274499.0,239500800.0,665280000.0,19889456.54,22865759.8,524786217.24,916647897.25,391861680.01,3100237.54,,,,,,,,,,,,,,,,,,,,
sh600145,四维瓷业,2005-07-20,1.9,1.94,1.89,1.94,1.92,347430.0,669541.0,241995600.0,672210000.0,19889456.54,22865759.8,524786217.24,916647897.25,391861680.01,3100237.54,,,,,,,,,,,,,,,,,,,,
sh600145,四维瓷业,2005-07-21,1.91,1.94,1.9,1.91,1.94,297630.0,568758.0,238253400.0,661815000.0,19889456.54,22865759.8,524786217.24,916647897.25,391861680.01,3100237.54,,,,,,,,,,,,,,,,,,,,
sh600145,四维瓷业,2005-07-22,1.92,1.99,1.9,1.95,1.91,682300.0,1332367.0,243243000.0,675675000.0,19889456.54,22865759.8,524786217.24,916647897.25,391861680.01,3100237.54,,,,,,,,,,,,,,,,,,,,
sh600145,四维瓷业,2005-07-25,1.95,1.97,1.93,1.96,1.95,271238.0,528333.0,244490400.0,679140000.0,19889456.54,22865759.8,524786217.24,916647897.25,391861680.01,3100237.54,,,,,,,,,,,,,,,,,,,,
sh600145,四维瓷业,2005-07-26,1.96,2.01,1.95,2.0,1.96,688086.0,1368213.0,249480000.0,693000000.0,19889456.54,22865759.8,524786217.24,916647897.25,391861680.01,3100237.54,,,,,,,,,,,,,,,,,,,,
sh600145,四维瓷业,2005-07-27,2.0,2.02,1.96,2.01,2.0,965728.0,1923028.0,250727400.0,696465000.0,19889456.54,22865759.8,524786217.24,916647897.25,391861680.01,3100237.54,,,,,,,,,,,,,,,,,,,,
sh600145,四维瓷业,2005-07-28,2.0,2.06,2.0,2.01,2.01,1203374.0,2430379.0,250727400.0,696465000.0,19889456.54,22865759.8,524786217.24,916647897.25,391861680.01,3100237.54,,,,,,,,,,,,,,,,,,,,
sh600145,四维瓷业,2005-07-29,2.01,2.01,1.96,1.99,2.01,911159.0,1804913.0,248232600.0,689535000.0,19889456.54,22865759.8,524786217.24,916647897.25,391861680.01,3100237.54,,,,,,,,,,,,,,,,,,,,
sh600145,四维瓷业,2005-08-01,1.96,2.08,1.96,2.08,1.99,1974023.0,4019182.0,259459200.0,720720000.0,19889456.54,22865759.8,524786217.24,916647897.25,391861680.01,3100237.54,,,,,,,,,,,,,,,,,,,,
sh600145,四维瓷业,2005-08-02,2.07,2.25,2.03,2.18,2.08,6817087.0,14750680.0,271933200.0,755370000.0,19889456.54,22865759.8,524786217.24,916647897.25,391861680.01,3100237.54,,,,,,,,,,,,,,,,,,,,
sh600145,四维瓷业,2005-08-03,2.16,2.23,2.11,2.16,2.18,3380346.0,7335627.0,269438400.0,748440000.0,19889456.54,22865759.8,524786217.24,916647897.25,391861680.01,3100237.54,,,,,,,,,,,,,,,,,,,,
sh600145,四维瓷业,2005-08-04,2.14,2.15,2.09,2.12,2.16,1634175.0,3468107.0,264448800.0,734580000.0,19889456.54,22865759.8,524786217.24,916647897.25,391861680.01,3100237.54,,,,,,,,,,,,,,,,,,,,
sh600145,四维瓷业,2005-08-05,2.12,2.18,2.1,2.17,2.12,1648873.0,3558253.0,270685800.0,751905000.0,19889456.54,22865759.8,524786217.24,916647897.25,391861680.01,3100237.54,,,,,,,,,,,,,,,,,,,,
sh600145,四维瓷业,2005-08-08,2.17,2.22,2.16,2.19,2.17,2049779.0,4482415.0,273180600.0,758835000.0,19889456.54,22865759.8,524786217.24,916647897.25,391861680.01,3100237.54,,,,,,,,,,,,,,,,,,,,
sh600145,四维瓷业,2005-08-09,2.18,2.24,2.14,2.22,2.19,1756821.0,3837964.0,276922800.0,769230000.0,19889456.54,22865759.8,524786217.24,916647897.25,391861680.01,3100237.54,,,,,,,,,,,,,,,,,,,,
sh600145,四维瓷业,2005-08-10,2.2,2.31,2.19,2.3,2.22,3409020.0,7667620.0,286902000.0,796950000.0,19889456.54,22865759.8,524786217.24,916647897.25,391861680.01,3100237.54,,,,,,,,,,,,,,,,,,,,
sh600145,四维瓷业,2005-08-11,2.3,2.36,2.27,2.34,2.3,4826751.0,11196471.0,291891600.0,810810000.0,19889456.54,22865759.8,524786217.24,916647897.25,391861680.01,3100237.54,,,,,,,,,,,,,,,,,,,,
sh600145,四维瓷业,2005-08-12,2.33,2.36,2.22,2.34,2.34,5081938.0,11722467.0,291891600.0,810810000.0,19889456.54,22865759.8,524786217.24,916647897.25,391861680.01,3100237.54,,,,,,,,,,,,,,,,,,,,
sh600145,四维瓷业,2005-08-15,2.34,2.38,2.26,2.38,2.34,7623969.0,17654004.0,296881200.0,824670000.0,19889456.54,22865759.8,524786217.24,916647897.25,391861680.01,3100237.54,,,,,,,,,,,,,,,,,,,,
sh600145,四维瓷业,2005-08-16,2.38,2.39,2.3,2.34,2.38,3147470.0,7354561.0,291891600.0,810810000.0,19889456.54,22865759.8,524786217.24,916647897.25,391861680.01,3100237.54,,,,,,,,,,,,,,,,,,,,
sh600145,四维瓷业,2005-08-17,2.36,2.37,2.27,2.36,2.34,2411345.0,5589094.0,294386400.0,817740000.0,19889456.54,22865759.8,524786217.24,916647897.25,391861680.01,3100237.54,,,,,,,,,,,,,,,,,,,,
sh600145,四维瓷业,2005-08-18,2.36,2.4,2.24,2.25,2.36,3662362.0,8610359.0,280665000.0,779625000.0,19889456.54,22865759.8,524786217.24,916647897.25,391861680.01,3100237.54,,,,,,,,,,,,,,,,,,,,
sh600145,四维瓷业,2005-08-19,2.24,2.28,2.18,2.21,2.25,2077290.0,4626523.0,275675400.0,765765000.0,19889456.54,22865759.8,524786217.24,916647897.25,391861680.01,3100237.54,,,,,,,,,,,,,,,,,,,,
sh600145,四维瓷业,2005-08-22,2.22,2.26,2.18,2.25,2.21,967942.0,2151769.0,280665000.0,779625000.0,19889456.54,22865759.8,524786217.24,916647897.25,391861680.01,3100237.54,,,,,,,,,,,,,,,,,,,,
sh600145,四维瓷业,2005-08-23,2.25,2.26,2.18,2.21,2.25,1136700.0,2512783.0,275675400.0,765765000.0,19889456.54,22865759.8,524786217.24,916647897.25,391861680.01,3100237.54,,,,,,,,,,,,,,,,,,,,
sh600145,四维瓷业,2005-08-24,2.2,2.25,2.2,2.22,2.21,677863.0,1508242.0,276922800.0,769230000.0,19889456.54,22865759.8,524786217.24,916647897.25,391861680.01,3100237.54,,,,,,,,,,,,,,,,,,,,
sh600145,四维瓷业,2005-08-25,2.27,2.27,2.22,2.24,2.22,1001249.0,2243004.0,279417600.0,776160000.0,11616907.299999999,29395473.98,531267263.65000004,915252095.7,383984832.05,6259195.670000001,,,,,,,,,,,,,,,,,,,,
sh600145,四维瓷业,2005-08-26,2.24,2.32,2.24,2.3,2.24,1671423.0,3827376.0,286902000.0,796950000.0,11616907.299999999,29395473.98,531267263.65000004,915252095.7,383984832.05,6259195.670000001,,,,,,,,,,,,,,,,,,,,
sh600145,四维瓷业,2005-08-29,2.33,2.35,2.28,2.31,2.3,1789400.0,4130969.0,288149400.0,800415000.0,11616907.299999999,29395473.98,531267263.65000004,915252095.7,383984832.05,6259195.670000001,,,,,,,,,,,,,,,,,,,,
sh600145,四维瓷业,2005-08-30,2.31,2.31,2.26,2.27,2.31,1088654.0,2481622.0,283159800.0,786555000.0,11616907.299999999,29395473.98,531267263.65000004,915252095.7,383984832.05,6259195.670000001,,,,,,,,,,,,,,,,,,,,
sh600145,四维瓷业,2005-08-31,2.25,2.3,2.19,2.29,2.27,1916391.0,4303126.0,285654600.0,793485000.0,11616907.299999999,29395473.98,531267263.65000004,915252095.7,383984832.05,6259195.670000001,,,,,,,,,,,,,,,,,,,,
sh600145,四维瓷业,2005-09-01,2.28,2.36,2.26,2.34,2.29,2844127.0,6617570.0,291891600.0,810810000.0,11616907.299999999,29395473.98,531267263.65000004,915252095.7,383984832.05,6259195.670000001,,,,,,,,,,,,,,,,,,,,
sh600145,四维瓷业,2005-09-02,2.34,2.43,2.32,2.41,2.34,3496142.0,8332807.0,300623400.0,835065000.0,11616907.299999999,29395473.98,531267263.65000004,915252095.7,383984832.05,6259195.670000001,,,,,,,,,,,,,,,,,,,,
sh600145,四维瓷业,2005-09-05,2.41,2.44,2.39,2.42,2.41,2060778.0,4968582.0,301870800.0,838530000.0,11616907.299999999,29395473.98,531267263.65000004,915252095.7,383984832.05,6259195.670000001,,,,,,,,,,,,,,,,,,,,
sh600145,四维瓷业,2005-09-06,2.43,2.48,2.34,2.35,2.42,3010270.0,7276145.0,293139000.0,814275000.0,11616907.299999999,29395473.98,531267263.65000004,915252095.7,383984832.05,6259195.670000001,,,,,,,,,,,,,,,,,,,,
sh600145,四维瓷业,2005-09-07,2.35,2.42,2.32,2.41,2.35,2053259.0,4878442.0,300623400.0,835065000.0,11616907.299999999,29395473.98,531267263.65000004,915252095.7,383984832.05,6259195.670000001,,,,,,,,,,,,,,,,,,,,
sh600145,四维瓷业,2005-09-08,2.41,2.46,2.38,2.42,2.41,2204010.0,5334312.0,301870800.0,838530000.0,11616907.299999999,29395473.98,531267263.65000004,915252095.7,383984832.05,6259195.670000001,,,,,,,,,,,,,,,,,,,,
sh600145,四维瓷业,2005-09-09,2.44,2.44,2.35,2.37,2.42,1426700.0,3413012.0,295633800.0,821205000.0,11616907.299999999,29395473.98,531267263.65000004,915252095.7,383984832.05,6259195.670000001,,,,,,,,,,,,,,,,,,,,
sh600145,四维瓷业,2005-09-12,2.38,2.4,2.36,2.39,2.37,1028128.0,2446518.0,298128600.0,828135000.0,11616907.299999999,29395473.98,531267263.65000004,915252095.7,383984832.05,6259195.670000001,,,,,,,,,,,,,,,,,,,,
sh600145,四维瓷业,2005-09-13,2.4,2.47,2.39,2.45,2.39,2745938.0,6702386.0,305613000.0,848925000.0,11616907.299999999,29395473.98,531267263.65000004,915252095.7,383984832.05,6259195.670000001,,,,,,,,,,,,,,,,,,,,
sh600145,四维瓷业,2005-09-14,2.47,2.53,2.44,2.53,2.45,3870157.0,9665978.0,315592200.0,876645000.0,11616907.299999999,29395473.98,531267263.65000004,915252095.7,383984832.05,6259195.670000001,,,,,,,,,,,,,,,,,,,,
sh600145,四维瓷业,2005-09-15,2.52,2.55,2.48,2.52,2.53,1939219.0,4873255.0,314344800.0,873180000.0,11616907.299999999,29395473.98,531267263.65000004,915252095.7,383984832.05,6259195.670000001,,,,,,,,,,,,,,,,,,,,
sh600145,四维瓷业,2005-09-16,2.52,2.53,2.46,2.49,2.52,1914016.0,4766316.0,310602600.0,862785000.0,11616907.299999999,29395473.98,531267263.65000004,915252095.7,383984832.05,6259195.670000001,,,,,,,,,,,,,,,,,,,,
sh600145,四维瓷业,2005-09-19,2.48,2.58,2.47,2.58,2.49,2874648.0,7313155.0,321829200.0,893970000.0,11616907.299999999,29395473.98,531267263.65000004,915252095.7,383984832.05,6259195.670000001,,,,,,,,,,,,,,,,,,,,
sh600145,四维瓷业,2005-09-20,2.58,2.59,2.5,2.53,2.58,2594231.0,6560071.0,315592200.0,876645000.0,11616907.299999999,29395473.98,531267263.65000004,915252095.7,383984832.05,6259195.670000001,,,,,,,,,,,,,,,,,,,,
sh600145,四维瓷业,2005-09-21,2.53,2.65,2.47,2.57,2.53,4589229.0,11723062.0,320581800.0,890505000.0,11616907.299999999,29395473.98,531267263.65000004,915252095.7,383984832.05,6259195.670000001,,,,,,,,,,,,,,,,,,,,
sh600145,四维瓷业,2005-09-22,2.52,2.55,2.35,2.38,2.57,3056919.0,7465250.0,296881200.0,824670000.0,11616907.299999999,29395473.98,531267263.65000004,915252095.7,383984832.05,6259195.670000001,,,,,,,,,,,,,,,,,,,,
sh600145,四维瓷业,2005-09-23,2.36,2.42,2.34,2.34,2.38,1118080.0,2643582.0,291891600.0,810810000.0,11616907.299999999,29395473.98,531267263.65000004,915252095.7,383984832.05,6259195.670000001,,,,,,,,,,,,,,,,,,,,
sh600145,四维瓷业,2005-09-26,2.36,2.37,2.28,2.33,2.34,840911.0,1946489.0,290644200.0,807345000.0,11616907.299999999,29395473.98,531267263.65000004,915252095.7,383984832.05,6259195.670000001,,,,,,,,,,,,,,,,,,,,
sh600145,四维瓷业,2005-09-27,2.33,2.35,2.24,2.24,2.33,1266620.0,2889616.0,279417600.0,776160000.0,11616907.299999999,29395473.98,531267263.65000004,915252095.7,383984832.05,6259195.670000001,,,,,,,,,,,,,,,,,,,,
sh600145,四维瓷业,2005-09-28,2.23,2.28,2.22,2.25,2.24,798980.0,1799496.0,280665000.0,779625000.0,11616907.299999999,29395473.98,531267263.65000004,915252095.7,383984832.05,6259195.670000001,,,,,,,,,,,,,,,,,,,,
sh600145,四维瓷业,2005-09-29,2.26,2.31,2.25,2.3,2.25,975414.0,2221808.0,286902000.0,796950000.0,11616907.299999999,29395473.98,531267263.65000004,915252095.7,383984832.05,6259195.670000001,,,,,,,,,,,,,,,,,,,,
sh600145,四维瓷业,2005-09-30,2.3,2.3,2.26,2.26,2.3,776400.0,1766147.0,281912400.0,783090000.0,11616907.299999999,29395473.98,531267263.65000004,915252095.7,383984832.05,6259195.670000001,,,,,,,,,,,,,,,,,,,,
sh600145,四维瓷业,2005-10-10,2.26,2.26,2.2,2.2,2.26,572115.0,1268612.0,274428000.0,762300000.0,11616907.299999999,29395473.98,531267263.65000004,915252095.7,383984832.05,6259195.670000001,,,,,,,,,,,,,,,,,,,,
sh600145,四维瓷业,2005-10-11,2.2,2.27,2.19,2.27,2.2,516802.0,1154514.0,283159800.0,786555000.0,11616907.299999999,29395473.98,531267263.65000004,915252095.7,383984832.05,6259195.670000001,,,,,,,,,,,,,,,,,,,,
sh600145,四维瓷业,2005-10-12,2.27,2.31,2.23,2.28,2.27,914073.0,2083478.0,284407200.0,790020000.0,11616907.299999999,29395473.98,531267263.65000004,915252095.7,383984832.05,6259195.670000001,,,,,,,,,,,,,,,,,,,,
sh600145,四维瓷业,2005-10-13,2.27,2.31,2.25,2.3,2.28,831984.0,1899504.0,286902000.0,796950000.0,11616907.299999999,29395473.98,531267263.65000004,915252095.7,383984832.05,6259195.670000001,,,,,,,,,,,,,,,,,,,,
sh600145,四维瓷业,2005-10-14,2.27,2.34,2.26,2.3,2.3,1448280.0,3347481.0,286902000.0,796950000.0,11616907.299999999,29395473.98,531267263.65000004,915252095.7,383984832.05,6259195.670000001,,,,,,,,,,,,,,,,,,,,
sh600145,四维瓷业,2005-10-17,2.29,2.29,2.25,2.27,2.3,599520.0,1361313.0,283159800.0,786555000.0,11616907.299999999,29395473.98,531267263.65000004,915252095.7,383984832.05,6259195.670000001,,,,,,,,,,,,,,,,,,,,
sh600145,四维瓷业,2005-10-18,2.27,2.34,2.26,2.33,2.27,1185881.0,2743963.0,290644200.0,807345000.0,11616907.299999999,29395473.98,531267263.65000004,915252095.7,383984832.05,6259195.670000001,,,,,,,,,,,,,,,,,,,,
sh600145,四维瓷业,2005-10-19,2.33,2.4,2.3,2.31,2.33,1644950.0,3863361.0,288149400.0,800415000.0,11616907.299999999,29395473.98,531267263.65000004,915252095.7,383984832.05,6259195.670000001,,,,,,,,,,,,,,,,,,,,
sh600145,四维瓷业,2005-10-20,2.3,2.3,2.24,2.29,2.31,1016163.0,2303499.0,285654600.0,793485000.0,11616907.299999999,29395473.98,531267263.65000004,915252095.7,383984832.05,6259195.670000001,,,,,,,,,,,,,,,,,,,,
sh600145,四维瓷业,2005-10-21,2.29,2.33,2.26,2.3,2.29,996320.0,2292059.0,286902000.0,796950000.0,11616907.299999999,29395473.98,531267263.65000004,915252095.7,383984832.05,6259195.670000001,,,,,,,,,,,,,,,,,,,,
sh600145,四维瓷业,2005-10-24,2.29,2.34,2.27,2.34,2.3,929854.0,2143870.0,291891600.0,810810000.0,9128282.149999999,20481239.04,534053930.45000005,919755478.71,385701548.26,2867279.459999999,,,,,,,,,,,,,,,,,,,,
sh600145,四维瓷业,2005-10-25,2.34,2.34,2.26,2.28,2.34,1150740.0,2663663.0,284407200.0,790020000.0,9128282.149999999,20481239.04,534053930.45000005,919755478.71,385701548.26,2867279.459999999,,,,,,,,,,,,,,,,,,,,
sh600145,四维瓷业,2005-10-26,2.34,2.34,2.18,2.19,2.28,1384900.0,3080766.0,273180600.0,758835000.0,9128282.149999999,20481239.04,534053930.45000005,919755478.71,385701548.26,2867279.459999999,,,,,,,,,,,,,,,,,,,,
sh600145,四维瓷业,2005-10-27,2.2,2.2,2.11,2.12,2.19,1042196.0,2241875.0,264448800.0,734580000.0,9128282.149999999,20481239.04,534053930.45000005,919755478.71,385701548.26,2867279.459999999,,,,,,,,,,,,,,,,,,,,
sh600145,四维瓷业,2005-10-28,2.1,2.14,2.0,2.07,2.12,1766447.0,3642233.0,258211800.0,717255000.0,9128282.149999999,20481239.04,534053930.45000005,919755478.71,385701548.26,2867279.459999999,,,,,,,,,,,,,,,,,,,,
sh600145,四维瓷业,2005-10-31,2.05,2.1,2.04,2.08,2.07,680686.0,1410561.0,259459200.0,720720000.0,9128282.149999999,20481239.04,534053930.45000005,919755478.71,385701548.26,2867279.459999999,,,,,,,,,,,,,,,,,,,,
sh600145,四维瓷业,2005-11-01,2.12,2.19,2.06,2.18,2.08,2143738.0,4550812.0,271933200.0,755370000.0,9128282.149999999,20481239.04,534053930.45000005,919755478.71,385701548.26,2867279.459999999,,,,,,,,,,,,,,,,,,,,
sh600145,四维瓷业,2005-11-02,2.2,2.24,2.14,2.24,2.18,4197812.0,9214617.0,279417600.0,776160000.0,9128282.149999999,20481239.04,534053930.45000005,919755478.71,385701548.26,2867279.459999999,,,,,,,,,,,,,,,,,,,,
sh600145,四维瓷业,2005-11-03,2.2,2.21,2.14,2.15,2.24,1208109.0,2627138.0,268191000.0,744975000.0,9128282.149999999,20481239.04,534053930.45000005,919755478.71,385701548.26,2867279.459999999,,,,,,,,,,,,,,,,,,,,
sh600145,四维瓷业,2005-11-04,2.16,2.19,2.15,2.18,2.15,696340.0,1510700.0,271933200.0,755370000.0,9128282.149999999,20481239.04,534053930.45000005,919755478.71,385701548.26,2867279.459999999,,,,,,,,,,,,,,,,,,,,
sh600145,四维瓷业,2005-11-07,2.18,2.19,2.13,2.17,2.18,502941.0,1083909.0,270685800.0,751905000.0,9128282.149999999,20481239.04,534053930.45000005,919755478.71,385701548.26,2867279.459999999,,,,,,,,,,,,,,,,,,,,
sh600145,四维瓷业,2005-11-08,2.15,2.19,2.13,2.18,2.17,642750.0,1390945.0,271933200.0,755370000.0,9128282.149999999,20481239.04,534053930.45000005,919755478.71,385701548.26,2867279.459999999,,,,,,,,,,,,,,,,,,,,
sh600145,四维瓷业,2005-11-09,2.2,2.2,2.16,2.16,2.18,648268.0,1414100.0,269438400.0,748440000.0,9128282.149999999,20481239.04,534053930.45000005,919755478.71,385701548.26,2867279.459999999,,,,,,,,,,,,,,,,,,,,
sh600145,四维瓷业,2005-11-10,2.16,2.16,2.06,2.07,2.16,764900.0,1611730.0,258211800.0,717255000.0,9128282.149999999,20481239.04,534053930.45000005,919755478.71,385701548.26,2867279.459999999,,,,,,,,,,,,,,,,,,,,
sh600145,四维瓷业,2005-11-11,2.07,2.15,2.05,2.12,2.07,710539.0,1497470.0,264448800.0,734580000.0,9128282.149999999,20481239.04,534053930.45000005,919755478.71,385701548.26,2867279.459999999,,,,,,,,,,,,,,,,,,,,
sh600145,四维瓷业,2005-11-14,2.12,2.15,2.09,2.13,2.12,380790.0,809964.0,265696200.0,738045000.0,9128282.149999999,20481239.04,534053930.45000005,919755478.71,385701548.26,2867279.459999999,,,,,,,,,,,,,,,,,,,,
sh600145,四维瓷业,2005-11-15,2.15,2.18,2.13,2.17,2.13,759590.0,1632564.0,270685800.0,751905000.0,9128282.149999999,20481239.04,534053930.45000005,919755478.71,385701548.26,2867279.459999999,,,,,,,,,,,,,,,,,,,,
sh600145,四维瓷业,2005-11-16,2.15,2.17,2.1,2.17,2.17,525577.0,1127216.0,270685800.0,751905000.0,9128282.149999999,20481239.04,534053930.45000005,919755478.71,385701548.26,2867279.459999999,,,,,,,,,,,,,,,,,,,,
sh600145,四维瓷业,2005-11-17,2.16,2.19,2.14,2.16,2.17,500178.0,1083907.0,269438400.0,748440000.0,9128282.149999999,20481239.04,534053930.45000005,919755478.71,385701548.26,2867279.459999999,,,,,,,,,,,,,,,,,,,,
sh600145,四维瓷业,2005-11-18,2.16,2.23,2.15,2.22,2.16,1620751.0,3560297.0,276922800.0,769230000.0,9128282.149999999,20481239.04,534053930.45000005,919755478.71,385701548.26,2867279.459999999,,,,,,,,,,,,,,,,,,,,
sh600145,四维瓷业,2005-11-21,2.19,2.24,2.18,2.23,2.22,920274.0,2034653.0,278170200.0,772695000.0,9128282.149999999,20481239.04,534053930.45000005,919755478.71,385701548.26,2867279.459999999,,,,,,,,,,,,,,,,,,,,
sh600145,四维瓷业,2005-11-22,2.23,2.23,2.14,2.14,2.23,714500.0,1551987.0,266943600.0,741510000.0,9128282.149999999,20481239.04,534053930.45000005,919755478.71,385701548.26,2867279.459999999,,,,,,,,,,,,,,,,,,,,
sh600145,四维瓷业,2005-11-23,2.15,2.17,2.14,2.15,2.14,713600.0,1535699.0,268191000.0,744975000.0,9128282.149999999,20481239.04,534053930.45000005,919755478.71,385701548.26,2867279.459999999,,,,,,,,,,,,,,,,,,,,
sh600145,四维瓷业,2005-11-24,2.14,2.18,2.14,2.17,2.15,501934.0,1085643.0,270685800.0,751905000.0,9128282.149999999,20481239.04,534053930.45000005,919755478.71,385701548.26,2867279.459999999,,,,,,,,,,,,,,,,,,,,
sh600145,四维瓷业,2005-11-25,2.17,2.18,2.13,2.17,2.17,392549.0,846418.0,270685800.0,751905000.0,9128282.149999999,20481239.04,534053930.45000005,919755478.71,385701548.26,2867279.459999999,,,,,,,,,,,,,,,,,,,,
sh600145,四维瓷业,2005-11-28,2.17,2.31,2.15,2.25,2.17,2377984.0,5316938.0,280665000.0,779625000.0,9128282.149999999,20481239.04,534053930.45000005,919755478.71,385701548.26,2867279.459999999,,,,,,,,,,,,,,,,,,,,
sh600145,四维瓷业,2005-11-29,2.26,2.26,2.19,2.23,2.25,1670389.0,3713245.0,278170200.0,772695000.0,9128282.149999999,20481239.04,534053930.45000005,919755478.71,385701548.26,2867279.459999999,,,,,,,,,,,,,,,,,,,,
sh600145,四维瓷业,2005-11-30,2.25,2.28,2.23,2.25,2.23,3465263.0,7815816.0,280665000.0,779625000.0,9128282.149999999,20481239.04,534053930.45000005,919755478.71,385701548.26,2867279.459999999,,,,,,,,,,,,,,,,,,,,
sh600145,四维瓷业,2005-12-01,2.25,2.25,2.16,2.17,2.25,1951831.0,4275984.0,270685800.0,751905000.0,9128282.149999999,20481239.04,534053930.45000005,919755478.71,385701548.26,2867279.459999999,,,,,,,,,,,,,,,,,,,,
sh600145,四维瓷业,2005-12-02,2.18,2.2,2.13,2.13,2.17,829499.0,1785057.0,265696200.0,738045000.0,9128282.149999999,20481239.04,534053930.45000005,919755478.71,385701548.26,2867279.459999999,,,,,,,,,,,,,,,,,,,,
sh600145,四维瓷业,2005-12-05,2.12,2.13,2.06,2.06,2.13,690900.0,1445283.0,256964400.0,713790000.0,9128282.149999999,20481239.04,534053930.45000005,919755478.71,385701548.26,2867279.459999999,,,,,,,,,,,,,,,,,,,,
sh600145,四维瓷业,2005-12-06,2.05,2.1,2.05,2.09,2.06,511654.0,1060938.0,260706600.0,724185000.0,9128282.149999999,20481239.04,534053930.45000005,919755478.71,385701548.26,2867279.459999999,,,,,,,,,,,,,,,,,,,,
sh600145,四维瓷业,2005-12-07,2.09,2.11,2.07,2.1,2.09,385939.0,806899.0,261954000.0,727650000.0,9128282.149999999,20481239.04,534053930.45000005,919755478.71,385701548.26,2867279.459999999,,,,,,,,,,,,,,,,,,,,
sh600145,四维瓷业,2005-12-08,2.09,2.11,2.06,2.08,2.1,563968.0,1174832.0,259459200.0,720720000.0,9128282.149999999,20481239.04,534053930.45000005,919755478.71,385701548.26,2867279.459999999,,,,,,,,,,,,,,,,,,,,
sh600145,四维瓷业,2005-12-09,2.07,2.13,2.07,2.12,2.08,456417.0,959805.0,264448800.0,734580000.0,9128282.149999999,20481239.04,534053930.45000005,919755478.71,385701548.26,2867279.459999999,,,,,,,,,,,,,,,,,,,,
sh600145,四维瓷业,2005-12-12,2.12,2.14,2.1,2.14,2.12,486520.0,1034792.0,266943600.0,741510000.0,9128282.149999999,20481239.04,534053930.45000005,919755478.71,385701548.26,2867279.459999999,,,,,,,,,,,,,,,,,,,,
sh600145,四维瓷业,2005-12-13,2.13,2.14,2.1,2.11,2.14,402237.0,849606.0,263201400.0,731115000.0,9128282.149999999,20481239.04,534053930.45000005,919755478.71,385701548.26,2867279.459999999,,,,,,,,,,,,,,,,,,,,
sh600145,四维瓷业,2005-12-14,2.12,2.16,2.11,2.15,2.11,515841.0,1100495.0,268191000.0,744975000.0,9128282.149999999,20481239.04,534053930.45000005,919755478.71,385701548.26,2867279.459999999,,,,,,,,,,,,,,,,,,,,
sh600145,四维瓷业,2005-12-15,2.15,2.16,2.12,2.13,2.15,343700.0,736395.0,265696200.0,738045000.0,9128282.149999999,20481239.04,534053930.45000005,919755478.71,385701548.26,2867279.459999999,,,,,,,,,,,,,,,,,,,,
sh600145,四维瓷业,2005-12-16,2.13,2.15,2.11,2.14,2.13,314240.0,668129.0,266943600.0,741510000.0,9128282.149999999,20481239.04,534053930.45000005,919755478.71,385701548.26,2867279.459999999,,,,,,,,,,,,,,,,,,,,
sh600145,四维瓷业,2005-12-19,2.15,2.16,2.13,2.15,2.14,271456.0,582434.0,268191000.0,744975000.0,9128282.149999999,20481239.04,534053930.45000005,919755478.71,385701548.26,2867279.459999999,,,,,,,,,,,,,,,,,,,,
sh600145,四维瓷业,2005-12-20,2.16,2.16,2.12,2.14,2.15,385029.0,821786.0,266943600.0,741510000.0,9128282.149999999,20481239.04,534053930.45000005,919755478.71,385701548.26,2867279.459999999,,,,,,,,,,,,,,,,,,,,
sh600145,四维瓷业,2005-12-21,2.13,2.14,2.1,2.1,2.14,584740.0,1242216.0,261954000.0,727650000.0,9128282.149999999,20481239.04,534053930.45000005,919755478.71,385701548.26,2867279.459999999,,,,,,,,,,,,,,,,,,,,
sh600145,四维瓷业,2005-12-22,2.11,2.13,2.08,2.12,2.1,935719.0,1966957.0,264448800.0,734580000.0,9128282.149999999,20481239.04,534053930.45000005,919755478.71,385701548.26,2867279.459999999,,,,,,,,,,,,,,,,,,,,
sh600145,四维瓷业,2005-12-23,2.12,2.16,2.12,2.16,2.12,1003681.0,2153424.0,269438400.0,748440000.0,9128282.149999999,20481239.04,534053930.45000005,919755478.71,385701548.26,2867279.459999999,,,,,,,,,,,,,,,,,,,,
sh600145,四维瓷业,2005-12-26,2.16,2.23,2.14,2.22,2.16,2226106.0,4887296.0,276922800.0,769230000.0,9128282.149999999,20481239.04,534053930.45000005,919755478.71,385701548.26,2867279.459999999,,,,,,,,,,,,,,,,,,,,
sh600145,四维瓷业,2005-12-27,2.21,2.28,2.2,2.25,2.22,3318628.0,7477692.0,280665000.0,779625000.0,9128282.149999999,20481239.04,534053930.45000005,919755478.71,385701548.26,2867279.459999999,,,,,,,,,,,,,,,,,,,,
sh600145,四维瓷业,2005-12-28,2.25,2.26,2.23,2.24,2.25,770369.0,1727282.0,279417600.0,776160000.0,9128282.149999999,20481239.04,534053930.45000005,919755478.71,385701548.26,2867279.459999999,,,,,,,,,,,,,,,,,,,,
sh600145,四维瓷业,2005-12-29,2.24,2.27,2.24,2.27,2.24,841394.0,1897201.0,283159800.0,786555000.0,9128282.149999999,20481239.04,534053930.45000005,919755478.71,385701548.26,2867279.459999999,,,,,,,,,,,,,,,,,,,,
sh600145,四维瓷业,2005-12-30,2.27,2.29,2.25,2.28,2.27,1117394.0,2538563.0,284407200.0,790020000.0,9128282.149999999,20481239.04,534053930.45000005,919755478.71,385701548.26,2867279.459999999,,,,,,,,,,,,,,,,,,,,
sh600145,四维瓷业,2006-01-04,2.28,2.33,2.27,2.33,2.28,1404904.0,3236805.0,290644200.0,807345000.0,9128282.149999999,20481239.04,534053930.45000005,919755478.71,385701548.26,2867279.459999999,,,,,,,,,,,,,,,,,,,,
sh600145,四维瓷业,2006-01-05,2.33,2.33,2.29,2.32,2.33,1549033.0,3569819.0,289396800.0,803880000.0,9128282.149999999,20481239.04,534053930.45000005,919755478.71,385701548.26,2867279.459999999,,,,,,,,,,,,,,,,,,,,
sh600145,四维瓷业,2006-01-06,2.32,2.35,2.3,2.31,2.32,1348479.0,3136849.0,288149400.0,800415000.0,9128282.149999999,20481239.04,534053930.45000005,919755478.71,385701548.26,2867279.459999999,,,,,,,,,,,,,,,,,,,,
sh600145,四维瓷业,2006-01-09,2.3,2.3,2.25,2.29,2.31,918654.0,2097816.0,285654600.0,793485000.0,9128282.149999999,20481239.04,534053930.45000005,919755478.71,385701548.26,2867279.459999999,,,,,,,,,,,,,,,,,,,,
sh600145,四维瓷业,2006-01-10,2.28,2.32,2.28,2.3,2.29,800212.0,1842443.0,286902000.0,796950000.0,9128282.149999999,20481239.04,534053930.45000005,919755478.71,385701548.26,2867279.459999999,,,,,,,,,,,,,,,,,,,,
sh600145,四维瓷业,2006-01-11,2.3,2.3,2.23,2.24,2.3,1175701.0,2660295.0,279417600.0,776160000.0,9128282.149999999,20481239.04,534053930.45000005,919755478.71,385701548.26,2867279.459999999,,,,,,,,,,,,,,,,,,,,
sh600145,四维瓷业,2006-01-12,2.22,2.3,2.21,2.29,2.24,946071.0,2137435.0,285654600.0,793485000.0,9128282.149999999,20481239.04,534053930.45000005,919755478.71,385701548.26,2867279.459999999,,,,,,,,,,,,,,,,,,,,
sh600145,四维瓷业,2006-01-13,2.29,2.3,2.27,2.29,2.29,1159173.0,2640287.0,285654600.0,793485000.0,9128282.149999999,20481239.04,534053930.45000005,919755478.71,385701548.26,2867279.459999999,,,,,,,,,,,,,,,,,,,,
sh600145,四维瓷业,2006-01-16,2.29,2.41,2.28,2.32,2.29,2029041.0,4776692.0,289396800.0,803880000.0,9128282.149999999,20481239.04,534053930.45000005,919755478.71,385701548.26,2867279.459999999,,,,,,,,,,,,,,,,,,,,
sh600145,四维瓷业,2006-01-17,2.3,2.33,2.26,2.31,2.32,645923.0,1493768.0,288149400.0,800415000.0,9128282.149999999,20481239.04,534053930.45000005,919755478.71,385701548.26,2867279.459999999,,,,,,,,,,,,,,,,,,,,
sh600145,四维瓷业,2006-01-18,2.31,2.38,2.31,2.37,2.31,1985442.0,4677912.0,295633800.0,821205000.0,9128282.149999999,20481239.04,534053930.45000005,919755478.71,385701548.26,2867279.459999999,,,,,,,,,,,,,,,,,,,,
sh600145,四维瓷业,2006-01-19,2.36,2.44,2.35,2.42,2.37,2744206.0,6564582.0,301870800.0,838530000.0,9128282.149999999,20481239.04,534053930.45000005,919755478.71,385701548.26,2867279.459999999,,,,,,,,,,,,,,,,,,,,
sh600145,四维瓷业,2006-01-20,2.4,2.45,2.4,2.44,2.42,1552727.0,3758169.0,304365600.0,845460000.0,9128282.149999999,20481239.04,534053930.45000005,919755478.71,385701548.26,2867279.459999999,,,,,,,,,,,,,,,,,,,,
sh600145,四维瓷业,2006-01-23,2.41,2.54,2.4,2.5,2.44,1540632.0,3801022.0,311850000.0,866250000.0,9128282.149999999,20481239.04,534053930.45000005,919755478.71,385701548.26,2867279.459999999,,,,,,,,,,,,,,,,,,,,
sh600145,四维瓷业,2006-01-24,2.49,2.65,2.49,2.58,2.5,3344313.0,8638875.0,321829200.0,893970000.0,9128282.149999999,20481239.04,534053930.45000005,919755478.71,385701548.26,2867279.459999999,,,,,,,,,,,,,,,,,,,,
sh600145,四维瓷业,2006-01-25,2.6,2.71,2.56,2.67,2.58,4185722.0,11117501.0,333055800.0,925155000.0,9128282.149999999,20481239.04,534053930.45000005,919755478.71,385701548.26,2867279.459999999,,,,,,,,,,,,,,,,,,,,
sh600145,四维瓷业,2006-02-06,2.76,2.86,2.72,2.8,2.67,3950872.0,10974456.0,349272000.0,970200000.0,9128282.149999999,20481239.04,534053930.45000005,919755478.71,385701548.26,2867279.459999999,,,,,,,,,,,,,,,,,,,,
sh600145,四维瓷业,2006-02-07,2.89,3.05,2.73,2.75,2.8,4073440.0,11741246.0,343035000.0,952875000.0,9128282.149999999,20481239.04,534053930.45000005,919755478.71,385701548.26,2867279.459999999,,,,,,,,,,,,,,,,,,,,
sh600145,四维瓷业,2006-02-08,2.72,2.8,2.65,2.74,2.75,2624617.0,7062365.0,341787600.0,949410000.0,9128282.149999999,20481239.04,534053930.45000005,919755478.71,385701548.26,2867279.459999999,,,,,,,,,,,,,,,,,,,,
sh600145,四维瓷业,2006-02-09,2.74,2.75,2.62,2.66,2.74,962820.0,2586501.0,331808400.0,921690000.0,9128282.149999999,20481239.04,534053930.45000005,919755478.71,385701548.26,2867279.459999999,,,,,,,,,,,,,,,,,,,,
sh600145,四维瓷业,2006-02-10,2.64,2.71,2.63,2.7,2.66,1788286.0,4776243.0,336798000.0,935550000.0,9128282.149999999,20481239.04,534053930.45000005,919755478.71,385701548.26,2867279.459999999,,,,,,,,,,,,,,,,,,,,
sh600145,四维瓷业,2006-02-13,2.68,2.7,2.58,2.6,2.7,1346361.0,3537553.0,324324000.0,900900000.0,9128282.149999999,20481239.04,534053930.45000005,919755478.71,385701548.26,2867279.459999999,,,,,,,,,,,,,,,,,,,,
sh600145,四维瓷业,2006-02-14,2.6,2.65,2.59,2.63,2.6,1393270.0,3646583.0,328066200.0,911295000.0,9128282.149999999,20481239.04,534053930.45000005,919755478.71,385701548.26,2867279.459999999,,,,,,,,,,,,,,,,,,,,
sh600145,四维瓷业,2006-02-15,2.61,2.65,2.6,2.63,2.63,959190.0,2515108.0,328066200.0,911295000.0,9128282.149999999,20481239.04,534053930.45000005,919755478.71,385701548.26,2867279.459999999,,,,,,,,,,,,,,,,,,,,
sh600145,四维瓷业,2006-02-16,2.63,2.63,2.52,2.54,2.63,1516465.0,3891864.0,316839600.0,880110000.0,9128282.149999999,20481239.04,534053930.45000005,919755478.71,385701548.26,2867279.459999999,,,,,,,,,,,,,,,,,,,,
sh600145,四维瓷业,2006-02-17,2.65,2.65,2.55,2.55,2.54,813605.0,2104105.0,318087000.0,883575000.0,9128282.149999999,20481239.04,534053930.45000005,919755478.71,385701548.26,2867279.459999999,,,,,,,,,,,,,,,,,,,,
sh600145,四维瓷业,2006-02-20,2.52,2.6,2.52,2.54,2.55,543651.0,1380764.0,316839600.0,880110000.0,9128282.149999999,20481239.04,534053930.45000005,919755478.71,385701548.26,2867279.459999999,,,,,,,,,,,,,,,,,,,,
sh600145,四维瓷业,2006-02-21,2.58,2.61,2.51,2.59,2.54,847667.0,2171442.0,323076600.0,897435000.0,9128282.149999999,20481239.04,534053930.45000005,919755478.71,385701548.26,2867279.459999999,,,,,,,,,,,,,,,,,,,,
sh600145,四维瓷业,2006-02-22,2.6,2.63,2.58,2.62,2.59,845950.0,2198909.0,326818800.0,907830000.0,9128282.149999999,20481239.04,534053930.45000005,919755478.71,385701548.26,2867279.459999999,,,,,,,,,,,,,,,,,,,,
sh600145,四维瓷业,2006-02-23,2.62,2.62,2.53,2.59,2.62,625417.0,1608452.0,323076600.0,897435000.0,9128282.149999999,20481239.04,534053930.45000005,919755478.71,385701548.26,2867279.459999999,,,,,,,,,,,,,,,,,,,,
sh600145,四维瓷业,2006-02-24,2.59,2.6,2.55,2.59,2.59,642500.0,1648411.0,323076600.0,897435000.0,9128282.149999999,20481239.04,534053930.45000005,919755478.71,385701548.26,2867279.459999999,,,,,,,,,,,,,,,,,,,,
sh600145,四维瓷业,2006-02-27,2.59,2.61,2.57,2.6,2.59,741542.0,1923839.0,324324000.0,900900000.0,9128282.149999999,20481239.04,534053930.45000005,919755478.71,385701548.26,2867279.459999999,,,,,,,,,,,,,,,,,,,,
sh600145,四维瓷业,2006-02-28,2.6,2.6,2.53,2.56,2.6,552110.0,1410128.0,319334400.0,887040000.0,9128282.149999999,20481239.04,534053930.45000005,919755478.71,385701548.26,2867279.459999999,,,,,,,,,,,,,,,,,,,,
sh600145,四维瓷业,2006-03-01,2.55,2.59,2.53,2.58,2.56,705641.0,1803679.0,321829200.0,893970000.0,9128282.149999999,20481239.04,534053930.45000005,919755478.71,385701548.26,2867279.459999999,,,,,,,,,,,,,,,,,,,,
sh600145,四维瓷业,2006-03-02,2.58,2.67,2.56,2.6,2.58,1589031.0,4172680.0,324324000.0,900900000.0,9128282.149999999,20481239.04,534053930.45000005,919755478.71,385701548.26,2867279.459999999,,,,,,,,,,,,,,,,,,,,
sh600145,四维瓷业,2006-03-03,2.6,2.65,2.59,2.65,2.6,1042582.0,2737074.0,330561000.0,918225000.0,9128282.149999999,20481239.04,534053930.45000005,919755478.71,385701548.26,2867279.459999999,,,,,,,,,,,,,,,,,,,,
sh600145,四维瓷业,2006-03-06,2.65,2.66,2.61,2.63,2.65,648495.0,1706422.0,328066200.0,911295000.0,9128282.149999999,20481239.04,534053930.45000005,919755478.71,385701548.26,2867279.459999999,,,,,,,,,,,,,,,,,,,,
sh600145,四维瓷业,2006-03-07,2.63,2.65,2.41,2.43,2.63,1642085.0,4081076.0,303118200.0,841995000.0,9128282.149999999,20481239.04,534053930.45000005,919755478.71,385701548.26,2867279.459999999,,,,,,,,,,,,,,,,,,,,
sh600145,四维瓷业,2006-03-08,2.4,2.45,2.38,2.44,2.43,583365.0,1412027.0,304365600.0,845460000.0,9128282.149999999,20481239.04,534053930.45000005,919755478.71,385701548.26,2867279.459999999,,,,,,,,,,,,,,,,,,,,
sh600145,四维瓷业,2006-03-09,2.4,2.44,2.4,2.41,2.44,351454.0,850385.0,300623400.0,835065000.0,9128282.149999999,20481239.04,534053930.45000005,919755478.71,385701548.26,2867279.459999999,,,,,,,,,,,,,,,,,,,,
sh600145,四维瓷业,2006-03-10,2.4,2.44,2.32,2.33,2.41,554900.0,1311980.0,290644200.0,807345000.0,9128282.149999999,20481239.04,534053930.45000005,919755478.71,385701548.26,2867279.459999999,,,,,,,,,,,,,,,,,,,,
sh600145,四维瓷业,2006-03-13,2.33,2.37,2.31,2.33,2.33,478914.0,1117847.0,290644200.0,807345000.0,9128282.149999999,20481239.04,534053930.45000005,919755478.71,385701548.26,2867279.459999999,,,,,,,,,,,,,,,,,,,,
sh600145,四维瓷业,2006-03-14,2.34,2.36,2.31,2.35,2.33,569187.0,1326469.0,293139000.0,814275000.0,9128282.149999999,20481239.04,534053930.45000005,919755478.71,385701548.26,2867279.459999999,,,,,,,,,,,,,,,,,,,,
sh600145,四维瓷业,2006-03-15,2.33,2.39,2.33,2.37,2.35,542182.0,1281195.0,295633800.0,821205000.0,9128282.149999999,20481239.04,534053930.45000005,919755478.71,385701548.26,2867279.459999999,,,,,,,,,,,,,,,,,,,,
sh600145,四维瓷业,2006-03-16,2.38,2.38,2.34,2.37,2.37,362100.0,855653.0,295633800.0,821205000.0,9128282.149999999,20481239.04,534053930.45000005,919755478.71,385701548.26,2867279.459999999,,,,,,,,,,,,,,,,,,,,
sh600145,四维瓷业,2006-03-17,2.36,2.37,2.34,2.35,2.37,331500.0,781668.0,293139000.0,814275000.0,9128282.149999999,20481239.04,534053930.45000005,919755478.71,385701548.26,2867279.459999999,,,,,,,,,,,,,,,,,,,,
sh600145,四维瓷业,2006-03-20,2.35,2.38,2.31,2.38,2.35,1000595.0,2335758.0,296881200.0,824670000.0,9128282.149999999,20481239.04,534053930.45000005,919755478.71,385701548.26,2867279.459999999,,,,,,,,,,,,,,,,,,,,
sh600145,四维瓷业,2006-03-21,2.37,2.41,2.35,2.38,2.38,828040.0,1972058.0,296881200.0,824670000.0,9128282.149999999,20481239.04,534053930.45000005,919755478.71,385701548.26,2867279.459999999,,,,,,,,,,,,,,,,,,,,
sh600145,四维瓷业,2006-03-22,2.36,2.39,2.34,2.39,2.38,809069.0,1912474.0,298128600.0,828135000.0,9128282.149999999,20481239.04,534053930.45000005,919755478.71,385701548.26,2867279.459999999,,,,,,,,,,,,,,,,,,,,
sh600145,四维瓷业,2006-03-23,2.39,2.45,2.37,2.43,2.39,900232.0,2177394.0,303118200.0,841995000.0,9128282.149999999,20481239.04,534053930.45000005,919755478.71,385701548.26,2867279.459999999,,,,,,,,,,,,,,,,,,,,
sh600145,四维瓷业,2006-03-24,2.44,2.47,2.4,2.41,2.43,806655.0,1954813.0,300623400.0,835065000.0,9128282.149999999,20481239.04,534053930.45000005,919755478.71,385701548.26,2867279.459999999,,,,,,,,,,,,,,,,,,,,
sh600145,四维瓷业,2006-03-27,2.41,2.42,2.37,2.4,2.41,607304.0,1448516.0,299376000.0,831600000.0,9128282.149999999,20481239.04,534053930.45000005,919755478.71,385701548.26,2867279.459999999,,,,,,,,,,,,,,,,,,,,
sh600145,四维瓷业,2006-03-28,2.4,2.43,2.39,2.41,2.4,1551079.0,3732318.0,300623400.0,835065000.0,9128282.149999999,20481239.04,534053930.45000005,919755478.71,385701548.26,2867279.459999999,,,,,,,,,,,,,,,,,,,,
sh600145,四维瓷业,2006-03-29,2.41,2.41,2.34,2.38,2.41,2690689.0,6386980.0,296881200.0,824670000.0,9128282.149999999,20481239.04,534053930.45000005,919755478.71,385701548.26,2867279.459999999,,,,,,,,,,,,,,,,,,,,
sh600145,四维瓷业,2006-03-30,2.38,2.38,2.32,2.32,2.38,1589650.0,3718383.0,289396800.0,803880000.0,9128282.149999999,20481239.04,534053930.45000005,919755478.71,385701548.26,2867279.459999999,,,,,,,,,,,,,,,,,,,,
sh600145,四维瓷业,2006-03-31,2.31,2.32,2.27,2.3,2.32,641392.0,1473840.0,286902000.0,796950000.0,9128282.149999999,20481239.04,534053930.45000005,919755478.71,385701548.26,2867279.459999999,,,,,,,,,,,,,,,,,,,,
sh600145,四维瓷业,2006-04-03,2.3,2.35,2.27,2.33,2.3,1030012.0,2379880.0,290644200.0,807345000.0,9128282.149999999,20481239.04,534053930.45000005,919755478.71,385701548.26,2867279.459999999,,,,,,,,,,,,,,,,,,,,
sh600145,四维瓷业,2006-04-04,2.34,2.37,2.32,2.37,2.33,1169462.0,2748241.0,295633800.0,821205000.0,9128282.149999999,20481239.04,534053930.45000005,919755478.71,385701548.26,2867279.459999999,,,,,,,,,,,,,,,,,,,,
sh600145,四维瓷业,2006-04-05,2.38,2.38,2.33,2.36,2.37,1238430.0,2904194.0,294386400.0,817740000.0,9128282.149999999,20481239.04,534053930.45000005,919755478.71,385701548.26,2867279.459999999,,,,,,,,,,,,,,,,,,,,
sh600145,四维瓷业,2006-04-06,2.35,2.38,2.33,2.37,2.36,1257681.0,2964278.0,295633800.0,821205000.0,9128282.149999999,20481239.04,534053930.45000005,919755478.71,385701548.26,2867279.459999999,,,,,,,,,,,,,,,,,,,,
sh600145,四维瓷业,2006-04-07,2.37,2.48,2.35,2.47,2.37,3454969.0,8418616.0,308107800.0,855855000.0,9128282.149999999,20481239.04,534053930.45000005,919755478.71,385701548.26,2867279.459999999,,,,,,,,,,,,,,,,,,,,
sh600145,四维瓷业,2006-04-10,2.46,2.6,2.44,2.59,2.47,3908632.0,9865262.0,323076600.0,897435000.0,9128282.149999999,20481239.04,534053930.45000005,919755478.71,385701548.26,2867279.459999999,,,,,,,,,,,,,,,,,,,,
sh600145,四维瓷业,2006-04-11,2.59,2.65,2.52,2.57,2.59,2924540.0,7572137.0,320581800.0,890505000.0,9128282.149999999,20481239.04,534053930.45000005,919755478.71,385701548.26,2867279.459999999,,,,,,,,,,,,,,,,,,,,
sh600145,四维瓷业,2006-04-12,2.57,2.61,2.5,2.6,2.57,1650143.0,4200405.0,324324000.0,900900000.0,9128282.149999999,20481239.04,534053930.45000005,919755478.71,385701548.26,2867279.459999999,,,,,,,,,,,,,,,,,,,,
sh600145,四维瓷业,2006-04-13,2.58,2.61,2.47,2.48,2.6,1738058.0,4400086.0,309355200.0,859320000.0,9128282.149999999,20481239.04,534053930.45000005,919755478.71,385701548.26,2867279.459999999,,,,,,,,,,,,,,,,,,,,
sh600145,四维瓷业,2006-04-14,2.48,2.53,2.45,2.52,2.48,1581353.0,3935508.0,314344800.0,873180000.0,9128282.149999999,20481239.04,534053930.45000005,919755478.71,385701548.26,2867279.459999999,,,,,,,,,,,,,,,,,,,,
sh600145,四维瓷业,2006-04-17,2.49,2.61,2.46,2.59,2.52,2757742.0,7077604.0,323076600.0,897435000.0,9128282.149999999,20481239.04,534053930.45000005,919755478.71,385701548.26,2867279.459999999,,,,,,,,,,,,,,,,,,,,
sh600145,四维瓷业,2006-04-18,2.58,2.59,2.53,2.54,2.59,1430172.0,3656851.0,316839600.0,880110000.0,9128282.149999999,20481239.04,534053930.45000005,919755478.71,385701548.26,2867279.459999999,,,,,,,,,,,,,,,,,,,,
sh600145,四维瓷业,2006-04-19,2.53,2.57,2.47,2.5,2.54,1050502.0,2635330.0,311850000.0,866250000.0,9128282.149999999,20481239.04,534053930.45000005,919755478.71,385701548.26,2867279.459999999,,,,,,,,,,,,,,,,,,,,
sh600145,四维瓷业,2006-04-20,2.5,2.54,2.4,2.42,2.5,1648654.0,4062248.0,301870800.0,838530000.0,9128282.149999999,20481239.04,534053930.45000005,919755478.71,385701548.26,2867279.459999999,,,,,,,,,,,,,,,,,,,,
sh600145,四维瓷业,2006-04-21,2.41,2.44,2.32,2.43,2.42,1950415.0,4633590.0,303118200.0,841995000.0,9128282.149999999,20481239.04,534053930.45000005,919755478.71,385701548.26,2867279.459999999,,,,,,,,,,,,,,,,,,,,
sh600145,四维瓷业,2006-04-24,2.48,2.58,2.37,2.55,2.43,2593741.0,6401405.0,318087000.0,883575000.0,9128282.149999999,20481239.04,534053930.45000005,919755478.71,385701548.26,2867279.459999999,,,,,,,,,,,,,,,,,,,,
sh600145,四维瓷业,2006-04-25,2.55,2.65,2.46,2.63,2.55,3400012.0,8814888.0,328066200.0,911295000.0,9128282.149999999,20481239.04,534053930.45000005,919755478.71,385701548.26,2867279.459999999,,,,,,,,,,,,,,,,,,,,
sh600145,四维瓷业,2006-04-26,2.67,2.7,2.56,2.6,2.63,4482002.0,11733788.0,324324000.0,900900000.0,9128282.149999999,20481239.04,534053930.45000005,919755478.71,385701548.26,2867279.459999999,,,,,,,,,,,,,,,,,,,,
sh600145,四维瓷业,2006-04-27,2.6,2.66,2.54,2.58,2.6,2216268.0,5759970.0,321829200.0,893970000.0,9128282.149999999,20481239.04,534053930.45000005,919755478.71,385701548.26,2867279.459999999,,,,,,,,,,,,,,,,,,,,
sh600145,四维瓷业,2006-04-28,2.53,2.6,2.4,2.55,2.58,2024630.0,5202891.0,318087000.0,883575000.0,9128282.149999999,20481239.04,534053930.45000005,919755478.71,385701548.26,2867279.459999999,,,,,,,,,,,,,,,,,,,,
sh600145,四维瓷业,2006-05-08,2.55,2.66,2.55,2.63,2.55,2734426.0,7193082.0,328066200.0,911295000.0,7534032.490000001,12219431.419999998,531408963.33,909514693.13,378105729.8,418706.13,,,,,,,,,,,,,,,,,,,,
sh600145,四维瓷业,2006-05-09,2.63,2.89,2.62,2.89,2.63,6667007.0,18711668.0,360498600.0,1001385000.0,7534032.490000001,12219431.419999998,531408963.33,909514693.13,378105729.8,418706.13,,,,,,,,,,,,,,,,,,,,
sh600145,四维瓷业,2006-05-10,2.89,3.18,2.89,3.03,2.89,9149964.0,28182015.0,377962200.0,1049895000.0,7534032.490000001,12219431.419999998,531408963.33,909514693.13,378105729.8,418706.13,,,,,,,,,,,,,,,,,,,,
sh600145,四维瓷业,2006-05-11,3.03,3.19,2.93,2.93,3.03,8650281.0,26684663.0,365488200.0,1015245000.0,7534032.490000001,12219431.419999998,531408963.33,909514693.13,378105729.8,418706.13,,,,,,,,,,,,,,,,,,,,
sh600145,四维瓷业,2006-05-12,2.93,3.22,2.9,3.22,2.93,7424846.0,23371300.0,401662800.0,1115730000.0,7534032.490000001,12219431.419999998,531408963.33,909514693.13,378105729.8,418706.13,,,,,,,,,,,,,,,,,,,,
sh600145,四维瓷业,2006-05-15,3.52,3.54,3.24,3.37,3.22,11896503.0,40759479.0,420373800.0,1167705000.0,7534032.490000001,12219431.419999998,531408963.33,909514693.13,378105729.8,418706.13,,,,,,,,,,,,,,,,,,,,
sh600145,四维瓷业,2006-05-16,3.37,3.37,3.07,3.07,3.37,8236790.0,26308976.0,382951800.0,1063755000.0,7534032.490000001,12219431.419999998,531408963.33,909514693.13,378105729.8,418706.13,,,,,,,,,,,,,,,,,,,,
sh600145,四维瓷业,2006-05-17,3.1,3.3,3.09,3.19,3.07,4474989.0,14278822.0,397920600.0,1105335000.0,7534032.490000001,12219431.419999998,531408963.33,909514693.13,378105729.8,418706.13,,,,,,,,,,,,,,,,,,,,
sh600145,四维瓷业,2006-05-18,3.19,3.3,3.12,3.21,3.19,3639507.0,11673863.0,400415400.0,1112265000.0,7534032.490000001,12219431.419999998,531408963.33,909514693.13,378105729.8,418706.13,,,,,,,,,,,,,,,,,,,,
sh600145,四维瓷业,2006-05-19,3.21,3.3,3.13,3.23,3.21,3978396.0,12834571.0,402910200.0,1119195000.0,7534032.490000001,12219431.419999998,531408963.33,909514693.13,378105729.8,418706.13,,,,,,,,,,,,,,,,,,,,
sh600145,四维瓷业,2006-05-22,3.19,3.55,3.18,3.43,3.23,5954916.0,20483595.0,427858200.0,1188495000.0,7534032.490000001,12219431.419999998,531408963.33,909514693.13,378105729.8,418706.13,,,,,,,,,,,,,,,,,,,,
sh600145,四维瓷业,2006-05-23,3.4,3.48,3.29,3.3,3.43,4073989.0,13705094.0,411642000.0,1143450000.0,7534032.490000001,12219431.419999998,531408963.33,909514693.13,378105729.8,418706.13,,,,,,,,,,,,,,,,,,,,
sh600145,四维瓷业,2006-05-24,3.33,3.42,2.97,3.14,3.3,4175524.0,13192731.0,391683600.0,1088010000.0,7534032.490000001,12219431.419999998,531408963.33,909514693.13,378105729.8,418706.13,,,,,,,,,,,,,,,,,,,,
sh600145,四维瓷业,2006-05-25,3.14,3.2,3.03,3.19,3.14,3314943.0,10348638.0,397920600.0,1105335000.0,7534032.490000001,12219431.419999998,531408963.33,909514693.13,378105729.8,418706.13,,,,,,,,,,,,,,,,,,,,
sh600145,四维瓷业,2006-05-26,3.21,3.24,3.14,3.21,3.19,2397286.0,7616812.0,400415400.0,1112265000.0,7534032.490000001,12219431.419999998,531408963.33,909514693.13,378105729.8,418706.13,,,,,,,,,,,,,,,,,,,,
sh600145,四维瓷业,2006-05-29,3.22,3.33,3.15,3.3,3.21,2863677.0,9333841.0,411642000.0,1143450000.0,7534032.490000001,12219431.419999998,531408963.33,909514693.13,378105729.8,418706.13,,,,,,,,,,,,,,,,,,,,
sh600145,四维瓷业,2006-05-31,3.38,3.57,3.29,3.52,3.3,8290177.0,28717957.0,439084800.0,1219680000.0,7534032.490000001,12219431.419999998,531408963.33,909514693.13,378105729.8,418706.13,,,,,,,,,,,,,,,,,,,,
sh600145,四维瓷业,2006-06-01,3.55,3.87,3.55,3.87,3.52,9195103.0,34692059.0,482743800.0,1340955000.0,7534032.490000001,12219431.419999998,531408963.33,909514693.13,378105729.8,418706.13,,,,,,,,,,,,,,,,,,,,
sh600145,四维瓷业,2006-06-02,4.2,4.2,3.75,3.82,3.87,10327812.0,41153323.0,476506800.0,1323630000.0,7534032.490000001,12219431.419999998,531408963.33,909514693.13,378105729.8,418706.13,,,,,,,,,,,,,,,,,,,,
sh600145,四维瓷业,2006-06-05,3.82,4.0,3.71,3.96,3.82,5481136.0,21249133.0,493970400.0,1372140000.0,7534032.490000001,12219431.419999998,531408963.33,909514693.13,378105729.8,418706.13,,,,,,,,,,,,,,,,,,,,
sh600145,四维瓷业,2006-06-06,3.95,4.15,3.85,4.0,3.96,5614723.0,22597825.0,498960000.0,1386000000.0,7534032.490000001,12219431.419999998,531408963.33,909514693.13,378105729.8,418706.13,,,,,,,,,,,,,,,,,,,,
sh600145,四维瓷业,2006-06-07,4.0,4.06,3.6,3.6,4.0,6053700.0,22560701.0,449064000.0,1247400000.0,7534032.490000001,12219431.419999998,531408963.33,909514693.13,378105729.8,418706.13,,,,,,,,,,,,,,,,,,,,
sh600145,四维瓷业,2006-06-08,3.48,3.58,3.24,3.48,3.6,5208651.0,17717786.0,434095200.0,1205820000.0,7534032.490000001,12219431.419999998,531408963.33,909514693.13,378105729.8,418706.13,,,,,,,,,,,,,,,,,,,,
sh600145,四维瓷业,2006-06-09,3.47,3.5,3.28,3.3,3.48,2446801.0,8271341.0,411642000.0,1143450000.0,7534032.490000001,12219431.419999998,531408963.33,909514693.13,378105729.8,418706.13,,,,,,,,,,,,,,,,,,,,
sh600145,四维瓷业,2006-06-12,3.27,3.43,3.18,3.38,3.3,2836386.0,9289972.0,421621200.0,1171170000.0,7534032.490000001,12219431.419999998,531408963.33,909514693.13,378105729.8,418706.13,,,,,,,,,,,,,,,,,,,,
sh600145,四维瓷业,2006-06-13,3.38,3.67,3.35,3.5,3.38,3622809.0,12721604.0,436590000.0,1212750000.0,7534032.490000001,12219431.419999998,531408963.33,909514693.13,378105729.8,418706.13,,,,,,,,,,,,,,,,,,,,
sh600145,四维瓷业,2006-06-14,3.49,3.5,3.35,3.44,3.5,1269442.0,4321310.0,429105600.0,1191960000.0,7534032.490000001,12219431.419999998,531408963.33,909514693.13,378105729.8,418706.13,,,,,,,,,,,,,,,,,,,,
sh600145,四维瓷业,2006-06-15,3.5,3.78,3.5,3.78,3.44,9962712.0,37204441.0,471517200.0,1309770000.0,7534032.490000001,12219431.419999998,531408963.33,909514693.13,378105729.8,418706.13,,,,,,,,,,,,,,,,,,,,
sh600145,四维瓷业,2006-06-16,3.7,3.86,3.68,3.76,3.78,4934823.0,18602661.0,469022400.0,1302840000.0,7534032.490000001,12219431.419999998,531408963.33,909514693.13,378105729.8,418706.13,,,,,,,,,,,,,,,,,,,,
sh600145,四维瓷业,2006-06-19,3.77,3.94,3.68,3.83,3.76,3436766.0,13168978.0,477754200.0,1327095000.0,7534032.490000001,12219431.419999998,531408963.33,909514693.13,378105729.8,418706.13,,,,,,,,,,,,,,,,,,,,
sh600145,四维瓷业,2006-06-20,3.82,3.9,3.73,3.84,3.83,2317309.0,8835729.0,479001600.0,1330560000.0,7534032.490000001,12219431.419999998,531408963.33,909514693.13,378105729.8,418706.13,,,,,,,,,,,,,,,,,,,,
sh600145,四维瓷业,2006-06-21,3.84,3.93,3.79,3.85,3.84,3846653.0,14855864.0,480249000.0,1334025000.0,7534032.490000001,12219431.419999998,531408963.33,909514693.13,378105729.8,418706.13,,,,,,,,,,,,,,,,,,,,
sh600145,四维瓷业,2006-06-22,3.8,3.84,3.67,3.71,3.85,3435622.0,12822006.0,462785400.0,1285515000.0,7534032.490000001,12219431.419999998,531408963.33,909514693.13,378105729.8,418706.13,,,,,,,,,,,,,,,,,,,,
sh600145,四维瓷业,2006-06-23,3.66,3.78,3.66,3.76,3.71,2897797.0,10772879.0,469022400.0,1302840000.0,7534032.490000001,12219431.419999998,531408963.33,909514693.13,378105729.8,418706.13,,,,,,,,,,,,,,,,,,,,
sh600145,四维瓷业,2006-06-26,3.78,3.94,3.67,3.87,3.76,3928972.0,14966297.0,482743800.0,1340955000.0,7534032.490000001,12219431.419999998,531408963.33,909514693.13,378105729.8,418706.13,,,,,,,,,,,,,,,,,,,,
sh600145,四维瓷业,2006-06-27,3.85,4.07,3.8,4.0,3.87,5181056.0,20412360.0,498960000.0,1386000000.0,7534032.490000001,12219431.419999998,531408963.33,909514693.13,378105729.8,418706.13,,,,,,,,,,,,,,,,,,,,
sh600145,四维瓷业,2006-06-28,4.06,4.06,3.9,3.91,4.0,3423529.0,13689602.0,487733400.0,1354815000.0,7534032.490000001,12219431.419999998,531408963.33,909514693.13,378105729.8,418706.13,,,,,,,,,,,,,,,,,,,,
sh600145,四维瓷业,2006-06-29,3.92,4.02,3.9,3.96,3.91,2946647.0,11673726.0,493970400.0,1372140000.0,7534032.490000001,12219431.419999998,531408963.33,909514693.13,378105729.8,418706.13,,,,,,,,,,,,,,,,,,,,
sh600145,四维瓷业,2006-06-30,3.99,4.01,3.78,3.8,3.96,4549122.0,17529050.0,474012000.0,1316700000.0,7534032.490000001,12219431.419999998,531408963.33,909514693.13,378105729.8,418706.13,,,,,,,,,,,,,,,,,,,,
sh600145,四维瓷业,2006-07-13,3.95,3.95,3.51,3.69,3.8,6370600.0,23879181.0,460290600.0,1278585000.0,7534032.490000001,12219431.419999998,531408963.33,909514693.13,378105729.8,418706.13,,,,,,,,,,,,,,,,,,,,
sh600145,四维瓷业,2006-07-14,3.67,3.75,3.53,3.57,3.69,2676309.0,9722156.0,445321800.0,1237005000.0,7534032.490000001,12219431.419999998,531408963.33,909514693.13,378105729.8,418706.13,,,,,,,,,,,,,,,,,,,,
sh600145,四维瓷业,2006-07-17,3.6,3.63,3.45,3.59,3.57,2602246.0,9167371.0,447816600.0,1243935000.0,7534032.490000001,12219431.419999998,531408963.33,909514693.13,378105729.8,418706.13,,,,,,,,,,,,,,,,,,,,
sh600145,四维瓷业,2006-07-18,3.55,3.61,3.51,3.6,3.59,1756276.0,6249700.0,449064000.0,1247400000.0,7534032.490000001,12219431.419999998,531408963.33,909514693.13,378105729.8,418706.13,,,,,,,,,,,,,,,,,,,,
sh600145,四维瓷业,2006-07-19,3.61,3.61,3.39,3.43,3.6,2027969.0,7060413.0,427858200.0,1188495000.0,7534032.490000001,12219431.419999998,531408963.33,909514693.13,378105729.8,418706.13,,,,,,,,,,,,,,,,,,,,
sh600145,四维瓷业,2006-07-20,3.43,3.49,3.4,3.45,3.43,2292748.0,7901754.0,430353000.0,1195425000.0,7534032.490000001,12219431.419999998,531408963.33,909514693.13,378105729.8,418706.13,,,,,,,,,,,,,,,,,,,,
sh600145,四维瓷业,2006-07-21,3.46,3.49,3.42,3.46,3.45,1501199.0,5178658.0,431600400.0,1198890000.0,7534032.490000001,12219431.419999998,531408963.33,909514693.13,378105729.8,418706.13,,,,,,,,,,,,,,,,,,,,
sh600145,四维瓷业,2006-07-24,3.43,3.44,3.31,3.43,3.46,942440.0,3213643.0,427858200.0,1188495000.0,7534032.490000001,12219431.419999998,531408963.33,909514693.13,378105729.8,418706.13,,,,,,,,,,,,,,,,,,,,
sh600145,四维瓷业,2006-07-25,3.44,3.59,3.44,3.58,3.43,2226798.0,7842723.0,446569200.0,1240470000.0,7534032.490000001,12219431.419999998,531408963.33,909514693.13,378105729.8,418706.13,,,,,,,,,,,,,,,,,,,,
sh600145,四维瓷业,2006-07-26,3.57,3.62,3.53,3.57,3.58,1567639.0,5597178.0,445321800.0,1237005000.0,7534032.490000001,12219431.419999998,531408963.33,909514693.13,378105729.8,418706.13,,,,,,,,,,,,,,,,,,,,
sh600145,四维瓷业,2006-07-27,3.57,3.65,3.49,3.53,3.57,1469750.0,5231901.0,440332200.0,1223145000.0,7534032.490000001,12219431.419999998,531408963.33,909514693.13,378105729.8,418706.13,,,,,,,,,,,,,,,,,,,,
sh600145,四维瓷业,2006-07-28,3.55,3.55,3.4,3.45,3.53,1218116.0,4229770.0,430353000.0,1195425000.0,7534032.490000001,12219431.419999998,531408963.33,909514693.13,378105729.8,418706.13,,,,,,,,,,,,,,,,,,,,
sh600145,四维瓷业,2006-07-31,3.46,3.52,3.29,3.34,3.45,1483090.0,4983294.0,416631600.0,1157310000.0,7534032.490000001,12219431.419999998,531408963.33,909514693.13,378105729.8,418706.13,,,,,,,,,,,,,,,,,,,,
sh600145,四维瓷业,2006-08-01,3.36,3.37,3.19,3.21,3.34,2220982.0,7212465.0,400415400.0,1112265000.0,7534032.490000001,12219431.419999998,531408963.33,909514693.13,378105729.8,418706.13,,,,,,,,,,,,,,,,,,,,
sh600145,四维瓷业,2006-08-02,3.21,3.22,3.05,3.17,3.21,1743428.0,5482442.0,395425800.0,1098405000.0,7534032.490000001,12219431.419999998,531408963.33,909514693.13,378105729.8,418706.13,,,,,,,,,,,,,,,,,,,,
sh600145,四维瓷业,2006-08-03,3.19,3.21,3.1,3.14,3.17,1407880.0,4439696.0,391683600.0,1088010000.0,7534032.490000001,12219431.419999998,531408963.33,909514693.13,378105729.8,418706.13,,,,,,,,,,,,,,,,,,,,
sh600145,四维瓷业,2006-08-04,3.18,3.2,3.14,3.17,3.14,1399521.0,4432042.0,395425800.0,1098405000.0,7534032.490000001,12219431.419999998,531408963.33,909514693.13,378105729.8,418706.13,,,,,,,,,,,,,,,,,,,,
sh600145,四维瓷业,2006-08-07,3.16,3.18,3.02,3.04,3.17,983650.0,3056727.0,379209600.0,1053360000.0,7534032.490000001,12219431.419999998,531408963.33,909514693.13,378105729.8,418706.13,,,,,,,,,,,,,,,,,,,,
sh600145,四维瓷业,2006-08-08,3.06,3.18,3.06,3.17,3.04,1019998.0,3171734.0,395425800.0,1098405000.0,7534032.490000001,12219431.419999998,531408963.33,909514693.13,378105729.8,418706.13,,,,,,,,,,,,,,,,,,,,
sh600145,四维瓷业,2006-08-09,3.17,3.19,3.11,3.17,3.17,662437.0,2086998.0,395425800.0,1098405000.0,7534032.490000001,12219431.419999998,531408963.33,909514693.13,378105729.8,418706.13,,,,,,,,,,,,,,,,,,,,
sh600145,四维瓷业,2006-08-10,3.16,3.22,3.13,3.19,3.17,1899419.0,6013587.0,397920600.0,1105335000.0,7534032.490000001,12219431.419999998,531408963.33,909514693.13,378105729.8,418706.13,,,,,,,,,,,,,,,,,,,,
sh600145,四维瓷业,2006-08-11,3.19,3.2,3.14,3.18,3.19,957926.0,3040543.0,396673200.0,1101870000.0,7534032.490000001,12219431.419999998,531408963.33,909514693.13,378105729.8,418706.13,,,,,,,,,,,,,,,,,,,,
sh600145,四维瓷业,2006-08-14,3.19,3.22,3.1,3.13,3.18,891200.0,2808512.0,390436200.0,1084545000.0,7534032.490000001,12219431.419999998,531408963.33,909514693.13,378105729.8,418706.13,,,,,,,,,,,,,,,,,,,,
sh600145,四维瓷业,2006-08-15,3.13,3.16,3.07,3.15,3.13,634358.0,1982480.0,392931000.0,1091475000.0,7534032.490000001,12219431.419999998,531408963.33,909514693.13,378105729.8,418706.13,,,,,,,,,,,,,,,,,,,,
sh600145,四维瓷业,2006-08-16,3.12,3.2,3.12,3.18,3.15,1568562.0,4943372.0,396673200.0,1101870000.0,7534032.490000001,12219431.419999998,531408963.33,909514693.13,378105729.8,418706.13,,,,,,,,,,,,,,,,,,,,
sh600145,四维瓷业,2006-08-17,3.18,3.18,3.12,3.15,3.18,776880.0,2445766.0,392931000.0,1091475000.0,7534032.490000001,12219431.419999998,531408963.33,909514693.13,378105729.8,418706.13,,,,,,,,,,,,,,,,,,,,
sh600145,四维瓷业,2006-08-18,3.13,3.19,3.12,3.15,3.15,904900.0,2849796.0,392931000.0,1091475000.0,7534032.490000001,12219431.419999998,531408963.33,909514693.13,378105729.8,418706.13,,,,,,,,,,,,,,,,,,,,
sh600145,四维瓷业,2006-08-21,3.05,3.18,3.0,3.17,3.15,1780019.0,5507639.0,395425800.0,1098405000.0,7534032.490000001,12219431.419999998,531408963.33,909514693.13,378105729.8,418706.13,,,,,,,,,,,,,,,,,,,,
sh600145,四维瓷业,2006-08-22,3.18,3.28,3.17,3.25,3.17,2038970.0,6578070.0,405405000.0,1126125000.0,7534032.490000001,12219431.419999998,531408963.33,909514693.13,378105729.8,418706.13,,,,,,,,,,,,,,,,,,,,
sh600145,四维瓷业,2006-08-23,3.25,3.26,3.19,3.21,3.25,822780.0,2652216.0,400415400.0,1112265000.0,7534032.490000001,12219431.419999998,531408963.33,909514693.13,378105729.8,418706.13,,,,,,,,,,,,,,,,,,,,
sh600145,四维瓷业,2006-08-24,3.21,3.25,3.19,3.24,3.21,1068587.0,3431614.0,404157600.0,1122660000.0,7534032.490000001,12219431.419999998,531408963.33,909514693.13,378105729.8,418706.13,,,,,,,,,,,,,,,,,,,,
sh600145,四维瓷业,2006-08-25,3.23,3.3,3.22,3.26,3.24,1207582.0,3948526.0,406652400.0,1129590000.0,7534032.490000001,12219431.419999998,531408963.33,909514693.13,378105729.8,418706.13,,,,,,,,,,,,,,,,,,,,
sh600145,四维瓷业,2006-08-28,3.27,3.4,3.27,3.39,3.26,2200101.0,7371049.0,422868600.0,1174635000.0,6171289.01,21198371.15,536754077.33,905607953.51,368853876.18,4896452.19,,,,,,,,,,,,,,,,,,,,
sh600145,四维瓷业,2006-08-29,3.38,3.44,3.32,3.34,3.39,1473550.0,4961017.0,416631600.0,1157310000.0,6171289.01,21198371.15,536754077.33,905607953.51,368853876.18,4896452.19,,,,,,,,,,,,,,,,,,,,
sh600145,四维瓷业,2006-08-30,3.34,3.47,3.34,3.41,3.34,1454375.0,4961914.0,425363400.0,1181565000.0,6171289.01,21198371.15,536754077.33,905607953.51,368853876.18,4896452.19,,,,,,,,,,,,,,,,,,,,
sh600145,四维瓷业,2006-08-31,3.41,3.42,3.37,3.4,3.41,923330.0,3139004.0,424116000.0,1178100000.0,6171289.01,21198371.15,536754077.33,905607953.51,368853876.18,4896452.19,,,,,,,,,,,,,,,,,,,,
sh600145,四维瓷业,2006-09-01,3.37,3.41,3.33,3.35,3.4,1645592.0,5538850.0,417879000.0,1160775000.0,6171289.01,21198371.15,536754077.33,905607953.51,368853876.18,4896452.19,,,,,,,,,,,,,,,,,,,,
sh600145,四维瓷业,2006-09-04,3.33,3.46,3.32,3.45,3.35,1032745.0,3533647.0,430353000.0,1195425000.0,6171289.01,21198371.15,536754077.33,905607953.51,368853876.18,4896452.19,,,,,,,,,,,,,,,,,,,,
sh600145,四维瓷业,2006-09-05,3.43,3.5,3.43,3.44,3.45,1077321.0,3731972.0,429105600.0,1191960000.0,6171289.01,21198371.15,536754077.33,905607953.51,368853876.18,4896452.19,,,,,,,,,,,,,,,,,,,,
sh600145,四维瓷业,2006-09-06,3.46,3.49,3.4,3.47,3.44,1058771.0,3638216.0,432847800.0,1202355000.0,6171289.01,21198371.15,536754077.33,905607953.51,368853876.18,4896452.19,,,,,,,,,,,,,,,,,,,,
sh600145,四维瓷业,2006-09-07,3.43,3.48,3.39,3.42,3.47,1132167.0,3865199.0,426610800.0,1185030000.0,6171289.01,21198371.15,536754077.33,905607953.51,368853876.18,4896452.19,,,,,,,,,,,,,,,,,,,,
sh600145,四维瓷业,2006-09-08,3.4,3.58,3.4,3.51,3.42,2401275.0,8447583.0,437837400.0,1216215000.0,6171289.01,21198371.15,536754077.33,905607953.51,368853876.18,4896452.19,,,,,,,,,,,,,,,,,,,,
sh600145,四维瓷业,2006-09-11,3.51,3.55,3.41,3.54,3.51,1624164.0,5645029.0,441579600.0,1226610000.0,6171289.01,21198371.15,536754077.33,905607953.51,368853876.18,4896452.19,,,,,,,,,,,,,,,,,,,,
sh600145,四维瓷业,2006-09-12,3.46,3.55,3.43,3.52,3.54,1250000.0,4385576.0,439084800.0,1219680000.0,6171289.01,21198371.15,536754077.33,905607953.51,368853876.18,4896452.19,,,,,,,,,,,,,,,,,,,,
sh600145,四维瓷业,2006-09-13,3.52,3.54,3.45,3.5,3.52,1560568.0,5447684.0,436590000.0,1212750000.0,6171289.01,21198371.15,536754077.33,905607953.51,368853876.18,4896452.19,,,,,,,,,,,,,,,,,,,,
sh600145,四维瓷业,2006-09-14,3.47,3.49,3.43,3.44,3.5,1386049.0,4778848.0,429105600.0,1191960000.0,6171289.01,21198371.15,536754077.33,905607953.51,368853876.18,4896452.19,,,,,,,,,,,,,,,,,,,,
sh600145,四维瓷业,2006-09-15,3.43,3.5,3.43,3.49,3.44,1310811.0,4544690.0,435342600.0,1209285000.0,6171289.01,21198371.15,536754077.33,905607953.51,368853876.18,4896452.19,,,,,,,,,,,,,,,,,,,,
sh600145,四维瓷业,2006-09-18,3.52,3.52,3.45,3.5,3.49,1512354.0,5258540.0,436590000.0,1212750000.0,6171289.01,21198371.15,536754077.33,905607953.51,368853876.18,4896452.19,,,,,,,,,,,,,,,,,,,,
sh600145,四维瓷业,2006-09-19,3.5,3.59,3.48,3.58,3.5,2100837.0,7456176.0,446569200.0,1240470000.0,6171289.01,21198371.15,536754077.33,905607953.51,368853876.18,4896452.19,,,,,,,,,,,,,,,,,,,,
sh600145,四维瓷业,2006-09-20,3.59,3.7,3.52,3.65,3.58,2563907.0,9335965.0,455301000.0,1264725000.0,6171289.01,21198371.15,536754077.33,905607953.51,368853876.18,4896452.19,,,,,,,,,,,,,,,,,,,,
sh600145,四维瓷业,2006-09-21,3.65,3.7,3.65,3.68,3.65,1499944.0,5505534.0,459043200.0,1275120000.0,6171289.01,21198371.15,536754077.33,905607953.51,368853876.18,4896452.19,,,,,,,,,,,,,,,,,,,,
sh600145,四维瓷业,2006-09-22,3.71,3.82,3.69,3.79,3.68,3697809.0,13922201.0,472764600.0,1313235000.0,6171289.01,21198371.15,536754077.33,905607953.51,368853876.18,4896452.19,,,,,,,,,,,,,,,,,,,,
sh600145,四维瓷业,2006-09-25,3.83,3.84,3.72,3.8,3.79,2285279.0,8632387.0,474012000.0,1316700000.0,6171289.01,21198371.15,536754077.33,905607953.51,368853876.18,4896452.19,,,,,,,,,,,,,,,,,,,,
sh600145,四维瓷业,2006-09-26,3.8,3.8,3.69,3.77,3.8,1925448.0,7229906.0,470269800.0,1306305000.0,6171289.01,21198371.15,536754077.33,905607953.51,368853876.18,4896452.19,,,,,,,,,,,,,,,,,,,,
sh600145,四维瓷业,2006-09-27,3.77,3.78,3.68,3.71,3.77,2640100.0,9794091.0,462785400.0,1285515000.0,6171289.01,21198371.15,536754077.33,905607953.51,368853876.18,4896452.19,,,,,,,,,,,,,,,,,,,,
sh600145,四维瓷业,2006-09-28,3.71,3.76,3.6,3.67,3.71,3937463.0,14448471.0,457795800.0,1271655000.0,6171289.01,21198371.15,536754077.33,905607953.51,368853876.18,4896452.19,,,,,,,,,,,,,,,,,,,,
sh600145,四维瓷业,2006-11-09,2.58,2.6,2.41,2.55,3.36,5700829.0,14238104.0,438960060.0,963096750.0,9245101.56,29718800.129999995,542454926.4100001,927376580.87,384921654.46,5941092.01,,,,,,,,,,,,,,,,,,,,
sh600145,四维瓷业,2006-11-10,2.53,2.53,2.38,2.42,2.55,6416590.0,15792402.0,416581704.0,913997700.0,9245101.56,29718800.129999995,542454926.4100001,927376580.87,384921654.46,5941092.01,,,,,,,,,,,,,,,,,,,,
sh600145,四维瓷业,2006-11-13,2.4,2.44,2.3,2.3,2.42,2840642.0,6697150.0,395924760.0,868675500.0,9245101.56,29718800.129999995,542454926.4100001,927376580.87,384921654.46,5941092.01,,,,,,,,,,,,,,,,,,,,
sh600145,四维瓷业,2006-11-14,2.3,2.34,2.19,2.31,2.3,3590508.0,8109614.0,397646172.0,872452350.0,9245101.56,29718800.129999995,542454926.4100001,927376580.87,384921654.46,5941092.01,,,,,,,,,,,,,,,,,,,,
sh600145,四维瓷业,2006-11-15,2.27,2.36,2.25,2.35,2.31,4229561.0,9752720.0,404531820.0,887559750.0,9245101.56,29718800.129999995,542454926.4100001,927376580.87,384921654.46,5941092.01,,,,,,,,,,,,,,,,,,,,
sh600145,四维瓷业,2006-11-16,2.33,2.37,2.3,2.33,2.35,3858964.0,8986333.0,401088996.0,880006050.0,9245101.56,29718800.129999995,542454926.4100001,927376580.87,384921654.46,5941092.01,,,,,,,,,,,,,,,,,,,,
sh600145,四维瓷业,2006-11-17,2.33,2.4,2.29,2.36,2.33,3758250.0,8895815.0,406253232.0,891336600.0,9245101.56,29718800.129999995,542454926.4100001,927376580.87,384921654.46,5941092.01,,,,,,,,,,,,,,,,,,,,
sh600145,四维瓷业,2006-11-20,2.39,2.46,2.35,2.4,2.36,8667043.0,20921682.0,413138880.0,906444000.0,9245101.56,29718800.129999995,542454926.4100001,927376580.87,384921654.46,5941092.01,,,,,,,,,,,,,,,,,,,,
sh600145,四维瓷业,2006-11-21,2.36,2.37,2.31,2.34,2.4,3988439.0,9288993.0,402810408.0,883782900.0,9245101.56,29718800.129999995,542454926.4100001,927376580.87,384921654.46,5941092.01,,,,,,,,,,,,,,,,,,,,
sh600145,四维瓷业,2006-11-22,2.35,2.38,2.28,2.38,2.34,3883818.0,9061347.0,409696056.0,898890300.0,9245101.56,29718800.129999995,542454926.4100001,927376580.87,384921654.46,5941092.01,,,,,,,,,,,,,,,,,,,,
sh600145,四维瓷业,2006-11-23,2.36,2.37,2.3,2.36,2.38,4082530.0,9521352.0,406253232.0,891336600.0,9245101.56,29718800.129999995,542454926.4100001,927376580.87,384921654.46,5941092.01,,,,,,,,,,,,,,,,,,,,
sh600145,四维瓷业,2006-11-24,2.35,2.36,2.31,2.35,2.36,2467637.0,5754368.0,404531820.0,887559750.0,9245101.56,29718800.129999995,542454926.4100001,927376580.87,384921654.46,5941092.01,,,,,,,,,,,,,,,,,,,,
sh600145,四维瓷业,2006-11-27,2.35,2.4,2.33,2.39,2.35,3569011.0,8451944.0,411417468.0,902667150.0,9245101.56,29718800.129999995,542454926.4100001,927376580.87,384921654.46,5941092.01,,,,,,,,,,,,,,,,,,,,
sh600145,四维瓷业,2006-11-28,2.39,2.52,2.37,2.49,2.39,7679036.0,18751352.0,428631588.0,940435650.0,9245101.56,29718800.129999995,542454926.4100001,927376580.87,384921654.46,5941092.01,,,,,,,,,,,,,,,,,,,,
sh600145,四维瓷业,2006-11-29,2.45,2.53,2.35,2.5,2.49,6265059.0,15563142.0,430353000.0,944212500.0,9245101.56,29718800.129999995,542454926.4100001,927376580.87,384921654.46,5941092.01,,,,,,,,,,,,,,,,,,,,
sh600145,四维瓷业,2006-11-30,2.51,2.75,2.5,2.68,2.5,16257746.0,43170600.0,461338416.0,1012195800.0,9245101.56,29718800.129999995,542454926.4100001,927376580.87,384921654.46,5941092.01,,,,,,,,,,,,,,,,,,,,
sh600145,四维瓷业,2006-12-01,2.7,2.77,2.61,2.68,2.68,7462088.0,20022556.0,461338416.0,1012195800.0,9245101.56,29718800.129999995,542454926.4100001,927376580.87,384921654.46,5941092.01,,,,,,,,,,,,,,,,,,,,
sh600145,四维瓷业,2006-12-04,2.66,2.75,2.63,2.7,2.68,6522032.0,17560332.0,464781240.0,1019749500.0,9245101.56,29718800.129999995,542454926.4100001,927376580.87,384921654.46,5941092.01,,,,,,,,,,,,,,,,,,,,
sh600145,四维瓷业,2006-12-05,2.7,2.72,2.64,2.67,2.7,4857700.0,12953852.0,459617004.0,1008418950.0,9245101.56,29718800.129999995,542454926.4100001,927376580.87,384921654.46,5941092.01,,,,,,,,,,,,,,,,,,,,
sh600145,四维瓷业,2006-12-06,2.67,2.68,2.49,2.55,2.67,6963274.0,17952137.0,438960060.0,963096750.0,9245101.56,29718800.129999995,542454926.4100001,927376580.87,384921654.46,5941092.01,,,,,,,,,,,,,,,,,,,,
sh600145,四维瓷业,2006-12-07,2.55,2.58,2.51,2.53,2.55,6873799.0,17436442.0,435517236.0,955543050.0,9245101.56,29718800.129999995,542454926.4100001,927376580.87,384921654.46,5941092.01,,,,,,,,,,,,,,,,,,,,
sh600145,四维瓷业,2006-12-08,2.53,2.53,2.4,2.43,2.53,4784385.0,11727148.0,418303116.0,917774550.0,9245101.56,29718800.129999995,542454926.4100001,927376580.87,384921654.46,5941092.01,,,,,,,,,,,,,,,,,,,,
sh600145,四维瓷业,2006-12-11,2.42,2.54,2.41,2.53,2.43,3979170.0,9858067.0,435517236.0,955543050.0,9245101.56,29718800.129999995,542454926.4100001,927376580.87,384921654.46,5941092.01,,,,,,,,,,,,,,,,,,,,
sh600145,四维瓷业,2006-12-12,2.53,2.6,2.49,2.6,2.53,6655370.0,16958814.0,447567120.0,981981000.0,9245101.56,29718800.129999995,542454926.4100001,927376580.87,384921654.46,5941092.01,,,,,,,,,,,,,,,,,,,,
sh600145,四维瓷业,2006-12-13,2.58,2.64,2.54,2.64,2.6,4978204.0,12902875.0,454452768.0,997088400.0,9245101.56,29718800.129999995,542454926.4100001,927376580.87,384921654.46,5941092.01,,,,,,,,,,,,,,,,,,,,
sh600145,四维瓷业,2006-12-14,2.62,2.67,2.57,2.66,2.64,4886952.0,12806495.0,457895592.0,1004642100.0,9245101.56,29718800.129999995,542454926.4100001,927376580.87,384921654.46,5941092.01,,,,,,,,,,,,,,,,,,,,
sh600145,四维瓷业,2006-12-15,2.66,2.7,2.62,2.69,2.66,8511167.0,22692268.0,463059828.0,1015972650.0,9245101.56,29718800.129999995,542454926.4100001,927376580.87,384921654.46,5941092.01,,,,,,,,,,,,,,,,,,,,
sh600145,四维瓷业,2006-12-18,2.69,2.69,2.58,2.63,2.69,6868595.0,18010172.0,452731356.0,993311550.0,9245101.56,29718800.129999995,542454926.4100001,927376580.87,384921654.46,5941092.01,,,,,,,,,,,,,,,,,,,,
sh600145,四维瓷业,2006-12-19,2.62,2.62,2.54,2.59,2.63,4367666.0,11221638.0,445845708.0,978204150.0,9245101.56,29718800.129999995,542454926.4100001,927376580.87,384921654.46,5941092.01,,,,,,,,,,,,,,,,,,,,
sh600145,四维瓷业,2006-12-20,2.58,2.75,2.52,2.74,2.59,11755007.0,31163681.0,471666888.0,1034856900.0,9245101.56,29718800.129999995,542454926.4100001,927376580.87,384921654.46,5941092.01,,,,,,,,,,,,,,,,,,,,
sh600145,四维瓷业,2006-12-21,2.71,3.0,2.69,2.91,2.74,31269503.0,88625923.0,500930892.0,1099063350.0,9245101.56,29718800.129999995,542454926.4100001,927376580.87,384921654.46,5941092.01,,,,,,,,,,,,,,,,,,,,
sh600145,四维瓷业,2006-12-22,2.87,3.07,2.78,2.91,2.91,19679597.0,57672770.0,500930892.0,1099063350.0,9245101.56,29718800.129999995,542454926.4100001,927376580.87,384921654.46,5941092.01,,,,,,,,,,,,,,,,,,,,
sh600145,四维瓷业,2006-12-25,2.93,3.02,2.86,2.92,2.91,8446716.0,24698865.0,502652304.0,1102840200.0,9245101.56,29718800.129999995,542454926.4100001,927376580.87,384921654.46,5941092.01,,,,,,,,,,,,,,,,,,,,
sh600145,四维瓷业,2006-12-26,2.96,2.98,2.77,2.83,2.92,6717243.0,19064391.0,487159596.0,1068848550.0,9245101.56,29718800.129999995,542454926.4100001,927376580.87,384921654.46,5941092.01,,,,,,,,,,,,,,,,,,,,
sh600145,四维瓷业,2006-12-27,2.82,3.0,2.76,2.94,2.83,7916581.0,22880854.0,506095128.0,1110393900.0,9245101.56,29718800.129999995,542454926.4100001,927376580.87,384921654.46,5941092.01,,,,,,,,,,,,,,,,,,,,
sh600145,四维瓷业,2006-12-28,2.96,3.05,2.87,2.97,2.94,9174917.0,27117986.0,511259364.0,1121724450.0,9245101.56,29718800.129999995,542454926.4100001,927376580.87,384921654.46,5941092.01,,,,,,,,,,,,,,,,,,,,
sh600145,四维瓷业,2006-12-29,2.93,3.01,2.93,2.96,2.97,5919010.0,17596956.0,509537952.0,1117947600.0,9245101.56,29718800.129999995,542454926.4100001,927376580.87,384921654.46,5941092.01,,,,,,,,,,,,,,,,,,,,
sh600145,四维瓷业,2007-01-04,2.98,3.26,2.97,3.25,2.96,21076098.0,67467307.0,559458900.0,1227476250.0,9245101.56,29718800.129999995,542454926.4100001,927376580.87,384921654.46,5941092.01,2590.06,2581.72,2110.98,1197.65,1931.8,2822.9,0.0,,,,,,,,建筑建材,建筑材料,陶瓷制造,,,
sh600145,四维瓷业,2007-01-05,3.26,3.49,3.23,3.39,3.25,15046043.0,50803757.0,583558668.0,1280352150.0,9245101.56,29718800.129999995,542454926.4100001,927376580.87,384921654.46,5941092.01,,,,,,,,,,,,,,,建筑建材,建筑材料,陶瓷制造,,,
sh600145,四维瓷业,2007-01-08,3.41,3.73,3.3,3.73,3.39,14080384.0,50187543.0,642086676.0,1408765050.0,9245101.56,29718800.129999995,542454926.4100001,927376580.87,384921654.46,5941092.01,,,,,,,,,,,,,,,建筑建材,建筑材料,陶瓷制造,,,
sh600145,四维瓷业,2007-01-09,3.72,3.9,3.61,3.74,3.73,14559333.0,54549526.0,643808088.0,1412541900.0,9245101.56,29718800.129999995,542454926.4100001,927376580.87,384921654.46,5941092.01,2338.36,2530.47,812.62,1010.01,2183.58,1914.48,120.38,,,,,,,,建筑建材,建筑材料,陶瓷制造,,,
sh600145,四维瓷业,2007-01-10,3.75,4.1,3.62,3.97,3.74,13114268.0,50503714.0,683400564.0,1499409450.0,9245101.56,29718800.129999995,542454926.4100001,927376580.87,384921654.46,5941092.01,1999.78,2335.0,1259.84,794.17,1669.44,1919.65,119.76,,,,,,,,建筑建材,建筑材料,陶瓷制造,,,
sh600145,四维瓷业,2007-01-11,3.96,4.03,3.78,3.81,3.97,13953618.0,54085671.0,655857972.0,1438979850.0,9245101.56,29718800.129999995,542454926.4100001,927376580.87,384921654.46,5941092.01,2566.0,2744.05,585.89,1296.09,2254.49,1366.26,0.0,,,,,,,,建筑建材,建筑材料,陶瓷制造,,,
sh600145,四维瓷业,2007-01-12,3.8,3.82,3.53,3.61,3.81,9480621.0,35029103.0,621429732.0,1363442850.0,9245101.56,29718800.129999995,542454926.4100001,927376580.87,384921654.46,5941092.01,1585.41,1648.5,315.66,518.06,1598.58,1333.08,0.0,,,,,,,,建筑建材,建筑材料,陶瓷制造,,,
sh600145,四维瓷业,2007-01-15,3.6,3.9,3.59,3.9,3.61,8700747.0,33044152.0,671350680.0,1472971500.0,9245101.56,29718800.129999995,542454926.4100001,927376580.87,384921654.46,5941092.01,1467.48,1277.18,745.28,528.38,1032.53,1439.72,0.0,,,,,,,,建筑建材,建筑材料,陶瓷制造,,,
sh600145,四维瓷业,2007-01-16,3.92,4.03,3.83,4.0,3.9,12231769.0,48261924.0,688564800.0,1510740000.0,9245101.56,29718800.129999995,542454926.4100001,927376580.87,384921654.46,5941092.01,2210.56,2172.32,1056.73,963.33,1555.72,1591.12,0.0,,,,,,,,建筑建材,建筑材料,陶瓷制造,,,
sh600145,四维瓷业,2007-01-17,4.0,4.0,3.7,3.76,4.0,12532224.0,47947975.0,647250912.0,1420095600.0,9245101.56,29718800.129999995,542454926.4100001,927376580.87,384921654.46,5941092.01,,,,,,,,,,,,,,,建筑建材,建筑材料,陶瓷制造,,,
sh600145,四维瓷业,2007-01-18,3.6,3.81,3.6,3.78,3.76,6514375.0,24181199.0,650693736.0,1427649300.0,9245101.56,29718800.129999995,542454926.4100001,927376580.87,384921654.46,5941092.01,1197.76,871.79,135.77,798.08,1083.93,747.59,0.0,,,,,,,,建筑建材,建筑材料,陶瓷制造,,,
sh600145,四维瓷业,2007-01-19,3.8,3.88,3.7,3.76,3.78,7798777.0,29515378.0,647250912.0,1420095600.0,9245101.56,29718800.129999995,542454926.4100001,927376580.87,384921654.46,5941092.01,,,,,,,,,,,,,,,建筑建材,建筑材料,陶瓷制造,,,
sh600145,四维瓷业,2007-01-22,3.76,4.14,3.76,4.14,3.76,13658944.0,53657928.0,712664568.0,1563615900.0,9245101.56,29718800.129999995,542454926.4100001,927376580.87,384921654.46,5941092.01,2140.82,2167.77,1161.55,709.97,1721.49,2487.67,0.0,,,,,,,,建筑建材,建筑材料,陶瓷制造,,,
sh600145,四维瓷业,2007-01-23,4.18,4.54,4.06,4.49,4.14,18181581.0,78300733.0,772913988.0,1695805650.0,9245101.56,29718800.129999995,542454926.4100001,927376580.87,384921654.46,5941092.01,,,,,,,,,,,,,,,建筑建材,建筑材料,陶瓷制造,,,
sh600145,四维瓷业,2007-01-24,4.43,4.6,4.3,4.46,4.49,11461378.0,51264481.0,767749752.0,1684475100.0,9245101.56,29718800.129999995,542454926.4100001,927376580.87,384921654.46,5941092.01,2276.84,2385.87,881.0,867.53,1867.56,1756.17,0.0,,,,,,,,建筑建材,建筑材料,陶瓷制造,,,
sh600145,四维瓷业,2007-01-25,4.4,4.4,4.08,4.09,4.46,10425498.0,44039698.0,704057508.0,1544731650.0,9245101.56,29718800.129999995,542454926.4100001,927376580.87,384921654.46,5941092.01,2042.54,2068.29,496.18,1238.4,1844.08,1076.11,0.0,,,,,,,,建筑建材,建筑材料,陶瓷制造,,,
sh600145,四维瓷业,2007-01-26,4.05,4.09,3.68,4.06,4.09,11691977.0,45139473.0,698893272.0,1533401100.0,9245101.56,29718800.129999995,542454926.4100001,927376580.87,384921654.46,5941092.01,1689.05,1646.8,863.28,820.8,1961.62,1543.26,0.0,,,,,,,,建筑建材,建筑材料,陶瓷制造,,,
sh600145,四维瓷业,2007-01-29,4.1,4.38,4.06,4.3,4.06,9909088.0,41752141.0,740207160.0,1624045500.0,9245101.56,29718800.129999995,542454926.4100001,927376580.87,384921654.46,5941092.01,2029.65,1848.01,942.08,962.58,1202.5,1363.63,0.0,,,,,,,,建筑建材,建筑材料,陶瓷制造,,,
sh600145,四维瓷业,2007-01-30,4.29,4.33,4.08,4.11,4.3,6834007.0,28535219.0,707500332.0,1552285350.0,9245101.56,29718800.129999995,542454926.4100001,927376580.87,384921654.46,5941092.01,1335.89,1220.86,287.44,781.41,1225.95,847.02,0.0,,,,,,,,建筑建材,建筑材料,陶瓷制造,,,
sh600145,四维瓷业,2007-01-31,4.15,4.18,3.7,3.75,4.11,9620588.0,37541068.0,645529500.0,1416318750.0,9245101.56,29718800.129999995,542454926.4100001,927376580.87,384921654.46,5941092.01,1273.12,1760.29,304.81,695.19,2175.5,971.55,0.0,326.4,,,,,,,建筑建材,建筑材料,陶瓷制造,,,
sh600145,四维瓷业,2007-02-01,3.75,3.91,3.65,3.9,3.75,6124554.0,23211325.0,671350680.0,1472971500.0,9245101.56,29718800.129999995,542454926.4100001,927376580.87,384921654.46,5941092.01,1194.79,1031.82,73.14,,1051.74,1112.84,0.0,,,,,,,,建筑建材,建筑材料,陶瓷制造,,,
sh600145,四维瓷业,2007-02-02,4.18,4.29,4.18,4.29,3.9,6495101.0,27814716.0,738485748.0,1620268650.0,9245101.56,29718800.129999995,542454926.4100001,927376580.87,384921654.46,5941092.01,343.15,897.77,694.42,426.15,198.39,1100.81,1544.23,,,,,,,,建筑建材,建筑材料,陶瓷制造,,,
sh600145,四维瓷业,2007-02-05,4.72,4.72,4.72,4.72,4.29,3469613.0,16376573.0,812506464.0,1782673200.0,9245101.56,29718800.129999995,542454926.4100001,927376580.87,384921654.46,5941092.01,448.8,296.34,221.28,202.44,298.27,414.28,0.0,,,,,,,,建筑建材,建筑材料,陶瓷制造,,,
sh600145,四维瓷业,2007-02-06,5.13,5.13,4.3,4.71,4.72,30278666.0,143542818.0,810785052.0,1778896350.0,9245101.56,29718800.129999995,542454926.4100001,927376580.87,384921654.46,5941092.01,6434.67,6113.87,2173.84,3919.56,5634.98,3931.52,100.39,,,,,,,,建筑建材,建筑材料,陶瓷制造,,,
sh600145,四维瓷业,2007-02-07,4.6,4.94,4.56,4.85,4.71,17257610.0,82685220.0,834884820.0,1831772250.0,9245101.56,29718800.129999995,542454926.4100001,927376580.87,384921654.46,5941092.01,3567.98,3860.24,1526.31,1542.94,2685.57,2862.72,486.05,,,,,,,,建筑建材,建筑材料,陶瓷制造,,,
sh600145,四维瓷业,2007-02-08,4.84,4.84,4.69,4.77,4.85,8904145.0,42226686.0,821113524.0,1801557450.0,9245101.56,29718800.129999995,542454926.4100001,927376580.87,384921654.46,5941092.01,1863.95,1722.25,425.07,438.16,1924.81,1422.92,0.0,630.49,,,,,,,建筑建材,建筑材料,陶瓷制造,,,
sh600145,四维瓷业,2007-02-09,4.77,4.83,4.58,4.59,4.77,9226886.0,42887923.0,790128108.0,1733574150.0,9245101.56,29718800.129999995,542454926.4100001,927376580.87,384921654.46,5941092.01,1864.01,1897.62,487.87,787.21,1917.88,1255.3,0.0,329.62,,,,,,,建筑建材,建筑材料,陶瓷制造,,,
sh600145,四维瓷业,2007-02-12,4.54,4.71,4.45,4.67,4.59,9852426.0,45182317.0,803899404.0,1763788950.0,9245101.56,29718800.129999995,542454926.4100001,927376580.87,384921654.46,5941092.01,2089.36,1938.07,730.26,1117.36,1698.61,1447.55,0.0,15.26,,,,,,,建筑建材,建筑材料,陶瓷制造,,,
sh600145,四维瓷业,2007-02-13,4.69,4.72,4.5,4.65,4.67,6353910.0,29236108.0,800456580.0,1756235250.0,9245101.56,29718800.129999995,542454926.4100001,927376580.87,384921654.46,5941092.01,1360.61,1552.17,145.53,336.36,1417.47,1035.08,0.0,,,,,,,,建筑建材,建筑材料,陶瓷制造,,,
sh600145,四维瓷业,2007-02-14,4.66,4.89,4.61,4.78,4.65,9830318.0,47065023.0,822834936.0,1805334300.0,9245101.56,29718800.129999995,542454926.4100001,927376580.87,384921654.46,5941092.01,2116.69,1943.93,830.58,915.53,1759.24,1823.66,0.0,23.38,,,,,,,建筑建材,建筑材料,陶瓷制造,,,
sh600145,四维瓷业,2007-02-15,4.78,5.26,4.72,5.26,4.78,18444595.0,93705342.0,905462712.0,1986623100.0,9245101.56,29718800.129999995,542454926.4100001,927376580.87,384921654.46,5941092.01,3407.05,3240.53,1939.04,1801.07,2315.0,2993.73,1706.98,1332.74,,,,,,,建筑建材,建筑材料,陶瓷制造,,,
sh600145,四维瓷业,2007-02-16,5.45,5.46,5.1,5.14,5.26,18341365.0,96773546.0,884805768.0,1941300900.0,9245101.56,29718800.129999995,542454926.4100001,927376580.87,384921654.46,5941092.01,4038.95,3926.15,1641.55,2995.2,3787.02,2544.11,209.84,211.89,,,,,,,建筑建材,建筑材料,陶瓷制造,,,
sh600145,四维瓷业,2007-02-26,5.12,5.35,5.02,5.34,5.14,10074620.0,53090312.0,919234008.0,2016837900.0,9245101.56,29718800.129999995,542454926.4100001,927376580.87,384921654.46,5941092.01,2648.49,2703.24,701.17,618.09,1958.47,1986.79,0.0,,,,,,,,建筑建材,建筑材料,陶瓷制造,,,
sh600145,四维瓷业,2007-02-27,5.4,5.45,4.81,4.81,5.34,14396745.0,73771213.0,827999172.0,1816664850.0,9245101.56,29718800.129999995,542454926.4100001,927376580.87,384921654.46,5941092.01,2839.64,2865.17,1019.19,1924.09,3014.49,1968.45,0.0,,,,,,,,建筑建材,建筑材料,陶瓷制造,,,
sh600145,四维瓷业,2007-02-28,4.73,5.13,4.61,5.02,4.81,12559693.0,60557543.0,864148824.0,1895978700.0,9245101.56,29718800.129999995,542454926.4100001,927376580.87,384921654.46,5941092.01,2689.08,2833.66,783.92,1036.23,2434.33,2065.61,147.25,119.08,,,,,,,建筑建材,建筑材料,陶瓷制造,,,
sh600145,四维瓷业,2007-03-01,5.0,5.0,4.62,4.72,5.02,10036547.0,47747187.0,812506464.0,1782673200.0,9245101.56,29718800.129999995,542454926.4100001,927376580.87,384921654.46,5941092.01,,,,,,,,,,,,,,,建筑建材,建筑材料,陶瓷制造,,,
sh600145,四维瓷业,2007-03-02,4.7,4.86,4.65,4.76,4.72,5471808.0,26129506.0,819392112.0,1797780600.0,9245101.56,29718800.129999995,542454926.4100001,927376580.87,384921654.46,5941092.01,1093.55,1219.31,151.38,197.33,1175.19,1000.16,0.0,3.31,,,,,,,建筑建材,建筑材料,陶瓷制造,,,
sh600145,四维瓷业,2007-03-05,5.24,5.24,5.24,5.24,4.76,5727704.0,30013169.0,902019888.0,1979069400.0,9245101.56,29718800.129999995,542454926.4100001,927376580.87,384921654.46,5941092.01,211.0,836.21,439.83,427.64,132.48,1033.75,2218.01,,,,,,,,建筑建材,建筑材料,陶瓷制造,,,
sh600145,四维瓷业,2007-03-06,5.76,5.76,5.12,5.4,5.24,29877509.0,164926276.0,929562480.0,2039499000.0,9245101.56,29718800.129999995,542454926.4100001,927376580.87,384921654.46,5941092.01,6044.88,6273.95,3615.15,4122.16,5981.47,5280.8,0.0,814.6,,,,,,,建筑建材,建筑材料,陶瓷制造,,,
sh600145,四维瓷业,2007-03-07,5.4,5.5,5.17,5.42,5.4,14158128.0,75668562.0,933005304.0,2047052700.0,9245101.56,29718800.129999995,542454926.4100001,927376580.87,384921654.46,5941092.01,2955.76,2890.49,1038.84,1662.2,3568.77,2727.18,0.0,,,,,,,,建筑建材,建筑材料,陶瓷制造,,,
sh600145,四维瓷业,2007-03-08,5.48,5.63,5.3,5.54,5.42,12634180.0,69045124.0,953662248.0,2092374900.0,9245101.56,29718800.129999995,542454926.4100001,927376580.87,384921654.46,5941092.01,2740.12,2822.01,1408.33,1059.1,2651.84,2738.34,0.0,,,,,,,,建筑建材,建筑材料,陶瓷制造,,,
sh600145,四维瓷业,2007-03-09,5.52,5.52,5.26,5.36,5.54,10544501.0,56776313.0,922676832.0,2024391600.0,9245101.56,29718800.129999995,542454926.4100001,927376580.87,384921654.46,5941092.01,2291.55,2429.34,574.45,1314.08,2802.99,1925.57,0.0,,,,,,,,建筑建材,建筑材料,陶瓷制造,,,
sh600145,四维瓷业,2007-03-12,5.3,5.9,5.27,5.9,5.36,19561661.0,110359268.0,1015633080.0,2228341500.0,9245101.56,29718800.129999995,542454926.4100001,927376580.87,384921654.46,5941092.01,4662.04,4238.08,2390.55,1761.51,3439.48,4413.81,542.4,621.06,,,,,,,建筑建材,建筑材料,陶瓷制造,,,
sh600145,四维瓷业,2007-03-13,5.58,5.9,5.56,5.74,5.9,28662277.0,163815799.0,988090488.0,2167911900.0,9245101.56,29718800.129999995,542454926.4100001,927376580.87,384921654.46,5941092.01,6250.03,6799.37,2653.14,3663.39,6895.06,5369.31,583.24,549.39,,,,,,,建筑建材,建筑材料,陶瓷制造,,,
sh600145,四维瓷业,2007-03-14,5.42,6.31,5.42,6.02,5.74,24890754.0,149757302.0,1036290024.0,2273663700.0,9245101.56,29718800.129999995,542454926.4100001,927376580.87,384921654.46,5941092.01,5843.31,5767.31,3169.04,3054.11,5759.09,5861.82,132.01,220.22,,,,,,,建筑建材,建筑材料,陶瓷制造,,,
sh600145,四维瓷业,2007-03-15,5.95,6.36,5.91,6.07,6.02,18343256.0,112329264.0,1044897084.0,2292547950.0,9245101.56,29718800.129999995,542454926.4100001,927376580.87,384921654.46,5941092.01,4914.69,4781.01,1496.22,2517.09,4813.0,3864.61,0.0,62.43,,,,,,,建筑建材,建筑材料,陶瓷制造,,,
sh600145,四维瓷业,2007-03-19,5.8,6.44,5.68,6.26,6.07,16675568.0,101828788.0,1077603912.0,2364308100.0,9245101.56,29718800.129999995,542454926.4100001,927376580.87,384921654.46,5941092.01,4033.74,4139.56,2220.88,1538.17,3822.21,4382.04,0.0,116.06,,,,,,,建筑建材,建筑材料,陶瓷制造,,,
sh600145,四维瓷业,2007-03-20,6.4,6.43,6.18,6.29,6.26,12744608.0,80462033.0,1082768148.0,2375638650.0,9245101.56,29718800.129999995,542454926.4100001,927376580.87,384921654.46,5941092.01,3146.23,3446.92,1269.17,1615.17,3491.45,2929.94,0.0,,,,,,,,建筑建材,建筑材料,陶瓷制造,,,
sh600145,四维瓷业,2007-03-21,6.25,6.36,6.18,6.25,6.29,8848288.0,55213979.0,1075882500.0,2360531250.0,9245101.56,29718800.129999995,542454926.4100001,927376580.87,384921654.46,5941092.01,2258.9,2386.16,537.8,1142.05,2724.69,1993.19,0.0,,,,,,,,建筑建材,建筑材料,陶瓷制造,,,
sh600145,四维瓷业,2007-03-22,6.26,6.3,6.08,6.29,6.25,13105420.0,81031887.0,1082768148.0,2375638650.0,9245101.56,29718800.129999995,542454926.4100001,927376580.87,384921654.46,5941092.01,2883.27,3351.9,1355.98,1616.2,3863.95,2869.81,0.0,,,,,,,,建筑建材,建筑材料,陶瓷制造,,,
sh600145,四维瓷业,2007-03-23,6.28,6.28,6.1,6.27,6.29,8827375.0,54616019.0,1079325324.0,2368084950.0,9245101.56,29718800.129999995,542454926.4100001,927376580.87,384921654.46,5941092.01,2068.7,2151.46,908.53,1259.72,2378.71,2049.86,105.11,,,,,,,,建筑建材,建筑材料,陶瓷制造,,,
sh600145,四维瓷业,2007-03-26,6.27,6.5,6.2,6.45,6.27,14893861.0,95044508.0,1110310740.0,2436068250.0,9245101.56,29718800.129999995,542454926.4100001,927376580.87,384921654.46,5941092.01,4546.41,3998.39,1377.37,2089.07,3580.02,3416.34,0.0,,,,,,,,建筑建材,建筑材料,陶瓷制造,,,
sh600145,四维瓷业,2007-03-27,6.35,6.59,6.3,6.51,6.45,14111129.0,90631283.0,1120639212.0,2458729350.0,9245101.56,29718800.129999995,542454926.4100001,927376580.87,384921654.46,5941092.01,3408.68,4007.47,1589.2,1617.12,3851.48,3189.15,0.0,35.62,,,,,,,建筑建材,建筑材料,陶瓷制造,,,
sh600145,四维瓷业,2007-03-28,6.48,6.5,5.9,6.2,6.51,17726519.0,110286594.0,1067275440.0,2341647000.0,9245101.56,29718800.129999995,542454926.4100001,927376580.87,384921654.46,5941092.01,3734.22,4466.82,1849.27,3196.6,5314.67,3104.34,121.85,,,,,,,,建筑建材,建筑材料,陶瓷制造,,,
sh600145,四维瓷业,2007-03-29,6.18,6.19,5.7,5.74,6.2,14442690.0,85577475.0,988090488.0,2167911900.0,9245101.56,29718800.129999995,542454926.4100001,927376580.87,384921654.46,5941092.01,2755.17,3285.29,951.85,2156.53,4292.59,2530.71,0.0,27.08,,,,,,,建筑建材,建筑材料,陶瓷制造,,,
sh600145,四维瓷业,2007-03-30,5.7,5.88,5.52,5.82,5.74,8430175.0,48655073.0,1001861784.0,2198126700.0,9245101.56,29718800.129999995,542454926.4100001,927376580.87,384921654.46,5941092.01,1826.06,2203.93,710.02,1031.96,2328.35,1628.53,0.0,,,,,,,,建筑建材,建筑材料,陶瓷制造,,,
sh600145,四维瓷业,2007-04-02,5.9,6.4,5.83,6.33,5.82,16076665.0,99224968.0,1089653796.0,2390746050.0,9245101.56,29718800.129999995,542454926.4100001,927376580.87,384921654.46,5941092.01,3115.3,3651.21,2841.2,1530.85,3039.3,4187.55,919.12,545.31,,,,,,,建筑建材,建筑材料,陶瓷制造,,,
sh600145,四维瓷业,2007-04-03,6.35,6.4,6.2,6.29,6.33,14508270.0,91671357.0,1082768148.0,2375638650.0,9245101.56,29718800.129999995,542454926.4100001,927376580.87,384921654.46,5941092.01,3502.05,3378.17,1280.92,2409.68,4118.81,2801.2,257.07,569.8,,,,,,,建筑建材,建筑材料,陶瓷制造,,,
sh600145,四维瓷业,2007-04-04,6.4,6.45,6.15,6.24,6.29,11606615.0,73224367.0,1074161088.0,2356754400.0,9245101.56,29718800.129999995,542454926.4100001,927376580.87,384921654.46,5941092.01,2839.24,2977.87,1055.46,1960.99,3427.73,2383.57,0.0,,,,,,,,建筑建材,建筑材料,陶瓷制造,,,
sh600145,四维瓷业,2007-04-05,6.23,6.66,6.0,6.58,6.24,23926284.0,154530686.0,1132689096.0,2485167300.0,9245101.56,29718800.129999995,542454926.4100001,927376580.87,384921654.46,5941092.01,5331.41,5319.37,4403.72,2358.73,3696.6,6304.57,2021.34,1470.4,,,,,,,建筑建材,建筑材料,陶瓷制造,,,
sh600145,四维瓷业,2007-04-06,6.63,6.73,6.55,6.6,6.58,22629823.0,149965136.0,1136131920.0,2492721000.0,9245101.56,29718800.129999995,542454926.4100001,927376580.87,384921654.46,5941092.01,5525.05,5453.37,2390.34,4538.98,6622.08,3822.42,0.0,1181.74,,,,,,,建筑建材,建筑材料,陶瓷制造,,,
sh600145,四维瓷业,2007-04-09,6.63,6.66,6.5,6.6,6.6,17487075.0,115363195.0,1136131920.0,2492721000.0,9245101.56,29718800.129999995,542454926.4100001,927376580.87,384921654.46,5941092.01,3351.45,3579.92,1978.86,1456.71,3621.96,3211.95,271.01,974.7,,,,,,,建筑建材,建筑材料,陶瓷制造,,,
sh600145,四维瓷业,2007-04-10,6.62,6.94,6.57,6.85,6.6,23134883.0,156572015.0,1179167220.0,2587142250.0,9245101.56,29718800.129999995,542454926.4100001,927376580.87,384921654.46,5941092.01,5890.99,5548.96,3874.94,3128.9,5246.0,5992.95,645.27,986.4,,,,,,,建筑建材,建筑材料,陶瓷制造,,,
sh600145,四维瓷业,2007-04-11,6.8,6.8,6.54,6.68,6.85,14979969.0,99832051.0,1149903216.0,2522935800.0,9245101.56,29718800.129999995,542454926.4100001,927376580.87,384921654.46,5941092.01,3099.0,3538.75,1424.35,2179.97,3993.62,2755.25,0.0,43.01,,,,,,,建筑建材,建筑材料,陶瓷制造,,,
sh600145,四维瓷业,2007-04-12,6.68,6.91,6.55,6.85,6.68,19150067.0,129591199.0,1179167220.0,2587142250.0,9245101.56,29718800.129999995,542454926.4100001,927376580.87,384921654.46,5941092.01,4679.18,4209.92,2386.84,2240.96,3321.94,4581.85,1177.17,532.39,,,,,,,建筑建材,建筑材料,陶瓷制造,,,
sh600145,四维瓷业,2007-04-13,6.88,6.88,6.6,6.63,6.85,19510625.0,132314090.0,1141296156.0,2504051550.0,9245101.56,29718800.129999995,542454926.4100001,927376580.87,384921654.46,5941092.01,4975.15,4775.56,1714.65,4444.67,6416.87,3590.64,124.74,420.54,,,,,,,建筑建材,建筑材料,陶瓷制造,,,
sh600145,四维瓷业,2007-04-16,6.69,6.76,6.58,6.75,6.63,16403066.0,109665630.0,1161953100.0,2549373750.0,9245101.56,29718800.129999995,542454926.4100001,927376580.87,384921654.46,5941092.01,3449.31,3033.22,1923.01,2783.63,4042.57,3047.29,551.98,1102.71,,,,,,,建筑建材,建筑材料,陶瓷制造,,,
sh600145,四维瓷业,2007-04-17,6.76,7.05,6.7,7.03,6.75,22787745.0,157069793.0,1210152636.0,2655125550.0,9245101.56,29718800.129999995,542454926.4100001,927376580.87,384921654.46,5941092.01,,,,,,,,,,,,,,,建筑建材,建筑材料,陶瓷制造,,,
sh600145,四维瓷业,2007-04-18,7.03,7.42,7.0,7.25,7.03,18671743.0,135347432.0,1248023700.0,2738216250.0,9245101.56,29718800.129999995,542454926.4100001,927376580.87,384921654.46,5941092.01,4587.33,5132.66,3173.69,2856.9,4320.65,3945.42,0.0,146.7,,,,,,,建筑建材,建筑材料,陶瓷制造,,,
sh600145,四维瓷业,2007-04-19,7.25,7.25,6.6,6.8,7.25,20109140.0,140880617.0,1170560160.0,2568258000.0,9245101.56,29718800.129999995,542454926.4100001,927376580.87,384921654.46,5941092.01,4932.07,5606.47,3663.93,3172.47,4971.06,5068.94,521.0,240.19,,,,,,,建筑建材,建筑材料,陶瓷制造,,,
sh600145,四维瓷业,2007-04-20,6.8,7.48,6.8,7.48,6.8,16632923.0,122329745.0,1287616176.0,2825083800.0,9245101.56,29718800.129999995,542454926.4100001,927376580.87,384921654.46,5941092.01,3008.99,4241.58,4597.49,2570.31,1815.27,4569.01,2806.35,,,,,,,,建筑建材,建筑材料,陶瓷制造,,,
sh600145,四维瓷业,2007-04-23,7.71,8.23,7.7,8.18,7.48,35609432.0,287682930.0,1408115016.0,3089463300.0,9245101.56,29718800.129999995,542454926.4100001,927376580.87,384921654.46,5941092.01,,,,,,,,,,,,,,,建筑建材,建筑材料,陶瓷制造,,,
sh600145,四维瓷业,2007-04-24,8.17,8.34,7.85,8.08,8.18,20537010.0,167049904.0,1390900896.0,3051694800.0,9245101.56,29718800.129999995,542454926.4100001,927376580.87,384921654.46,5941092.01,5751.29,5352.19,2348.15,2974.12,4725.35,4007.46,487.9,978.92,,,,,,,建筑建材,建筑材料,陶瓷制造,,,
sh600145,四维瓷业,2007-04-25,7.98,8.03,7.6,7.91,8.08,13044895.0,102288364.0,1361636892.0,2987488350.0,9245101.56,29718800.129999995,542454926.4100001,927376580.87,384921654.46,5941092.01,3260.42,3206.06,1080.26,2658.89,4423.75,2794.29,0.0,,,,,,,,建筑建材,建筑材料,陶瓷制造,,,
sh600145,四维瓷业,2007-04-26,7.95,8.17,7.7,8.01,7.91,15441281.0,122609890.0,1378851012.0,3025256850.0,9245101.56,29718800.129999995,542454926.4100001,927376580.87,384921654.46,5941092.01,4794.13,4844.19,2191.02,3066.87,4957.02,3509.25,318.83,840.67,,,,,,,建筑建材,建筑材料,陶瓷制造,,,
sh600145,四维瓷业,2007-04-27,8.05,8.09,7.8,7.94,8.01,11453036.0,90696749.0,1366801128.0,2998818900.0,9245101.56,29718800.129999995,542454926.4100001,927376580.87,384921654.46,5941092.01,,,,,,,,,,,,,,,建筑建材,建筑材料,陶瓷制造,,,
sh600145,四维瓷业,2007-04-30,7.88,8.73,7.85,8.73,7.94,26664301.0,225796412.0,1502792676.0,3297190050.0,6061216.480000001,37302026.1,539280762.24,965720131.61,426439369.37,-4543340.27,,,,,,,,,,,,,,,建筑建材,建筑材料,陶瓷制造,,,
sh600145,四维瓷业,2007-05-08,9.6,9.6,9.0,9.6,8.73,3799333.0,36470224.0,1652555520.0,3625776000.0,6061216.480000001,37302026.1,539280762.24,965720131.61,426439369.37,-4543340.27,,,,,,,,,,,,,,,建筑建材,建筑材料,陶瓷制造,,,
sh600145,四维瓷业,2007-05-09,10.56,10.56,9.7,10.02,9.6,31143551.0,318584021.0,1724854824.0,3784403700.0,6061216.480000001,37302026.1,539280762.24,965720131.61,426439369.37,-4543340.27,12166.39,11186.75,6886.89,8303.12,8406.99,6852.47,1679.21,2797.14,,,,,,,建筑建材,建筑材料,陶瓷制造,,,
sh600145,四维瓷业,2007-05-10,9.94,11.01,9.7,10.59,10.02,15922193.0,169635166.0,1822975308.0,3999684150.0,6061216.480000001,37302026.1,539280762.24,965720131.61,426439369.37,-4543340.27,7331.13,6822.5,4532.34,4879.95,4586.85,4805.33,506.0,448.53,,,,,,,建筑建材,建筑材料,陶瓷制造,,,
sh600145,四维瓷业,2007-05-11,10.26,10.99,9.7,10.15,10.59,16189406.0,165611481.0,1747233180.0,3833502750.0,6061216.480000001,37302026.1,539280762.24,965720131.61,426439369.37,-4543340.27,6901.48,6356.11,4017.78,5533.07,5249.66,4241.72,299.95,337.98,,,,,,,建筑建材,建筑材料,陶瓷制造,,,
sh600145,四维瓷业,2007-05-14,10.0,10.66,9.82,9.98,10.15,12322308.0,125702059.0,1717969176.0,3769296300.0,6061216.480000001,37302026.1,539280762.24,965720131.61,426439369.37,-4543340.27,5174.24,5223.04,3100.45,3684.92,3964.33,3599.55,325.19,56.71,,,,,,,建筑建材,建筑材料,陶瓷制造,,,
sh600145,四维瓷业,2007-05-15,9.95,10.08,9.06,9.12,9.98,13813485.0,131510087.0,1569927744.0,3444487200.0,6061216.480000001,37302026.1,539280762.24,965720131.61,426439369.37,-4543340.27,,,,,,,,,,,,,,,建筑建材,建筑材料,陶瓷制造,,,
sh600145,四维瓷业,2007-05-16,9.0,9.99,8.85,9.69,9.12,14641242.0,136035932.0,1668048228.0,3659767650.0,6061216.480000001,37302026.1,539280762.24,965720131.61,426439369.37,-4543340.27,6208.25,6060.4,2561.69,2672.06,3847.28,4100.19,215.42,,,,,,,,建筑建材,建筑材料,陶瓷制造,,,
sh600145,四维瓷业,2007-05-17,9.7,10.16,9.69,9.79,9.69,12191724.0,120359124.0,1685262348.0,3697536150.0,6061216.480000001,37302026.1,539280762.24,965720131.61,426439369.37,-4543340.27,5041.23,4497.65,2143.68,2703.98,3570.86,2543.6,0.0,1010.54,,,,,,,建筑建材,建筑材料,陶瓷制造,,,
sh600145,四维瓷业,2007-05-18,9.85,10.18,9.8,10.03,9.79,12314521.0,123521361.0,1726576236.0,3788180550.0,6061216.480000001,37302026.1,539280762.24,965720131.61,426439369.37,-4543340.27,5589.66,5796.14,2744.24,2049.12,3397.85,4053.58,518.6,,,,,,,,建筑建材,建筑材料,陶瓷制造,,,
sh600145,四维瓷业,2007-05-21,9.78,11.03,9.6,11.03,10.03,22770007.0,238627832.0,1898717436.0,4165865550.0,6061216.480000001,37302026.1,539280762.24,965720131.61,426439369.37,-4543340.27,9670.07,9105.3,7178.42,5996.08,5291.16,7317.35,1573.62,1294.53,,,,,,,建筑建材,建筑材料,陶瓷制造,,,
sh600145,四维瓷业,2007-05-23,11.49,12.0,11.06,11.21,11.03,18477196.0,210319150.0,1929702852.0,4233848850.0,6061216.480000001,37302026.1,539280762.24,965720131.61,426439369.37,-4543340.27,8329.54,7868.12,3798.2,6441.65,7248.78,5379.38,0.0,553.34,,,,,,,建筑建材,建筑材料,陶瓷制造,,,
sh600145,四维瓷业,2007-05-24,11.25,11.25,10.49,10.78,11.21,15144021.0,162475696.0,1855682136.0,4071444300.0,6061216.480000001,37302026.1,539280762.24,965720131.61,426439369.37,-4543340.27,6561.53,6467.64,2684.53,5210.27,6678.8,4094.78,0.0,,,,,,,,建筑建材,建筑材料,陶瓷制造,,,
sh600145,四维瓷业,2007-05-25,10.7,11.49,10.47,11.25,10.78,13146893.0,145582693.0,1936588500.0,4248956250.0,6061216.480000001,37302026.1,539280762.24,965720131.61,426439369.37,-4543340.27,5807.88,6125.95,3897.61,2966.75,4055.05,5067.58,494.37,94.65,,,,,,,建筑建材,建筑材料,陶瓷制造,,,
sh600145,四维瓷业,2007-05-28,11.28,11.52,11.0,11.28,11.25,12257939.0,138121600.0,1941752736.0,4260286800.0,6061216.480000001,37302026.1,539280762.24,965720131.61,426439369.37,-4543340.27,5265.36,4627.13,2294.02,3239.85,4112.26,3855.97,372.58,321.28,,,,,,,建筑建材,建筑材料,陶瓷制造,,,
sh600145,四维瓷业,2007-05-29,11.28,11.3,10.75,11.07,11.28,15768659.0,173179520.0,1905603084.0,4180972950.0,6061216.480000001,37302026.1,539280762.24,965720131.61,426439369.37,-4543340.27,6595.41,6620.38,3983.66,6333.74,6355.11,3628.25,379.84,731.65,,,,,,,建筑建材,建筑材料,陶瓷制造,,,
sh600145,四维瓷业,2007-05-30,9.96,10.58,9.96,9.96,11.07,14649202.0,148968892.0,1714526352.0,3761742600.0,6061216.480000001,37302026.1,539280762.24,965720131.61,426439369.37,-4543340.27,5367.79,4117.19,1820.27,4373.12,6796.12,2768.86,0.0,,,,,,,,建筑建材,建筑材料,陶瓷制造,,,
sh600145,四维瓷业,2007-05-31,9.06,9.5,8.96,8.97,9.96,14609399.0,132437025.0,1544106564.0,3387834450.0,6061216.480000001,37302026.1,539280762.24,965720131.61,426439369.37,-4543340.27,4415.63,4345.56,2848.47,3048.27,3561.18,2926.43,1522.56,2027.59,,,,,,,建筑建材,建筑材料,陶瓷制造,,,
sh600145,四维瓷业,2007-06-01,8.71,9.0,8.07,8.07,8.97,11710800.0,97351428.0,1389179484.0,3047917950.0,6061216.480000001,37302026.1,539280762.24,965720131.61,426439369.37,-4543340.27,4219.43,3971.6,2341.99,2560.69,3038.85,2560.29,0.0,635.13,,,,,,,建筑建材,建筑材料,陶瓷制造,,,
sh600145,四维瓷业,2007-06-04,7.69,7.7,7.26,7.26,8.07,2669100.0,19607260.0,1249745112.0,2741993100.0,6061216.480000001,37302026.1,539280762.24,965720131.61,426439369.37,-4543340.27,659.49,763.02,0.0,,537.65,521.15,0.0,,,,,,,,建筑建材,建筑材料,陶瓷制造,,,
sh600145,四维瓷业,2007-06-05,6.53,7.25,6.53,7.21,7.26,23681092.0,156772472.0,1241138052.0,2723108850.0,6061216.480000001,37302026.1,539280762.24,965720131.61,426439369.37,-4543340.27,5044.6,5288.48,4530.35,3144.55,3321.0,5293.83,2710.67,1879.75,,,,,,,建筑建材,建筑材料,陶瓷制造,,,
sh600145,四维瓷业,2007-06-06,7.22,7.36,6.49,6.98,7.21,17586277.0,122936836.0,1201545576.0,2636241300.0,6061216.480000001,37302026.1,539280762.24,965720131.61,426439369.37,-4543340.27,4948.23,4507.21,2330.94,3174.95,4499.87,3318.26,494.41,1273.03,,,,,,,建筑建材,建筑材料,陶瓷制造,,,
sh600145,四维瓷业,2007-06-07,7.15,7.68,7.0,7.68,6.98,15727134.0,114800732.0,1322044416.0,2900620800.0,6061216.480000001,37302026.1,539280762.24,965720131.61,426439369.37,-4543340.27,3949.14,4036.42,2571.66,1921.0,2970.93,3878.93,793.43,448.8,,,,,,,建筑建材,建筑材料,陶瓷制造,,,
sh600145,四维瓷业,2007-06-08,7.9,8.45,7.65,8.19,7.68,19411560.0,158075040.0,1409836428.0,3093240150.0,6061216.480000001,37302026.1,539280762.24,965720131.61,426439369.37,-4543340.27,6841.32,6384.59,3582.5,3706.04,4906.43,4891.75,461.52,809.39,,,,,,,建筑建材,建筑材料,陶瓷制造,,,
sh600145,四维瓷业,2007-06-11,8.87,9.01,8.4,9.01,8.19,17620437.0,154546644.0,1550992212.0,3402941850.0,6061216.480000001,37302026.1,539280762.24,965720131.61,426439369.37,-4543340.27,5080.02,5158.17,2573.52,3024.41,3767.12,3404.14,469.86,,,,,,,,建筑建材,建筑材料,陶瓷制造,,,
sh600145,四维瓷业,2007-06-12,9.3,9.91,8.8,9.91,9.01,18961139.0,180576517.0,1705919292.0,3742858350.0,6061216.480000001,37302026.1,539280762.24,965720131.61,426439369.37,-4543340.27,8165.19,7286.47,3742.86,5307.09,5809.06,5196.48,340.27,267.33,,,,,,,建筑建材,建筑材料,陶瓷制造,,,
sh600145,四维瓷业,2007-06-13,10.41,10.5,9.36,9.91,9.91,26529412.0,266549261.0,1705919292.0,3742858350.0,6061216.480000001,37302026.1,539280762.24,965720131.61,426439369.37,-4543340.27,9088.71,10112.26,5363.21,6485.03,8235.02,6371.11,874.89,593.43,,,,,,,建筑建材,建筑材料,陶瓷制造,,,
sh600145,四维瓷业,2007-06-14,9.79,9.79,9.15,9.27,9.91,14683546.0,138536353.0,1595748924.0,3501139950.0,6061216.480000001,37302026.1,539280762.24,965720131.61,426439369.37,-4543340.27,5779.54,5509.43,2265.68,3780.63,5682.59,4000.73,0.0,456.95,,,,,,,建筑建材,建筑材料,陶瓷制造,,,
sh600145,四维瓷业,2007-06-15,9.18,9.84,8.54,9.64,9.27,16051981.0,146556169.0,1659441168.0,3640883400.0,6061216.480000001,37302026.1,539280762.24,965720131.61,426439369.37,-4543340.27,5204.92,5574.59,3196.85,4015.86,4825.05,4245.65,932.34,323.05,,,,,,,建筑建材,建筑材料,陶瓷制造,,,
sh600145,四维瓷业,2007-06-18,9.8,10.25,9.49,9.71,9.64,21854542.0,215079596.0,1671491052.0,3667321350.0,6061216.480000001,37302026.1,539280762.24,965720131.61,426439369.37,-4543340.27,9133.71,8431.24,3478.93,4743.53,8276.61,7074.65,344.4,984.24,,,,,,,建筑建材,建筑材料,陶瓷制造,,,
sh600145,四维瓷业,2007-06-19,9.5,9.67,9.1,9.46,9.71,10846578.0,102274418.0,1628455752.0,3572900100.0,6061216.480000001,37302026.1,539280762.24,965720131.61,426439369.37,-4543340.27,4046.01,4327.81,1610.85,2001.13,4322.92,3673.24,241.44,,,,,,,,建筑建材,建筑材料,陶瓷制造,,,
sh600145,四维瓷业,2007-06-20,9.46,9.46,8.7,8.83,9.46,11038529.0,101092550.0,1520006796.0,3334958550.0,6061216.480000001,37302026.1,539280762.24,965720131.61,426439369.37,-4543340.27,3949.89,3981.25,1213.35,2515.15,4666.15,2856.75,0.0,476.24,,,,,,,建筑建材,建筑材料,陶瓷制造,,,
sh600145,四维瓷业,2007-06-21,8.6,9.0,8.31,8.43,8.83,8194340.0,70040082.0,1451150316.0,3183884550.0,6061216.480000001,37302026.1,539280762.24,965720131.61,426439369.37,-4543340.27,2796.24,3118.55,787.32,1499.94,3408.93,2374.0,0.0,,,,,,,,建筑建材,建筑材料,陶瓷制造,,,
sh600145,四维瓷业,2007-06-22,8.4,8.97,8.05,8.46,8.43,9834700.0,84369118.0,1456314552.0,3195215100.0,6061216.480000001,37302026.1,539280762.24,965720131.61,426439369.37,-4543340.27,3738.82,3689.81,1231.02,1272.09,3457.71,3465.65,0.0,,,,,,,,建筑建材,建筑材料,陶瓷制造,,,
sh600145,四维瓷业,2007-06-25,8.66,8.86,7.61,7.66,8.46,10061563.0,82560200.0,1318601592.0,2893067100.0,6061216.480000001,37302026.1,539280762.24,965720131.61,426439369.37,-4543340.27,3401.92,3141.73,1318.41,1645.38,3328.13,2830.14,86.01,517.22,,,,,,,建筑建材,建筑材料,陶瓷制造,,,
sh600145,四维瓷业,2007-06-26,7.15,7.84,6.89,7.75,7.66,9772100.0,70302291.0,1334094300.0,2927058750.0,6061216.480000001,37302026.1,539280762.24,965720131.61,426439369.37,-4543340.27,2164.48,1819.03,522.01,879.53,1970.63,1875.8,0.0,,,,,,,,建筑建材,建筑材料,陶瓷制造,,,
sh600145,四维瓷业,2007-06-27,7.84,7.95,7.32,7.89,7.75,9368645.0,72231235.0,1358194068.0,2979934650.0,6061216.480000001,37302026.1,539280762.24,965720131.61,426439369.37,-4543340.27,2964.9,2927.93,1500.47,1420.17,2689.69,2806.96,0.0,,,,,,,,建筑建材,建筑材料,陶瓷制造,,,
sh600145,四维瓷业,2007-06-28,7.85,8.22,7.11,7.12,7.89,6822096.0,52491229.0,1225645344.0,2689117200.0,6061216.480000001,37302026.1,539280762.24,965720131.61,426439369.37,-4543340.27,2276.87,2487.22,567.1,663.2,2349.08,2047.98,0.0,,,,,,,,建筑建材,建筑材料,陶瓷制造,,,
sh600145,四维瓷业,2007-06-29,7.09,7.59,6.9,7.25,7.12,8018426.0,58556358.0,1248023700.0,2738216250.0,6061216.480000001,37302026.1,539280762.24,965720131.61,426439369.37,-4543340.27,2157.37,2133.92,848.63,679.13,2440.6,2633.54,0.0,,,,,,,,建筑建材,建筑材料,陶瓷制造,,,
sh600145,四维瓷业,2007-07-02,7.2,7.45,6.88,7.37,7.25,4619068.0,32968494.0,1268680644.0,2783538450.0,6061216.480000001,37302026.1,539280762.24,965720131.61,426439369.37,-4543340.27,1153.25,1350.74,359.55,496.85,1755.48,1449.26,28.57,,,,,,,,建筑建材,建筑材料,陶瓷制造,,,
sh600145,四维瓷业,2007-07-03,7.4,7.47,7.01,7.32,7.37,3268538.0,23735585.0,1260073584.0,2764654200.0,6061216.480000001,37302026.1,539280762.24,965720131.61,426439369.37,-4543340.27,874.06,770.96,425.12,479.73,870.65,965.57,46.43,,,,,,,,建筑建材,建筑材料,陶瓷制造,,,
sh600145,四维瓷业,2007-07-04,7.32,7.4,6.9,6.98,7.32,3287510.0,23324365.0,1201545576.0,2636241300.0,6061216.480000001,37302026.1,539280762.24,965720131.61,426439369.37,-4543340.27,439.68,643.2,253.15,229.12,890.02,716.48,0.0,,,,,,,,建筑建材,建筑材料,陶瓷制造,,,
sh600145,四维瓷业,2007-07-05,6.99,6.99,6.28,6.28,6.98,5516553.0,35692804.0,1081046736.0,2371861800.0,6061216.480000001,37302026.1,539280762.24,965720131.61,426439369.37,-4543340.27,1443.38,1568.35,357.53,413.9,1764.97,1298.03,0.0,285.61,,,,,,,建筑建材,建筑材料,陶瓷制造,,,
sh600145,四维瓷业,2007-07-06,6.28,6.75,6.0,6.66,6.28,5827548.0,37323051.0,1146460392.0,2515382100.0,6061216.480000001,37302026.1,539280762.24,965720131.61,426439369.37,-4543340.27,1512.27,1424.06,343.5,343.03,1614.94,1703.62,0.0,,,,,,,,建筑建材,建筑材料,陶瓷制造,,,
sh600145,四维瓷业,2007-07-09,6.78,7.09,6.5,6.81,6.66,5006011.0,34169720.0,1172281572.0,2572034850.0,6061216.480000001,37302026.1,539280762.24,965720131.61,426439369.37,-4543340.27,1577.38,1450.09,453.82,252.81,1189.2,1517.5,0.0,,,,,,,,建筑建材,建筑材料,陶瓷制造,,,
sh600145,四维瓷业,2007-07-10,6.81,6.81,6.37,6.43,6.81,3666435.0,23879045.0,1106867916.0,2428514550.0,6061216.480000001,37302026.1,539280762.24,965720131.61,426439369.37,-4543340.27,771.48,826.24,74.85,309.37,1102.61,813.33,0.0,,,,,,,,建筑建材,建筑材料,陶瓷制造,,,
sh600145,四维瓷业,2007-07-11,6.42,6.58,6.28,6.54,6.43,2163636.0,13850934.0,1125803448.0,2470059900.0,6061216.480000001,37302026.1,539280762.24,965720131.61,426439369.37,-4543340.27,641.3,581.67,0.0,83.63,703.68,679.69,0.0,,,,,,,,建筑建材,建筑材料,陶瓷制造,,,
sh600145,四维瓷业,2007-07-12,6.54,6.77,6.36,6.66,6.54,2829810.0,18681761.0,1146460392.0,2515382100.0,6061216.480000001,37302026.1,539280762.24,965720131.61,426439369.37,-4543340.27,548.49,553.94,282.26,147.34,666.04,795.51,0.0,,,,,,,,建筑建材,建筑材料,陶瓷制造,,,
sh600145,四维瓷业,2007-07-13,6.6,6.66,6.45,6.54,6.66,1242747.0,8098566.0,1125803448.0,2470059900.0,6061216.480000001,37302026.1,539280762.24,965720131.61,426439369.37,-4543340.27,326.15,294.15,39.81,70.75,443.44,444.5,0.0,,,,,,,,建筑建材,建筑材料,陶瓷制造,,,
sh600145,四维瓷业,2007-07-16,6.49,6.6,6.21,6.38,6.54,2179203.0,13819688.0,1098260856.0,2409630300.0,6061216.480000001,37302026.1,539280762.24,965720131.61,426439369.37,-4543340.27,551.42,746.76,49.42,20.87,750.53,583.74,0.0,,,,,,,,建筑建材,建筑材料,陶瓷制造,,,
sh600145,四维瓷业,2007-07-17,6.36,6.59,6.11,6.48,6.38,1994020.0,12744859.0,1115474976.0,2447398800.0,6061216.480000001,37302026.1,539280762.24,965720131.61,426439369.37,-4543340.27,569.57,585.67,59.99,36.87,644.93,651.95,0.0,,,,,,,,建筑建材,建筑材料,陶瓷制造,,,
sh600145,四维瓷业,2007-07-18,6.39,6.5,6.26,6.35,6.48,2161148.0,13747880.0,1093096620.0,2398299750.0,6061216.480000001,37302026.1,539280762.24,965720131.61,426439369.37,-4543340.27,530.17,590.75,92.67,126.94,663.59,453.03,0.0,115.71,,,,,,,建筑建材,建筑材料,陶瓷制造,,,
sh600145,四维瓷业,2007-07-19,6.42,6.42,6.24,6.37,6.35,1413047.0,8919559.0,1096539444.0,2405853450.0,6061216.480000001,37302026.1,539280762.24,965720131.61,426439369.37,-4543340.27,381.13,350.97,0.0,89.67,483.36,447.06,0.0,,,,,,,,建筑建材,建筑材料,陶瓷制造,,,
sh600145,四维瓷业,2007-07-20,6.39,6.65,6.3,6.56,6.37,4303359.0,28043908.0,1129246272.0,2477613600.0,6061216.480000001,37302026.1,539280762.24,965720131.61,426439369.37,-4543340.27,1058.89,1049.12,500.48,222.57,1147.99,1316.87,12.93,131.73,,,,,,,建筑建材,建筑材料,陶瓷制造,,,
sh600145,四维瓷业,2007-07-23,6.57,7.1,6.56,7.0,6.56,5832829.0,40430833.0,1204988400.0,2643795000.0,6061216.480000001,37302026.1,539280762.24,965720131.61,426439369.37,-4543340.27,1430.89,1487.87,846.88,640.72,1411.34,1679.31,0.0,,,,,,,,建筑建材,建筑材料,陶瓷制造,,,
sh600145,四维瓷业,2007-07-24,7.05,7.26,6.85,6.88,7.0,4250432.0,30109420.0,1184331456.0,2598472800.0,6061216.480000001,37302026.1,539280762.24,965720131.61,426439369.37,-4543340.27,1235.55,1166.16,204.81,389.75,1464.72,1349.17,0.0,,,,,,,,建筑建材,建筑材料,陶瓷制造,,,
sh600145,四维瓷业,2007-07-25,7.18,7.22,7.01,7.18,6.88,4507434.0,32143771.0,1235973816.0,2711778300.0,6061216.480000001,37302026.1,539280762.24,965720131.61,426439369.37,-4543340.27,1286.44,1319.83,452.94,352.35,1295.07,1288.61,0.0,73.66,,,,,,,建筑建材,建筑材料,陶瓷制造,,,
sh600145,XD四维瓷,2007-07-26,7.18,7.48,7.01,7.4,7.17,5061624.0,36752284.0,1273844880.0,2794869000.0,6061216.480000001,37302026.1,539280762.24,965720131.61,426439369.37,-4543340.27,1496.41,1413.41,528.44,570.91,1455.34,1611.8,115.92,,,,,,,,建筑建材,建筑材料,陶瓷制造,,,
sh600145,四维瓷业,2007-07-27,7.45,8.14,7.2,8.14,7.4,12212648.0,97281615.0,1401229368.0,3074355900.0,6061216.480000001,37302026.1,539280762.24,965720131.61,426439369.37,-4543340.27,2793.31,3219.02,3620.14,2512.03,1661.97,2993.45,1641.59,992.51,,,,,,,建筑建材,建筑材料,陶瓷制造,,,
sh600145,四维瓷业,2007-07-30,8.25,8.3,8.0,8.11,8.14,11353296.0,92711979.0,1396065132.0,3063025350.0,6061216.480000001,37302026.1,539280762.24,965720131.61,426439369.37,-4543340.27,3977.32,3517.52,1962.39,3252.83,3186.82,2155.53,0.0,,,,,,,,建筑建材,建筑材料,陶瓷制造,,,
sh600145,四维瓷业,2007-07-31,8.09,8.17,7.76,8.09,8.11,7082674.0,56422744.0,1392622308.0,3055471650.0,6061216.480000001,37302026.1,539280762.24,965720131.61,426439369.37,-4543340.27,2354.18,2332.42,976.32,1230.08,2286.96,2052.04,0.0,,,,,,,,建筑建材,建筑材料,陶瓷制造,,,
sh600145,四维瓷业,2007-08-01,8.0,8.15,7.3,7.34,8.09,6728994.0,52520967.0,1263516408.0,2772207900.0,6061216.480000001,37302026.1,539280762.24,965720131.61,426439369.37,-4543340.27,2398.8,2109.01,492.57,973.91,2277.92,1896.87,0.0,,,,,,,,建筑建材,建筑材料,陶瓷制造,,,
sh600145,四维瓷业,2007-08-02,7.28,7.87,7.28,7.82,7.34,5642545.0,42830106.0,1346144184.0,2953496700.0,6061216.480000001,37302026.1,539280762.24,965720131.61,426439369.37,-4543340.27,1804.22,1750.67,844.51,615.87,1467.13,1794.18,44.86,,,,,,,,建筑建材,建筑材料,陶瓷制造,,,
sh600145,四维瓷业,2007-08-03,7.9,8.0,7.58,7.85,7.82,5922546.0,46044440.0,1351308420.0,2964827250.0,6061216.480000001,37302026.1,539280762.24,965720131.61,426439369.37,-4543340.27,1920.18,1810.56,904.95,995.55,1713.72,1688.84,56.94,,,,,,,,建筑建材,建筑材料,陶瓷制造,,,
sh600145,四维瓷业,2007-08-06,7.9,8.27,7.8,7.9,7.85,5892353.0,47258648.0,1359915480.0,2983711500.0,6061216.480000001,37302026.1,539280762.24,965720131.61,426439369.37,-4543340.27,2221.34,1943.37,558.55,837.1,1648.71,1553.25,0.0,,,,,,,,建筑建材,建筑材料,陶瓷制造,,,
sh600145,四维瓷业,2007-08-07,7.9,8.0,7.6,7.73,7.9,5159798.0,40164325.0,1330651476.0,2919505050.0,6061216.480000001,37302026.1,539280762.24,965720131.61,426439369.37,-4543340.27,1587.86,1579.93,816.38,966.38,1571.13,1429.06,0.0,,,,,,,,建筑建材,建筑材料,陶瓷制造,,,
sh600145,四维瓷业,2007-08-08,7.65,7.65,7.32,7.59,7.73,4841362.0,36049818.0,1306551708.0,2866629150.0,6061216.480000001,37302026.1,539280762.24,965720131.61,426439369.37,-4543340.27,1172.86,1354.78,423.88,798.82,1647.43,1090.57,0.0,,,,,,,,建筑建材,建筑材料,陶瓷制造,,,
sh600145,四维瓷业,2007-08-09,7.59,8.35,7.56,8.35,7.59,13106213.0,105440168.0,1437379020.0,3153669750.0,6061216.480000001,37302026.1,539280762.24,965720131.61,426439369.37,-4543340.27,3759.19,3860.86,3044.22,1399.26,2306.67,3884.95,252.17,217.18,,,,,,,建筑建材,建筑材料,陶瓷制造,,,
sh600145,四维瓷业,2007-08-13,8.45,9.19,8.05,8.91,8.35,17533335.0,153083641.0,1533778092.0,3365173350.0,6061216.480000001,37302026.1,539280762.24,965720131.61,426439369.37,-4543340.27,5465.46,7060.7,5351.46,2639.18,3624.1,5231.33,855.65,,,,,,,,建筑建材,建筑材料,陶瓷制造,,,
sh600145,四维瓷业,2007-08-14,8.8,8.9,8.6,8.79,8.91,8930813.0,78296192.0,1513121148.0,3319851150.0,6061216.480000001,37302026.1,539280762.24,965720131.61,426439369.37,-4543340.27,3686.64,2939.43,1716.4,2451.79,1829.78,1801.35,0.0,201.29,,,,,,,建筑建材,建筑材料,陶瓷制造,,,
sh600145,四维瓷业,2007-08-15,8.8,9.67,8.8,9.67,8.79,17756671.0,167463557.0,1664605404.0,3652213950.0,6061216.480000001,37302026.1,539280762.24,965720131.61,426439369.37,-4543340.27,5385.46,6334.83,5034.83,4233.75,2669.3,5182.95,3455.01,793.07,,,,,,,建筑建材,建筑材料,陶瓷制造,,,
sh600145,四维瓷业,2007-08-17,10.64,10.64,9.35,9.36,9.67,15978943.0,158934560.0,1611241632.0,3535131600.0,6061216.480000001,37302026.1,539280762.24,965720131.61,426439369.37,-4543340.27,6154.75,6833.95,4563.01,5041.56,4649.33,3716.13,0.0,,,,,,,,建筑建材,建筑材料,陶瓷制造,,,
sh600145,四维瓷业,2007-08-20,9.46,9.79,9.2,9.38,9.36,8839063.0,83831871.0,1614684456.0,3542685300.0,6061216.480000001,37302026.1,539280762.24,965720131.61,426439369.37,-4543340.27,3833.24,3826.35,1393.37,2003.69,3145.78,2411.57,0.0,130.78,,,,,,,建筑建材,建筑材料,陶瓷制造,,,
sh600145,四维瓷业,2007-08-21,9.5,9.61,9.04,9.25,9.38,6822777.0,62862283.0,1592306100.0,3493586250.0,6061216.480000001,37302026.1,539280762.24,965720131.61,426439369.37,-4543340.27,2749.11,2518.65,662.89,1800.35,2736.27,1765.96,0.0,191.2,,,,,,,建筑建材,建筑材料,陶瓷制造,,,
sh600145,四维瓷业,2007-08-22,9.5,10.18,9.25,10.0,9.25,11917299.0,118878950.0,1721412000.0,3776850000.0,6061216.480000001,37302026.1,539280762.24,965720131.61,426439369.37,-4543340.27,2774.5,2850.06,1094.55,1169.75,2449.47,2425.38,126.69,,,,,,,,建筑建材,建筑材料,陶瓷制造,,,
sh600145,四维瓷业,2007-08-23,10.15,10.33,9.78,10.15,10.0,8436508.0,84698132.0,1747233180.0,3833502750.0,6061216.480000001,37302026.1,539280762.24,965720131.61,426439369.37,-4543340.27,3069.64,3019.01,1287.66,1658.36,2736.08,2412.79,161.47,,,,,,,,建筑建材,建筑材料,陶瓷制造,,,
sh600145,四维控股,2007-08-24,10.31,10.59,10.0,10.1,10.15,7850939.0,80405144.0,1738626120.0,3814618500.0,6061216.480000001,37302026.1,539280762.24,965720131.61,426439369.37,-4543340.27,3626.2,3371.09,1299.31,2084.01,2983.74,2575.21,121.06,,,,,,,,建筑建材,建筑材料,陶瓷制造,,,
sh600145,四维控股,2007-08-27,10.2,10.36,9.5,9.64,10.1,9662905.0,95329301.0,1659441168.0,3640883400.0,6061216.480000001,37302026.1,539280762.24,965720131.61,426439369.37,-4543340.27,3873.97,4279.74,2163.32,3037.65,3491.04,2195.79,2.44,,,,,,,,建筑建材,建筑材料,陶瓷制造,,,
sh600145,四维控股,2007-08-28,9.8,10.6,9.22,10.6,9.64,17227888.0,177844652.0,1824696720.0,4003461000.0,6061216.480000001,37302026.1,539280762.24,965720131.61,426439369.37,-4543340.27,4542.39,5807.1,4702.57,4096.54,2157.44,4263.86,3521.38,756.27,,,,,,,建筑建材,建筑材料,陶瓷制造,,,
sh600145,四维控股,2007-08-29,10.8,11.52,10.5,10.89,10.6,21230498.0,234077204.0,1874617668.0,4112989650.0,8985524.55,17234125.61,539536064.91,940045914.28,400509849.37,7820760.26,9454.3,7981.89,6164.14,7888.81,6517.9,5140.93,1265.88,2390.58,,,,,,,建筑建材,建筑材料,陶瓷制造,,,
sh600145,四维控股,2007-08-30,10.97,11.28,10.75,11.04,10.89,11347206.0,124194770.0,1900438848.0,4169642400.0,8985524.55,17234125.61,539536064.91,940045914.28,400509849.37,7820760.26,5429.18,4226.61,2909.95,4155.9,3410.95,2924.96,152.99,595.6,,,,,,,建筑建材,建筑材料,陶瓷制造,,,
sh600145,四维控股,2007-08-31,10.89,11.35,10.75,11.11,11.04,8892009.0,97856899.0,1912488732.0,4196080350.0,8985524.55,17234125.61,539536064.91,940045914.28,400509849.37,7820760.26,4191.89,3974.14,2186.77,2627.4,3202.01,2465.51,0.0,513.63,,,,,,,建筑建材,建筑材料,陶瓷制造,,,
sh600145,四维控股,2007-09-03,11.3,11.39,10.97,11.01,11.11,10292454.0,114757995.0,1895274612.0,4158311850.0,8985524.55,17234125.61,539536064.91,940045914.28,400509849.37,7820760.26,4745.12,4278.92,2753.84,3829.29,3573.4,2828.08,0.0,519.73,,,,,,,建筑建材,建筑材料,陶瓷制造,,,
sh600145,四维控股,2007-09-04,10.98,11.1,10.6,10.79,11.01,7326921.0,79026434.0,1857403548.0,4075221150.0,8985524.55,17234125.61,539536064.91,940045914.28,400509849.37,7820760.26,3100.58,2948.08,1487.6,2304.02,2711.83,1842.32,45.14,,,,,,,,建筑建材,建筑材料,陶瓷制造,,,
sh600145,四维控股,2007-09-05,10.75,11.09,10.5,10.66,10.79,6398949.0,68444795.0,1835025192.0,4026122100.0,8985524.55,17234125.61,539536064.91,940045914.28,400509849.37,7820760.26,2722.12,2391.53,854.61,1331.1,2421.55,1648.13,0.0,627.52,,,,,,,建筑建材,建筑材料,陶瓷制造,,,
sh600145,四维控股,2007-09-06,10.6,10.79,10.35,10.52,10.66,9406964.0,98881978.0,1810925424.0,3973246200.0,8985524.55,17234125.61,539536064.91,940045914.28,400509849.37,7820760.26,4187.01,4196.68,1465.79,3321.59,4013.71,2065.24,218.74,301.74,,,,,,,建筑建材,建筑材料,陶瓷制造,,,
sh600145,四维控股,2007-09-07,10.55,10.55,9.8,9.88,10.52,11652301.0,117993175.0,1700755056.0,3731527800.0,8985524.55,17234125.61,539536064.91,940045914.28,400509849.37,7820760.26,4017.09,3996.27,1877.81,3270.94,4494.88,2256.18,355.67,1222.06,,,,,,,建筑建材,建筑材料,陶瓷制造,,,
sh600145,四维控股,2007-09-10,9.72,10.54,9.2,10.25,9.88,7835430.0,77156841.0,1764447300.0,3871271250.0,8985524.55,17234125.61,539536064.91,940045914.28,400509849.37,7820760.26,3476.48,3294.84,1150.61,1754.09,3075.36,2646.65,0.0,6.86,,,,,,,建筑建材,建筑材料,陶瓷制造,,,
sh600145,四维控股,2007-09-11,10.18,11.2,9.91,10.06,10.25,15398096.0,165217574.0,1731740472.0,3799511100.0,8985524.55,17234125.61,539536064.91,940045914.28,400509849.37,7820760.26,6651.17,6690.03,4809.75,3910.16,4004.42,5101.65,0.0,155.25,,,,,,,建筑建材,建筑材料,陶瓷制造,,,
sh600145,四维控股,2007-09-12,10.0,10.5,9.96,10.32,10.06,7705963.0,78507873.0,1776497184.0,3897709200.0,8985524.55,17234125.61,539536064.91,940045914.28,400509849.37,7820760.26,2862.65,2908.43,1393.03,1616.82,2171.23,2004.51,102.86,,,,,,,,建筑建材,建筑材料,陶瓷制造,,,
sh600145,四维控股,2007-09-13,10.37,10.65,10.15,10.29,10.32,5261399.0,54240603.0,1771332948.0,3886378650.0,8985524.55,17234125.61,539536064.91,940045914.28,400509849.37,7820760.26,2548.0,2016.47,848.23,1395.84,1476.75,1432.88,0.0,27.78,,,,,,,建筑建材,建筑材料,陶瓷制造,,,
sh600145,四维控股,2007-09-14,10.29,10.5,9.88,10.13,10.29,6041995.0,61183740.0,1743790356.0,3825949050.0,8985524.55,17234125.61,539536064.91,940045914.28,400509849.37,7820760.26,2229.94,1937.81,1423.73,1864.67,1962.97,1205.79,0.0,608.37,,,,,,,建筑建材,建筑材料,陶瓷制造,,,
sh600145,四维控股,2007-09-17,9.95,10.36,9.95,10.13,10.13,5947504.0,60490688.0,1743790356.0,3825949050.0,8985524.55,17234125.61,539536064.91,940045914.28,400509849.37,7820760.26,2510.69,2360.44,1233.63,1768.24,2155.72,1773.51,102.71,100.56,,,,,,,建筑建材,建筑材料,陶瓷制造,,,
sh600145,四维控股,2007-09-18,10.12,10.28,9.86,10.22,10.13,6751673.0,67835954.0,1759283064.0,3859940700.0,8985524.55,17234125.61,539536064.91,940045914.28,400509849.37,7820760.26,2765.29,2909.83,766.82,1504.96,2550.5,1667.82,0.0,,,,,,,,建筑建材,建筑材料,陶瓷制造,,,
sh600145,四维控股,2007-09-19,10.21,10.22,9.85,9.94,10.22,4306017.0,43072438.0,1711083528.0,3754188900.0,8985524.55,17234125.61,539536064.91,940045914.28,400509849.37,7820760.26,2118.05,2020.58,595.24,1094.98,1588.29,1186.02,0.0,,,,,,,,建筑建材,建筑材料,陶瓷制造,,,
sh600145,四维控股,2007-09-20,9.9,10.1,9.56,9.66,9.94,6752995.0,65680909.0,1662883992.0,3648437100.0,8985524.55,17234125.61,539536064.91,940045914.28,400509849.37,7820760.26,2648.11,2721.77,727.72,2009.67,3094.34,1460.24,0.0,278.48,,,,,,,建筑建材,建筑材料,陶瓷制造,,,
sh600145,四维控股,2007-09-21,9.5,9.7,9.04,9.22,9.66,6327958.0,58720870.0,1587141864.0,3482255700.0,8985524.55,17234125.61,539536064.91,940045914.28,400509849.37,7820760.26,2540.3,2152.64,341.69,1862.9,2774.74,1325.02,0.0,316.16,,,,,,,建筑建材,建筑材料,陶瓷制造,,,
sh600145,四维控股,2007-09-24,9.16,9.65,8.96,9.37,9.22,6017318.0,55972525.0,1612963044.0,3538908450.0,8985524.55,17234125.61,539536064.91,940045914.28,400509849.37,7820760.26,2534.53,2752.57,735.31,1129.47,2015.85,1403.65,0.0,,,,,,,,建筑建材,建筑材料,陶瓷制造,,,
sh600145,四维控股,2007-09-25,9.48,9.78,9.4,9.56,9.37,4824722.0,46247926.0,1645669872.0,3610668600.0,8985524.55,17234125.61,539536064.91,940045914.28,400509849.37,7820760.26,1985.01,1522.54,535.73,779.8,1123.02,1341.42,0.0,,,,,,,,建筑建材,建筑材料,陶瓷制造,,,
sh600145,四维控股,2007-09-26,9.56,10.14,9.46,10.11,9.56,8244767.0,82014400.0,1740347532.0,3818395350.0,8985524.55,17234125.61,539536064.91,940045914.28,400509849.37,7820760.26,3535.28,3642.28,2337.04,983.14,2109.88,3566.82,210.05,,,,,,,,建筑建材,建筑材料,陶瓷制造,,,
sh600145,四维控股,2007-09-27,10.27,10.35,9.33,9.74,10.11,6670039.0,66044755.0,1676655288.0,3678651900.0,8985524.55,17234125.61,539536064.91,940045914.28,400509849.37,7820760.26,2873.65,2988.55,852.41,1865.22,2762.88,1415.64,0.0,219.53,,,,,,,建筑建材,建筑材料,陶瓷制造,,,
sh600145,四维控股,2007-09-28,9.76,9.98,9.68,9.86,9.74,3996512.0,39238687.0,1697312232.0,3723974100.0,8985524.55,17234125.61,539536064.91,940045914.28,400509849.37,7820760.26,1426.78,1844.16,882.51,614.24,1460.0,1310.89,0.0,,,,,,,,建筑建材,建筑材料,陶瓷制造,,,
sh600145,四维控股,2007-10-08,9.98,10.09,9.56,9.63,9.86,3547355.0,34392963.0,1657719756.0,3637106550.0,8985524.55,17234125.61,539536064.91,940045914.28,400509849.37,7820760.26,1421.23,1465.85,230.33,528.1,1274.0,931.61,0.0,,,,,,,,建筑建材,建筑材料,陶瓷制造,,,
sh600145,四维控股,2007-10-09,9.64,9.88,9.4,9.65,9.63,2464216.0,23618964.0,1661162580.0,3644660250.0,8985524.55,17234125.61,539536064.91,940045914.28,400509849.37,7820760.26,1082.36,1155.58,282.72,291.33,983.08,907.47,0.0,,,,,,,,建筑建材,建筑材料,陶瓷制造,,,
sh600145,四维控股,2007-10-10,9.74,10.2,9.71,9.99,9.65,6454076.0,64433866.0,1719690588.0,3773073150.0,8985524.55,17234125.61,539536064.91,940045914.28,400509849.37,7820760.26,2856.33,2642.34,1477.1,1294.63,1291.77,2310.0,621.77,,,,,,,,建筑建材,建筑材料,陶瓷制造,,,
sh600145,四维控股,2007-10-11,10.03,10.14,9.6,9.87,9.99,4661721.0,46211032.0,1699033644.0,3727750950.0,8985524.55,17234125.61,539536064.91,940045914.28,400509849.37,7820760.26,1935.68,1774.02,1043.68,1073.87,1154.46,1282.66,251.03,254.28,,,,,,,建筑建材,建筑材料,陶瓷制造,,,
sh600145,四维控股,2007-10-12,9.88,9.89,8.88,9.11,9.87,7722681.0,70888974.0,1568206332.0,3440710350.0,8985524.55,17234125.61,539536064.91,940045914.28,400509849.37,7820760.26,2905.56,2897.69,1498.63,2432.08,2568.66,1382.37,0.0,373.96,,,,,,,建筑建材,建筑材料,陶瓷制造,,,
sh600145,四维控股,2007-10-15,9.12,9.25,8.6,8.68,9.11,5308565.0,46629567.0,1494185616.0,3278305800.0,8985524.55,17234125.61,539536064.91,940045914.28,400509849.37,7820760.26,1822.52,1996.32,827.14,1230.34,1759.77,1056.14,156.86,283.5,,,,,,,建筑建材,建筑材料,陶瓷制造,,,
sh600145,四维控股,2007-10-16,8.67,9.0,8.6,8.98,8.68,2854937.0,25088262.0,1545827976.0,3391611300.0,8985524.55,17234125.61,539536064.91,940045914.28,400509849.37,7820760.26,973.44,1159.04,360.82,385.94,970.04,759.32,0.0,,,,,,,,建筑建材,建筑材料,陶瓷制造,,,
sh600145,四维控股,2007-10-17,9.08,9.33,8.74,8.99,8.98,3131410.0,28344593.0,1547549388.0,3395388150.0,8985524.55,17234125.61,539536064.91,940045914.28,400509849.37,7820760.26,1116.22,1155.76,601.61,709.1,1022.76,875.73,0.0,,,,,,,,建筑建材,建筑材料,陶瓷制造,,,
sh600145,四维控股,2007-10-18,8.75,9.11,8.31,8.5,8.99,6005961.0,51795882.0,1463200200.0,3210322500.0,8985524.55,17234125.61,539536064.91,940045914.28,400509849.37,7820760.26,2027.91,2398.25,1188.78,1187.3,1681.46,1199.8,0.0,112.8,,,,,,,建筑建材,建筑材料,陶瓷制造,,,
sh600145,四维控股,2007-10-19,8.88,9.07,8.42,8.59,8.5,3030073.0,26462242.0,1478692908.0,3244314150.0,8985524.55,17234125.61,539536064.91,940045914.28,400509849.37,7820760.26,1199.63,1268.96,0.0,650.61,1171.54,697.49,0.0,,,,,,,,建筑建材,建筑材料,陶瓷制造,,,
sh600145,四维控股,2007-10-22,8.4,8.6,7.78,7.89,8.59,3236479.0,26700567.0,1358194068.0,2979934650.0,8985524.55,17234125.61,539536064.91,940045914.28,400509849.37,7820760.26,975.28,1168.2,242.8,695.95,1451.98,792.52,0.0,13.4,,,,,,,建筑建材,建筑材料,陶瓷制造,,,
sh600145,四维控股,2007-10-23,7.95,8.2,7.8,8.1,7.89,2678802.0,21335038.0,1394343720.0,3059248500.0,8985524.55,17234125.61,539536064.91,940045914.28,400509849.37,7820760.26,664.42,1031.06,289.78,335.17,1038.11,742.43,116.34,,,,,,,,建筑建材,建筑材料,陶瓷制造,,,
sh600145,四维控股,2007-10-24,8.11,8.16,7.7,7.71,8.1,2638291.0,20650921.0,1327208652.0,2911951350.0,8985524.55,17234125.61,539536064.91,940045914.28,400509849.37,7820760.26,786.74,900.67,177.53,404.44,1090.77,749.93,0.0,,,,,,,,建筑建材,建筑材料,陶瓷制造,,,
sh600145,四维控股,2007-10-25,7.61,7.8,6.94,7.12,7.71,2855086.0,20598723.0,1225645344.0,2689117200.0,8985524.55,17234125.61,539536064.91,940045914.28,400509849.37,7820760.26,716.18,761.04,147.31,252.89,938.16,787.72,0.0,,,,,,,,建筑建材,建筑材料,陶瓷制造,,,
sh600145,四维控股,2007-10-26,7.03,7.23,6.69,6.89,7.12,2693695.0,18671478.0,1186052868.0,2602249650.0,8985524.55,17234125.61,539536064.91,940045914.28,400509849.37,7820760.26,595.34,907.22,313.08,253.52,897.34,664.2,0.0,,,,,,,,建筑建材,建筑材料,陶瓷制造,,,
sh600145,四维控股,2007-10-29,6.89,7.31,6.79,7.3,6.89,2604360.0,18292124.0,1256630760.0,2757100500.0,8985524.55,17234125.61,539536064.91,940045914.28,400509849.37,7820760.26,765.54,722.65,318.07,329.13,693.83,726.86,1.2,,,,,,,,建筑建材,建筑材料,陶瓷制造,,,
sh600145,四维控股,2007-10-30,7.3,7.79,7.09,7.63,7.3,5116061.0,38088472.0,1313437356.0,2881736550.0,8985524.55,17234125.61,539536064.91,940045914.28,400509849.37,7820760.26,1485.63,1321.86,1065.0,1335.8,1257.91,1150.88,0.0,,,,,,,,建筑建材,建筑材料,陶瓷制造,,,
sh600145,四维控股,2007-10-31,7.4,7.8,7.25,7.65,7.63,4504937.0,33979410.0,1316880180.0,2889290250.0,5967325.980000002,-7810806.460000001,542278506.56,962709910.88,420431404.32,2922893.4399999995,1317.07,1398.09,375.82,850.99,1702.53,1146.34,0.0,,,,,,,,建筑建材,建筑材料,陶瓷制造,,,
sh600145,四维控股,2007-11-01,7.64,7.69,7.11,7.17,7.65,2532723.0,18783251.0,1234252404.0,2708001450.0,5967325.980000002,-7810806.460000001,542278506.56,962709910.88,420431404.32,2922893.4399999995,499.12,651.06,0.0,224.38,1069.28,803.53,0.0,,,,,,,,建筑建材,建筑材料,陶瓷制造,,,
sh600145,四维控股,2007-11-02,7.0,7.2,6.8,7.0,7.17,3394916.0,23595488.0,1204988400.0,2643795000.0,5967325.980000002,-7810806.460000001,542278506.56,962709910.88,420431404.32,2922893.4399999995,781.78,844.5,114.39,412.45,1247.99,887.21,0.0,,,,,,,,建筑建材,建筑材料,陶瓷制造,,,
sh600145,四维控股,2007-11-05,7.02,7.3,6.88,7.26,7.0,2805960.0,20140760.0,1249745112.0,2741993100.0,5967325.980000002,-7810806.460000001,542278506.56,962709910.88,420431404.32,2922893.4399999995,785.44,785.78,372.58,319.65,752.3,908.57,103.68,,,,,,,,建筑建材,建筑材料,陶瓷制造,,,
sh600145,四维控股,2007-11-06,7.25,7.49,7.11,7.39,7.26,1647563.0,12076085.0,1272123468.0,2791092150.0,5967325.980000002,-7810806.460000001,542278506.56,962709910.88,420431404.32,2922893.4399999995,187.42,135.93,0.0,,246.18,297.67,0.0,,,,,,,,建筑建材,建筑材料,陶瓷制造,,,
sh600145,四维控股,2007-11-07,7.42,7.8,7.04,7.75,7.39,4356420.0,32269170.0,1334094300.0,2927058750.0,5967325.980000002,-7810806.460000001,542278506.56,962709910.88,420431404.32,2922893.4399999995,1119.91,1039.92,865.13,629.34,1055.37,1308.9,0.0,,,,,,,,建筑建材,建筑材料,陶瓷制造,,,
sh600145,四维控股,2007-11-08,7.7,8.0,7.46,7.65,7.75,5499876.0,42990198.0,1316880180.0,2889290250.0,5967325.980000002,-7810806.460000001,542278506.56,962709910.88,420431404.32,2922893.4399999995,1705.53,1778.29,869.14,668.89,1712.67,1840.16,0.0,,,,,,,,建筑建材,建筑材料,陶瓷制造,,,
sh600145,四维控股,2007-11-09,7.6,7.89,7.25,7.86,7.65,5354049.0,41166032.0,1353029832.0,2968604100.0,5967325.980000002,-7810806.460000001,542278506.56,962709910.88,420431404.32,2922893.4399999995,1528.77,1560.27,1412.26,1019.25,1169.84,1531.35,0.0,,,,,,,,建筑建材,建筑材料,陶瓷制造,,,
sh600145,四维控股,2007-11-12,7.8,8.15,7.5,8.09,7.86,7503780.0,60074844.0,1392622308.0,3055471650.0,5967325.980000002,-7810806.460000001,542278506.56,962709910.88,420431404.32,2922893.4399999995,2071.16,2338.46,1910.05,1692.26,1706.19,1816.14,159.46,,,,,,,,建筑建材,建筑材料,陶瓷制造,,,
sh600145,四维控股,2007-11-13,8.2,8.29,7.71,8.07,8.09,6122052.0,49016467.0,1389179484.0,3047917950.0,5967325.980000002,-7810806.460000001,542278506.56,962709910.88,420431404.32,2922893.4399999995,1936.82,2005.5,1380.04,1403.98,1584.79,1492.16,0.0,,,,,,,,建筑建材,建筑材料,陶瓷制造,,,
sh600145,四维控股,2007-11-14,8.09,8.34,7.89,8.16,8.07,5381362.0,43948401.0,1606688104.32,3081909600.0,5967325.980000002,-7810806.460000001,542278506.56,962709910.88,420431404.32,2922893.4399999995,1652.35,1962.8,1424.71,706.54,953.37,1565.51,204.41,,,,,,,,建筑建材,建筑材料,陶瓷制造,,,
sh600145,四维控股,2007-11-15,8.07,8.4,8.0,8.08,8.16,4106734.0,33521783.0,1590936260.16,3051694800.0,5967325.980000002,-7810806.460000001,542278506.56,962709910.88,420431404.32,2922893.4399999995,1545.04,1710.66,707.24,674.16,1099.9,967.36,0.0,,,,,,,,建筑建材,建筑材料,陶瓷制造,,,
sh600145,四维控股,2007-11-19,8.2,8.48,8.15,8.27,8.08,5490820.0,45555706.0,1628346890.04,3123454950.0,5967325.980000002,-7810806.460000001,542278506.56,962709910.88,420431404.32,2922893.4399999995,2509.92,2410.05,673.71,802.31,1369.88,1341.15,0.0,,,,,,,,建筑建材,建筑材料,陶瓷制造,,,
sh600145,四维控股,2007-11-20,8.3,8.3,8.1,8.18,8.27,1903962.0,15517206.0,1610626065.36,3089463300.0,5967325.980000002,-7810806.460000001,542278506.56,962709910.88,420431404.32,2922893.4399999995,662.13,758.04,147.8,90.99,736.34,697.24,0.0,,,,,,,,建筑建材,建筑材料,陶瓷制造,,,
sh600145,四维控股,2007-11-21,8.28,8.28,7.9,8.1,8.18,3064916.0,24673573.0,1594874221.2,3059248500.0,5967325.980000002,-7810806.460000001,542278506.56,962709910.88,420431404.32,2922893.4399999995,1178.34,1270.37,501.58,367.53,728.61,801.17,30.53,,,,,,,,建筑建材,建筑材料,陶瓷制造,,,
sh600145,四维控股,2007-11-22,8.15,8.16,7.78,7.95,8.1,3382500.0,26884695.0,1565339513.4,3002595750.0,5967325.980000002,-7810806.460000001,542278506.56,962709910.88,420431404.32,2922893.4399999995,887.34,1328.68,691.24,285.04,900.0,864.87,0.0,,,,,,,,建筑建材,建筑材料,陶瓷制造,,,
sh600145,四维控股,2007-11-23,7.88,8.07,7.65,8.06,7.95,2247950.0,17654682.0,1586998299.12,3044141100.0,5967325.980000002,-7810806.460000001,542278506.56,962709910.88,420431404.32,2922893.4399999995,762.08,780.47,368.47,186.45,634.76,798.38,0.0,,,,,,,,建筑建材,建筑材料,陶瓷制造,,,
sh600145,四维控股,2007-11-26,8.09,8.28,7.8,8.0,8.06,2877618.0,22908394.0,1575184416.0,3021480000.0,5967325.980000002,-7810806.460000001,542278506.56,962709910.88,420431404.32,2922893.4399999995,881.78,1051.86,285.56,446.35,985.76,654.89,0.0,,,,,,,,建筑建材,建筑材料,陶瓷制造,,,
sh600145,四维控股,2007-11-27,8.0,8.0,7.7,7.83,8.0,1593019.0,12399494.0,1541711747.16,2957273550.0,5967325.980000002,-7810806.460000001,542278506.56,962709910.88,420431404.32,2922893.4399999995,358.26,432.8,109.01,222.8,736.92,548.6,0.0,,,,,,,,建筑建材,建筑材料,陶瓷制造,,,
sh600145,四维控股,2007-11-28,7.8,7.93,7.63,7.75,7.83,1688312.0,13138211.0,1525959903.0,2927058750.0,5967325.980000002,-7810806.460000001,542278506.56,962709910.88,420431404.32,2922893.4399999995,553.05,583.94,151.01,244.94,588.8,463.98,0.0,,,,,,,,建筑建材,建筑材料,陶瓷制造,,,
sh600145,四维控股,2007-11-29,7.85,8.15,7.66,8.04,7.75,6463861.0,51031297.0,1583060338.08,3036587400.0,5967325.980000002,-7810806.460000001,542278506.56,962709910.88,420431404.32,2922893.4399999995,1692.16,1503.65,1089.31,1143.43,1591.31,1055.48,515.62,1185.83,,,,,,,建筑建材,建筑材料,陶瓷制造,,,
sh600145,四维控股,2007-11-30,7.95,8.04,7.76,7.88,8.04,2795874.0,21971812.0,1551556649.76,2976157800.0,5967325.980000002,-7810806.460000001,542278506.56,962709910.88,420431404.32,2922893.4399999995,679.29,742.24,334.05,707.38,1142.95,706.67,0.0,,,,,,,,建筑建材,建筑材料,陶瓷制造,,,
sh600145,四维控股,2007-12-03,7.81,7.9,7.52,7.71,7.88,2770002.0,21222585.0,1518083980.92,2911951350.0,5967325.980000002,-7810806.460000001,542278506.56,962709910.88,420431404.32,2922893.4399999995,669.97,733.8,138.41,362.56,788.56,500.58,0.0,,,,,,,,建筑建材,建筑材料,陶瓷制造,,,
sh600145,四维控股,2007-12-04,7.69,7.78,7.55,7.72,7.71,2646390.0,20235934.0,1520052961.44,2915728200.0,5967325.980000002,-7810806.460000001,542278506.56,962709910.88,420431404.32,2922893.4399999995,742.87,589.05,408.8,478.13,734.46,705.4,125.16,238.71,,,,,,,建筑建材,建筑材料,陶瓷制造,,,
sh600145,四维控股,2007-12-05,7.69,7.8,7.57,7.72,7.72,4066137.0,31129758.0,1520052961.44,2915728200.0,5967325.980000002,-7810806.460000001,542278506.56,962709910.88,420431404.32,2922893.4399999995,1107.8,1156.37,467.68,845.86,1289.69,672.93,152.2,342.21,,,,,,,建筑建材,建筑材料,陶瓷制造,,,
sh600145,四维控股,2007-12-06,7.7,7.7,7.45,7.54,7.72,3060231.0,23126295.0,1484611312.08,2847744900.0,5967325.980000002,-7810806.460000001,542278506.56,962709910.88,420431404.32,2922893.4399999995,799.88,964.71,187.46,556.64,1314.54,677.89,0.0,,,,,,,,建筑建材,建筑材料,陶瓷制造,,,
sh600145,四维控股,2007-12-07,7.55,7.95,7.5,7.91,7.54,7106896.0,55420420.0,1557463591.32,2987488350.0,5967325.980000002,-7810806.460000001,542278506.56,962709910.88,420431404.32,2922893.4399999995,2033.82,1928.41,1376.17,694.33,2007.09,1896.88,0.0,1010.27,,,,,,,建筑建材,建筑材料,陶瓷制造,,,
sh600145,四维控股,2007-12-10,7.73,8.15,7.65,8.1,7.91,10189523.0,81301269.0,1594874221.2,3059248500.0,5967325.980000002,-7810806.460000001,542278506.56,962709910.88,420431404.32,2922893.4399999995,3153.85,3320.16,1430.44,1366.85,2385.73,1872.73,416.27,826.54,,,,,,,建筑建材,建筑材料,陶瓷制造,,,
sh600145,四维控股,2007-12-11,8.15,8.19,7.88,8.04,8.1,6438029.0,51654498.0,1583060338.08,3036587400.0,5967325.980000002,-7810806.460000001,542278506.56,962709910.88,420431404.32,2922893.4399999995,,,,,,,,,,,,,,,建筑建材,建筑材料,陶瓷制造,,,
sh600145,四维控股,2007-12-12,8.01,8.1,7.88,8.02,8.04,5657518.0,45057475.0,1579122377.04,3029033700.0,5967325.980000002,-7810806.460000001,542278506.56,962709910.88,420431404.32,2922893.4399999995,1625.72,1985.4,509.44,780.58,1969.37,1131.72,0.0,206.83,,,,,,,建筑建材,建筑材料,陶瓷制造,,,
sh600145,四维控股,2007-12-13,8.03,8.32,8.03,8.1,8.02,8711204.0,71290406.0,1594874221.2,3059248500.0,5967325.980000002,-7810806.460000001,542278506.56,962709910.88,420431404.32,2922893.4399999995,1202.34,1239.14,614.74,499.33,1087.93,1129.57,0.0,,,,,,,,建筑建材,建筑材料,陶瓷制造,,,
sh600145,四维控股,2007-12-14,8.03,8.13,7.8,8.1,8.1,4700735.0,37571735.0,1594874221.2,3059248500.0,5967325.980000002,-7810806.460000001,542278506.56,962709910.88,420431404.32,2922893.4399999995,1401.12,1589.82,387.56,638.77,1520.21,1201.99,121.69,,,,,,,,建筑建材,建筑材料,陶瓷制造,,,
sh600145,四维控股,2007-12-17,8.22,8.34,8.1,8.22,8.1,5740122.0,47125862.0,1618501987.44,3104570700.0,5967325.980000002,-7810806.460000001,542278506.56,962709910.88,420431404.32,2922893.4399999995,2026.59,1976.63,618.73,1147.33,1826.64,1477.63,240.62,,,,,,,,建筑建材,建筑材料,陶瓷制造,,,
sh600145,四维控股,2007-12-18,8.16,8.2,7.95,8.06,8.22,4011973.0,32278700.0,1586998299.12,3044141100.0,5967325.980000002,-7810806.460000001,542278506.56,962709910.88,420431404.32,2922893.4399999995,1654.35,1228.22,179.71,962.11,1380.56,900.32,0.0,123.97,,,,,,,建筑建材,建筑材料,陶瓷制造,,,
sh600145,四维控股,2007-12-19,8.12,8.38,8.04,8.35,8.06,10034567.0,82501891.0,1644098734.2,3153669750.0,5967325.980000002,-7810806.460000001,542278506.56,962709910.88,420431404.32,2922893.4399999995,3658.03,3380.91,2181.96,2247.65,1898.06,2064.87,510.83,555.45,,,,,,,建筑建材,建筑材料,陶瓷制造,,,
sh600145,四维控股,2007-12-20,8.34,8.41,8.21,8.32,8.35,6184967.0,51440103.0,1638191792.64,3142339200.0,5967325.980000002,-7810806.460000001,542278506.56,962709910.88,420431404.32,2922893.4399999995,2755.09,2152.87,774.76,1528.09,1613.33,1340.09,0.0,122.12,,,,,,,建筑建材,建筑材料,陶瓷制造,,,
sh600145,四维控股,2007-12-21,8.23,8.4,8.17,8.29,8.32,5516421.0,45670358.0,1632284851.08,3131008650.0,5967325.980000002,-7810806.460000001,542278506.56,962709910.88,420431404.32,2922893.4399999995,2061.35,2394.98,777.83,839.43,1657.85,1308.36,50.61,4.87,,,,,,,建筑建材,建筑材料,陶瓷制造,,,
sh600145,四维控股,2007-12-24,8.38,8.6,8.31,8.57,8.29,16601950.0,140172631.0,1687416305.64,3236760450.0,5967325.980000002,-7810806.460000001,542278506.56,962709910.88,420431404.32,2922893.4399999995,5240.06,4604.5,3400.57,4321.31,2539.82,2118.93,271.36,407.06,,,,,,,建筑建材,建筑材料,陶瓷制造,,,
sh600145,四维控股,2007-12-25,8.63,8.67,8.39,8.47,8.57,17557972.0,148825370.0,1667726500.44,3198991950.0,5967325.980000002,-7810806.460000001,542278506.56,962709910.88,420431404.32,2922893.4399999995,5477.32,5201.57,1267.49,4197.07,5630.05,2292.08,630.72,1314.86,,,,,,,建筑建材,建筑材料,陶瓷制造,,,
sh600145,四维控股,2007-12-26,8.47,8.67,8.4,8.65,8.47,12169967.0,103768498.0,1703168149.8,3266975250.0,5967325.980000002,-7810806.460000001,542278506.56,962709910.88,420431404.32,2922893.4399999995,4746.41,4486.53,1852.18,2845.44,3762.98,2920.69,0.0,108.92,,,,,,,建筑建材,建筑材料,陶瓷制造,,,
sh600145,四维控股,2007-12-27,8.6,8.84,8.5,8.77,8.65,13955081.0,120539361.0,1726795916.04,3312297450.0,5967325.980000002,-7810806.460000001,542278506.56,962709910.88,420431404.32,2922893.4399999995,5179.06,5004.62,1822.27,2246.81,4512.22,3927.43,174.52,509.21,,,,,,,建筑建材,建筑材料,陶瓷制造,,,
sh600145,四维控股,2007-12-28,8.76,8.88,8.58,8.65,8.77,8347649.0,72436016.0,1703168149.8,3266975250.0,5967325.980000002,-7810806.460000001,542278506.56,962709910.88,420431404.32,2922893.4399999995,3138.54,2795.75,615.71,1245.49,2699.26,2114.54,0.0,448.71,,,,,,,建筑建材,建筑材料,陶瓷制造,,,
sh600145,四维控股,2008-01-02,8.76,8.8,8.56,8.73,8.65,8837403.0,76766155.0,1718919993.96,3297190050.0,5967325.980000002,-7810806.460000001,542278506.56,962709910.88,420431404.32,2922893.4399999995,3832.21,3838.0,935.35,1362.82,2749.49,2316.23,0.0,,,,,,,,建筑建材,建筑材料,陶瓷制造,,,
sh600145,四维控股,2008-01-03,8.71,9.13,8.57,9.07,8.73,13262410.0,117018655.0,1785865331.64,3425602950.0,5967325.980000002,-7810806.460000001,542278506.56,962709910.88,420431404.32,2922893.4399999995,4926.61,5358.93,2636.13,2037.73,3698.53,4123.44,430.3,171.46,,,,,,,建筑建材,建筑材料,陶瓷制造,,,
sh600145,四维控股,2008-01-04,9.07,9.08,8.88,8.92,9.07,7061952.0,63115003.0,1756330623.84,3368950200.0,5967325.980000002,-7810806.460000001,542278506.56,962709910.88,420431404.32,2922893.4399999995,2781.06,2679.1,828.45,1275.31,2338.58,1870.76,0.0,272.32,,,,,,,建筑建材,建筑材料,陶瓷制造,,,
sh600145,四维控股,2008-01-07,8.88,9.02,8.76,8.97,8.92,8884749.0,79092029.0,1766175526.44,3387834450.0,5967325.980000002,-7810806.460000001,542278506.56,962709910.88,420431404.32,2922893.4399999995,3340.54,3464.32,1760.34,1727.42,2732.63,2511.74,0.0,130.03,,,,,,,建筑建材,建筑材料,陶瓷制造,,,
sh600145,四维控股,2008-01-08,8.98,9.15,8.79,8.91,8.97,13012893.0,117169064.0,1800730272.33,3365173350.0,5967325.980000002,-7810806.460000001,542278506.56,962709910.88,420431404.32,2922893.4399999995,5256.1,4843.4,1778.68,1902.72,2959.92,3022.75,0.0,225.83,,,,,,,建筑建材,建筑材料,陶瓷制造,,,
sh600145,四维控股,2008-01-09,8.89,9.29,8.86,9.2,8.91,10605586.0,96634299.0,1859339899.6,3474702000.0,5967325.980000002,-7810806.460000001,542278506.56,962709910.88,420431404.32,2922893.4399999995,4801.06,4606.07,2002.99,2088.0,2750.61,2967.1,106.52,,,,,,,,建筑建材,建筑材料,陶瓷制造,,,
sh600145,四维控股,2008-01-10,9.21,9.53,9.1,9.21,9.2,10142824.0,94535148.0,1861360921.23,3478478850.0,5967325.980000002,-7810806.460000001,542278506.56,962709910.88,420431404.32,2922893.4399999995,3866.4,4421.73,1642.45,1472.11,3208.91,2954.44,0.0,,,,,,,,建筑建材,建筑材料,陶瓷制造,,,
sh600145,四维控股,2008-01-11,9.24,9.26,8.82,9.01,9.21,6711306.0,60506245.0,1820940488.63,3402941850.0,5967325.980000002,-7810806.460000001,542278506.56,962709910.88,420431404.32,2922893.4399999995,2335.46,2182.42,588.3,1495.24,2696.94,1657.8,0.0,,,,,,,,建筑建材,建筑材料,陶瓷制造,,,
sh600145,四维控股,2008-01-14,8.98,9.25,8.75,9.17,9.01,7837327.0,70215121.0,1853276834.71,3463371450.0,5967325.980000002,-7810806.460000001,542278506.56,962709910.88,420431404.32,2922893.4399999995,3012.78,3452.45,1215.44,1178.35,2771.33,2256.98,0.0,111.76,,,,,,,建筑建材,建筑材料,陶瓷制造,,,
sh600145,四维控股,2008-01-15,9.28,9.28,8.98,9.07,9.17,6621299.0,60126744.0,1833066618.41,3425602950.0,5967325.980000002,-7810806.460000001,542278506.56,962709910.88,420431404.32,2922893.4399999995,2356.53,2389.73,550.98,1417.71,2847.05,1812.12,0.0,135.0,,,,,,,建筑建材,建筑材料,陶瓷制造,,,
sh600145,四维控股,2008-01-16,9.1,9.1,8.78,8.96,9.07,6993855.0,62251413.0,1810835380.48,3384057600.0,5967325.980000002,-7810806.460000001,542278506.56,962709910.88,420431404.32,2922893.4399999995,2348.71,2359.52,984.28,1212.84,2254.66,1991.05,560.92,585.16,,,,,,,建筑建材,建筑材料,陶瓷制造,,,
sh600145,四维控股,2008-01-17,8.9,9.05,8.51,9.02,8.96,10217321.0,90041738.0,1822961510.26,3406718700.0,5967325.980000002,-7810806.460000001,542278506.56,962709910.88,420431404.32,2922893.4399999995,2214.39,3019.27,3163.09,2326.41,1678.09,1812.35,206.58,104.12,,,,,,,建筑建材,建筑材料,陶瓷制造,,,
sh600145,四维控股,2008-01-18,9.21,9.45,8.86,9.01,9.02,19069877.0,173745973.0,1982046217.32,3402941850.0,5967325.980000002,-7810806.460000001,542278506.56,962709910.88,420431404.32,2922893.4399999995,6593.09,6578.69,2794.32,6409.07,7327.57,3412.04,651.14,966.32,,,,,,,建筑建材,建筑材料,陶瓷制造,,,
sh600145,四维控股,2008-01-21,8.98,9.03,8.35,8.63,9.01,11882516.0,103007102.0,1898452703.16,3259421550.0,5967325.980000002,-7810806.460000001,542278506.56,962709910.88,420431404.32,2922893.4399999995,4329.54,4358.58,2196.12,3048.55,3336.3,2739.39,284.55,,,,,,,,建筑建材,建筑材料,陶瓷制造,,,
sh600145,四维控股,2008-01-22,8.78,9.49,8.66,9.49,8.63,80387471.0,745029176.0,2087638024.68,3584230650.0,5967325.980000002,-7810806.460000001,542278506.56,962709910.88,420431404.32,2922893.4399999995,22623.25,26099.25,17008.7,19919.16,18699.7,20278.49,16169.09,8203.84,,,,,,,建筑建材,建筑材料,陶瓷制造,,,
sh600145,四维控股,2008-01-23,9.0,10.39,9.0,10.12,9.49,69536115.0,679864165.0,2226227271.84,3822172200.0,5967325.980000002,-7810806.460000001,542278506.56,962709910.88,420431404.32,2922893.4399999995,26872.77,24100.87,15873.22,18186.95,22479.63,19221.22,2686.04,6402.6,,,,,,,建筑建材,建筑材料,陶瓷制造,,,
sh600145,四维控股,2008-01-25,10.12,11.08,9.66,10.01,10.12,41807332.0,432798637.0,2202029149.32,3780626850.0,5967325.980000002,-7810806.460000001,542278506.56,962709910.88,420431404.32,2922893.4399999995,16137.15,15040.78,8819.37,10655.28,16285.48,13990.66,1559.34,3114.62,,,,,,,建筑建材,建筑材料,陶瓷制造,,,
sh600145,四维控股,2008-01-28,9.9,9.9,9.01,9.01,10.01,25447296.0,234354718.0,1982046217.32,3402941850.0,5967325.980000002,-7810806.460000001,542278506.56,962709910.88,420431404.32,2922893.4399999995,9299.68,8044.0,3226.55,6198.07,9577.61,6428.3,1331.45,2764.93,,,,,,,建筑建材,建筑材料,陶瓷制造,,,
sh600145,四维控股,2008-01-29,8.8,9.15,8.11,8.85,9.01,21347468.0,181303522.0,1946848948.2,3342512250.0,5967325.980000002,-7810806.460000001,542278506.56,962709910.88,420431404.32,2922893.4399999995,7615.56,7772.72,2668.9,3549.34,7480.82,6587.28,0.0,,,,,,,,建筑建材,建筑材料,陶瓷制造,,,
sh600145,四维控股,2008-01-30,8.61,8.8,8.12,8.32,8.85,14014836.0,118625266.0,1830257994.24,3142339200.0,5967325.980000002,-7810806.460000001,542278506.56,962709910.88,420431404.32,2922893.4399999995,4718.37,5126.49,1744.46,2319.02,5256.31,4412.92,0.0,,,,,,,,建筑建材,建筑材料,陶瓷制造,,,
sh600145,四维控股,2008-01-31,8.19,8.19,7.61,7.69,8.32,12976051.0,103185111.0,1691668747.08,2904397650.0,5967325.980000002,-7810806.460000001,542278506.56,962709910.88,420431404.32,2922893.4399999995,3356.15,3736.03,1521.25,1808.14,4472.54,3458.9,50.7,397.58,,,,,,,建筑建材,建筑材料,陶瓷制造,,,
sh600145,四维控股,2008-02-01,7.48,7.8,6.92,7.03,7.69,13261107.0,95265301.0,1546480011.96,2655125550.0,5967325.980000002,-7810806.460000001,542278506.56,962709910.88,420431404.32,2922893.4399999995,3089.66,3583.79,1898.56,1964.97,4169.92,3477.02,361.21,493.56,,,,,,,建筑建材,建筑材料,陶瓷制造,,,
sh600145,四维控股,2008-02-04,7.18,7.73,7.18,7.73,7.03,9658867.0,72684903.0,1700468064.36,2919505050.0,5967325.980000002,-7810806.460000001,542278506.56,962709910.88,420431404.32,2922893.4399999995,2876.22,2458.11,1340.92,1321.7,3049.91,3204.23,0.0,283.01,,,,,,,建筑建材,建筑材料,陶瓷制造,,,
sh600145,四维控股,2008-02-05,7.7,7.88,7.5,7.6,7.73,9004572.0,68725692.0,1671870283.2,2870406000.0,5967325.980000002,-7810806.460000001,542278506.56,962709910.88,420431404.32,2922893.4399999995,2632.14,2596.1,711.37,1768.0,3497.52,2472.73,0.0,4.2,,,,,,,建筑建材,建筑材料,陶瓷制造,,,
sh600145,四维控股,2008-02-13,7.61,8.16,7.61,7.76,7.6,9748159.0,76697815.0,1707067552.32,2930835600.0,5967325.980000002,-7810806.460000001,542278506.56,962709910.88,420431404.32,2922893.4399999995,2651.51,2680.79,920.42,1414.96,3323.1,2799.29,0.0,,,,,,,,建筑建材,建筑材料,陶瓷制造,,,
sh600145,四维控股,2008-02-14,7.76,7.99,7.66,7.93,7.76,5763858.0,45092339.0,1744464650.76,2995042050.0,5967325.980000002,-7810806.460000001,542278506.56,962709910.88,420431404.32,2922893.4399999995,1327.82,1350.34,366.22,616.17,2149.51,1877.04,0.0,,,,,,,,建筑建材,建筑材料,陶瓷制造,,,
sh600145,四维控股,2008-02-15,7.93,7.93,7.61,7.81,7.93,6779108.0,52521644.0,1718066698.92,2949719850.0,5967325.980000002,-7810806.460000001,542278506.56,962709910.88,420431404.32,2922893.4399999995,1680.77,1984.49,370.68,1026.11,3138.14,2077.55,0.0,,,,,,,,建筑建材,建筑材料,陶瓷制造,,,
sh600145,四维控股,2008-02-18,7.91,8.17,7.8,8.07,7.81,8731623.0,70026422.0,1775262261.24,3047917950.0,5967325.980000002,-7810806.460000001,542278506.56,962709910.88,420431404.32,2922893.4399999995,3050.16,2823.89,1310.61,998.54,2640.48,3178.83,0.0,,,,,,,,建筑建材,建筑材料,陶瓷制造,,,
sh600145,四维控股,2008-02-19,7.99,8.14,7.83,8.09,8.07,9029626.0,72214950.0,1779661919.88,3055471650.0,5967325.980000002,-7810806.460000001,542278506.56,962709910.88,420431404.32,2922893.4399999995,2872.48,2926.32,1108.22,1386.0,3216.88,2885.27,0.0,,,,,,,,建筑建材,建筑材料,陶瓷制造,,,
sh600145,四维控股,2008-02-20,8.01,8.18,7.85,7.9,8.09,8088938.0,64654802.0,1737865162.8,2983711500.0,5967325.980000002,-7810806.460000001,542278506.56,962709910.88,420431404.32,2922893.4399999995,2144.01,2473.15,585.64,1044.78,2746.45,2093.58,0.0,,,,,,,,建筑建材,建筑材料,陶瓷制造,,,
sh600145,四维控股,2008-02-21,7.85,8.14,7.7,7.99,7.9,7995272.0,63315692.0,1757663626.68,3017703150.0,5967325.980000002,-7810806.460000001,542278506.56,962709910.88,420431404.32,2922893.4399999995,2141.17,2145.95,818.13,904.23,2225.41,2265.4,0.0,11.68,,,,,,,建筑建材,建筑材料,陶瓷制造,,,
sh600145,四维控股,2008-02-22,8.0,8.28,7.83,8.03,7.99,10330066.0,83370588.0,1870852943.96,3032810550.0,5967325.980000002,-7810806.460000001,542278506.56,962709910.88,420431404.32,2922893.4399999995,3324.91,3803.96,1346.04,1027.93,3156.88,3120.78,394.82,269.99,,,,,,,建筑建材,建筑材料,陶瓷制造,,,
sh600145,四维控股,2008-02-25,8.08,8.17,7.31,7.45,8.03,6855434.0,53482396.0,1735722843.4,2813753250.0,5967325.980000002,-7810806.460000001,542278506.56,962709910.88,420431404.32,2922893.4399999995,1708.07,2071.27,492.14,879.45,2720.92,1956.23,0.0,14.19,,,,,,,建筑建材,建筑材料,陶瓷制造,,,
sh600145,四维控股,2008-02-26,7.6,7.74,7.05,7.36,7.45,6902325.0,50951829.0,1714754379.52,2779761600.0,5967325.980000002,-7810806.460000001,542278506.56,962709910.88,420431404.32,2922893.4399999995,1466.18,1836.41,344.21,1016.65,2966.24,1923.57,0.0,,,,,,,,建筑建材,建筑材料,陶瓷制造,,,
sh600145,四维控股,2008-02-27,7.45,7.68,7.33,7.58,7.36,4322718.0,32620474.0,1766010624.56,2862852300.0,5967325.980000002,-7810806.460000001,542278506.56,962709910.88,420431404.32,2922893.4399999995,1184.89,1027.88,370.77,375.34,1494.04,1646.48,0.0,,,,,,,,建筑建材,建筑材料,陶瓷制造,,,
sh600145,四维控股,2008-02-28,7.58,7.75,7.5,7.65,7.58,4457654.0,33907568.0,1782319429.8,2889290250.0,5967325.980000002,-7810806.460000001,542278506.56,962709910.88,420431404.32,2922893.4399999995,1264.29,1399.97,438.49,587.58,1685.09,1400.32,0.0,,,,,,,,建筑建材,建筑材料,陶瓷制造,,,
sh600145,四维控股,2008-02-29,7.69,7.79,7.62,7.78,7.65,4020617.0,31071150.0,1812607210.96,2938389300.0,5967325.980000002,-7810806.460000001,542278506.56,962709910.88,420431404.32,2922893.4399999995,1212.04,1249.5,380.51,421.69,1510.83,1432.19,0.0,,,,,,,,建筑建材,建筑材料,陶瓷制造,,,
sh600145,四维控股,2008-03-03,7.7,8.07,7.66,7.99,7.78,6595443.0,52160574.0,1861533626.68,3017703150.0,5967325.980000002,-7810806.460000001,542278506.56,962709910.88,420431404.32,2922893.4399999995,1902.11,1938.03,654.06,610.94,2460.52,2467.72,0.0,,,,,,,,建筑建材,建筑材料,陶瓷制造,,,
sh600145,四维控股,2008-03-04,8.02,8.25,7.86,8.1,7.99,11144221.0,90164893.0,1887161749.2,3059248500.0,5967325.980000002,-7810806.460000001,542278506.56,962709910.88,420431404.32,2922893.4399999995,3580.91,3737.47,1644.67,1295.7,3783.85,3976.26,0.0,,,,,,,,建筑建材,建筑材料,陶瓷制造,,,
sh600145,四维控股,2008-03-05,8.18,8.35,7.98,8.32,8.1,11047263.0,90675698.0,1938417994.24,3142339200.0,5967325.980000002,-7810806.460000001,542278506.56,962709910.88,420431404.32,2922893.4399999995,3497.94,3678.37,1578.92,1537.07,3613.38,3358.33,0.0,116.48,,,,,,,建筑建材,建筑材料,陶瓷制造,,,
sh600145,四维控股,2008-03-06,8.4,8.99,8.3,8.48,8.32,14724340.0,127147582.0,1975695263.36,3202768800.0,5967325.980000002,-7810806.460000001,542278506.56,962709910.88,420431404.32,2922893.4399999995,5244.85,4841.49,1692.53,2360.31,5123.49,4965.65,0.0,,,,,,,,建筑建材,建筑材料,陶瓷制造,,,
sh600145,四维控股,2008-03-07,8.4,8.62,8.12,8.18,8.48,7445022.0,61715131.0,1905800383.76,3089463300.0,5967325.980000002,-7810806.460000001,542278506.56,962709910.88,420431404.32,2922893.4399999995,2549.37,2814.61,454.16,1045.21,3155.63,2299.33,0.0,,,,,,,,建筑建材,建筑材料,陶瓷制造,,,
sh600145,四维控股,2008-03-10,8.08,8.13,7.75,7.81,8.18,5859923.0,46637315.0,1819596698.92,2949719850.0,5967325.980000002,-7810806.460000001,542278506.56,962709910.88,420431404.32,2922893.4399999995,1485.47,1758.97,294.15,830.27,2464.45,1566.45,0.0,88.93,,,,,,,建筑建材,建筑材料,陶瓷制造,,,
sh600145,四维控股,2008-03-11,7.79,8.18,7.63,8.14,7.81,4802897.0,38130459.0,1896481066.48,3074355900.0,5967325.980000002,-7810806.460000001,542278506.56,962709910.88,420431404.32,2922893.4399999995,1551.02,1683.6,308.45,225.38,1953.49,1903.98,0.0,,,,,,,,建筑建材,建筑材料,陶瓷制造,,,
sh600145,四维控股,2008-03-13,7.74,7.95,7.33,7.55,8.14,5950624.0,45302850.0,1759021136.6,2851521750.0,5967325.980000002,-7810806.460000001,542278506.56,962709910.88,420431404.32,2922893.4399999995,1384.66,1794.1,345.58,981.89,2574.89,1529.14,0.0,,,,,,,,建筑建材,建筑材料,陶瓷制造,,,
sh600145,四维控股,2008-03-14,7.45,7.68,7.4,7.51,7.55,2584042.0,19466320.0,1749701819.32,2836414350.0,5967325.980000002,-7810806.460000001,542278506.56,962709910.88,420431404.32,2922893.4399999995,678.79,787.91,142.11,177.9,1110.04,965.13,0.0,,,,,,,,建筑建材,建筑材料,陶瓷制造,,,
sh600145,四维控股,2008-03-17,7.51,7.58,6.76,6.83,7.51,4467010.0,31824266.0,1591273425.56,2579588550.0,5967325.980000002,-7810806.460000001,542278506.56,962709910.88,420431404.32,2922893.4399999995,1128.67,1330.03,220.43,449.61,1724.04,1209.86,107.48,191.13,,,,,,,建筑建材,建筑材料,陶瓷制造,,,
sh600145,四维控股,2008-03-18,6.7,7.05,6.15,6.24,6.83,5948735.0,38462439.0,1453813495.68,2356754400.0,5967325.980000002,-7810806.460000001,542278506.56,962709910.88,420431404.32,2922893.4399999995,1456.65,1529.1,182.61,506.95,2135.25,1738.46,0.0,,,,,,,,建筑建材,建筑材料,陶瓷制造,,,
sh600145,四维控股,2008-03-19,6.36,6.64,6.25,6.51,6.24,4589432.0,29711273.0,1516718887.32,2458729350.0,5967325.980000002,-7810806.460000001,542278506.56,962709910.88,420431404.32,2922893.4399999995,971.36,1148.97,261.74,173.49,1577.17,1487.81,0.0,,,,,,,,建筑建材,建筑材料,陶瓷制造,,,
sh600145,四维控股,2008-03-20,6.43,6.81,5.9,6.61,6.51,6212643.0,39682659.0,1540017180.52,2496497850.0,5967325.980000002,-7810806.460000001,542278506.56,962709910.88,420431404.32,2922893.4399999995,1466.96,1467.44,331.92,552.87,2040.33,1818.58,0.0,,,,,,,,建筑建材,建筑材料,陶瓷制造,,,
sh600145,四维控股,2008-03-21,6.53,6.85,6.53,6.73,6.61,4791619.0,32109675.0,1567975132.36,2541820050.0,5967325.980000002,-7810806.460000001,542278506.56,962709910.88,420431404.32,2922893.4399999995,1010.3,1119.58,210.26,215.62,1788.44,1593.33,105.38,185.83,,,,,,,建筑建材,建筑材料,陶瓷制造,,,
sh600145,四维控股,2008-03-24,6.78,6.96,6.46,6.49,6.73,4768043.0,32150798.0,1512059228.68,2451175650.0,5967325.980000002,-7810806.460000001,542278506.56,962709910.88,420431404.32,2922893.4399999995,1123.63,1387.68,248.12,394.53,1669.29,1258.83,0.0,,,,,,,,建筑建材,建筑材料,陶瓷制造,,,
sh600145,四维控股,2008-03-25,6.37,6.9,6.32,6.89,6.49,4067588.0,26832188.0,1605252401.48,2602249650.0,5967325.980000002,-7810806.460000001,542278506.56,962709910.88,420431404.32,2922893.4399999995,929.23,1062.68,216.91,212.8,1419.52,1407.73,117.56,,,,,,,,建筑建材,建筑材料,陶瓷制造,,,
sh600145,四维控股,2008-03-26,6.75,7.06,6.7,6.81,6.89,4316639.0,29720112.0,1586613766.92,2572034850.0,5967325.980000002,-7810806.460000001,542278506.56,962709910.88,420431404.32,2922893.4399999995,1047.48,992.68,400.49,348.39,1396.85,1403.67,0.0,100.08,,,,,,,建筑建材,建筑材料,陶瓷制造,,,
sh600145,四维控股,2008-03-27,6.73,6.75,6.24,6.27,6.81,4188990.0,27178243.0,1460802983.64,2368084950.0,5967325.980000002,-7810806.460000001,542278506.56,962709910.88,420431404.32,2922893.4399999995,735.88,862.85,113.66,313.52,1341.26,1014.43,0.0,,,,,,,,建筑建材,建筑材料,陶瓷制造,,,
sh600145,四维控股,2008-03-28,6.19,6.47,6.0,6.4,6.27,3619428.0,22682235.0,1491090764.8,2417184000.0,5967325.980000002,-7810806.460000001,542278506.56,962709910.88,420431404.32,2922893.4399999995,772.96,829.3,208.63,243.75,1251.18,1159.72,0.0,,,,,,,,建筑建材,建筑材料,陶瓷制造,,,
sh600145,四维控股,2008-03-31,6.2,6.33,6.0,6.01,6.4,3926238.0,24061472.0,1400227421.32,2269886850.0,5967325.980000002,-7810806.460000001,542278506.56,962709910.88,420431404.32,2922893.4399999995,529.51,738.12,116.41,395.71,1278.48,790.58,0.0,,,,,,,,建筑建材,建筑材料,陶瓷制造,,,
sh600145,四维控股,2008-04-01,6.01,6.09,5.41,5.41,6.01,5032449.0,28083242.0,1260437662.12,2043275850.0,5967325.980000002,-7810806.460000001,542278506.56,962709910.88,420431404.32,2922893.4399999995,727.03,1245.93,134.12,479.88,1785.96,1078.74,157.43,,,,,,,,建筑建材,建筑材料,陶瓷制造,,,
sh600145,四维控股,2008-04-02,5.46,5.61,4.96,5.01,5.41,4617718.0,24001040.0,1167244489.32,1892201850.0,5967325.980000002,-7810806.460000001,542278506.56,962709910.88,420431404.32,2922893.4399999995,856.53,973.9,203.3,229.5,1340.28,1196.7,0.0,,,,,,,,建筑建材,建筑材料,陶瓷制造,,,
sh600145,四维控股,2008-04-03,5.0,5.3,4.83,5.2,5.01,3902148.0,19733381.0,1211511246.4,1963962000.0,5967325.980000002,-7810806.460000001,542278506.56,962709910.88,420431404.32,2922893.4399999995,596.67,682.14,152.1,20.32,848.41,894.72,0.0,,,,,,,,建筑建材,建筑材料,陶瓷制造,,,
sh600145,四维控股,2008-04-07,5.18,5.55,5.0,5.52,5.2,3617619.0,19492458.0,1286065784.64,2084821200.0,5967325.980000002,-7810806.460000001,542278506.56,962709910.88,420431404.32,2922893.4399999995,642.16,639.1,218.21,151.94,1087.84,1157.16,0.0,,,,,,,,建筑建材,建筑材料,陶瓷制造,,,
sh600145,四维控股,2008-04-08,5.49,5.68,5.36,5.59,5.52,4891170.0,27077421.0,1302374589.88,2111259150.0,5967325.980000002,-7810806.460000001,542278506.56,962709910.88,420431404.32,2922893.4399999995,1177.27,1257.65,162.46,186.39,1367.12,1262.8,0.0,,,,,,,,建筑建材,建筑材料,陶瓷制造,,,
sh600145,四维控股,2008-04-09,5.67,5.77,5.15,5.24,5.59,6072015.0,33841950.0,1220830563.68,1979069400.0,5967325.980000002,-7810806.460000001,542278506.56,962709910.88,420431404.32,2922893.4399999995,976.55,1225.36,349.03,496.13,1634.39,1238.48,0.0,,,,,,,,建筑建材,建筑材料,陶瓷制造,,,
sh600145,四维控股,2008-04-10,5.18,5.35,5.07,5.33,5.24,3024018.0,15829941.0,1241799027.56,2013061050.0,5967325.980000002,-7810806.460000001,542278506.56,962709910.88,420431404.32,2922893.4399999995,521.64,634.48,161.8,29.22,892.54,912.28,0.0,,,,,,,,建筑建材,建筑材料,陶瓷制造,,,
sh600145,四维控股,2008-04-11,5.35,5.49,5.28,5.46,5.33,2787367.0,14997232.0,1272086808.72,2062160100.0,5967325.980000002,-7810806.460000001,542278506.56,962709910.88,420431404.32,2922893.4399999995,525.66,629.61,121.12,126.0,852.34,743.51,0.0,,,,,,,,建筑建材,建筑材料,陶瓷制造,,,
sh600145,四维控股,2008-04-14,5.29,5.34,4.98,5.04,5.46,3404216.0,17473716.0,1174233977.28,1903532400.0,5967325.980000002,-7810806.460000001,542278506.56,962709910.88,420431404.32,2922893.4399999995,461.11,730.31,97.04,162.83,1063.61,728.61,0.0,,,,,,,,建筑建材,建筑材料,陶瓷制造,,,
sh600145,四维控股,2008-04-15,5.04,5.24,4.96,5.23,5.04,2698399.0,13771916.0,1218500734.36,1975292550.0,5967325.980000002,-7810806.460000001,542278506.56,962709910.88,420431404.32,2922893.4399999995,545.46,505.01,209.79,183.39,621.94,688.79,0.0,,,,,,,,建筑建材,建筑材料,陶瓷制造,,,
sh600145,四维控股,2008-04-16,5.23,5.33,5.05,5.13,5.23,2150725.0,11158914.0,1195202441.16,1937524050.0,5967325.980000002,-7810806.460000001,542278506.56,962709910.88,420431404.32,2922893.4399999995,392.21,382.34,0.0,,543.21,521.21,0.0,,,,,,,,建筑建材,建筑材料,陶瓷制造,,,
sh600145,四维控股,2008-04-17,5.09,5.29,4.66,4.78,5.13,3212821.0,15823372.0,1113658414.96,1805334300.0,5967325.980000002,-7810806.460000001,542278506.56,962709910.88,420431404.32,2922893.4399999995,533.04,644.61,0.0,188.08,1015.69,716.04,0.0,,,,,,,,建筑建材,建筑材料,陶瓷制造,,,
sh600145,四维控股,2008-04-18,4.78,4.78,4.41,4.45,4.78,2919057.0,13267715.0,1036774047.4,1680698250.0,5967325.980000002,-7810806.460000001,542278506.56,962709910.88,420431404.32,2922893.4399999995,477.67,503.94,0.0,129.76,848.17,693.07,0.0,,,,,,,,建筑建材,建筑材料,陶瓷制造,,,
sh600145,四维控股,2008-04-21,4.8,4.88,4.38,4.46,4.45,3437208.0,15763882.0,1039103876.72,1684475100.0,5967325.980000002,-7810806.460000001,542278506.56,962709910.88,420431404.32,2922893.4399999995,568.38,631.97,85.79,100.16,881.31,803.36,0.0,,,,,,,,建筑建材,建筑材料,陶瓷制造,,,
sh600145,四维控股,2008-04-22,4.39,4.45,4.01,4.27,4.46,3486288.0,14578115.0,994837119.64,1612714950.0,5967325.980000002,-7810806.460000001,542278506.56,962709910.88,420431404.32,2922893.4399999995,476.03,660.18,73.72,90.61,870.64,669.61,0.0,,,,,,,,建筑建材,建筑材料,陶瓷制造,,,
sh600145,四维控股,2008-04-23,4.15,4.65,4.15,4.58,4.27,4702281.0,20748983.0,1067061828.56,1729797300.0,5967325.980000002,-7810806.460000001,542278506.56,962709910.88,420431404.32,2922893.4399999995,854.6,816.48,363.42,114.55,856.1,1143.08,0.0,,,,,,,,建筑建材,建筑材料,陶瓷制造,,,
sh600145,四维控股,2008-04-24,4.93,5.04,4.82,5.04,4.58,10727187.0,53104216.0,1174233977.28,1903532400.0,5967325.980000002,-7810806.460000001,542278506.56,962709910.88,420431404.32,2922893.4399999995,1598.64,1531.53,425.7,962.42,2157.16,1667.49,0.0,,,,,,,,建筑建材,建筑材料,陶瓷制造,,,
sh600145,四维控股,2008-04-25,5.04,5.4,4.9,5.37,5.04,11281223.0,58139381.0,1251118344.84,2028168450.0,5967325.980000002,-7810806.460000001,542278506.56,962709910.88,420431404.32,2922893.4399999995,2450.31,2359.05,1056.17,798.32,2024.76,2373.87,0.0,,,,,,,,建筑建材,建筑材料,陶瓷制造,,,
sh600145,四维控股,2008-04-28,5.38,5.79,5.25,5.55,5.37,16662186.0,92792768.0,1293055272.6,2096151750.0,5967325.980000002,-7810806.460000001,542278506.56,962709910.88,420431404.32,2922893.4399999995,2917.92,3535.62,997.34,1497.76,4330.05,3505.39,0.0,,,,,,,,建筑建材,建筑材料,陶瓷制造,,,
sh600145,四维控股,2008-04-29,5.43,5.55,5.3,5.36,5.55,6814385.0,36657460.0,1248788515.52,2024391600.0,5967325.980000002,-7810806.460000001,542278506.56,962709910.88,420431404.32,2922893.4399999995,1213.95,1497.46,151.82,324.56,2299.97,1843.73,0.0,,,,,,,,建筑建材,建筑材料,陶瓷制造,,,
sh600145,四维控股,2008-04-30,5.45,5.63,5.37,5.49,5.36,7983380.0,43718785.0,1279076296.68,2073490650.0,11863328.96,-34227723.64,584985500.6,1090101310.47,505115809.87,1400516.96,1180.06,1305.58,440.77,395.32,1781.85,1805.41,0.0,,,,,,,,建筑建材,建筑材料,陶瓷制造,,,
sh600145,四维控股,2008-05-05,5.5,5.64,5.31,5.58,5.49,8142313.0,44504374.0,1300044760.56,2107482300.0,11863328.96,-34227723.64,584985500.6,1090101310.47,505115809.87,1400516.96,1565.84,1678.11,440.38,407.1,2099.8,2020.82,0.0,,,,,,,,建筑建材,建筑材料,陶瓷制造,,,
sh600145,四维控股,2008-05-06,5.54,5.64,5.38,5.5,5.58,6542608.0,35926235.0,1281406126.0,2077267500.0,11863328.96,-34227723.64,584985500.6,1090101310.47,505115809.87,1400516.96,1239.96,1516.5,348.51,147.41,1615.08,1539.64,0.0,,,,,,,,建筑建材,建筑材料,陶瓷制造,,,
sh600145,四维控股,2008-05-07,5.52,5.52,4.95,4.96,5.5,13634176.0,69995194.0,1155595342.72,1873317600.0,11863328.96,-34227723.64,584985500.6,1090101310.47,505115809.87,1400516.96,2200.11,2476.59,379.92,1235.03,4096.44,2383.25,0.0,581.6,,,,,,,建筑建材,建筑材料,陶瓷制造,,,
sh600145,四维控股,2008-05-08,4.83,5.12,4.74,5.11,4.96,7550935.0,37348364.0,1190542782.52,1929970350.0,11863328.96,-34227723.64,584985500.6,1090101310.47,505115809.87,1400516.96,1422.5,1171.86,540.53,392.05,1765.59,1950.48,0.0,,,,,,,,建筑建材,建筑材料,陶瓷制造,,,
sh600145,四维控股,2008-05-09,5.1,5.15,4.83,5.11,5.11,8294222.0,41355250.0,1190542782.52,1929970350.0,11863328.96,-34227723.64,584985500.6,1090101310.47,505115809.87,1400516.96,1298.37,1426.87,580.64,693.97,1985.49,1745.5,1.83,,,,,,,,建筑建材,建筑材料,陶瓷制造,,,
sh600145,四维控股,2008-05-12,5.05,5.39,4.96,5.29,5.11,11184181.0,58417649.0,1232479710.28,1997953650.0,11863328.96,-34227723.64,584985500.6,1090101310.47,505115809.87,1400516.96,2226.42,2414.42,565.02,600.11,2914.68,2827.24,135.65,,,,,,,,建筑建材,建筑材料,陶瓷制造,,,
sh600145,四维控股,2008-05-14,5.82,5.82,5.52,5.82,5.29,11785893.0,68405204.0,1355960664.24,2198126700.0,11863328.96,-34227723.64,584985500.6,1090101310.47,505115809.87,1400516.96,1268.28,1831.57,1462.68,,1413.95,2505.2,2683.17,,,,,,,,建筑建材,建筑材料,陶瓷制造,,,
sh600145,四维控股,2008-05-15,5.99,6.09,5.6,5.61,5.82,25123240.0,146966092.0,1307034248.52,2118812850.0,11863328.96,-34227723.64,584985500.6,1090101310.47,505115809.87,1400516.96,4810.33,4474.11,1418.91,2966.16,7987.51,6065.59,469.17,,,,,,,,建筑建材,建筑材料,陶瓷制造,,,
sh600145,四维控股,2008-05-16,5.57,5.65,5.3,5.39,5.61,9401704.0,51460697.0,1255778003.48,2035722150.0,11863328.96,-34227723.64,584985500.6,1090101310.47,505115809.87,1400516.96,1868.94,1974.5,457.24,649.45,2804.53,2506.99,0.22,,,,,,,,建筑建材,建筑材料,陶瓷制造,,,
sh600145,四维控股,2008-05-19,5.39,5.93,5.39,5.93,5.39,16988603.0,98431469.0,1381588786.76,2239672050.0,11863328.96,-34227723.64,584985500.6,1090101310.47,505115809.87,1400516.96,2765.67,3441.61,2044.67,1291.17,3159.46,4573.25,1869.48,533.25,,,,,,,建筑建材,建筑材料,陶瓷制造,,,
sh600145,四维控股,2008-05-20,6.1,6.52,6.05,6.25,5.93,47740611.0,303533767.0,1456143325.0,2360531250.0,11863328.96,-34227723.64,584985500.6,1090101310.47,505115809.87,1400516.96,10089.75,9862.18,5328.76,5383.63,13705.48,12831.16,1228.3,2275.31,,,,,,,建筑建材,建筑材料,陶瓷制造,,,
sh600145,四维控股,2008-05-21,6.86,6.86,5.65,6.37,6.25,35215558.0,227325034.0,1484101276.84,2405853450.0,11863328.96,-34227723.64,584985500.6,1090101310.47,505115809.87,1400516.96,8070.27,8204.79,2609.47,3546.74,11423.66,10663.05,597.88,286.7,,,,,,,建筑建材,建筑材料,陶瓷制造,,,
sh600145,四维控股,2008-05-22,6.4,6.8,6.26,6.32,6.37,22396250.0,145548829.0,1472452130.24,2386969200.0,11863328.96,-34227723.64,584985500.6,1090101310.47,505115809.87,1400516.96,4847.8,5066.34,1502.99,1745.01,8204.09,7743.53,0.0,,,,,,,,建筑建材,建筑材料,陶瓷制造,,,
sh600145,四维控股,2008-05-23,6.32,6.33,5.75,5.78,6.32,15461795.0,91438265.0,1346641346.96,2183019300.0,11863328.96,-34227723.64,584985500.6,1090101310.47,505115809.87,1400516.96,3029.61,3266.92,565.28,966.14,5498.19,4860.03,0.0,,,,,,,,建筑建材,建筑材料,陶瓷制造,,,
sh600145,四维控股,2008-05-26,5.62,5.86,5.35,5.37,5.78,9159481.0,51015294.0,1251118344.84,2028168450.0,11863328.96,-34227723.64,584985500.6,1090101310.47,505115809.87,1400516.96,1476.49,1902.83,386.86,544.06,3209.89,2626.36,0.0,,,,,,,,建筑建材,建筑材料,陶瓷制造,,,
sh600145,四维控股,2008-05-27,5.33,5.43,5.1,5.28,5.37,8568660.0,44956891.0,1230149880.96,1994176800.0,11863328.96,-34227723.64,584985500.6,1090101310.47,505115809.87,1400516.96,1479.49,1446.77,338.31,840.49,2674.56,2205.1,0.0,,,,,,,,建筑建材,建筑材料,陶瓷制造,,,
sh600145,四维控股,2008-05-29,5.41,5.81,5.33,5.81,5.28,20710876.0,118327702.0,1353630834.92,2194349850.0,11863328.96,-34227723.64,584985500.6,1090101310.47,505115809.87,1400516.96,3959.8,4050.0,2307.76,1861.81,5297.08,5818.56,266.13,100.4,,,,,,,建筑建材,建筑材料,陶瓷制造,,,
sh600145,四维控股,2008-05-30,5.75,5.84,5.5,5.65,5.81,12091509.0,68155443.0,1316353565.8,2133920250.0,11863328.96,-34227723.64,584985500.6,1090101310.47,505115809.87,1400516.96,2150.95,2047.04,856.16,932.23,3692.9,3454.63,0.0,,,,,,,,建筑建材,建筑材料,陶瓷制造,,,
sh600145,四维控股,2008-06-02,5.56,5.8,5.35,5.69,5.65,10727410.0,59303287.0,1325672883.08,2149027650.0,11863328.96,-34227723.64,584985500.6,1090101310.47,505115809.87,1400516.96,1669.97,1629.01,633.32,1007.86,2808.75,2486.77,11.61,,,,,,,,建筑建材,建筑材料,陶瓷制造,,,
sh600145,四维控股,2008-06-03,5.55,5.6,5.4,5.43,5.69,6104788.0,33414145.0,1265097320.76,2050829550.0,11863328.96,-34227723.64,584985500.6,1090101310.47,505115809.87,1400516.96,892.44,1207.76,35.5,483.55,2413.03,1649.66,0.0,,,,,,,,建筑建材,建筑材料,陶瓷制造,,,
sh600145,四维控股,2008-06-04,5.4,5.57,5.32,5.38,5.43,4879918.0,26416389.0,1253448174.16,2031945300.0,11863328.96,-34227723.64,584985500.6,1090101310.47,505115809.87,1400516.96,834.97,832.61,168.15,247.24,1410.52,1333.79,0.0,,,,,,,,建筑建材,建筑材料,陶瓷制造,,,
sh600145,四维控股,2008-06-05,5.4,5.43,5.05,5.16,5.38,6387444.0,33177038.0,1202191929.12,1948854600.0,11863328.96,-34227723.64,584985500.6,1090101310.47,505115809.87,1400516.96,820.96,1144.75,348.48,549.63,1965.04,1440.67,0.57,,,,,,,,建筑建材,建筑材料,陶瓷制造,,,
sh600145,四维控股,2008-06-06,5.15,5.21,5.1,5.17,5.16,3183491.0,16362680.0,1204521758.44,1952631450.0,11863328.96,-34227723.64,584985500.6,1090101310.47,505115809.87,1400516.96,506.22,541.61,52.32,163.45,1077.47,930.95,0.0,,,,,,,,建筑建材,建筑材料,陶瓷制造,,,
sh600145,四维控股,2008-06-10,4.96,4.97,4.65,4.65,5.17,4218828.0,20034587.0,1083370633.8,1756235250.0,11863328.96,-34227723.64,584985500.6,1090101310.47,505115809.87,1400516.96,624.62,736.18,145.34,171.86,1233.49,900.14,0.0,,,,,,,,建筑建材,建筑材料,陶瓷制造,,,
sh600145,四维控股,2008-06-11,4.58,4.58,4.25,4.39,4.65,5563128.0,24536919.0,1022795071.48,1658037150.0,11863328.96,-34227723.64,584985500.6,1090101310.47,505115809.87,1400516.96,741.62,952.6,248.8,188.77,1447.23,1296.29,0.0,,,,,,,,建筑建材,建筑材料,陶瓷制造,,,
sh600145,四维控股,2008-06-12,4.35,4.63,4.28,4.53,4.39,5346668.0,23761459.0,1055412681.96,1710913050.0,11863328.96,-34227723.64,584985500.6,1090101310.47,505115809.87,1400516.96,793.77,693.82,169.85,155.62,1400.12,1523.15,8.84,,,,,,,,建筑建材,建筑材料,陶瓷制造,,,
sh600145,四维控股,2008-06-13,4.55,4.57,4.12,4.2,4.53,3688377.0,16100092.0,978528314.4,1586277000.0,11863328.96,-34227723.64,584985500.6,1090101310.47,505115809.87,1400516.96,444.41,587.24,39.14,92.6,1121.34,925.05,0.0,,,,,,,,建筑建材,建筑材料,陶瓷制造,,,
sh600145,四维控股,2008-06-16,4.28,4.31,4.01,4.1,4.2,3199592.0,13183894.0,955230021.2,1548508500.0,11863328.96,-34227723.64,584985500.6,1090101310.47,505115809.87,1400516.96,401.84,405.95,0.0,124.69,913.02,786.83,0.0,,,,,,,,建筑建材,建筑材料,陶瓷制造,,,
sh600145,四维控股,2008-06-17,4.1,4.19,3.7,3.74,4.1,4034206.0,15900600.0,871356165.68,1412541900.0,11863328.96,-34227723.64,584985500.6,1090101310.47,505115809.87,1400516.96,384.11,332.42,0.0,265.35,1180.75,992.21,0.0,,,,,,,,建筑建材,建筑材料,陶瓷制造,,,
sh600145,四维控股,2008-06-18,3.64,4.1,3.57,4.08,3.74,6424785.0,24874595.0,950570362.56,1540954800.0,11863328.96,-34227723.64,584985500.6,1090101310.47,505115809.87,1400516.96,892.85,763.99,135.38,88.48,1452.16,1627.93,0.0,,,,,,,,建筑建材,建筑材料,陶瓷制造,,,
sh600145,四维控股,2008-06-19,4.09,4.09,3.67,3.67,4.08,5106974.0,19630904.0,855047360.44,1386103950.0,11863328.96,-34227723.64,584985500.6,1090101310.47,505115809.87,1400516.96,474.18,628.89,101.96,164.39,1381.47,1164.33,0.0,,,,,,,,建筑建材,建筑材料,陶瓷制造,,,
sh600145,四维控股,2008-06-20,3.7,3.91,3.49,3.79,3.67,5115837.0,19205816.0,883005312.28,1431426150.0,11863328.96,-34227723.64,584985500.6,1090101310.47,505115809.87,1400516.96,533.89,553.97,136.0,65.26,991.54,1146.14,103.93,,,,,,,,建筑建材,建筑材料,陶瓷制造,,,
sh600145,四维控股,2008-06-23,3.8,3.86,3.6,3.81,3.79,2797575.0,10592031.0,887664970.92,1438979850.0,11863328.96,-34227723.64,584985500.6,1090101310.47,505115809.87,1400516.96,355.62,199.24,101.54,126.64,601.97,733.24,0.0,,,,,,,,建筑建材,建筑材料,陶瓷制造,,,
sh600145,四维控股,2008-06-24,3.76,4.07,3.73,3.98,3.81,4258470.0,16895505.0,927272069.36,1503186300.0,11863328.96,-34227723.64,584985500.6,1090101310.47,505115809.87,1400516.96,737.63,461.31,79.21,44.8,872.27,1183.0,0.0,,,,,,,,建筑建材,建筑材料,陶瓷制造,,,
sh600145,四维控股,2008-06-25,3.92,4.23,3.9,4.2,3.98,4699074.0,19367276.0,978528314.4,1586277000.0,11863328.96,-34227723.64,584985500.6,1090101310.47,505115809.87,1400516.96,642.42,582.44,196.82,149.21,1090.75,1198.33,0.0,,,,,,,,建筑建材,建筑材料,陶瓷制造,,,
sh600145,四维控股,2008-06-26,4.21,4.26,4.09,4.13,4.2,4819035.0,20153314.0,962219509.16,1559839050.0,11863328.96,-34227723.64,584985500.6,1090101310.47,505115809.87,1400516.96,701.66,760.17,61.35,164.04,1251.44,1090.25,0.0,,,,,,,,建筑建材,建筑材料,陶瓷制造,,,
sh600145,四维控股,2008-06-27,3.98,4.06,3.73,3.78,4.13,4652671.0,18089787.0,880675482.96,1427649300.0,11863328.96,-34227723.64,584985500.6,1090101310.47,505115809.87,1400516.96,176.04,292.26,43.23,22.74,506.3,410.58,0.0,,,,,,,,建筑建材,建筑材料,陶瓷制造,,,
sh600145,四维控股,2008-06-30,3.82,3.9,3.7,3.85,3.78,2351221.0,8975467.0,896984288.2,1454087250.0,11863328.96,-34227723.64,584985500.6,1090101310.47,505115809.87,1400516.96,238.86,219.91,0.0,20.3,658.35,656.99,0.0,,,,,,,,建筑建材,建筑材料,陶瓷制造,,,
sh600145,四维控股,2008-07-01,3.85,3.92,3.75,3.81,3.85,1543858.0,5900208.0,887664970.92,1438979850.0,11863328.96,-34227723.64,584985500.6,1090101310.47,505115809.87,1400516.96,154.89,140.21,0.0,,435.05,449.73,0.0,,,,,,,,建筑建材,建筑材料,陶瓷制造,,,
sh600145,四维控股,2008-07-02,3.81,3.9,3.71,3.81,3.81,2084346.0,7983475.0,887664970.92,1438979850.0,11863328.96,-34227723.64,584985500.6,1090101310.47,505115809.87,1400516.96,212.58,195.2,0.0,42.37,575.31,550.32,0.0,,,,,,,,建筑建材,建筑材料,陶瓷制造,,,
sh600145,四维控股,2008-07-03,3.79,4.07,3.7,4.05,3.81,7028721.0,27627475.0,943580874.6,1529624250.0,11863328.96,-34227723.64,584985500.6,1090101310.47,505115809.87,1400516.96,1002.97,965.28,561.33,316.53,1197.26,1479.76,0.0,,,,,,,,建筑建材,建筑材料,陶瓷制造,,,
sh600145,四维控股,2008-07-04,3.98,4.13,3.93,4.06,4.05,5744741.0,23235902.0,945910703.92,1533401100.0,11863328.96,-34227723.64,584985500.6,1090101310.47,505115809.87,1400516.96,800.74,870.51,291.54,348.54,1111.88,1095.25,110.15,,,,,,,,建筑建材,建筑材料,陶瓷制造,,,
sh600145,四维控股,2008-07-07,4.09,4.4,4.09,4.35,4.06,11155216.0,47383677.0,1013475754.2,1642929750.0,11863328.96,-34227723.64,584985500.6,1090101310.47,505115809.87,1400516.96,1808.6,1879.0,492.75,961.69,2434.84,1895.5,0.0,,,,,,,,建筑建材,建筑材料,陶瓷制造,,,
sh600145,四维控股,2008-07-08,4.27,4.38,4.22,4.31,4.35,7785180.0,33295661.0,1004156436.92,1627822350.0,11863328.96,-34227723.64,584985500.6,1090101310.47,505115809.87,1400516.96,1188.26,1278.71,291.67,314.92,1849.47,1735.77,0.0,,,,,,,,建筑建材,建筑材料,陶瓷制造,,,
sh600145,四维控股,2008-07-09,4.28,4.4,4.25,4.35,4.31,7791896.0,33818874.0,1013475754.2,1642929750.0,11863328.96,-34227723.64,584985500.6,1090101310.47,505115809.87,1400516.96,1417.86,1357.16,400.15,383.05,1558.97,1636.77,0.0,,,,,,,,建筑建材,建筑材料,陶瓷制造,,,
sh600145,四维控股,2008-07-10,4.28,4.57,4.25,4.28,4.35,8072060.0,35710671.0,997166948.96,1616491800.0,11863328.96,-34227723.64,584985500.6,1090101310.47,505115809.87,1400516.96,1263.47,1198.46,477.11,267.37,1830.49,2105.25,0.0,,,,,,,,建筑建材,建筑材料,陶瓷制造,,,
sh600145,四维控股,2008-07-11,4.26,4.34,4.04,4.14,4.28,5455163.0,22605775.0,964549338.48,1563615900.0,11863328.96,-34227723.64,584985500.6,1090101310.47,505115809.87,1400516.96,719.6,761.64,84.99,385.75,1454.62,1111.83,0.0,,,,,,,,建筑建材,建筑材料,陶瓷制造,,,
sh600145,四维控股,2008-07-14,4.07,4.28,4.07,4.26,4.14,3805210.0,15922862.0,992507290.32,1608938100.0,11863328.96,-34227723.64,584985500.6,1090101310.47,505115809.87,1400516.96,587.86,584.12,203.01,107.07,801.37,901.06,0.0,,,,,,,,建筑建材,建筑材料,陶瓷制造,,,
sh600145,四维控股,2008-07-15,4.25,4.33,4.1,4.12,4.26,4572296.0,19169018.0,959889679.84,1556062200.0,11863328.96,-34227723.64,584985500.6,1090101310.47,505115809.87,1400516.96,740.43,776.38,84.36,269.66,1091.94,870.7,0.0,,,,,,,,建筑建材,建筑材料,陶瓷制造,,,
sh600145,四维控股,2008-07-16,4.1,4.1,3.77,3.92,4.12,4508770.0,17743573.0,913293093.44,1480525200.0,11863328.96,-34227723.64,584985500.6,1090101310.47,505115809.87,1400516.96,482.09,550.78,122.27,243.34,1170.0,980.24,0.0,,,,,,,,建筑建材,建筑材料,陶瓷制造,,,
sh600145,四维控股,2008-07-17,3.98,3.99,3.8,3.82,3.92,2825714.0,11023712.0,889994800.24,1442756700.0,11863328.96,-34227723.64,584985500.6,1090101310.47,505115809.87,1400516.96,287.28,399.48,0.0,,810.45,670.58,0.0,,,,,,,,建筑建材,建筑材料,陶瓷制造,,,
sh600145,四维控股,2008-07-18,3.83,3.97,3.75,3.96,3.82,2561907.0,9920389.0,922612410.72,1495632600.0,11863328.96,-34227723.64,584985500.6,1090101310.47,505115809.87,1400516.96,302.91,258.13,72.55,48.29,615.43,684.47,0.0,,,,,,,,建筑建材,建筑材料,陶瓷制造,,,
sh600145,四维控股,2008-07-21,3.95,4.13,3.9,4.11,3.96,3915476.0,15820582.0,957559850.52,1552285350.0,11863328.96,-34227723.64,584985500.6,1090101310.47,505115809.87,1400516.96,577.68,574.5,149.44,136.57,853.97,870.02,0.0,,,,,,,,建筑建材,建筑材料,陶瓷制造,,,
sh600145,四维控股,2008-07-22,4.1,4.17,4.05,4.11,4.11,4070708.0,16758423.0,957559850.52,1552285350.0,11863328.96,-34227723.64,584985500.6,1090101310.47,505115809.87,1400516.96,626.69,554.69,108.83,207.12,940.28,914.0,0.0,,,,,,,,建筑建材,建筑材料,陶瓷制造,,,
sh600145,四维控股,2008-07-23,4.14,4.21,4.1,4.12,4.11,3869354.0,16032680.0,959889679.84,1556062200.0,11863328.96,-34227723.64,584985500.6,1090101310.47,505115809.87,1400516.96,537.59,511.12,177.96,289.1,887.68,803.01,0.0,,,,,,,,建筑建材,建筑材料,陶瓷制造,,,
sh600145,四维控股,2008-07-24,4.12,4.2,4.1,4.19,4.12,4545514.0,18920799.0,976198485.08,1582500150.0,11863328.96,-34227723.64,584985500.6,1090101310.47,505115809.87,1400516.96,768.42,714.2,82.18,194.91,1037.36,978.85,0.0,,,,,,,,建筑建材,建筑材料,陶瓷制造,,,
sh600145,四维控股,2008-07-25,4.14,4.15,4.07,4.08,4.19,3334857.0,13703298.0,950570362.56,1540954800.0,11863328.96,-34227723.64,584985500.6,1090101310.47,505115809.87,1400516.96,424.05,562.77,82.79,97.47,861.25,707.85,0.0,,,,,,,,建筑建材,建筑材料,陶瓷制造,,,
sh600145,四维控股,2008-07-28,4.1,4.26,4.1,4.25,4.08,4956460.0,20743235.0,990177461.0,1605161250.0,11863328.96,-34227723.64,584985500.6,1090101310.47,505115809.87,1400516.96,868.17,773.96,347.11,35.62,859.04,1264.75,0.0,,,,,,,,建筑建材,建筑材料,陶瓷制造,,,
sh600145,四维控股,2008-07-29,4.2,4.36,4.15,4.27,4.25,9144207.0,38939110.0,994837119.64,1612714950.0,11863328.96,-34227723.64,584985500.6,1090101310.47,505115809.87,1400516.96,1604.81,1427.28,220.66,515.99,2065.85,1948.06,0.0,,,,,,,,建筑建材,建筑材料,陶瓷制造,,,
sh600145,四维控股,2008-07-30,4.16,4.34,4.1,4.19,4.27,13473010.0,56711808.0,976198485.08,1582500150.0,11863328.96,-34227723.64,584985500.6,1090101310.47,505115809.87,1400516.96,2247.06,2143.15,665.91,789.04,2753.38,2734.15,0.0,,,,,,,,建筑建材,建筑材料,陶瓷制造,,,
sh600145,四维控股,2008-07-31,4.09,4.15,3.77,3.82,4.19,13880182.0,54128778.0,889994800.24,1442756700.0,11863328.96,-34227723.64,584985500.6,1090101310.47,505115809.87,1400516.96,1570.78,1819.04,225.45,623.91,3615.29,2735.98,0.0,232.58,,,,,,,建筑建材,建筑材料,陶瓷制造,,,
sh600145,四维控股,2008-08-01,3.71,3.86,3.69,3.83,3.82,6875113.0,25917766.0,892324629.56,1446533550.0,11863328.96,-34227723.64,584985500.6,1090101310.47,505115809.87,1400516.96,705.01,996.77,346.24,197.65,1533.16,1389.98,0.0,,,,,,,,建筑建材,建筑材料,陶瓷制造,,,
sh600145,四维控股,2008-08-04,3.81,3.81,3.69,3.7,3.83,3809160.0,14259256.0,862036848.4,1397434500.0,11863328.96,-34227723.64,584985500.6,1090101310.47,505115809.87,1400516.96,461.88,512.54,0.53,107.54,962.79,805.11,0.0,,,,,,,,建筑建材,建筑材料,陶瓷制造,,,
sh600145,四维控股,2008-08-05,3.71,3.79,3.57,3.6,3.7,3318348.0,12168007.0,838738555.2,1359666000.0,11863328.96,-34227723.64,584985500.6,1090101310.47,505115809.87,1400516.96,291.14,466.46,224.15,61.58,701.51,688.76,0.0,,,,,,,,建筑建材,建筑材料,陶瓷制造,,,
sh600145,四维控股,2008-08-06,3.65,3.68,3.45,3.56,3.6,3336768.0,11816990.0,829419237.92,1344558600.0,11863328.96,-34227723.64,584985500.6,1090101310.47,505115809.87,1400516.96,340.63,355.47,0.0,90.22,816.62,735.55,0.0,,,,,,,,建筑建材,建筑材料,陶瓷制造,,,
sh600145,四维控股,2008-08-07,3.59,3.6,3.4,3.51,3.56,3740029.0,13048431.0,817770091.32,1325674350.0,11863328.96,-34227723.64,584985500.6,1090101310.47,505115809.87,1400516.96,319.8,400.75,25.99,172.17,938.71,711.57,0.0,,,,,,,,建筑建材,建筑材料,陶瓷制造,,,
sh600145,四维控股,2008-08-08,3.5,3.5,3.16,3.17,3.51,4322585.0,14422723.0,738555894.44,1197261450.0,11863328.96,-34227723.64,584985500.6,1090101310.47,505115809.87,1400516.96,318.25,485.04,80.01,154.33,1043.84,802.73,0.0,,,,,,,,建筑建材,建筑材料,陶瓷制造,,,
sh600145,四维控股,2008-08-11,3.2,3.24,2.86,2.89,3.17,3359486.0,10078144.0,673320673.48,1091509650.0,11863328.96,-34227723.64,584985500.6,1090101310.47,505115809.87,1400516.96,216.18,281.07,0.0,,790.3,705.4,0.0,,,,,,,,建筑建材,建筑材料,陶瓷制造,,,
sh600145,四维控股,2008-08-12,2.87,2.98,2.8,2.93,2.89,3371094.0,9816204.0,682639990.76,1106617050.0,11863328.96,-34227723.64,584985500.6,1090101310.47,505115809.87,1400516.96,291.18,293.82,0.0,,666.22,663.57,0.0,,,,,,,,建筑建材,建筑材料,陶瓷制造,,,
sh600145,四维控股,2008-08-13,2.93,2.94,2.77,2.88,2.93,2371776.0,6763742.0,670990844.16,1087732800.0,11863328.96,-34227723.64,584985500.6,1090101310.47,505115809.87,1400516.96,154.09,199.94,55.79,,466.5,450.19,0.0,,,,,,,,建筑建材,建筑材料,陶瓷制造,,,
sh600145,四维控股,2008-08-14,2.89,2.95,2.83,2.9,2.88,2106891.0,6111280.0,675650502.8,1095286500.0,11863328.96,-34227723.64,584985500.6,1090101310.47,505115809.87,1400516.96,117.49,158.91,86.97,65.06,406.67,387.16,0.0,,,,,,,,建筑建材,建筑材料,陶瓷制造,,,
sh600145,四维控股,2008-08-15,2.9,2.95,2.84,2.91,2.9,3034120.0,8821909.0,677980332.12,1099063350.0,11863328.96,-34227723.64,584985500.6,1090101310.47,505115809.87,1400516.96,305.87,419.9,123.73,49.53,451.6,411.77,0.0,,,,,,,,建筑建材,建筑材料,陶瓷制造,,,
sh600145,四维控股,2008-08-18,2.94,2.94,2.62,2.64,2.91,2514841.0,6916976.0,615074940.48,997088400.0,11863328.96,-34227723.64,584985500.6,1090101310.47,505115809.87,1400516.96,172.36,227.59,10.96,,507.08,462.82,0.0,,,,,,,,建筑建材,建筑材料,陶瓷制造,,,
sh600145,四维控股,2008-08-19,2.59,2.68,2.51,2.64,2.64,2033533.0,5315531.0,615074940.48,997088400.0,11863328.96,-34227723.64,584985500.6,1090101310.47,505115809.87,1400516.96,112.32,175.76,0.0,,419.23,355.79,0.0,,,,,,,,建筑建材,建筑材料,陶瓷制造,,,
sh600145,四维控股,2008-08-20,2.61,2.9,2.56,2.9,2.64,5423345.0,15317155.0,675650502.8,1095286500.0,11863328.96,-34227723.64,584985500.6,1090101310.47,505115809.87,1400516.96,425.58,358.39,182.42,33.54,604.9,894.09,318.49,245.38,,,,,,,建筑建材,建筑材料,陶瓷制造,,,
sh600145,四维控股,2008-08-21,2.85,3.17,2.81,3.02,2.9,10722657.0,32397129.0,703608454.64,1140608700.0,11863328.96,-34227723.64,584985500.6,1090101310.47,505115809.87,1400516.96,1242.71,1125.54,263.31,50.46,1733.63,2063.65,0.0,,,,,,,,建筑建材,建筑材料,陶瓷制造,,,
sh600145,四维控股,2008-08-22,3.0,3.0,2.85,2.95,3.02,4016818.0,11760947.0,687299649.4,1114170750.0,11863328.96,-34227723.64,584985500.6,1090101310.47,505115809.87,1400516.96,309.11,309.25,0.0,74.21,792.99,792.6,0.0,,,,,,,,建筑建材,建筑材料,陶瓷制造,,,
sh600145,四维控股,2008-08-25,2.87,3.02,2.86,2.92,2.95,3478683.0,10284976.0,680310161.44,1102840200.0,11863328.96,-34227723.64,584985500.6,1090101310.47,505115809.87,1400516.96,276.75,380.03,16.45,20.45,735.3,628.01,0.0,,,,,,,,建筑建材,建筑材料,陶瓷制造,,,
sh600145,四维控股,2008-08-26,2.94,2.94,2.72,2.74,2.92,3451788.0,9622572.0,638373233.68,1034856900.0,11863328.96,-34227723.64,584985500.6,1090101310.47,505115809.87,1400516.96,298.9,414.79,0.0,,660.59,544.71,0.0,,,,,,,,建筑建材,建筑材料,陶瓷制造,,,
sh600145,四维控股,2008-08-27,2.75,2.82,2.73,2.77,2.74,1702390.0,4726787.0,645362721.64,1046187450.0,11863328.96,-34227723.64,584985500.6,1090101310.47,505115809.87,1400516.96,107.58,106.82,0.0,15.65,365.1,350.21,0.0,,,,,,,,建筑建材,建筑材料,陶瓷制造,,,
sh600145,四维控股,2008-08-28,2.71,2.81,2.71,2.73,2.77,1804585.0,4972924.0,636043404.36,1031080050.0,11863328.96,-34227723.64,584985500.6,1090101310.47,505115809.87,1400516.96,122.61,223.79,0.0,,374.68,272.91,0.0,,,,,,,,建筑建材,建筑材料,陶瓷制造,,,
sh600145,四维控股,2008-08-29,2.72,2.85,2.7,2.78,2.73,3897850.0,10787850.0,647692550.96,1049964300.0,-134362125.95,-40625465.510000005,434229449.06999993,885900247.43,451670798.36,-138404694.65,269.88,364.91,84.95,90.4,723.96,623.47,0.0,,,,,,,,建筑建材,建筑材料,陶瓷制造,,,
sh600145,四维控股,2008-09-01,2.76,2.77,2.66,2.72,2.78,2111148.0,5738275.0,633713575.04,1027303200.0,-134362125.95,-40625465.510000005,434229449.06999993,885900247.43,451670798.36,-138404694.65,147.52,157.67,22.0,,404.3,416.16,0.0,,,,,,,,建筑建材,建筑材料,陶瓷制造,,,
sh600145,四维控股,2008-09-02,2.68,2.99,2.65,2.99,2.72,11385885.0,33348722.0,696618966.68,1129278150.0,-134362125.95,-40625465.510000005,434229449.06999993,885900247.43,451670798.36,-138404694.65,1156.77,1144.39,1220.26,252.66,924.87,1666.15,27.64,266.34,,,,,,,建筑建材,建筑材料,陶瓷制造,,,
sh600145,四维控股,2008-09-03,3.11,3.29,3.09,3.29,2.99,31551257.0,100471877.0,766513846.28,1242583650.0,-134362125.95,-40625465.510000005,434229449.06999993,885900247.43,451670798.36,-138404694.65,2628.9,3547.76,1190.68,1558.04,5655.18,4615.66,570.61,,,,,,,,建筑建材,建筑材料,陶瓷制造,,,
sh600145,四维控股,2008-09-04,3.25,3.29,3.01,3.19,3.29,15743226.0,49464828.0,743215553.08,1204815150.0,-134362125.95,-40625465.510000005,434229449.06999993,885900247.43,451670798.36,-138404694.65,1921.64,1585.78,162.94,359.46,2859.15,2998.49,0.0,,,,,,,,建筑建材,建筑材料,陶瓷制造,,,
sh600145,四维控股,2008-09-05,3.05,3.16,2.87,2.89,3.19,11991943.0,36069614.0,673320673.48,1091509650.0,-134362125.95,-40625465.510000005,434229449.06999993,885900247.43,451670798.36,-138404694.65,586.08,611.66,46.47,212.82,1207.77,904.14,0.0,111.7,,,,,,,建筑建材,建筑材料,陶瓷制造,,,
sh600145,四维控股,2008-09-08,2.85,2.89,2.6,2.62,2.89,11406027.0,30724767.0,610415281.84,989534700.0,-134362125.95,-40625465.510000005,434229449.06999993,885900247.43,451670798.36,-138404694.65,1021.64,882.34,83.26,604.48,1962.48,1580.56,0.0,,,,,,,,建筑建材,建筑材料,陶瓷制造,,,
sh600145,四维控股,2008-09-09,2.6,2.7,2.59,2.67,2.62,7703203.0,20403786.0,622064428.44,1008418950.0,-134362125.95,-40625465.510000005,434229449.06999993,885900247.43,451670798.36,-138404694.65,698.08,825.4,71.49,180.9,1269.84,1033.11,0.0,,,,,,,,建筑建材,建筑材料,陶瓷制造,,,
sh600145,四维控股,2008-09-10,2.64,2.73,2.56,2.67,2.67,8063727.0,21412366.0,622064428.44,1008418950.0,-134362125.95,-40625465.510000005,434229449.06999993,885900247.43,451670798.36,-138404694.65,676.34,762.68,221.16,132.75,1243.74,1245.81,0.0,,,,,,,,建筑建材,建筑材料,陶瓷制造,,,
sh600145,四维控股,2008-09-11,2.68,2.75,2.61,2.73,2.67,7320730.0,19711587.0,636043404.36,1031080050.0,-134362125.95,-40625465.510000005,434229449.06999993,885900247.43,451670798.36,-138404694.65,675.46,653.61,180.87,201.0,1113.2,1114.91,0.0,,,,,,,,建筑建材,建筑材料,陶瓷制造,,,
sh600145,四维控股,2008-09-12,2.68,2.73,2.63,2.68,2.73,4970586.0,13317438.0,624394257.76,1012195800.0,-134362125.95,-40625465.510000005,434229449.06999993,885900247.43,451670798.36,-138404694.65,421.55,420.47,139.34,131.99,764.13,772.55,0.0,,,,,,,,建筑建材,建筑材料,陶瓷制造,,,
sh600145,四维控股,2008-09-16,2.68,2.7,2.56,2.57,2.68,3927654.0,10237081.0,598766135.24,970650450.0,-134362125.95,-40625465.510000005,434229449.06999993,885900247.43,451670798.36,-138404694.65,267.29,344.34,0.0,35.98,756.42,643.39,0.0,,,,,,,,建筑建材,建筑材料,陶瓷制造,,,
sh600145,四维控股,2008-09-17,2.59,2.6,2.33,2.37,2.57,6208605.0,15265067.0,552169548.84,895113450.0,-134362125.95,-40625465.510000005,434229449.06999993,885900247.43,451670798.36,-138404694.65,410.36,570.37,12.37,83.25,1103.28,872.4,0.0,,,,,,,,建筑建材,建筑材料,陶瓷制造,,,
sh600145,四维控股,2008-09-18,2.3,2.34,2.13,2.27,2.37,5824913.0,12919209.0,528871255.64,857344950.0,-134362125.95,-40625465.510000005,434229449.06999993,885900247.43,451670798.36,-138404694.65,251.54,317.42,0.0,,1008.34,932.19,0.0,,,,,,,,建筑建材,建筑材料,陶瓷制造,,,
sh600145,四维控股,2008-09-19,2.5,2.5,2.42,2.5,2.27,5913654.0,14704305.0,582457330.0,944212500.0,-134362125.95,-40625465.510000005,434229449.06999993,885900247.43,451670798.36,-138404694.65,,,222.72,,362.76,675.07,0.0,,,,,,,,建筑建材,建筑材料,陶瓷制造,,,
sh600145,四维控股,2008-09-22,2.64,2.75,2.51,2.64,2.5,11473722.0,30411628.0,615074940.48,997088400.0,-134362125.95,-40625465.510000005,434229449.06999993,885900247.43,451670798.36,-138404694.65,851.69,953.26,481.69,370.62,1707.26,1716.77,0.0,,,,,,,,建筑建材,建筑材料,陶瓷制造,,,
sh600145,四维控股,2008-09-23,2.5,2.56,2.39,2.4,2.64,5192970.0,12775381.0,559159036.8,906444000.0,-134362125.95,-40625465.510000005,434229449.06999993,885900247.43,451670798.36,-138404694.65,345.19,370.76,63.95,78.56,759.18,719.0,0.0,,,,,,,,建筑建材,建筑材料,陶瓷制造,,,
sh600145,四维控股,2008-09-24,2.34,2.47,2.3,2.44,2.4,3270922.0,7778224.0,568478354.08,921551400.0,-134362125.95,-40625465.510000005,434229449.06999993,885900247.43,451670798.36,-138404694.65,250.16,188.14,0.62,23.32,527.03,566.36,0.0,,,,,,,,建筑建材,建筑材料,陶瓷制造,,,
sh600145,四维控股,2008-09-25,2.45,2.52,2.41,2.48,2.44,4599630.0,11406674.0,577797671.36,936658800.0,-134362125.95,-40625465.510000005,434229449.06999993,885900247.43,451670798.36,-138404694.65,335.52,256.92,65.19,,739.65,883.45,0.0,,,,,,,,建筑建材,建筑材料,陶瓷制造,,,
sh600145,四维控股,2008-09-26,2.49,2.53,2.4,2.45,2.48,3996166.0,9810108.0,570808183.4,925328250.0,-134362125.95,-40625465.510000005,434229449.06999993,885900247.43,451670798.36,-138404694.65,,,,,,,,,,,,,,,建筑建材,建筑材料,陶瓷制造,,,
sh600145,四维控股,2008-10-06,2.43,2.43,2.32,2.35,2.45,2633271.0,6200215.0,547509890.2,887559750.0,-134362125.95,-40625465.510000005,434229449.06999993,885900247.43,451670798.36,-138404694.65,127.44,179.97,0.0,25.97,492.37,413.86,0.0,,,,,,,,建筑建材,建筑材料,陶瓷制造,,,
sh600145,四维控股,2008-10-07,2.3,2.37,2.25,2.34,2.35,2316532.0,5361813.0,545180060.88,883782900.0,-134362125.95,-40625465.510000005,434229449.06999993,885900247.43,451670798.36,-138404694.65,142.75,187.43,0.0,,390.89,346.21,0.0,,,,,,,,建筑建材,建筑材料,陶瓷制造,,,
sh600145,四维控股,2008-10-08,2.29,2.34,2.25,2.28,2.34,1577196.0,3618380.0,531201084.96,861121800.0,-134362125.95,-40625465.510000005,434229449.06999993,885900247.43,451670798.36,-138404694.65,84.77,104.89,0.0,,275.15,255.04,0.0,,,,,,,,建筑建材,建筑材料,陶瓷制造,,,
sh600145,四维控股,2008-10-09,2.35,2.36,2.25,2.28,2.28,2130341.0,4870939.0,531201084.96,861121800.0,-134362125.95,-40625465.510000005,434229449.06999993,885900247.43,451670798.36,-138404694.65,116.01,198.09,0.0,19.04,364.02,262.91,0.0,,,,,,,,建筑建材,建筑材料,陶瓷制造,,,
sh600145,四维控股,2008-10-10,2.2,2.2,2.09,2.1,2.28,2570149.0,5480438.0,489264157.2,793138500.0,-134362125.95,-40625465.510000005,434229449.06999993,885900247.43,451670798.36,-138404694.65,,,,,,,,,,,,,,,建筑建材,建筑材料,陶瓷制造,,,
sh600145,四维控股,2008-10-13,2.04,2.14,1.99,2.13,2.1,2787360.0,5699704.0,496253645.16,804469050.0,-134362125.95,-40625465.510000005,434229449.06999993,885900247.43,451670798.36,-138404694.65,84.49,117.36,22.61,23.77,435.5,401.47,0.0,,,,,,,,建筑建材,建筑材料,陶瓷制造,,,
sh600145,四维控股,2008-10-14,2.2,2.23,2.12,2.16,2.13,4110806.0,8902359.0,503243133.12,815799600.0,-134362125.95,-40625465.510000005,434229449.06999993,885900247.43,451670798.36,-138404694.65,386.56,254.75,0.0,2.03,482.34,633.46,0.0,,,,,,,,建筑建材,建筑材料,陶瓷制造,,,
sh600145,四维控股,2008-10-15,2.14,2.29,2.06,2.26,2.16,6406606.0,14265723.0,526541426.32,853568100.0,-134362125.95,-40625465.510000005,434229449.06999993,885900247.43,451670798.36,-138404694.65,385.0,303.99,84.61,170.91,794.46,938.75,0.0,,,,,,,,建筑建材,建筑材料,陶瓷制造,,,
sh600145,四维控股,2008-10-16,2.19,2.19,2.05,2.06,2.26,3097672.0,6568265.0,479944839.92,778031100.0,-134362125.95,-40625465.510000005,434229449.06999993,885900247.43,451670798.36,-138404694.65,98.83,176.71,0.0,22.99,555.73,456.45,0.0,,,,,,,,建筑建材,建筑材料,陶瓷制造,,,
sh600145,四维控股,2008-10-17,2.08,2.18,2.06,2.11,2.06,2727963.0,5772699.0,491593986.52,796915350.0,-134362125.95,-40625465.510000005,434229449.06999993,885900247.43,451670798.36,-138404694.65,151.46,144.54,0.0,,404.12,432.73,0.0,,,,,,,,建筑建材,建筑材料,陶瓷制造,,,
sh600145,四维控股,2008-10-20,2.11,2.16,2.01,2.16,2.11,2837147.0,6003576.0,503243133.12,815799600.0,-134362125.95,-40625465.510000005,434229449.06999993,885900247.43,451670798.36,-138404694.65,148.55,170.39,20.37,,431.44,429.97,0.0,,,,,,,,建筑建材,建筑材料,陶瓷制造,,,
sh600145,四维控股,2008-10-21,2.16,2.19,2.11,2.14,2.16,3477189.0,7503033.0,498583474.48,808245900.0,-134362125.95,-40625465.510000005,434229449.06999993,885900247.43,451670798.36,-138404694.65,201.94,280.76,0.0,20.75,520.55,448.01,0.0,,,,,,,,建筑建材,建筑材料,陶瓷制造,,,
sh600145,四维控股,2008-10-22,2.1,2.35,2.09,2.25,2.14,8451996.0,19011827.0,524211597.0,849791250.0,-134362125.95,-40625465.510000005,434229449.06999993,885900247.43,451670798.36,-138404694.65,576.43,463.27,112.29,,1210.84,1390.18,0.0,,,,,,,,建筑建材,建筑材料,陶瓷制造,,,
sh600145,四维控股,2008-10-23,2.17,2.21,2.15,2.18,2.25,4289946.0,9329108.0,507902791.76,823353300.0,-134362125.95,-40625465.510000005,434229449.06999993,885900247.43,451670798.36,-138404694.65,260.26,293.44,24.33,42.97,648.08,596.26,0.0,,,,,,,,建筑建材,建筑材料,陶瓷制造,,,
sh600145,四维控股,2008-10-24,2.16,2.3,2.16,2.22,2.18,6486907.0,14508688.0,517222109.04,838460700.0,-134362125.95,-40625465.510000005,434229449.06999993,885900247.43,451670798.36,-138404694.65,482.13,518.7,202.18,,764.89,930.5,0.0,,,,,,,,建筑建材,建筑材料,陶瓷制造,,,
sh600145,四维控股,2008-10-27,2.13,2.17,2.0,2.0,2.22,4486829.0,9308372.0,465965864.0,755370000.0,-134362125.95,-40625465.510000005,434229449.06999993,885900247.43,451670798.36,-138404694.65,202.39,297.88,25.5,81.89,702.78,550.91,0.0,,,,,,,,建筑建材,建筑材料,陶瓷制造,,,
sh600145,四维控股,2008-10-28,1.91,2.07,1.91,2.06,2.0,5291061.0,10548205.0,479944839.92,778031100.0,-134362125.95,-40625465.510000005,434229449.06999993,885900247.43,451670798.36,-138404694.65,194.95,227.04,0.0,,462.13,429.67,0.0,,,,,,,,建筑建材,建筑材料,陶瓷制造,,,
sh600145,四维控股,2008-10-29,2.12,2.12,1.96,1.98,2.06,3457909.0,7073715.0,461306205.36,747816300.0,-134362125.95,-40625465.510000005,434229449.06999993,885900247.43,451670798.36,-138404694.65,216.0,214.05,0.0,,489.57,451.83,0.0,,,,,,,,建筑建材,建筑材料,陶瓷制造,,,
sh600145,四维控股,2008-10-30,1.99,2.02,1.9,1.99,1.98,4856445.0,9518621.0,463636034.68,751593150.0,-134362125.95,-40625465.510000005,434229449.06999993,885900247.43,451670798.36,-138404694.65,215.18,374.63,37.83,,698.04,539.67,0.0,,,,,,,,建筑建材,建筑材料,陶瓷制造,,,
sh600145,四维控股,2008-10-31,1.96,1.99,1.91,1.93,1.99,2016547.0,3936783.0,449657058.76,728932050.0,-147384018.64000002,-28811674.54,423975312.14,844816539.03,420841226.89,-10098999.25,79.78,95.42,0.0,,313.9,298.26,0.0,,,,,,,,建筑建材,建筑材料,陶瓷制造,,,
sh600145,四维控股,2008-11-03,1.93,1.98,1.92,1.95,1.93,1512269.0,2943045.0,454316717.4,736485750.0,-147384018.64000002,-28811674.54,423975312.14,844816539.03,420841226.89,-10098999.25,91.85,84.67,0.0,,202.45,209.63,0.0,,,,,,,,建筑建材,建筑材料,陶瓷制造,,,
sh600145,四维控股,2008-11-04,1.95,2.13,1.88,2.06,1.95,6513751.0,13082552.0,479944839.92,778031100.0,-147384018.64000002,-28811674.54,423975312.14,844816539.03,420841226.89,-10098999.25,381.2,364.86,73.9,51.57,849.14,890.45,2.65,,,,,,,,建筑建材,建筑材料,陶瓷制造,,,
sh600145,四维控股,2008-11-05,2.0,2.12,1.99,2.09,2.06,7111220.0,14706739.0,486934327.88,789361650.0,-147384018.64000002,-28811674.54,423975312.14,844816539.03,420841226.89,-10098999.25,621.74,692.89,0.0,,848.93,773.91,0.0,,,,,,,,建筑建材,建筑材料,陶瓷制造,,,
sh600145,四维控股,2008-11-06,2.02,2.09,2.01,2.07,2.09,3834959.0,7876988.0,482274669.24,781807950.0,-147384018.64000002,-28811674.54,423975312.14,844816539.03,420841226.89,-10098999.25,275.64,298.55,0.0,,489.45,488.11,0.0,,,,,,,,建筑建材,建筑材料,陶瓷制造,,,
sh600145,四维控股,2008-11-07,2.04,2.18,2.04,2.14,2.07,6701359.0,14165799.0,498583474.48,808245900.0,-147384018.64000002,-28811674.54,423975312.14,844816539.03,420841226.89,-10098999.25,654.89,521.52,154.52,36.76,607.15,858.28,0.0,,,,,,,,建筑建材,建筑材料,陶瓷制造,,,
sh600145,四维控股,2008-11-10,2.15,2.3,2.14,2.28,2.14,9274781.0,20658190.0,531201084.96,861121800.0,-147384018.64000002,-28811674.54,423975312.14,844816539.03,420841226.89,-10098999.25,893.1,973.44,129.44,39.94,1037.35,1046.51,0.0,,,,,,,,建筑建材,建筑材料,陶瓷制造,,,
sh600145,四维控股,2008-11-11,2.27,2.46,2.22,2.4,2.28,16139226.0,37566380.0,559159036.8,906444000.0,-147384018.64000002,-28811674.54,423975312.14,844816539.03,420841226.89,-10098999.25,1538.57,1336.62,356.16,363.57,1861.69,2056.22,0.0,,,,,,,,建筑建材,建筑材料,陶瓷制造,,,
sh600145,四维控股,2008-11-12,2.33,2.5,2.28,2.49,2.4,13087840.0,31179896.0,580127500.68,940435650.0,-147384018.64000002,-28811674.54,423975312.14,844816539.03,420841226.89,-10098999.25,1022.51,1284.85,225.0,126.89,1749.15,1705.05,120.14,,,,,,,,建筑建材,建筑材料,陶瓷制造,,,
sh600145,四维控股,2008-11-13,2.43,2.74,2.4,2.73,2.49,17719197.0,45768685.0,636043404.36,1031080050.0,-147384018.64000002,-28811674.54,423975312.14,844816539.03,420841226.89,-10098999.25,1151.44,1114.97,261.07,108.33,1670.03,1859.25,0.0,,,,,,,,建筑建材,建筑材料,陶瓷制造,,,
sh600145,四维控股,2008-11-14,2.66,2.8,2.61,2.71,2.73,18798191.0,50911147.0,631383745.72,1023526350.0,-147384018.64000002,-28811674.54,423975312.14,844816539.03,420841226.89,-10098999.25,1575.33,1679.52,747.92,621.88,2490.22,2489.52,0.0,22.55,,,,,,,建筑建材,建筑材料,陶瓷制造,,,
sh600145,四维控股,2008-11-17,2.66,2.84,2.61,2.79,2.71,14065248.0,38430906.0,650022380.28,1053741150.0,-147384018.64000002,-28811674.54,423975312.14,844816539.03,420841226.89,-10098999.25,1486.59,1463.8,504.72,344.33,1851.03,2034.22,0.0,,,,,,,,建筑建材,建筑材料,陶瓷制造,,,
sh600145,四维控股,2008-11-18,2.8,2.8,2.51,2.51,2.79,11267498.0,29603908.0,584787159.32,947989350.0,-147384018.64000002,-28811674.54,423975312.14,844816539.03,420841226.89,-10098999.25,917.81,891.51,307.3,712.29,1579.18,1200.5,0.0,,,,,,,,建筑建材,建筑材料,陶瓷制造,,,
sh600145,四维控股,2008-11-19,2.43,2.68,2.34,2.63,2.51,12921354.0,32388230.0,612745111.16,993311550.0,-147384018.64000002,-28811674.54,423975312.14,844816539.03,420841226.89,-10098999.25,1015.42,945.83,297.14,519.72,1490.26,1357.98,20.71,,,,,,,,建筑建材,建筑材料,陶瓷制造,,,
sh600145,四维控股,2008-11-20,2.53,2.69,2.44,2.6,2.63,9776332.0,25356520.0,605755623.2,981981000.0,-147384018.64000002,-28811674.54,423975312.14,844816539.03,420841226.89,-10098999.25,794.27,841.39,257.98,250.5,1454.0,1414.36,0.0,,,,,,,,建筑建材,建筑材料,陶瓷制造,,,
sh600145,四维控股,2008-11-21,2.51,2.86,2.46,2.75,2.6,18236803.0,49431966.0,640703063.0,1038633750.0,-147384018.64000002,-28811674.54,423975312.14,844816539.03,420841226.89,-10098999.25,1636.5,1593.5,622.78,534.32,2409.09,2655.57,270.7,155.68,,,,,,,建筑建材,建筑材料,陶瓷制造,,,
sh600145,四维控股,2008-11-24,2.72,2.85,2.6,2.64,2.75,13366047.0,36608422.0,615074940.48,997088400.0,-147384018.64000002,-28811674.54,423975312.14,844816539.03,420841226.89,-10098999.25,1346.22,1394.81,361.01,433.66,1950.94,1631.65,0.0,,,,,,,,建筑建材,建筑材料,陶瓷制造,,,
sh600145,四维控股,2008-11-25,2.68,2.86,2.6,2.81,2.64,18366383.0,50808982.0,654682038.92,1061294850.0,-147384018.64000002,-28811674.54,423975312.14,844816539.03,420841226.89,-10098999.25,2054.12,1782.95,600.21,615.28,2426.56,2682.67,0.0,,,,,,,,建筑建材,建筑材料,陶瓷制造,,,
sh600145,四维控股,2008-11-26,2.8,2.88,2.72,2.74,2.81,17813924.0,49960975.0,638373233.68,1034856900.0,-147384018.64000002,-28811674.54,423975312.14,844816539.03,420841226.89,-10098999.25,2004.71,2177.74,0.0,694.66,2644.51,2122.29,0.0,,,,,,,,建筑建材,建筑材料,陶瓷制造,,,
sh600145,四维控股,2008-11-27,2.89,3.0,2.75,2.89,2.74,25040181.0,71985644.0,673320673.48,1091509650.0,-147384018.64000002,-28811674.54,423975312.14,844816539.03,420841226.89,-10098999.25,2592.05,2490.84,875.31,926.08,3597.47,3624.05,113.42,,,,,,,,建筑建材,建筑材料,陶瓷制造,,,
sh600145,四维控股,2008-11-28,2.84,3.08,2.82,3.01,2.89,20753524.0,61767952.0,701278625.32,1136831850.0,-147384018.64000002,-28811674.54,423975312.14,844816539.03,420841226.89,-10098999.25,2214.26,2249.63,532.29,443.18,3398.94,3452.68,0.0,,,,,,,,建筑建材,建筑材料,陶瓷制造,,,
sh600145,四维控股,2008-12-01,2.92,3.05,2.92,2.99,3.01,14818862.0,44213909.0,696618966.68,1129278150.0,-147384018.64000002,-28811674.54,423975312.14,844816539.03,420841226.89,-10098999.25,1458.12,1709.11,484.93,364.27,2475.01,2344.68,0.0,,,,,,,,建筑建材,建筑材料,陶瓷制造,,,
sh600145,四维控股,2008-12-02,2.93,2.98,2.8,2.91,2.99,14352568.0,41424791.0,677980332.12,1099063350.0,-147384018.64000002,-28811674.54,423975312.14,844816539.03,420841226.89,-10098999.25,1461.65,1575.57,173.01,261.71,2499.23,2151.48,3.78,148.92,,,,,,,建筑建材,建筑材料,陶瓷制造,,,
sh600145,四维控股,2008-12-03,2.92,3.0,2.86,2.97,2.91,14004408.0,41086936.0,691959308.04,1121724450.0,-147384018.64000002,-28811674.54,423975312.14,844816539.03,420841226.89,-10098999.25,1500.14,1466.96,494.29,464.75,1934.55,1997.27,0.0,,,,,,,,建筑建材,建筑材料,陶瓷制造,,,
sh600145,四维控股,2008-12-04,3.0,3.08,2.92,2.97,2.97,17494198.0,52457213.0,691959308.04,1121724450.0,-147384018.64000002,-28811674.54,423975312.14,844816539.03,420841226.89,-10098999.25,1826.98,1807.63,868.65,1046.06,2550.09,2289.59,0.0,,,,,,,,建筑建材,建筑材料,陶瓷制造,,,
sh600145,四维控股,2008-12-05,2.95,3.0,2.8,2.89,2.97,14649496.0,42571612.0,673320673.48,1091509650.0,-147384018.64000002,-28811674.54,423975312.14,844816539.03,420841226.89,-10098999.25,1432.3,1712.99,376.43,745.45,2418.53,1790.99,0.0,,,,,,,,建筑建材,建筑材料,陶瓷制造,,,
sh600145,四维控股,2008-12-08,2.93,3.12,2.86,3.11,2.89,24563357.0,73843004.0,724576918.52,1174600350.0,-147384018.64000002,-28811674.54,423975312.14,844816539.03,420841226.89,-10098999.25,3167.55,2467.74,1018.53,1632.28,3053.89,3139.95,0.0,,,,,,,,建筑建材,建筑材料,陶瓷制造,,,
sh600145,四维控股,2008-12-09,3.07,3.09,2.93,2.94,3.11,13139973.0,39502398.0,684969820.08,1110393900.0,-147384018.64000002,-28811674.54,423975312.14,844816539.03,420841226.89,-10098999.25,1263.46,1570.37,421.43,512.93,2264.93,1866.52,0.0,,,,,,,,建筑建材,建筑材料,陶瓷制造,,,
sh600145,四维控股,2008-12-10,2.91,3.0,2.87,2.97,2.94,8863875.0,26111817.0,691959308.04,1121724450.0,-147384018.64000002,-28811674.54,423975312.14,844816539.03,420841226.89,-10098999.25,858.29,1020.39,193.31,215.14,1559.46,1375.53,0.0,,,,,,,,建筑建材,建筑材料,陶瓷制造,,,
sh600145,四维控股,2008-12-11,2.97,2.98,2.82,2.83,2.97,9525328.0,27582747.0,659341697.56,1068848550.0,-147384018.64000002,-28811674.54,423975312.14,844816539.03,420841226.89,-10098999.25,804.28,921.66,269.36,521.25,1684.01,1314.74,0.0,,,,,,,,建筑建材,建筑材料,陶瓷制造,,,
sh600145,四维控股,2008-12-12,2.8,2.81,2.61,2.66,2.83,8234329.0,22267118.0,619734599.12,1004642100.0,-147384018.64000002,-28811674.54,423975312.14,844816539.03,420841226.89,-10098999.25,633.91,765.67,0.0,339.81,1556.59,1114.46,0.0,,,,,,,,建筑建材,建筑材料,陶瓷制造,,,
sh600145,四维控股,2008-12-15,2.7,2.8,2.69,2.74,2.66,6591766.0,18039434.0,638373233.68,1034856900.0,-147384018.64000002,-28811674.54,423975312.14,844816539.03,420841226.89,-10098999.25,617.89,616.67,82.84,183.9,1103.21,1003.37,0.0,,,,,,,,建筑建材,建筑材料,陶瓷制造,,,
sh600145,四维控股,2008-12-17,2.78,2.92,2.78,2.83,2.74,7649703.0,21881854.0,659341697.56,1068848550.0,-147384018.64000002,-28811674.54,423975312.14,844816539.03,420841226.89,-10098999.25,748.98,721.28,116.89,105.43,1297.42,1357.91,21.33,,,,,,,,建筑建材,建筑材料,陶瓷制造,,,
sh600145,四维控股,2008-12-18,2.82,2.85,2.76,2.82,2.83,5243780.0,14686245.0,657011868.24,1065071700.0,-147384018.64000002,-28811674.54,423975312.14,844816539.03,420841226.89,-10098999.25,441.37,562.22,63.47,91.32,963.0,814.3,0.0,,,,,,,,建筑建材,建筑材料,陶瓷制造,,,
sh600145,四维控股,2008-12-19,2.86,2.89,2.82,2.85,2.82,5551308.0,15857519.0,664001356.2,1076402250.0,-147384018.64000002,-28811674.54,423975312.14,844816539.03,420841226.89,-10098999.25,626.07,623.18,119.64,106.27,838.65,854.91,0.0,,,,,,,,建筑建材,建筑材料,陶瓷制造,,,
sh600145,四维控股,2008-12-22,2.85,2.9,2.77,2.85,2.85,4638247.0,13116907.0,664001356.2,1076402250.0,-147384018.64000002,-28811674.54,423975312.14,844816539.03,420841226.89,-10098999.25,380.03,409.6,80.5,141.44,850.94,760.42,0.0,,,,,,,,建筑建材,建筑材料,陶瓷制造,,,
sh600145,四维控股,2008-12-23,2.85,2.87,2.6,2.61,2.85,5572530.0,15131891.0,608085452.52,985757850.0,-147384018.64000002,-28811674.54,423975312.14,844816539.03,420841226.89,-10098999.25,366.12,557.55,91.76,120.78,1053.24,832.78,0.0,,,,,,,,建筑建材,建筑材料,陶瓷制造,,,
sh600145,四维控股,2008-12-24,2.55,2.63,2.52,2.58,2.61,3859072.0,9953377.0,601095964.56,974427300.0,-147384018.64000002,-28811674.54,423975312.14,844816539.03,420841226.89,-10098999.25,271.61,340.17,0.0,,659.18,655.17,0.0,,,,,,,,建筑建材,建筑材料,陶瓷制造,,,
sh600145,四维控股,2008-12-25,2.59,2.6,2.51,2.56,2.58,2796583.0,7143461.0,596436305.92,966873600.0,-147384018.64000002,-28811674.54,423975312.14,844816539.03,420841226.89,-10098999.25,255.38,176.81,4.26,,454.71,535.09,0.0,,,,,,,,建筑建材,建筑材料,陶瓷制造,,,
sh600145,四维控股,2008-12-26,2.56,2.56,2.48,2.52,2.56,3165843.0,7975452.0,587116988.64,951766200.0,-147384018.64000002,-28811674.54,423975312.14,844816539.03,420841226.89,-10098999.25,278.84,294.36,54.43,106.87,464.03,396.07,0.0,,,,,,,,建筑建材,建筑材料,陶瓷制造,,,
sh600145,四维控股,2008-12-29,2.5,2.77,2.36,2.67,2.52,5451169.0,13902564.0,622064428.44,1008418950.0,-147384018.64000002,-28811674.54,423975312.14,844816539.03,420841226.89,-10098999.25,335.67,347.85,280.22,83.74,772.15,958.67,2.22,,,,,,,,建筑建材,建筑材料,陶瓷制造,,,
sh600145,四维控股,2008-12-30,2.63,2.78,2.6,2.66,2.67,6990910.0,18909742.0,619734599.12,1004642100.0,-147384018.64000002,-28811674.54,423975312.14,844816539.03,420841226.89,-10098999.25,507.06,471.25,0.0,,1256.41,1185.12,0.0,,,,,,,,建筑建材,建筑材料,陶瓷制造,,,
sh600145,四维控股,2008-12-31,2.6,2.7,2.51,2.52,2.66,3204256.0,8233949.0,587116988.64,951766200.0,-147384018.64000002,-28811674.54,423975312.14,844816539.03,420841226.89,-10098999.25,192.25,252.13,0.0,18.59,630.56,552.09,0.0,,,,,,,,建筑建材,建筑材料,陶瓷制造,,,
sh600145,四维控股,2009-01-05,2.56,2.62,2.52,2.61,2.52,2910244.0,7517852.0,608085452.52,985757850.0,-147384018.64000002,-28811674.54,423975312.14,844816539.03,420841226.89,-10098999.25,278.81,221.02,9.87,42.37,463.1,488.4,0.0,,,,,,,,建筑建材,建筑材料,陶瓷制造,,,
sh600145,四维控股,2009-01-06,2.61,2.72,2.57,2.7,2.61,6219251.0,16517299.0,629053916.4,1019749500.0,-147384018.64000002,-28811674.54,423975312.14,844816539.03,420841226.89,-10098999.25,781.33,472.57,90.26,246.12,671.86,932.52,107.76,,,,,,,,建筑建材,建筑材料,陶瓷制造,,,
sh600145,四维控股,2009-01-07,2.66,2.8,2.66,2.8,2.7,8554884.0,23470173.0,652352209.6,1057518000.0,-147384018.64000002,-28811674.54,423975312.14,844816539.03,420841226.89,-10098999.25,536.09,706.73,84.18,216.12,1432.06,1403.46,273.97,,,,,,,,建筑建材,建筑材料,陶瓷制造,,,
sh600145,四维控股,2009-01-08,2.77,2.92,2.71,2.8,2.8,14290383.0,40556921.0,652352209.6,1057518000.0,-147384018.64000002,-28811674.54,423975312.14,844816539.03,420841226.89,-10098999.25,1413.11,1644.19,649.54,524.44,1973.3,1878.92,15.74,4.14,,,,,,,建筑建材,建筑材料,陶瓷制造,,,
sh600145,四维控股,2009-01-09,2.81,2.84,2.72,2.8,2.8,6622572.0,18416667.0,652352209.6,1057518000.0,-147384018.64000002,-28811674.54,423975312.14,844816539.03,420841226.89,-10098999.25,590.53,706.83,70.97,52.5,1160.26,1062.42,0.0,,,,,,,,建筑建材,建筑材料,陶瓷制造,,,
sh600145,四维控股,2009-01-12,2.82,2.83,2.75,2.8,2.8,4732883.0,13215301.0,652352209.6,1057518000.0,-147384018.64000002,-28811674.54,423975312.14,844816539.03,420841226.89,-10098999.25,434.82,344.15,27.9,215.0,885.31,760.97,0.0,,,,,,,,建筑建材,建筑材料,陶瓷制造,,,
sh600145,四维控股,2009-01-13,2.79,2.8,2.7,2.71,2.8,4214838.0,11540821.0,631383745.72,1023526350.0,-147384018.64000002,-28811674.54,423975312.14,844816539.03,420841226.89,-10098999.25,440.78,503.67,77.36,63.24,635.95,587.17,0.0,,,,,,,,建筑建材,建筑材料,陶瓷制造,,,
sh600145,四维控股,2009-01-14,2.72,2.84,2.71,2.82,2.71,5553754.0,15484139.0,657011868.24,1065071700.0,-147384018.64000002,-28811674.54,423975312.14,844816539.03,420841226.89,-10098999.25,667.82,549.29,197.84,128.1,679.9,868.18,0.0,,,,,,,,建筑建材,建筑材料,陶瓷制造,,,
sh600145,四维控股,2009-01-15,2.77,2.88,2.77,2.83,2.82,6427577.0,18274254.0,659341697.56,1068848550.0,-147384018.64000002,-28811674.54,423975312.14,844816539.03,420841226.89,-10098999.25,776.95,648.96,197.84,215.2,852.64,963.27,0.0,,,,,,,,建筑建材,建筑材料,陶瓷制造,,,
sh600145,四维控股,2009-01-16,2.85,2.91,2.81,2.85,2.83,10373267.0,29654734.0,664001356.2,1076402250.0,-147384018.64000002,-28811674.54,423975312.14,844816539.03,420841226.89,-10098999.25,789.04,925.42,442.13,483.02,1541.29,1260.46,166.31,244.13,,,,,,,建筑建材,建筑材料,陶瓷制造,,,
sh600145,四维控股,2009-01-19,2.86,2.94,2.81,2.89,2.85,7740572.0,22304006.0,673320673.48,1091509650.0,-147384018.64000002,-28811674.54,423975312.14,844816539.03,420841226.89,-10098999.25,820.13,813.66,289.67,269.66,1120.6,1147.08,0.0,,,,,,,,建筑建材,建筑材料,陶瓷制造,,,
sh600145,四维控股,2009-01-20,2.88,2.88,2.78,2.85,2.89,4342734.0,12251769.0,664001356.2,1076402250.0,-147384018.64000002,-28811674.54,423975312.14,844816539.03,420841226.89,-10098999.25,438.23,457.32,43.59,60.13,742.79,707.17,0.0,,,,,,,,建筑建材,建筑材料,陶瓷制造,,,
sh600145,四维控股,2009-01-21,2.8,2.84,2.75,2.79,2.85,3098399.0,8678544.0,650022380.28,1053741150.0,-147384018.64000002,-28811674.54,423975312.14,844816539.03,420841226.89,-10098999.25,236.86,275.3,65.26,102.07,564.18,488.92,0.0,,,,,,,,建筑建材,建筑材料,陶瓷制造,,,
sh600145,四维控股,2009-01-22,2.8,2.85,2.78,2.82,2.79,3019853.0,8507240.0,657011868.24,1065071700.0,-147384018.64000002,-28811674.54,423975312.14,844816539.03,420841226.89,-10098999.25,366.41,270.28,43.45,48.74,440.86,531.7,0.0,,,,,,,,建筑建材,建筑材料,陶瓷制造,,,
sh600145,四维控股,2009-01-23,2.82,3.03,2.81,2.91,2.82,13423226.0,39523450.0,677980332.12,1099063350.0,-147384018.64000002,-28811674.54,423975312.14,844816539.03,420841226.89,-10098999.25,1129.67,1275.95,1055.43,524.91,1206.4,2146.01,555.37,129.41,,,,,,,建筑建材,建筑材料,陶瓷制造,,,
sh600145,四维控股,2009-02-02,2.92,3.02,2.91,3.01,2.91,8396573.0,25094800.0,701278625.32,1136831850.0,-147384018.64000002,-28811674.54,423975312.14,844816539.03,420841226.89,-10098999.25,1201.76,806.83,247.54,351.47,1059.59,1350.57,0.0,,,,,,,,建筑建材,建筑材料,陶瓷制造,,,
sh600145,四维控股,2009-02-03,3.02,3.05,2.96,3.04,3.01,8830370.0,26533637.0,708268113.28,1148162400.0,-147384018.64000002,-28811674.54,423975312.14,844816539.03,420841226.89,-10098999.25,921.64,967.01,354.85,458.41,1376.88,1227.94,0.0,,,,,,,,建筑建材,建筑材料,陶瓷制造,,,
sh600145,四维控股,2009-02-04,3.05,3.2,2.99,3.12,3.04,12431710.0,38357542.0,726906747.84,1178377200.0,-147384018.64000002,-28811674.54,423975312.14,844816539.03,420841226.89,-10098999.25,1349.47,1428.89,692.31,452.07,1613.34,1809.2,180.63,145.6,,,,,,,建筑建材,建筑材料,陶瓷制造,,,
sh600145,四维控股,2009-02-05,3.11,3.15,2.95,2.99,3.12,12281521.0,37558163.0,696618966.68,1129278150.0,-147384018.64000002,-28811674.54,423975312.14,844816539.03,420841226.89,-10098999.25,1151.15,1398.3,527.46,775.61,2060.87,1416.58,0.0,,,,,,,,建筑建材,建筑材料,陶瓷制造,,,
sh600145,四维控股,2009-02-06,2.99,3.16,2.99,3.14,2.99,13104819.0,40538471.0,731566406.48,1185930900.0,-147384018.64000002,-28811674.54,423975312.14,844816539.03,420841226.89,-10098999.25,1376.63,1472.97,809.0,541.11,1520.99,1944.14,251.6,251.6,,,,,,,建筑建材,建筑材料,陶瓷制造,,,
sh600145,四维控股,2009-02-09,3.19,3.22,3.1,3.19,3.14,14010169.0,44410798.0,743215553.08,1204815150.0,-147384018.64000002,-28811674.54,423975312.14,844816539.03,420841226.89,-10098999.25,1760.8,1757.67,319.7,614.29,1971.43,1679.98,0.0,,,,,,,,建筑建材,建筑材料,陶瓷制造,,,
sh600145,四维控股,2009-02-10,3.18,3.31,3.13,3.31,3.19,15536423.0,50219085.0,771173504.92,1250137350.0,-147384018.64000002,-28811674.54,423975312.14,844816539.03,420841226.89,-10098999.25,1876.98,1906.39,619.62,676.55,2308.27,2366.29,144.37,,,,,,,,建筑建材,建筑材料,陶瓷制造,,,
sh600145,四维控股,2009-02-11,3.24,3.38,3.18,3.25,3.31,22880740.0,75018947.0,757194529.0,1227476250.0,-147384018.64000002,-28811674.54,423975312.14,844816539.03,420841226.89,-10098999.25,2729.04,2652.16,786.5,1518.39,3407.5,2505.24,0.0,247.26,,,,,,,建筑建材,建筑材料,陶瓷制造,,,
sh600145,四维控股,2009-02-12,3.27,3.35,3.15,3.33,3.25,14898754.0,48466893.0,775833163.56,1257691050.0,-147384018.64000002,-28811674.54,423975312.14,844816539.03,420841226.89,-10098999.25,1777.72,1813.48,520.21,439.24,2305.35,2459.93,109.37,,,,,,,,建筑建材,建筑材料,陶瓷制造,,,
sh600145,四维控股,2009-02-13,3.3,3.62,3.3,3.55,3.33,24882550.0,87752191.0,827089408.6,1340781750.0,-147384018.64000002,-28811674.54,423975312.14,844816539.03,420841226.89,-10098999.25,3458.26,3140.53,1469.14,1334.3,3582.75,4230.21,258.71,63.83,,,,,,,建筑建材,建筑材料,陶瓷制造,,,
sh600145,四维控股,2009-02-16,3.56,3.91,3.51,3.91,3.55,32681253.0,125010670.0,910963264.12,1476748350.0,-147384018.64000002,-28811674.54,423975312.14,844816539.03,420841226.89,-10098999.25,3915.76,4368.57,2997.48,2225.46,4446.05,5668.8,1099.05,634.24,,,,,,,建筑建材,建筑材料,陶瓷制造,,,
sh600145,四维控股,2009-02-17,3.9,3.9,3.6,3.67,3.91,21435686.0,80638867.0,855047360.44,1386103950.0,-147384018.64000002,-28811674.54,423975312.14,844816539.03,420841226.89,-10098999.25,2160.61,2766.32,1052.07,1566.49,4135.53,2905.84,254.96,254.96,,,,,,,建筑建材,建筑材料,陶瓷制造,,,
sh600145,四维控股,2009-02-18,3.54,3.58,3.35,3.38,3.67,16465061.0,56932493.0,787482310.16,1276575300.0,-147384018.64000002,-28811674.54,423975312.14,844816539.03,420841226.89,-10098999.25,2095.8,2171.27,570.47,1020.23,2962.72,2266.49,0.0,170.99,,,,,,,建筑建材,建筑材料,陶瓷制造,,,
sh600145,四维控股,2009-02-19,3.42,3.53,3.41,3.48,3.38,9688625.0,33552115.0,810780603.36,1314343800.0,-147384018.64000002,-28811674.54,423975312.14,844816539.03,420841226.89,-10098999.25,1215.14,1384.56,520.0,436.7,1585.52,1499.4,0.0,,,,,,,,建筑建材,建筑材料,陶瓷制造,,,
sh600145,四维控股,2009-02-20,3.51,3.55,3.36,3.53,3.48,9546701.0,33063494.0,822429749.96,1333228050.0,-147384018.64000002,-28811674.54,423975312.14,844816539.03,420841226.89,-10098999.25,1105.68,1408.97,251.15,485.3,1948.76,1411.32,0.0,,,,,,,,建筑建材,建筑材料,陶瓷制造,,,
sh600145,四维控股,2009-02-23,3.53,3.75,3.47,3.72,3.53,14510352.0,52509749.0,866696507.04,1404988200.0,-147384018.64000002,-28811674.54,423975312.14,844816539.03,420841226.89,-10098999.25,1978.13,1927.21,689.05,933.77,2373.92,2389.99,209.88,,,,,,,,建筑建材,建筑材料,陶瓷制造,,,
sh600145,四维控股,2009-02-24,3.69,3.82,3.5,3.52,3.72,17137617.0,62919263.0,820099920.64,1329451200.0,-147384018.64000002,-28811674.54,423975312.14,844816539.03,420841226.89,-10098999.25,2207.26,2144.53,915.91,1046.34,3168.76,3101.05,0.0,,,,,,,,建筑建材,建筑材料,陶瓷制造,,,
sh600145,四维控股,2009-02-25,3.52,3.58,3.3,3.46,3.52,10819110.0,36987963.0,806120944.72,1306790100.0,-147384018.64000002,-28811674.54,423975312.14,844816539.03,420841226.89,-10098999.25,1241.65,1278.55,302.14,472.65,2155.0,1837.43,0.0,110.17,,,,,,,建筑建材,建筑材料,陶瓷制造,,,
sh600145,四维控股,2009-02-26,3.46,3.48,3.11,3.17,3.46,8439883.0,27970896.0,738555894.44,1197261450.0,-147384018.64000002,-28811674.54,423975312.14,844816539.03,420841226.89,-10098999.25,1019.32,1022.84,137.91,320.67,1639.86,1453.58,0.0,,,,,,,,建筑建材,建筑材料,陶瓷制造,,,
sh600145,四维控股,2009-02-27,3.13,3.16,2.9,2.98,3.17,7917698.0,23961387.0,694289137.36,1125501300.0,-147384018.64000002,-28811674.54,423975312.14,844816539.03,420841226.89,-10098999.25,826.83,877.87,101.92,232.97,1467.39,1285.3,0.0,,,,,,,,建筑建材,建筑材料,陶瓷制造,,,
sh600145,四维控股,2009-03-02,2.98,3.11,2.92,3.08,2.98,4685743.0,14322494.0,717587430.56,1163269800.0,-147384018.64000002,-28811674.54,423975312.14,844816539.03,420841226.89,-10098999.25,571.15,570.5,59.18,64.4,801.93,797.35,0.0,,,,,,,,建筑建材,建筑材料,陶瓷制造,,,
sh600145,四维控股,2009-03-03,3.02,3.15,2.97,3.1,3.08,4890021.0,15036328.0,722247089.2,1170823500.0,-147384018.64000002,-28811674.54,423975312.14,844816539.03,420841226.89,-10098999.25,547.28,638.02,54.87,71.46,901.48,794.15,0.0,,,,,,,,建筑建材,建筑材料,陶瓷制造,,,
sh600145,四维控股,2009-03-04,3.1,3.27,3.09,3.27,3.1,6894397.0,22072670.0,761854187.64,1235029950.0,-147384018.64000002,-28811674.54,423975312.14,844816539.03,420841226.89,-10098999.25,787.57,805.99,228.24,228.24,1191.46,1173.03,0.0,,,,,,,,建筑建材,建筑材料,陶瓷制造,,,
sh600145,四维控股,2009-03-05,3.3,3.44,3.22,3.34,3.27,10080340.0,33369548.0,778162992.88,1261467900.0,-147384018.64000002,-28811674.54,423975312.14,844816539.03,420841226.89,-10098999.25,1190.03,1149.6,356.36,360.06,1790.56,1827.3,0.0,,,,,,,,建筑建材,建筑材料,陶瓷制造,,,
sh600145,四维控股,2009-03-06,3.24,3.35,3.23,3.29,3.34,5994213.0,19680040.0,766513846.28,1242583650.0,-147384018.64000002,-28811674.54,423975312.14,844816539.03,420841226.89,-10098999.25,731.18,757.24,145.22,162.23,1091.61,1048.54,0.0,,,,,,,,建筑建材,建筑材料,陶瓷制造,,,
sh600145,四维控股,2009-03-09,3.31,3.33,3.1,3.12,3.29,5679634.0,18227297.0,726906747.84,1178377200.0,-147384018.64000002,-28811674.54,423975312.14,844816539.03,420841226.89,-10098999.25,582.6,703.12,104.98,104.98,1135.14,1014.63,0.0,,,,,,,,建筑建材,建筑材料,陶瓷制造,,,
sh600145,四维控股,2009-03-10,3.12,3.25,3.06,3.24,3.12,4107432.0,13017123.0,754864699.68,1223699400.0,-147384018.64000002,-28811674.54,423975312.14,844816539.03,420841226.89,-10098999.25,496.14,499.49,69.67,69.67,735.9,732.55,0.0,,,,,,,,建筑建材,建筑材料,陶瓷制造,,,
sh600145,四维控股,2009-03-11,3.27,3.32,3.19,3.22,3.24,5094890.0,16530943.0,750205041.04,1216145700.0,-147384018.64000002,-28811674.54,423975312.14,844816539.03,420841226.89,-10098999.25,691.35,704.89,57.48,57.48,904.26,890.73,0.0,,,,,,,,建筑建材,建筑材料,陶瓷制造,,,
sh600145,四维控股,2009-03-12,3.2,3.25,3.07,3.21,3.22,4402232.0,13898705.0,747875211.72,1212368850.0,-147384018.64000002,-28811674.54,423975312.14,844816539.03,420841226.89,-10098999.25,549.97,576.21,45.55,94.97,794.35,718.69,0.0,,,,,,,,建筑建材,建筑材料,陶瓷制造,,,
sh600145,四维控股,2009-03-13,3.21,3.23,3.12,3.15,3.21,3820437.0,12136941.0,733896235.8,1189707750.0,-147384018.64000002,-28811674.54,423975312.14,844816539.03,420841226.89,-10098999.25,481.31,486.07,84.69,107.82,647.69,619.8,0.0,,,,,,,,建筑建材,建筑材料,陶瓷制造,,,
sh600145,四维控股,2009-03-16,3.07,3.21,3.07,3.18,3.15,2131643.0,6731863.0,740885723.76,1201038300.0,-147384018.64000002,-28811674.54,423975312.14,844816539.03,420841226.89,-10098999.25,210.86,188.95,37.92,37.92,424.41,446.32,0.0,,,,,,,,建筑建材,建筑材料,陶瓷制造,,,
sh600145,四维控股,2009-03-17,3.18,3.29,3.16,3.28,3.18,5527845.0,17907208.0,764184016.96,1238806800.0,-147384018.64000002,-28811674.54,423975312.14,844816539.03,420841226.89,-10098999.25,635.49,634.21,163.16,121.0,991.97,1035.42,0.0,,,,,,,,建筑建材,建筑材料,陶瓷制造,,,
sh600145,四维控股,2009-03-18,3.29,3.35,3.26,3.28,3.28,8816449.0,29119164.0,764184016.96,1238806800.0,-147384018.64000002,-28811674.54,423975312.14,844816539.03,420841226.89,-10098999.25,1240.89,1202.84,193.23,266.77,1477.79,1442.3,0.0,,,,,,,,建筑建材,建筑材料,陶瓷制造,,,
sh600145,四维控股,2009-03-19,3.39,3.39,3.29,3.35,3.28,7996212.0,26705543.0,780492822.2,1265244750.0,-147384018.64000002,-28811674.54,423975312.14,844816539.03,420841226.89,-10098999.25,831.34,816.89,325.63,350.17,1513.58,1503.49,0.0,,,,,,,,建筑建材,建筑材料,陶瓷制造,,,
sh600145,四维控股,2009-03-20,3.35,3.54,3.29,3.44,3.35,15790635.0,54031578.0,801461286.08,1299236400.0,-147384018.64000002,-28811674.54,423975312.14,844816539.03,420841226.89,-10098999.25,,,,,,,,,,,,,,,建筑建材,建筑材料,陶瓷制造,,,
sh600145,四维控股,2009-03-23,3.38,3.47,3.38,3.45,3.44,9050083.0,31069215.0,803791115.4,1303013250.0,-147384018.64000002,-28811674.54,423975312.14,844816539.03,420841226.89,-10098999.25,1026.98,1062.15,349.24,443.84,1730.7,1600.94,0.0,,,,,,,,建筑建材,建筑材料,陶瓷制造,,,
sh600145,四维控股,2009-03-24,3.48,3.51,3.39,3.43,3.45,6889010.0,23597739.0,799131456.76,1295459550.0,-147384018.64000002,-28811674.54,423975312.14,844816539.03,420841226.89,-10098999.25,833.12,896.69,90.39,168.91,1436.27,1294.17,0.0,,,,,,,,建筑建材,建筑材料,陶瓷制造,,,
sh600145,四维控股,2009-03-25,3.41,3.42,3.31,3.31,3.43,7699420.0,25972258.0,771173504.92,1250137350.0,-147384018.64000002,-28811674.54,423975312.14,844816539.03,420841226.89,-10098999.25,942.81,974.8,233.62,247.95,1420.8,1374.48,0.0,,,,,,,,建筑建材,建筑材料,陶瓷制造,,,
sh600145,四维控股,2009-03-26,3.29,3.38,3.27,3.38,3.31,5956585.0,19837035.0,787482310.16,1276575300.0,-147384018.64000002,-28811674.54,423975312.14,844816539.03,420841226.89,-10098999.25,413.97,465.48,77.01,77.01,764.11,712.6,0.0,,,,,,,,建筑建材,建筑材料,陶瓷制造,,,
sh600145,四维控股,2009-03-27,3.4,3.42,3.35,3.4,3.38,7542112.0,25566105.0,792141968.8,1284129000.0,-147384018.64000002,-28811674.54,423975312.14,844816539.03,420841226.89,-10098999.25,1036.56,1027.36,206.98,253.16,1313.07,1276.09,0.0,,,,,,,,建筑建材,建筑材料,陶瓷制造,,,
sh600145,四维控股,2009-03-30,3.41,3.55,3.39,3.51,3.4,12330351.0,42873768.0,817770091.32,1325674350.0,-147384018.64000002,-28811674.54,423975312.14,844816539.03,420841226.89,-10098999.25,1511.2,1546.51,530.37,463.58,2064.04,2095.52,181.77,181.77,,,,,,,建筑建材,建筑材料,陶瓷制造,,,
sh600145,四维控股,2009-03-31,3.45,3.52,3.41,3.48,3.51,8298445.0,28754085.0,810780603.36,1314343800.0,-147384018.64000002,-28811674.54,423975312.14,844816539.03,420841226.89,-10098999.25,993.66,892.97,298.9,297.87,1582.85,1444.12,0.0,240.45,,,,,,,建筑建材,建筑材料,陶瓷制造,,,
sh600145,四维控股,2009-04-01,3.54,3.59,3.5,3.55,3.48,10546200.0,37412957.0,827089408.6,1340781750.0,-147384018.64000002,-28811674.54,423975312.14,844816539.03,420841226.89,-10098999.25,1482.54,1409.78,462.98,576.67,1795.78,1754.86,0.0,,,,,,,,建筑建材,建筑材料,陶瓷制造,,,
sh600145,四维控股,2009-04-02,3.57,3.9,3.53,3.77,3.55,30083418.0,113229230.0,878345653.64,1423872450.0,-147384018.64000002,-28811674.54,423975312.14,844816539.03,420841226.89,-10098999.25,3626.76,3921.94,2257.61,1931.77,4619.12,5360.43,819.42,108.79,,,,,,,建筑建材,建筑材料,陶瓷制造,,,
sh600145,四维控股,2009-04-03,3.76,3.8,3.58,3.6,3.77,17495518.0,64172417.0,838738555.2,1359666000.0,-147384018.64000002,-28811674.54,423975312.14,844816539.03,420841226.89,-10098999.25,2010.55,1920.31,779.09,1336.45,3257.29,2775.47,370.31,385.01,,,,,,,建筑建材,建筑材料,陶瓷制造,,,
sh600145,四维控股,2009-04-07,3.6,3.66,3.49,3.58,3.6,10903198.0,38848146.0,834078896.56,1352112300.0,-147384018.64000002,-28811674.54,423975312.14,844816539.03,420841226.89,-10098999.25,1497.08,1286.26,290.92,626.92,2096.82,1690.68,0.0,280.96,,,,,,,建筑建材,建筑材料,陶瓷制造,,,
sh600145,四维控股,2009-04-08,3.58,3.58,3.42,3.44,3.58,8983385.0,31439197.0,801461286.08,1299236400.0,-147384018.64000002,-28811674.54,423975312.14,844816539.03,420841226.89,-10098999.25,1381.01,1454.19,217.03,185.54,1545.88,1374.13,0.0,130.07,,,,,,,建筑建材,建筑材料,陶瓷制造,,,
sh600145,四维控股,2009-04-09,3.44,3.53,3.42,3.51,3.44,5734402.0,19903633.0,817770091.32,1325674350.0,-147384018.64000002,-28811674.54,423975312.14,844816539.03,420841226.89,-10098999.25,711.02,735.5,152.56,67.98,1126.78,1186.88,0.0,,,,,,,,建筑建材,建筑材料,陶瓷制造,,,
sh600145,四维控股,2009-04-10,3.53,3.63,3.49,3.62,3.51,10766502.0,38475600.0,843398213.84,1367219700.0,-147384018.64000002,-28811674.54,423975312.14,844816539.03,420841226.89,-10098999.25,1433.76,1478.64,616.15,478.63,1573.13,1665.77,224.52,224.52,,,,,,,建筑建材,建筑材料,陶瓷制造,,,
sh600145,四维控股,2009-04-13,3.62,3.78,3.59,3.65,3.62,14721768.0,54209982.0,850387701.8,1378550250.0,-147384018.64000002,-28811674.54,423975312.14,844816539.03,420841226.89,-10098999.25,1812.71,1911.08,1063.16,1076.85,2288.11,2304.97,257.01,128.1,,,,,,,建筑建材,建筑材料,陶瓷制造,,,
sh600145,四维控股,2009-04-14,3.65,3.73,3.6,3.68,3.65,11347868.0,41721219.0,857377189.76,1389880800.0,-147384018.64000002,-28811674.54,423975312.14,844816539.03,420841226.89,-10098999.25,1734.48,1656.25,628.34,769.91,1809.31,1745.96,0.0,,,,,,,,建筑建材,建筑材料,陶瓷制造,,,
sh600145,四维控股,2009-04-15,3.67,3.89,3.6,3.83,3.68,16646822.0,62053768.0,892324629.56,1446533550.0,-147384018.64000002,-28811674.54,423975312.14,844816539.03,420841226.89,-10098999.25,2075.05,2165.28,1434.57,1232.37,2577.75,2807.73,118.0,,,,,,,,建筑建材,建筑材料,陶瓷制造,,,
sh600145,四维控股,2009-04-16,3.79,3.85,3.7,3.78,3.83,13561077.0,51429788.0,880675482.96,1427649300.0,-147384018.64000002,-28811674.54,423975312.14,844816539.03,420841226.89,-10098999.25,2030.4,1942.18,557.56,802.55,2555.01,2398.24,0.0,,,,,,,,建筑建材,建筑材料,陶瓷制造,,,
sh600145,四维控股,2009-04-17,3.78,4.16,3.76,4.16,3.78,37511037.0,151748142.0,969208997.12,1571169600.0,-147384018.64000002,-28811674.54,423975312.14,844816539.03,420841226.89,-10098999.25,4973.57,5256.09,3182.25,3022.1,5207.36,5972.23,1811.64,924.39,,,,,,,建筑建材,建筑材料,陶瓷制造,,,
sh600145,四维控股,2009-04-20,4.24,4.58,4.06,4.41,4.16,53291845.0,231979135.0,1027454730.12,1665590850.0,-147384018.64000002,-28811674.54,423975312.14,844816539.03,420841226.89,-10098999.25,8294.05,8152.67,4566.83,5277.02,9301.72,7990.55,1035.31,1777.68,,,,,,,建筑建材,建筑材料,陶瓷制造,,,
sh600145,四维控股,2009-04-21,4.25,4.49,4.16,4.46,4.41,21378663.0,91778992.0,1039103876.72,1684475100.0,-147384018.64000002,-28811674.54,423975312.14,844816539.03,420841226.89,-10098999.25,3568.96,3434.96,1060.43,1327.91,4416.66,4278.13,131.85,136.9,,,,,,,建筑建材,建筑材料,陶瓷制造,,,
sh600145,四维控股,2009-04-22,4.46,4.47,4.01,4.01,4.46,20128648.0,85031995.0,934261557.32,1514516850.0,-147384018.64000002,-28811674.54,423975312.14,844816539.03,420841226.89,-10098999.25,3221.57,3009.33,1310.25,1567.22,3971.38,3432.37,0.0,494.28,,,,,,,建筑建材,建筑材料,陶瓷制造,,,
sh600145,四维控股,2009-04-23,3.98,4.15,3.85,4.09,4.01,13947281.0,55795985.0,952900191.88,1544731650.0,-147384018.64000002,-28811674.54,423975312.14,844816539.03,420841226.89,-10098999.25,2138.42,2121.08,712.94,807.4,2728.25,2651.12,0.0,,,,,,,,建筑建材,建筑材料,陶瓷制造,,,
sh600145,四维控股,2009-04-28,3.7,3.97,3.7,3.87,4.09,10106746.0,38914390.0,901643946.84,1461640950.0,-147384018.64000002,-28811674.54,423975312.14,844816539.03,420841226.89,-10098999.25,1441.27,1422.8,245.95,551.58,2204.22,1917.05,0.0,,,,,,,,建筑建材,建筑材料,陶瓷制造,,,
sh600145,四维控股,2009-04-29,3.82,4.04,3.82,3.93,3.87,8996906.0,35482766.0,915622922.76,1484302050.0,-147384018.64000002,-28811674.54,423975312.14,844816539.03,420841226.89,-10098999.25,1291.25,1227.72,462.3,377.14,1794.72,1720.14,0.0,223.28,,,,,,,建筑建材,建筑材料,陶瓷制造,,,
sh600145,四维控股,2009-04-30,3.9,4.12,3.9,4.07,3.93,9309671.0,37640659.0,948240533.24,1537177950.0,-284549362.11999995,-68547384.58000001,256725392.51999998,667398682.64,410673290.12,-11062568.58,1430.62,1502.13,539.48,531.49,1674.51,1730.44,119.46,,,,,,,,建筑建材,建筑材料,陶瓷制造,,,
sh600145,四维控股,2009-05-04,4.13,4.28,4.08,4.17,4.07,9745416.0,40800191.0,971538826.44,1574946450.0,-284549362.11999995,-68547384.58000001,256725392.51999998,667398682.64,410673290.12,-11062568.58,1649.9,1596.83,573.18,712.68,1856.94,1770.51,0.0,,,,,,,,建筑建材,建筑材料,陶瓷制造,,,
sh600145,四维控股,2009-05-05,4.25,4.59,4.16,4.59,4.17,24903303.0,110277552.0,1069391657.88,1733574150.0,-284549362.11999995,-68547384.58000001,256725392.51999998,667398682.64,410673290.12,-11062568.58,3878.97,3977.2,3309.97,2966.92,3590.06,3848.98,248.76,234.66,,,,,,,建筑建材,建筑材料,陶瓷制造,,,
sh600145,四维控股,2009-05-06,4.6,5.05,4.4,4.86,4.59,39049445.0,186370305.0,1132297049.52,1835549100.0,-284549362.11999995,-68547384.58000001,256725392.51999998,667398682.64,410673290.12,-11062568.58,6473.61,6857.56,3420.64,3722.49,7422.05,7331.29,1320.73,725.7,,,,,,,建筑建材,建筑材料,陶瓷制造,,,
sh600145,四维控股,2009-05-07,4.75,4.9,4.43,4.69,4.86,28130821.0,132225536.0,1092689951.08,1771342650.0,-284549362.11999995,-68547384.58000001,256725392.51999998,667398682.64,410673290.12,-11062568.58,5115.16,5005.86,1991.39,2089.94,5872.23,5368.77,243.77,757.98,,,,,,,建筑建材,建筑材料,陶瓷制造,,,
sh600145,四维控股,2009-05-08,4.57,4.7,4.47,4.59,4.69,14938766.0,68610144.0,1069391657.88,1733574150.0,-284549362.11999995,-68547384.58000001,256725392.51999998,667398682.64,410673290.12,-11062568.58,2597.17,2598.46,987.34,1211.09,3276.51,3051.46,0.0,,,,,,,,建筑建材,建筑材料,陶瓷制造,,,
sh600145,四维控股,2009-05-11,4.59,4.66,4.35,4.35,4.59,12856452.0,57777070.0,1013475754.2,1642929750.0,-284549362.11999995,-68547384.58000001,256725392.51999998,667398682.64,410673290.12,-11062568.58,2385.98,2415.72,558.23,634.64,2833.49,2581.43,0.0,145.91,,,,,,,建筑建材,建筑材料,陶瓷制造,,,
sh600145,四维控股,2009-05-12,4.3,4.54,4.25,4.54,4.35,9572445.0,42433277.0,1057742511.28,1714689900.0,-284549362.11999995,-68547384.58000001,256725392.51999998,667398682.64,410673290.12,-11062568.58,1758.27,1640.24,573.66,691.0,1911.4,1912.08,0.0,,,,,,,,建筑建材,建筑材料,陶瓷制造,,,
sh600145,四维控股,2009-05-13,4.49,4.98,4.39,4.83,4.54,24427413.0,115506192.0,1125307561.56,1824218550.0,-284549362.11999995,-68547384.58000001,256725392.51999998,667398682.64,410673290.12,-11062568.58,3897.5,3890.48,2536.87,2232.08,4162.54,4919.47,953.72,508.59,,,,,,,建筑建材,建筑材料,陶瓷制造,,,
sh600145,四维控股,2009-05-14,4.94,5.31,4.8,5.31,4.83,60204250.0,313834513.0,1237139368.92,2005507350.0,-284549362.11999995,-68547384.58000001,256725392.51999998,667398682.64,410673290.12,-11062568.58,9396.65,10159.02,8500.34,8279.13,7921.76,9015.14,5564.71,3930.16,,,,,,,建筑建材,建筑材料,陶瓷制造,,,
sh600145,四维控股,2009-05-22,5.33,5.6,4.9,5.29,5.31,36871697.0,195042021.0,1232479710.28,1997953650.0,-284549362.11999995,-68547384.58000001,256725392.51999998,667398682.64,410673290.12,-11062568.58,7948.71,7510.8,3438.81,4426.66,6816.89,6371.67,1299.79,1195.06,,,,,,,建筑建材,建筑材料,陶瓷制造,,,
sh600145,四维控股,2009-05-25,5.03,5.29,4.95,5.24,5.29,16309074.0,83425461.0,1220830563.68,1979069400.0,-284549362.11999995,-68547384.58000001,256725392.51999998,667398682.64,410673290.12,-11062568.58,3371.95,3106.25,1325.81,1998.82,3462.06,3023.65,182.72,213.83,,,,,,,建筑建材,建筑材料,陶瓷制造,,,
sh600145,四维控股,2009-05-26,5.15,5.32,5.07,5.12,5.24,13351304.0,68837653.0,1192872611.84,1933747200.0,-284549362.11999995,-68547384.58000001,256725392.51999998,667398682.64,410673290.12,-11062568.58,2817.02,2523.51,792.02,1361.15,3134.78,2505.67,139.94,493.44,,,,,,,建筑建材,建筑材料,陶瓷制造,,,
sh600145,四维控股,2009-05-27,5.12,5.19,5.0,5.09,5.12,8287888.0,42096249.0,1185883123.88,1922416650.0,-284549362.11999995,-68547384.58000001,256725392.51999998,667398682.64,410673290.12,-11062568.58,1867.82,1862.11,381.38,583.32,1960.43,1764.2,0.0,,,,,,,,建筑建材,建筑材料,陶瓷制造,,,
sh600145,四维控股,2009-06-01,5.09,5.23,5.08,5.11,5.09,8675023.0,44523001.0,1190542782.52,1929970350.0,-284549362.11999995,-68547384.58000001,256725392.51999998,667398682.64,410673290.12,-11062568.58,1995.56,1839.67,565.66,868.99,1891.07,1743.64,0.0,,,,,,,,建筑建材,建筑材料,陶瓷制造,,,
sh600145,四维控股,2009-06-02,5.1,5.36,5.01,5.29,5.11,14005186.0,72288978.0,1232479710.28,1997953650.0,-284549362.11999995,-68547384.58000001,256725392.51999998,667398682.64,410673290.12,-11062568.58,3123.35,3301.66,904.51,819.99,2884.03,2973.76,317.01,133.49,,,,,,,建筑建材,建筑材料,陶瓷制造,,,
sh600145,四维控股,2009-06-03,5.25,5.82,5.21,5.82,5.29,23603880.0,132355042.0,1355960664.24,2198126700.0,-284549362.11999995,-68547384.58000001,256725392.51999998,667398682.64,410673290.12,-11062568.58,5031.23,5005.61,2035.95,1855.23,4641.18,5210.39,1527.15,1164.27,,,,,,,建筑建材,建筑材料,陶瓷制造,,,
sh600145,四维控股,2009-06-04,5.99,6.38,5.68,6.07,5.82,35331556.0,211958332.0,1414206397.24,2292547950.0,-284549362.11999995,-68547384.58000001,256725392.51999998,667398682.64,410673290.12,-11062568.58,8090.62,7762.55,3676.38,4896.28,9024.33,8130.52,404.51,406.48,,,,,,,建筑建材,建筑材料,陶瓷制造,,,
sh600145,四维控股,2009-06-05,6.0,6.35,5.86,5.91,6.07,20176611.0,122979050.0,1376929128.12,2232118350.0,-284549362.11999995,-68547384.58000001,256725392.51999998,667398682.64,410673290.12,-11062568.58,4684.31,4782.45,1937.08,2185.28,5676.51,5330.18,0.0,,,,,,,,建筑建材,建筑材料,陶瓷制造,,,
sh600145,四维控股,2009-06-09,6.0,6.36,5.98,6.11,5.91,18621524.0,114281663.0,1423525714.52,2307655350.0,-284549362.11999995,-68547384.58000001,256725392.51999998,667398682.64,410673290.12,-11062568.58,4428.85,4435.08,1850.36,2201.45,5018.45,4791.64,130.5,,,,,,,,建筑建材,建筑材料,陶瓷制造,,,
sh600145,四维控股,2009-06-10,6.12,6.18,5.9,5.97,6.11,14917937.0,89330811.0,1390908104.04,2254779450.0,-284549362.11999995,-68547384.58000001,256725392.51999998,667398682.64,410673290.12,-11062568.58,3296.28,2690.11,1661.02,2617.5,3859.84,3036.34,115.94,589.14,,,,,,,建筑建材,建筑材料,陶瓷制造,,,
sh600145,四维控股,2009-06-11,6.0,6.14,5.87,6.14,5.97,13753425.0,82544258.0,1430515202.48,2318985900.0,-284549362.11999995,-68547384.58000001,256725392.51999998,667398682.64,410673290.12,-11062568.58,3287.18,3076.19,1354.92,1449.51,3355.67,3298.02,256.66,430.71,,,,,,,建筑建材,建筑材料,陶瓷制造,,,
sh600145,四维控股,2009-06-12,6.11,6.13,5.92,6.0,6.14,9119534.0,54766963.0,1397897592.0,2266110000.0,-284549362.11999995,-68547384.58000001,256725392.51999998,667398682.64,410673290.12,-11062568.58,2411.35,2159.28,575.32,861.46,2490.03,2354.59,0.0,101.37,,,,,,,建筑建材,建筑材料,陶瓷制造,,,
sh600145,四维控股,2009-06-15,6.06,6.6,6.06,6.6,6.0,18660691.0,121242181.0,1537687351.2,2492721000.0,-284549362.11999995,-68547384.58000001,256725392.51999998,667398682.64,410673290.12,-11062568.58,3383.92,3957.91,2447.21,2335.56,3737.32,4374.9,2555.76,1455.84,,,,,,,建筑建材,建筑材料,陶瓷制造,,,
sh600145,四维控股,2009-06-16,6.95,7.06,6.65,6.74,6.6,33530346.0,227844576.0,1570304961.68,2545596900.0,-284549362.11999995,-68547384.58000001,256725392.51999998,667398682.64,410673290.12,-11062568.58,8116.12,7189.66,4203.88,5027.97,9419.31,8256.93,1045.14,2309.89,,,,,,,建筑建材,建筑材料,陶瓷制造,,,
sh600145,四维控股,2009-06-17,6.6,7.2,6.52,7.04,6.74,29758626.0,206922646.0,1640199841.28,2658902400.0,-284549362.11999995,-68547384.58000001,256725392.51999998,667398682.64,410673290.12,-11062568.58,7582.98,7757.2,4145.54,3907.6,7848.8,8557.96,1114.95,469.51,,,,,,,建筑建材,建筑材料,陶瓷制造,,,
sh600145,四维控股,2009-06-18,7.0,7.13,6.82,6.9,7.04,19367003.0,134752298.0,1607582230.8,2606026500.0,-284549362.11999995,-68547384.58000001,256725392.51999998,667398682.64,410673290.12,-11062568.58,5105.65,4652.01,2836.99,3298.21,5422.62,4515.77,109.97,1009.24,,,,,,,建筑建材,建筑材料,陶瓷制造,,,
sh600145,四维控股,2009-06-22,6.99,7.19,6.71,6.96,6.9,16746310.0,117070815.0,1621561206.72,2628687600.0,-284549362.11999995,-68547384.58000001,256725392.51999998,667398682.64,410673290.12,-11062568.58,4655.98,4646.75,1979.82,2418.37,4636.45,4641.96,434.83,,,,,,,,建筑建材,建筑材料,陶瓷制造,,,
sh600145,四维控股,2009-06-23,6.9,7.59,6.8,7.38,6.96,23632484.0,172779524.0,1719414038.16,2787315300.0,-284549362.11999995,-68547384.58000001,256725392.51999998,667398682.64,410673290.12,-11062568.58,6546.92,6784.91,3192.12,2844.79,7219.47,7048.12,319.44,600.13,,,,,,,建筑建材,建筑材料,陶瓷制造,,,
sh600145,四维控股,2009-06-24,7.41,7.58,7.2,7.49,7.38,18871895.0,139617520.0,1745042160.68,2828860650.0,-284549362.11999995,-68547384.58000001,256725392.51999998,667398682.64,410673290.12,-11062568.58,5147.99,5089.61,2264.69,2535.41,6286.07,6082.14,263.0,254.6,,,,,,,建筑建材,建筑材料,陶瓷制造,,,
sh600145,四维控股,2009-06-25,7.5,8.2,7.4,7.97,7.49,29284617.0,232171438.0,1856873968.04,3010149450.0,-284549362.11999995,-68547384.58000001,256725392.51999998,667398682.64,410673290.12,-11062568.58,8678.46,8315.21,4784.27,5116.7,9024.36,8656.6,730.05,1128.63,,,,,,,建筑建材,建筑材料,陶瓷制造,,,
sh600145,四维控股,2009-06-26,7.88,8.72,7.82,8.5,7.97,34331501.0,282209941.0,1980354922.0,3210322500.0,-284549362.11999995,-68547384.58000001,256725392.51999998,667398682.64,410673290.12,-11062568.58,10638.29,10650.86,4776.78,5783.02,11291.73,10393.46,1514.19,1393.66,,,,,,,建筑建材,建筑材料,陶瓷制造,,,
sh600145,四维控股,2009-06-29,8.41,8.7,8.28,8.43,8.5,28573111.0,241722929.0,1964046116.76,3183884550.0,-284549362.11999995,-68547384.58000001,256725392.51999998,667398682.64,410673290.12,-11062568.58,9491.18,9134.53,4066.13,4648.8,9581.51,8304.05,1033.47,2084.91,,,,,,,建筑建材,建筑材料,陶瓷制造,,,
sh600145,四维控股,2009-06-30,8.38,8.53,7.59,7.7,8.43,39562622.0,312139503.0,1793968576.4,2908174500.0,-284549362.11999995,-68547384.58000001,256725392.51999998,667398682.64,410673290.12,-11062568.58,10293.28,10273.45,5655.41,7079.01,14167.85,11434.15,1097.4,2427.35,,,,,,,建筑建材,建筑材料,陶瓷制造,,,
sh600145,四维控股,2009-07-01,7.55,7.9,7.42,7.76,7.7,23226910.0,178642029.0,1807947552.32,2930835600.0,-284549362.11999995,-68547384.58000001,256725392.51999998,667398682.64,410673290.12,-11062568.58,6101.02,6067.74,3905.3,4055.66,7567.13,7637.79,290.75,103.01,,,,,,,建筑建材,建筑材料,陶瓷制造,,,
sh600145,四维控股,2009-07-02,7.69,7.78,7.55,7.64,7.76,20179010.0,153894661.0,1779989600.48,2885513400.0,-284549362.11999995,-68547384.58000001,256725392.51999998,667398682.64,410673290.12,-11062568.58,5284.96,5108.09,3610.4,4121.3,6135.66,5404.07,358.44,756.01,,,,,,,建筑建材,建筑材料,陶瓷制造,,,
sh600145,四维控股,2009-07-03,7.69,8.3,7.61,8.06,7.64,26270534.0,211853351.0,1877842431.92,3044141100.0,-284549362.11999995,-68547384.58000001,256725392.51999998,667398682.64,410673290.12,-11062568.58,8111.86,8249.73,4350.88,4167.72,8336.22,8287.16,386.37,480.72,,,,,,,建筑建材,建筑材料,陶瓷制造,,,
sh600145,四维控股,2009-07-06,7.88,7.99,7.56,7.75,8.06,22185580.0,172081256.0,1805617723.0,2927058750.0,-284549362.11999995,-68547384.58000001,256725392.51999998,667398682.64,410673290.12,-11062568.58,5604.32,5760.24,3530.46,3934.92,7820.11,6673.69,253.24,839.27,,,,,,,建筑建材,建筑材料,陶瓷制造,,,
sh600145,四维控股,2009-07-07,7.6,7.77,7.52,7.63,7.75,15148187.0,115002858.0,1777659771.16,2881736550.0,-284549362.11999995,-68547384.58000001,256725392.51999998,667398682.64,410673290.12,-11062568.58,4447.11,3685.41,1504.99,2670.34,5446.39,3961.54,101.8,1183.0,,,,,,,建筑建材,建筑材料,陶瓷制造,,,
sh600145,四维控股,2009-07-08,7.6,7.85,7.4,7.73,7.63,17741906.0,135783734.0,1800958064.36,2919505050.0,-284549362.11999995,-68547384.58000001,256725392.51999998,667398682.64,410673290.12,-11062568.58,5261.82,5336.2,2130.01,2185.1,5934.57,5624.93,251.97,432.15,,,,,,,建筑建材,建筑材料,陶瓷制造,,,
sh600145,四维控股,2009-07-09,7.65,7.86,7.61,7.78,7.73,14220233.0,109938586.0,1812607210.96,2938389300.0,-284549362.11999995,-68547384.58000001,256725392.51999998,667398682.64,410673290.12,-11062568.58,4052.23,3906.41,2101.18,2501.61,4716.61,4201.76,123.84,384.08,,,,,,,建筑建材,建筑材料,陶瓷制造,,,
sh600145,四维控股,2009-07-10,7.83,8.2,7.68,8.1,7.78,25314165.0,200027294.0,1887161749.2,3059248500.0,-284549362.11999995,-68547384.58000001,256725392.51999998,667398682.64,410673290.12,-11062568.58,7383.66,7428.44,4091.78,4202.33,8030.17,7939.14,497.11,432.82,,,,,,,建筑建材,建筑材料,陶瓷制造,,,
sh600145,四维控股,2009-07-13,8.0,8.42,7.92,8.28,8.1,28420515.0,233174483.0,1929098676.96,3127231800.0,-284549362.11999995,-68547384.58000001,256725392.51999998,667398682.64,410673290.12,-11062568.58,9201.92,9097.7,5063.46,5101.97,8314.01,8633.03,738.06,484.75,,,,,,,建筑建材,建筑材料,陶瓷制造,,,
sh600145,四维控股,2009-07-14,8.25,8.5,8.2,8.25,8.28,22444698.0,186908694.0,1922109189.0,3115901250.0,-284549362.11999995,-68547384.58000001,256725392.51999998,667398682.64,410673290.12,-11062568.58,7951.44,8065.9,3242.5,3405.94,6678.62,6700.12,818.3,518.91,,,,,,,建筑建材,建筑材料,陶瓷制造,,,
sh600145,四维控股,2009-07-15,8.25,8.32,8.04,8.1,8.25,19378671.0,157111627.0,1887161749.2,3059248500.0,-284549362.11999995,-68547384.58000001,256725392.51999998,667398682.64,410673290.12,-11062568.58,6798.01,6662.11,2422.37,2996.23,6490.78,5815.57,0.0,237.26,,,,,,,建筑建材,建筑材料,陶瓷制造,,,
sh600145,四维控股,2009-07-16,8.1,8.15,7.8,7.94,8.1,17950685.0,142574894.0,1849884480.08,2998818900.0,-284549362.11999995,-68547384.58000001,256725392.51999998,667398682.64,410673290.12,-11062568.58,5308.9,4985.24,1931.73,2049.44,6870.36,5290.59,139.83,1925.55,,,,,,,建筑建材,建筑材料,陶瓷制造,,,
sh600145,四维控股,2009-07-17,7.92,8.04,7.81,7.95,7.94,10317399.0,81868250.0,1852214309.4,3002595750.0,-284549362.11999995,-68547384.58000001,256725392.51999998,667398682.64,410673290.12,-11062568.58,3200.67,3121.07,1278.73,1250.44,3707.42,3458.16,0.0,357.16,,,,,,,建筑建材,建筑材料,陶瓷制造,,,
sh600145,四维控股,2009-07-20,7.95,8.04,7.81,7.95,7.95,16350591.0,128690831.0,1852214309.4,3002595750.0,-284549362.11999995,-68547384.58000001,256725392.51999998,667398682.64,410673290.12,-11062568.58,3072.04,3005.9,1327.54,1634.06,3698.87,3325.11,0.0,133.37,,,,,,,建筑建材,建筑材料,陶瓷制造,,,
sh600145,四维控股,2009-07-21,7.95,7.95,7.5,7.61,7.95,17223168.0,132849058.0,1773000112.52,2874182850.0,-284549362.11999995,-68547384.58000001,256725392.51999998,667398682.64,410673290.12,-11062568.58,4526.89,4407.55,2688.82,2826.36,5595.47,4851.37,473.72,1199.63,,,,,,,建筑建材,建筑材料,陶瓷制造,,,
sh600145,四维控股,2009-07-22,7.6,7.71,7.42,7.65,7.61,12694622.0,96315779.0,1782319429.8,2889290250.0,-284549362.11999995,-68547384.58000001,256725392.51999998,667398682.64,410673290.12,-11062568.58,3708.8,3673.76,1700.02,1821.64,4222.76,4030.15,0.0,106.03,,,,,,,建筑建材,建筑材料,陶瓷制造,,,
sh600145,四维控股,2009-07-23,7.66,7.82,7.46,7.73,7.65,16008324.0,122372325.0,1800958064.36,2919505050.0,-284549362.11999995,-68547384.58000001,256725392.51999998,667398682.64,410673290.12,-11062568.58,3963.69,3791.09,2456.61,2879.83,5656.43,4981.73,131.34,555.41,,,,,,,建筑建材,建筑材料,陶瓷制造,,,
sh600145,四维控股,2009-07-24,7.76,8.05,7.64,7.88,7.73,22137270.0,174813423.0,1835905504.16,2976157800.0,-284549362.11999995,-68547384.58000001,256725392.51999998,667398682.64,410673290.12,-11062568.58,5663.76,6104.45,3672.12,3900.53,7080.22,7362.27,1065.25,114.09,,,,,,,建筑建材,建筑材料,陶瓷制造,,,
sh600145,四维控股,2009-07-27,7.85,7.94,7.63,7.77,7.88,14765100.0,114307389.0,1810277381.64,2934612450.0,-284549362.11999995,-68547384.58000001,256725392.51999998,667398682.64,410673290.12,-11062568.58,4019.9,3672.43,1638.15,2279.65,5606.0,4556.04,166.69,922.63,,,,,,,建筑建材,建筑材料,陶瓷制造,,,
sh600145,四维控股,2009-07-28,7.74,7.76,7.55,7.68,7.77,13182189.0,100466714.0,1789308917.76,2900620800.0,-284549362.11999995,-68547384.58000001,256725392.51999998,667398682.64,410673290.12,-11062568.58,3594.33,3634.76,1463.81,1496.46,4798.53,4294.66,190.0,620.79,,,,,,,建筑建材,建筑材料,陶瓷制造,,,
sh600145,四维控股,2009-07-29,7.6,7.6,6.91,6.98,7.68,20383253.0,149065051.0,1626220865.36,2636241300.0,-284549362.11999995,-68547384.58000001,256725392.51999998,667398682.64,410673290.12,-11062568.58,,,,,,,,,,,,,,,建筑建材,建筑材料,陶瓷制造,,,
sh600145,四维控股,2009-07-30,6.89,7.09,6.43,6.86,6.98,15559200.0,104995708.0,1598262913.52,2590919100.0,-284549362.11999995,-68547384.58000001,256725392.51999998,667398682.64,410673290.12,-11062568.58,3497.57,3617.89,1570.31,1658.22,4812.16,4603.93,0.0,,,,,,,,建筑建材,建筑材料,陶瓷制造,,,
sh600145,四维控股,2009-07-31,6.86,7.2,6.72,7.16,6.86,13531791.0,94468031.0,1668157793.12,2704224600.0,-284549362.11999995,-68547384.58000001,256725392.51999998,667398682.64,410673290.12,-11062568.58,3421.33,3210.53,1440.22,1455.15,4460.93,4433.36,124.32,347.76,,,,,,,建筑建材,建筑材料,陶瓷制造,,,
sh600145,四维控股,2009-08-03,7.16,7.24,7.09,7.18,7.16,9165567.0,65530890.0,1672817451.76,2711778300.0,-284549362.11999995,-68547384.58000001,256725392.51999998,667398682.64,410673290.12,-11062568.58,2507.96,2460.84,624.51,958.4,3420.62,3133.84,0.0,,,,,,,,建筑建材,建筑材料,陶瓷制造,,,
sh600145,四维控股,2009-08-04,7.2,7.22,6.94,7.04,7.18,10539871.0,74477263.0,1640199841.28,2658902400.0,-284549362.11999995,-68547384.58000001,256725392.51999998,667398682.64,410673290.12,-11062568.58,2615.67,2496.39,1074.78,1317.39,3217.27,2979.26,0.0,114.68,,,,,,,建筑建材,建筑材料,陶瓷制造,,,
sh600145,四维控股,2009-08-05,7.0,7.25,6.89,7.18,7.04,12213343.0,86592928.0,1672817451.76,2711778300.0,-284549362.11999995,-68547384.58000001,256725392.51999998,667398682.64,410673290.12,-11062568.58,3211.61,3227.32,1453.79,1371.11,3850.05,4060.86,143.85,,,,,,,,建筑建材,建筑材料,陶瓷制造,,,
sh600145,四维控股,2009-08-06,7.22,7.22,6.93,7.07,7.18,7857446.0,55344159.0,1647189329.24,2670232950.0,-284549362.11999995,-68547384.58000001,256725392.51999998,667398682.64,410673290.12,-11062568.58,2167.91,2394.4,430.16,545.11,2825.72,2484.29,0.0,,,,,,,,建筑建材,建筑材料,陶瓷制造,,,
sh600145,四维控股,2009-08-07,7.07,7.12,6.75,6.79,7.07,7612106.0,52723551.0,1581954108.28,2564481150.0,-284549362.11999995,-68547384.58000001,256725392.51999998,667398682.64,410673290.12,-11062568.58,1839.66,1702.47,571.32,821.65,2661.7,2136.61,0.0,411.94,,,,,,,建筑建材,建筑材料,陶瓷制造,,,
sh600145,四维控股,2009-08-10,6.8,7.02,6.65,6.97,6.79,10186441.0,69464057.0,1623891036.04,2632464450.0,-284549362.11999995,-68547384.58000001,256725392.51999998,667398682.64,410673290.12,-11062568.58,2570.96,2653.08,1141.82,1199.72,2810.02,2957.6,423.6,136.0,,,,,,,建筑建材,建筑材料,陶瓷制造,,,
sh600145,四维控股,2009-08-11,7.1,7.17,6.98,7.06,6.97,9582308.0,67792022.0,1644859499.92,2666456100.0,-284549362.11999995,-68547384.58000001,256725392.51999998,667398682.64,410673290.12,-11062568.58,2416.46,2587.9,1325.25,1250.4,2700.89,2711.35,336.6,229.56,,,,,,,建筑建材,建筑材料,陶瓷制造,,,
sh600145,四维控股,2009-08-12,7.05,7.05,6.62,6.76,7.06,6628268.0,45005213.0,1574964620.32,2553150600.0,-284549362.11999995,-68547384.58000001,256725392.51999998,667398682.64,410673290.12,-11062568.58,1301.96,1386.67,750.0,994.83,2216.68,1887.14,0.0,,,,,,,,建筑建材,建筑材料,陶瓷制造,,,
sh600145,四维控股,2009-08-13,6.77,6.79,6.48,6.64,6.76,5008473.0,33257108.0,1547006668.48,2507828400.0,-284549362.11999995,-68547384.58000001,256725392.51999998,667398682.64,410673290.12,-11062568.58,1143.27,1082.69,522.04,554.45,1660.41,1688.57,0.0,,,,,,,,建筑建材,建筑材料,陶瓷制造,,,
sh600145,四维控股,2009-08-14,6.61,6.66,6.09,6.12,6.64,9613689.0,60384615.0,1425855543.84,2311432200.0,-284549362.11999995,-68547384.58000001,256725392.51999998,667398682.64,410673290.12,-11062568.58,2452.34,2494.11,514.8,856.06,2962.18,2688.29,109.14,,,,,,,,建筑建材,建筑材料,陶瓷制造,,,
sh600145,四维控股,2009-08-17,6.03,6.03,5.51,5.57,6.12,9513249.0,54176725.0,1297714931.24,2103705450.0,-284549362.11999995,-68547384.58000001,256725392.51999998,667398682.64,410673290.12,-11062568.58,1929.06,2036.89,878.11,903.37,2389.99,2367.21,220.52,110.2,,,,,,,建筑建材,建筑材料,陶瓷制造,,,
sh600145,四维控股,2009-08-18,5.5,5.82,5.41,5.76,5.57,8437394.0,47448798.0,1341981688.32,2175465600.0,-284549362.11999995,-68547384.58000001,256725392.51999998,667398682.64,410673290.12,-11062568.58,1954.71,1977.23,902.25,681.6,1887.92,2086.05,0.0,,,,,,,,建筑建材,建筑材料,陶瓷制造,,,
sh600145,四维控股,2009-08-19,5.76,5.76,5.22,5.33,5.76,7508235.0,41116024.0,1241799027.56,2013061050.0,-284549362.11999995,-68547384.58000001,256725392.51999998,667398682.64,410673290.12,-11062568.58,1599.43,1683.16,493.32,573.77,2018.85,1854.67,0.0,,,,,,,,建筑建材,建筑材料,陶瓷制造,,,
sh600145,四维控股,2009-08-20,5.27,5.63,5.25,5.55,5.33,8681591.0,47078719.0,1293055272.6,2096151750.0,-284549362.11999995,-68547384.58000001,256725392.51999998,667398682.64,410673290.12,-11062568.58,1888.37,2022.36,1041.27,668.33,1778.23,2017.18,0.0,,,,,,,,建筑建材,建筑材料,陶瓷制造,,,
sh600145,四维控股,2009-08-21,5.5,5.79,5.37,5.7,5.55,10700749.0,60000610.0,1328002712.4,2152804500.0,-284549362.11999995,-68547384.58000001,256725392.51999998,667398682.64,410673290.12,-11062568.58,2369.99,2397.39,761.2,791.05,2579.97,2587.63,288.9,224.0,,,,,,,建筑建材,建筑材料,陶瓷制造,,,
sh600145,四维控股,2009-08-24,5.67,6.14,5.61,5.94,5.7,13049424.0,77090302.0,1383918616.08,2243448900.0,-284549362.11999995,-68547384.58000001,256725392.51999998,667398682.64,410673290.12,-11062568.58,2652.46,2746.97,1513.66,1544.33,3363.02,3417.74,179.89,,,,,,,,建筑建材,建筑材料,陶瓷制造,,,
sh600145,四维控股,2009-08-25,5.9,5.9,5.62,5.8,5.94,8380016.0,48038250.0,1351301005.6,2190573000.0,-284549362.11999995,-68547384.58000001,256725392.51999998,667398682.64,410673290.12,-11062568.58,1918.88,1877.81,661.14,862.33,2223.8,2063.68,0.0,,,,,,,,建筑建材,建筑材料,陶瓷制造,,,
sh600145,四维控股,2009-08-26,5.85,6.2,5.63,6.04,5.8,9805665.0,59225160.0,1407216909.28,2281217400.0,-284549362.11999995,-68547384.58000001,256725392.51999998,667398682.64,410673290.12,-11062568.58,2178.1,2200.57,918.85,762.94,2550.2,2806.73,275.37,152.28,,,,,,,建筑建材,建筑材料,陶瓷制造,,,
sh600145,四维控股,2009-08-27,6.05,6.19,5.91,6.1,6.04,9123278.0,55316322.0,1421195885.2,2303878500.0,-284549362.11999995,-68547384.58000001,256725392.51999998,667398682.64,410673290.12,-11062568.58,2072.56,2198.69,794.13,873.89,2664.94,2459.05,0.0,,,,,,,,建筑建材,建筑材料,陶瓷制造,,,
sh600145,四维控股,2009-08-28,6.05,6.15,5.87,5.91,6.1,5439536.0,32302729.0,1376929128.12,2232118350.0,-284549362.11999995,-68547384.58000001,256725392.51999998,667398682.64,410673290.12,-11062568.58,1279.04,1330.82,226.03,408.7,1725.2,1490.76,0.0,,,,,,,,建筑建材,建筑材料,陶瓷制造,,,
sh600145,四维控股,2009-08-31,5.84,5.84,5.43,5.48,5.91,4867694.0,27221357.0,1276746467.36,2069713800.0,-165429808.97999996,-29728738.120000005,238128070.32000005,711902358.57,473774288.25,-19285141.509999998,986.79,991.18,233.42,369.52,1501.93,1361.43,0.0,,,,,,,,建筑建材,建筑材料,陶瓷制造,,,
sh600145,四维控股,2009-09-01,5.5,5.69,5.47,5.56,5.48,4724872.0,26347137.0,1295385101.92,2099928600.0,-165429808.97999996,-29728738.120000005,238128070.32000005,711902358.57,473774288.25,-19285141.509999998,1073.89,1167.25,291.45,232.27,1269.38,1235.19,0.0,,,,,,,,建筑建材,建筑材料,陶瓷制造,,,
sh600145,四维控股,2009-09-02,5.55,5.6,5.42,5.52,5.56,3378458.0,18613502.0,1286065784.64,2084821200.0,-165429808.97999996,-29728738.120000005,238128070.32000005,711902358.57,473774288.25,-19285141.509999998,648.65,651.7,297.59,289.29,915.11,920.35,0.0,,,,,,,,建筑建材,建筑材料,陶瓷制造,,,
sh600145,四维控股,2009-09-03,5.48,5.8,5.46,5.79,5.52,6176124.0,35178658.0,1348971176.28,2186796150.0,-165429808.97999996,-29728738.120000005,238128070.32000005,711902358.57,473774288.25,-19285141.509999998,1356.2,1505.38,635.52,185.42,1526.15,1723.84,0.0,103.22,,,,,,,建筑建材,建筑材料,陶瓷制造,,,
sh600145,四维控股,2009-09-04,5.75,6.37,5.71,6.37,5.79,17967746.0,110930125.0,1484101276.84,2405853450.0,-165429808.97999996,-29728738.120000005,238128070.32000005,711902358.57,473774288.25,-19285141.509999998,3478.97,3804.08,1992.15,1377.48,3965.28,4888.5,1656.61,1022.96,,,,,,,建筑建材,建筑材料,陶瓷制造,,,
sh600145,四维控股,2009-09-07,6.49,6.56,6.29,6.37,6.37,21045683.0,135455373.0,1484101276.84,2405853450.0,-165429808.97999996,-29728738.120000005,238128070.32000005,711902358.57,473774288.25,-19285141.509999998,5222.08,5381.59,2291.02,2218.3,5830.25,5434.04,202.19,511.6,,,,,,,建筑建材,建筑材料,陶瓷制造,,,
sh600145,四维控股,2009-09-08,6.3,6.56,6.13,6.43,6.37,10207803.0,65373699.0,1498080252.76,2428514550.0,-165429808.97999996,-29728738.120000005,238128070.32000005,711902358.57,473774288.25,-19285141.509999998,2753.69,2724.29,797.77,829.41,2985.91,2983.66,0.0,,,,,,,,建筑建材,建筑材料,陶瓷制造,,,
sh600145,四维控股,2009-09-09,6.49,6.49,6.27,6.43,6.43,8275894.0,52711500.0,1498080252.76,2428514550.0,-165429808.97999996,-29728738.120000005,238128070.32000005,711902358.57,473774288.25,-19285141.509999998,2188.73,2125.5,896.82,869.52,2185.6,2276.13,0.0,,,,,,,,建筑建材,建筑材料,陶瓷制造,,,
sh600145,四维控股,2009-09-10,6.42,6.59,6.28,6.53,6.43,11341892.0,73073470.0,1521378545.96,2466283050.0,-165429808.97999996,-29728738.120000005,238128070.32000005,711902358.57,473774288.25,-19285141.509999998,3249.29,3101.48,1209.12,1244.19,2848.94,2861.04,0.0,100.65,,,,,,,建筑建材,建筑材料,陶瓷制造,,,
sh600145,四维控股,2009-09-11,6.48,6.94,6.48,6.63,6.53,15505839.0,103748667.0,1544676839.16,2504051550.0,-165429808.97999996,-29728738.120000005,238128070.32000005,711902358.57,473774288.25,-19285141.509999998,4412.79,4537.96,1635.01,1661.22,4221.22,4175.68,105.84,,,,,,,,建筑建材,建筑材料,陶瓷制造,,,
sh600145,四维控股,2009-09-14,6.55,6.77,6.52,6.69,6.63,10317162.0,68393459.0,1558655815.08,2526712650.0,-165429808.97999996,-29728738.120000005,238128070.32000005,711902358.57,473774288.25,-19285141.509999998,2652.91,2513.88,787.3,1095.95,3133.84,3229.52,265.3,,,,,,,,建筑建材,建筑材料,陶瓷制造,,,
sh600145,四维控股,2009-09-15,6.69,7.02,6.69,6.82,6.69,14373348.0,98955550.0,1588943596.24,2575811700.0,-165429808.97999996,-29728738.120000005,238128070.32000005,711902358.57,473774288.25,-19285141.509999998,4055.61,3961.15,2108.97,1809.7,3611.78,4124.71,119.19,,,,,,,,建筑建材,建筑材料,陶瓷制造,,,
sh600145,四维控股,2009-09-16,6.75,6.98,6.65,6.75,6.82,9261567.0,62892979.0,1572634791.0,2549373750.0,-165429808.97999996,-29728738.120000005,238128070.32000005,711902358.57,473774288.25,-19285141.509999998,2492.21,2850.64,947.92,1104.98,2623.67,2108.18,0.0,,,,,,,,建筑建材,建筑材料,陶瓷制造,,,
sh600145,四维控股,2009-09-17,6.7,6.97,6.7,6.91,6.75,10659486.0,73104196.0,1609912060.12,2609803350.0,-165429808.97999996,-29728738.120000005,238128070.32000005,711902358.57,473774288.25,-19285141.509999998,2730.81,2933.49,1734.3,1281.1,2610.49,2986.59,234.82,109.24,,,,,,,建筑建材,建筑材料,陶瓷制造,,,
sh600145,四维控股,2009-09-18,7.15,7.39,6.77,6.92,6.91,18904705.0,134390282.0,1612241889.44,2613580200.0,-165429808.97999996,-29728738.120000005,238128070.32000005,711902358.57,473774288.25,-19285141.509999998,5040.17,5281.13,2872.21,2371.19,5291.52,5406.32,235.13,380.39,,,,,,,建筑建材,建筑材料,陶瓷制造,,,
sh600145,四维控股,2009-09-21,6.76,7.27,6.73,7.24,6.92,15764273.0,112056029.0,1686796427.68,2734439400.0,-165429808.97999996,-29728738.120000005,238128070.32000005,711902358.57,473774288.25,-19285141.509999998,3985.35,4375.16,2678.78,2213.18,3962.63,4617.26,578.84,,,,,,,,建筑建材,建筑材料,陶瓷制造,,,
sh600145,四维控股,2009-09-22,7.2,7.45,7.05,7.09,7.24,14330823.0,104273078.0,1651848987.88,2677786650.0,-165429808.97999996,-29728738.120000005,238128070.32000005,711902358.57,473774288.25,-19285141.509999998,3949.15,4050.97,2159.39,2222.38,4117.38,4035.93,201.39,118.03,,,,,,,建筑建材,建筑材料,陶瓷制造,,,
sh600145,四维控股,2009-09-23,7.03,7.16,6.5,6.58,7.09,12175798.0,82640088.0,1533027692.56,2485167300.0,-165429808.97999996,-29728738.120000005,238128070.32000005,711902358.57,473774288.25,-19285141.509999998,3187.75,2794.63,1651.28,2300.57,3424.98,2651.03,0.0,517.78,,,,,,,建筑建材,建筑材料,陶瓷制造,,,
sh600145,四维控股,2009-09-24,6.53,6.53,6.08,6.32,6.58,8098024.0,51394599.0,1472452130.24,2386969200.0,-165429808.97999996,-29728738.120000005,238128070.32000005,711902358.57,473774288.25,-19285141.509999998,2255.21,2340.95,717.93,830.02,2166.33,1968.49,0.0,,,,,,,,建筑建材,建筑材料,陶瓷制造,,,
sh600145,四维控股,2009-09-25,6.25,6.43,6.22,6.4,6.32,3447828.0,21852766.0,1491090764.8,2417184000.0,-165429808.97999996,-29728738.120000005,238128070.32000005,711902358.57,473774288.25,-19285141.509999998,918.42,967.62,224.94,193.84,1041.92,1023.82,0.0,,,,,,,,建筑建材,建筑材料,陶瓷制造,,,
sh600145,四维控股,2009-09-28,6.45,6.51,6.11,6.21,6.4,3593390.0,22663837.0,1446824007.72,2345423850.0,-165429808.97999996,-29728738.120000005,238128070.32000005,711902358.57,473774288.25,-19285141.509999998,1131.05,991.46,24.8,253.76,1110.54,1021.17,0.0,,,,,,,,建筑建材,建筑材料,陶瓷制造,,,
sh600145,四维控股,2009-09-29,6.2,6.3,5.65,6.0,6.21,3969799.0,23675872.0,1397897592.0,2266110000.0,-165429808.97999996,-29728738.120000005,238128070.32000005,711902358.57,473774288.25,-19285141.509999998,884.96,841.61,198.98,449.44,1283.65,1076.53,0.0,,,,,,,,建筑建材,建筑材料,陶瓷制造,,,
sh600145,四维控股,2009-09-30,5.99,6.08,5.81,5.87,6.0,4077472.0,24356480.0,1367609810.84,2217010950.0,-165429808.97999996,-29728738.120000005,238128070.32000005,711902358.57,473774288.25,-19285141.509999998,912.48,980.38,353.71,542.13,1169.46,913.14,0.0,,,,,,,,建筑建材,建筑材料,陶瓷制造,,,
sh600145,四维控股,2009-10-09,5.99,6.15,5.92,6.12,5.87,6010397.0,36258580.0,1425855543.84,2311432200.0,-165429808.97999996,-29728738.120000005,238128070.32000005,711902358.57,473774288.25,-19285141.509999998,1525.43,1515.36,594.96,772.08,1396.77,1218.97,108.71,119.45,,,,,,,建筑建材,建筑材料,陶瓷制造,,,
sh600145,四维控股,2009-10-12,6.11,6.28,6.1,6.19,6.12,4015566.0,24802957.0,1442164349.08,2337870150.0,-165429808.97999996,-29728738.120000005,238128070.32000005,711902358.57,473774288.25,-19285141.509999998,1058.56,1048.38,158.75,231.43,1262.99,1200.49,0.0,,,,,,,,建筑建材,建筑材料,陶瓷制造,,,
sh600145,四维控股,2009-10-13,6.15,6.25,6.11,6.25,6.19,3032847.0,18781378.0,1456143325.0,2360531250.0,-165429808.97999996,-29728738.120000005,238128070.32000005,711902358.57,473774288.25,-19285141.509999998,808.6,848.82,171.6,210.95,897.94,818.37,0.0,,,,,,,,建筑建材,建筑材料,陶瓷制造,,,
sh600145,四维控股,2009-10-14,6.29,6.66,6.25,6.55,6.25,8512763.0,55040678.0,1526038204.6,2473836750.0,-165429808.97999996,-29728738.120000005,238128070.32000005,711902358.57,473774288.25,-19285141.509999998,2332.82,2221.55,822.65,682.7,2228.02,2478.49,120.57,121.32,,,,,,,建筑建材,建筑材料,陶瓷制造,,,
sh600145,四维控股,2009-10-16,6.63,6.67,6.37,6.56,6.55,6523375.0,42560726.0,1528368033.92,2477613600.0,-165429808.97999996,-29728738.120000005,238128070.32000005,711902358.57,473774288.25,-19285141.509999998,1798.17,1744.88,582.6,648.82,1875.3,1862.38,0.0,,,,,,,,建筑建材,建筑材料,陶瓷制造,,,
sh600145,四维控股,2009-10-19,6.51,6.66,6.45,6.65,6.56,6317314.0,41659816.0,1549336497.8,2511605250.0,-165429808.97999996,-29728738.120000005,238128070.32000005,711902358.57,473774288.25,-19285141.509999998,1937.85,1723.49,409.16,526.81,1818.97,1648.28,0.0,267.4,,,,,,,建筑建材,建筑材料,陶瓷制造,,,
sh600145,四维控股,2009-10-20,6.62,6.75,6.58,6.67,6.65,6232361.0,41444840.0,1553996156.44,2519158950.0,-165429808.97999996,-29728738.120000005,238128070.32000005,711902358.57,473774288.25,-19285141.509999998,1634.13,1567.22,514.03,812.55,1996.33,1764.72,0.0,,,,,,,,建筑建材,建筑材料,陶瓷制造,,,
sh600145,四维控股,2009-10-21,6.65,6.85,6.58,6.83,6.67,8032945.0,54199842.0,1591273425.56,2579588550.0,-165429808.97999996,-29728738.120000005,238128070.32000005,711902358.57,473774288.25,-19285141.509999998,2194.66,2286.46,1085.71,762.81,2139.61,2370.71,0.0,,,,,,,,建筑建材,建筑材料,陶瓷制造,,,
sh600145,四维控股,2009-10-22,6.75,6.85,6.65,6.67,6.83,5636026.0,37876330.0,1553996156.44,2519158950.0,-165429808.97999996,-29728738.120000005,238128070.32000005,711902358.57,473774288.25,-19285141.509999998,1599.09,1568.28,503.67,752.89,1684.87,1466.47,0.0,,,,,,,,建筑建材,建筑材料,陶瓷制造,,,
sh600145,四维控股,2009-10-23,6.66,6.77,6.56,6.66,6.67,7462717.0,49740982.0,1551666327.12,2515382100.0,-165429808.97999996,-29728738.120000005,238128070.32000005,711902358.57,473774288.25,-19285141.509999998,2115.7,2072.38,881.31,1069.69,1977.09,1832.02,0.0,,,,,,,,建筑建材,建筑材料,陶瓷制造,,,
sh600145,四维控股,2009-10-26,6.7,6.73,6.5,6.55,6.66,4866242.0,31933586.0,1526038204.6,2473836750.0,-165429808.97999996,-29728738.120000005,238128070.32000005,711902358.57,473774288.25,-19285141.509999998,1431.11,1296.28,168.01,496.77,1594.24,1285.33,0.0,114.98,,,,,,,建筑建材,建筑材料,陶瓷制造,,,
sh600145,四维控股,2009-10-27,6.54,6.55,6.27,6.31,6.55,5081686.0,32351953.0,1470122300.92,2383192350.0,-165429808.97999996,-29728738.120000005,238128070.32000005,711902358.57,473774288.25,-19285141.509999998,,,,,,,,,,,,,,,建筑建材,建筑材料,陶瓷制造,,,
sh600145,四维控股,2009-10-28,6.32,6.39,6.22,6.38,6.31,3225750.0,20363761.0,1486431106.16,2409630300.0,-165429808.97999996,-29728738.120000005,238128070.32000005,711902358.57,473774288.25,-19285141.509999998,850.1,843.35,166.44,132.51,1019.83,1060.52,0.0,,,,,,,,建筑建材,建筑材料,陶瓷制造,,,
sh600145,四维控股,2009-10-29,6.3,6.4,6.07,6.22,6.38,4088804.0,25343048.0,1449153837.04,2349200700.0,-165429808.97999996,-29728738.120000005,238128070.32000005,711902358.57,473774288.25,-19285141.509999998,1128.76,1102.92,281.1,507.29,1124.44,924.09,0.0,,,,,,,,建筑建材,建筑材料,陶瓷制造,,,
sh600145,四维控股,2009-10-30,6.27,6.36,6.2,6.28,6.22,3697913.0,23214637.0,1463132812.96,2371861800.0,-165429808.97999996,-29728738.120000005,238128070.32000005,711902358.57,473774288.25,-19285141.509999998,1293.16,1286.48,131.32,159.75,896.99,875.23,0.0,,,,,,,,建筑建材,建筑材料,陶瓷制造,,,
sh600145,四维控股,2009-11-02,6.18,6.43,6.1,6.4,6.28,4169245.0,26220404.0,1491090764.8,2417184000.0,-156654294.32,-41408367.75,235866726.80999994,686133052.93,450266326.12,-1323484.5899999999,1185.6,1162.01,302.33,211.08,1134.11,1248.95,0.0,,,,,,,,建筑建材,建筑材料,陶瓷制造,,,
sh600145,四维控股,2009-11-03,6.48,6.75,6.41,6.74,6.4,10475479.0,69711144.0,1570304961.68,2545596900.0,-156654294.32,-41408367.75,235866726.80999994,686133052.93,450266326.12,-1323484.5899999999,2510.26,2644.42,1285.64,1060.92,2641.72,3123.2,533.5,142.58,,,,,,,建筑建材,建筑材料,陶瓷制造,,,
sh600145,四维控股,2009-11-04,6.76,6.8,6.58,6.68,6.74,6352332.0,42337995.0,1556325985.76,2522935800.0,-156654294.32,-41408367.75,235866726.80999994,686133052.93,450266326.12,-1323484.5899999999,1730.05,1648.96,482.77,797.12,2020.98,1787.72,0.0,,,,,,,,建筑建材,建筑材料,陶瓷制造,,,
sh600145,四维控股,2009-11-05,6.66,6.74,6.56,6.71,6.68,7259022.0,48301612.0,1563315473.72,2534266350.0,-156654294.32,-41408367.75,235866726.80999994,686133052.93,450266326.12,-1323484.5899999999,1868.23,1820.76,1057.7,1255.14,1904.23,1754.27,0.0,,,,,,,,建筑建材,建筑材料,陶瓷制造,,,
sh600145,四维控股,2009-11-06,6.74,7.08,6.3,6.89,6.71,17039214.0,118122571.0,1605252401.48,2602249650.0,-156654294.32,-41408367.75,235866726.80999994,686133052.93,450266326.12,-1323484.5899999999,4317.74,4336.78,2918.57,2654.18,4483.62,4458.45,92.33,362.84,,,,,,,建筑建材,建筑材料,陶瓷制造,,,
sh600145,四维控股,2009-11-09,6.9,7.2,6.8,7.17,6.89,13043390.0,90667160.0,1670487622.44,2708001450.0,-156654294.32,-41408367.75,235866726.80999994,686133052.93,450266326.12,-1323484.5899999999,2199.62,2020.68,845.56,979.55,2273.16,2068.11,0.0,250.0,,,,,,,建筑建材,建筑材料,陶瓷制造,,,
sh600145,四维控股,2009-11-10,7.1,7.25,7.05,7.09,7.17,12230601.0,87348832.0,1651848987.88,2677786650.0,-156654294.32,-41408367.75,235866726.80999994,686133052.93,450266326.12,-1323484.5899999999,3370.67,3131.26,2120.61,2531.29,3243.6,3072.34,0.0,,,,,,,,建筑建材,建筑材料,陶瓷制造,,,
sh600145,四维控股,2009-11-11,7.09,7.27,6.93,7.2,7.09,14647610.0,104676774.0,1677477110.4,2719332000.0,-156654294.32,-41408367.75,235866726.80999994,686133052.93,450266326.12,-1323484.5899999999,4073.04,4012.72,2769.57,2598.14,3625.07,3712.44,0.0,144.38,,,,,,,建筑建材,建筑材料,陶瓷制造,,,
sh600145,四维控股,2009-11-12,7.18,7.29,7.12,7.15,7.2,9409537.0,67750927.0,1665827963.8,2700447750.0,-156654294.32,-41408367.75,235866726.80999994,686133052.93,450266326.12,-1323484.5899999999,2957.78,2815.49,1143.47,1461.74,2561.3,2385.32,112.54,112.54,,,,,,,建筑建材,建筑材料,陶瓷制造,,,
sh600145,四维控股,2009-11-13,7.16,7.18,6.95,7.1,7.15,9098610.0,64295831.0,1654178817.2,2681563500.0,-156654294.32,-41408367.75,235866726.80999994,686133052.93,450266326.12,-1323484.5899999999,2776.82,2587.0,922.85,1455.47,2616.18,2238.75,113.73,148.36,,,,,,,建筑建材,建筑材料,陶瓷制造,,,
sh600145,四维控股,2009-11-16,7.16,7.27,7.05,7.19,7.1,10687879.0,76907976.0,1675147281.08,2715555150.0,-156654294.32,-41408367.75,235866726.80999994,686133052.93,450266326.12,-1323484.5899999999,3046.15,2972.91,1814.57,1994.1,2446.94,2340.64,383.14,383.14,,,,,,,建筑建材,建筑材料,陶瓷制造,,,
sh600145,四维控股,2009-11-17,7.2,7.91,7.2,7.85,7.19,45421716.0,356029206.0,1828916016.2,2964827250.0,-156654294.32,-41408367.75,235866726.80999994,686133052.93,450266326.12,-1323484.5899999999,11523.56,11541.08,9737.12,9775.22,11677.68,11894.12,2664.56,2392.5,,,,,,,建筑建材,建筑材料,陶瓷制造,,,
sh600145,四维控股,2009-11-18,7.7,7.8,7.55,7.75,7.85,24560255.0,188630491.0,1805617723.0,2927058750.0,-156654294.32,-41408367.75,235866726.80999994,686133052.93,450266326.12,-1323484.5899999999,6871.02,6087.92,4879.32,4926.02,6258.94,5340.03,853.76,2509.08,,,,,,,建筑建材,建筑材料,陶瓷制造,,,
sh600145,四维控股,2009-11-19,7.69,7.81,7.57,7.75,7.75,14196067.0,109116611.0,1805617723.0,2927058750.0,-156654294.32,-41408367.75,235866726.80999994,686133052.93,450266326.12,-1323484.5899999999,4113.25,4053.28,2422.11,2721.88,4096.74,3776.97,279.56,359.54,,,,,,,建筑建材,建筑材料,陶瓷制造,,,
sh600145,四维控股,2009-11-20,7.75,8.07,7.68,7.88,7.75,21317828.0,168087904.0,1835905504.16,2976157800.0,-156654294.32,-41408367.75,235866726.80999994,686133052.93,450266326.12,-1323484.5899999999,8977.88,8744.97,5043.05,4973.64,7417.6,7654.88,841.76,906.8,,,,,,,建筑建材,建筑材料,陶瓷制造,,,
sh600145,四维控股,2009-11-23,7.82,8.12,7.79,8.11,7.88,18590493.0,148491348.0,1889491578.52,3063025350.0,-156654294.32,-41408367.75,235866726.80999994,686133052.93,450266326.12,-1323484.5899999999,4812.88,5456.41,3024.19,3443.66,3754.64,4188.87,1858.61,361.38,,,,,,,建筑建材,建筑材料,陶瓷制造,,,
sh600145,四维控股,2009-11-24,8.11,8.5,7.4,7.57,8.11,25495139.0,205806836.0,1763680795.24,2859075450.0,-156654294.32,-41408367.75,235866726.80999994,686133052.93,450266326.12,-1323484.5899999999,8343.55,8413.55,5303.78,5472.62,5852.04,5649.07,371.24,335.37,,,,,,,建筑建材,建筑材料,陶瓷制造,,,
sh600145,四维控股,2009-11-25,7.6,8.1,7.5,8.01,7.57,17421210.0,136013159.0,1866193285.32,3025256850.0,-156654294.32,-41408367.75,235866726.80999994,686133052.93,450266326.12,-1323484.5899999999,5675.06,5257.15,2684.53,3495.19,3897.35,4446.31,1344.37,402.66,,,,,,,建筑建材,建筑材料,陶瓷制造,,,
sh600145,四维控股,2009-11-26,8.05,8.28,7.63,8.2,8.01,21958099.0,175448909.0,1910460042.4,3097017000.0,-156654294.32,-41408367.75,235866726.80999994,686133052.93,450266326.12,-1323484.5899999999,6482.59,7157.48,5331.31,4655.02,5445.39,5223.97,285.6,508.41,,,,,,,建筑建材,建筑材料,陶瓷制造,,,
sh600145,四维控股,2009-11-27,8.0,8.22,7.7,7.8,8.2,14759250.0,117694287.0,1817266869.6,2945943000.0,-156654294.32,-41408367.75,235866726.80999994,686133052.93,450266326.12,-1323484.5899999999,4426.26,4397.35,2674.42,2442.5,3298.46,3412.42,125.95,272.82,,,,,,,建筑建材,建筑材料,陶瓷制造,,,
sh600145,四维控股,2009-11-30,7.74,8.52,7.74,8.43,7.8,24239730.0,198953361.0,1964046116.76,3183884550.0,-156654294.32,-41408367.75,235866726.80999994,686133052.93,450266326.12,-1323484.5899999999,7794.66,8335.99,6245.84,4208.11,4439.22,6369.81,1415.62,981.43,,,,,,,建筑建材,建筑材料,陶瓷制造,,,
sh600145,四维控股,2009-12-01,8.49,8.66,8.31,8.55,8.43,26680327.0,227027342.0,1992004068.6,3229206750.0,-156654294.32,-41408367.75,235866726.80999994,686133052.93,450266326.12,-1323484.5899999999,9553.61,9095.89,5857.63,5804.91,6541.51,5844.0,420.3,1628.24,,,,,,,建筑建材,建筑材料,陶瓷制造,,,
sh600145,四维控股,2009-12-02,8.51,8.97,8.51,8.8,8.55,23372164.0,204954151.0,2050249801.6,3323628000.0,-156654294.32,-41408367.75,235866726.80999994,686133052.93,450266326.12,-1323484.5899999999,8965.35,8763.78,5047.01,4696.59,5762.66,6259.24,392.4,447.82,,,,,,,建筑建材,建筑材料,陶瓷制造,,,
sh600145,四维控股,2009-12-03,8.82,9.13,8.59,8.92,8.8,19962268.0,176232172.0,2078207753.44,3368950200.0,-156654294.32,-41408367.75,235866726.80999994,686133052.93,450266326.12,-1323484.5899999999,7101.29,6428.72,3677.2,4198.86,5052.48,4762.63,281.74,722.5,,,,,,,建筑建材,建筑材料,陶瓷制造,,,
sh600145,四维控股,2009-12-04,8.84,9.18,8.32,8.56,8.92,23429529.0,204789210.0,1994333897.92,3232983600.0,-156654294.32,-41408367.75,235866726.80999994,686133052.93,450266326.12,-1323484.5899999999,9600.77,7971.4,4931.85,6693.81,5939.77,5105.17,6.53,708.53,,,,,,,建筑建材,建筑材料,陶瓷制造,,,
sh600145,四维控股,2009-12-07,8.52,8.7,8.43,8.66,8.56,9388177.0,80518660.0,2017632191.12,3270752100.0,-156654294.32,-41408367.75,235866726.80999994,686133052.93,450266326.12,-1323484.5899999999,3976.37,3876.04,1406.82,1738.08,2593.11,2362.19,0.0,,,,,,,,建筑建材,建筑材料,陶瓷制造,,,
sh600145,四维控股,2009-12-08,8.6,8.69,8.3,8.47,8.66,11161125.0,94371408.0,1973365434.04,3198991950.0,-156654294.32,-41408367.75,235866726.80999994,686133052.93,450266326.12,-1323484.5899999999,4064.32,3691.15,1645.74,2419.13,3063.44,2018.76,287.94,932.41,,,,,,,建筑建材,建筑材料,陶瓷制造,,,
sh600145,四维控股,2009-12-09,8.39,8.39,8.0,8.03,8.47,12811741.0,104582644.0,1870852943.96,3032810550.0,-156654294.32,-41408367.75,235866726.80999994,686133052.93,450266326.12,-1323484.5899999999,4503.53,4060.83,2032.52,3202.03,3922.22,1989.53,0.0,1205.88,,,,,,,建筑建材,建筑材料,陶瓷制造,,,
sh600145,四维控股,2009-12-10,8.03,8.35,8.03,8.25,8.03,7695037.0,63204442.0,1922109189.0,3115901250.0,-156654294.32,-41408367.75,235866726.80999994,686133052.93,450266326.12,-1323484.5899999999,2935.01,2918.27,1312.98,1303.49,1722.99,2098.69,349.46,,,,,,,,建筑建材,建筑材料,陶瓷制造,,,
sh600145,四维控股,2009-12-11,8.25,8.58,8.03,8.46,8.25,9818878.0,81805960.0,1971035604.72,3195215100.0,-156654294.32,-41408367.75,235866726.80999994,686133052.93,450266326.12,-1323484.5899999999,3645.94,3521.72,1444.26,1786.65,2542.14,2752.47,548.26,119.75,,,,,,,建筑建材,建筑材料,陶瓷制造,,,
sh600145,四维控股,2009-12-14,8.46,8.59,8.22,8.47,8.46,8167346.0,68931630.0,1973365434.04,3198991950.0,-156654294.32,-41408367.75,235866726.80999994,686133052.93,450266326.12,-1323484.5899999999,2989.07,2838.68,1501.81,1909.97,2179.17,1932.02,223.12,212.5,,,,,,,建筑建材,建筑材料,陶瓷制造,,,
sh600145,四维控股,2009-12-15,8.51,8.55,8.31,8.35,8.47,6141079.0,51618074.0,1945407482.2,3153669750.0,-156654294.32,-41408367.75,235866726.80999994,686133052.93,450266326.12,-1323484.5899999999,2163.93,2254.75,1456.93,1783.23,1540.95,1123.82,0.0,,,,,,,,建筑建材,建筑材料,陶瓷制造,,,
sh600145,四维控股,2009-12-16,8.34,8.48,8.28,8.34,8.35,5508688.0,46153911.0,1943077652.88,3149892900.0,-156654294.32,-41408367.75,235866726.80999994,686133052.93,450266326.12,-1323484.5899999999,2327.98,2047.17,899.49,1371.06,1347.34,1197.17,40.58,,,,,,,,建筑建材,建筑材料,陶瓷制造,,,
sh600145,四维控股,2009-12-17,8.3,8.4,7.98,8.0,8.34,10119442.0,81658216.0,1863863456.0,3021480000.0,-156654294.32,-41408367.75,235866726.80999994,686133052.93,450266326.12,-1323484.5899999999,3210.69,2957.33,2335.56,2806.43,2493.32,1420.07,126.25,982.0,,,,,,,建筑建材,建筑材料,陶瓷制造,,,
sh600145,四维控股,2009-12-18,8.0,8.0,7.53,7.8,8.0,7237275.0,56275648.0,1817266869.6,2945943000.0,-156654294.32,-41408367.75,235866726.80999994,686133052.93,450266326.12,-1323484.5899999999,2773.53,2657.08,908.39,1084.98,1810.29,1762.82,135.35,122.69,,,,,,,建筑建材,建筑材料,陶瓷制造,,,
sh600145,四维控股,2009-12-21,7.77,7.89,7.58,7.78,7.8,4557154.0,35187694.0,1812607210.96,2938389300.0,-156654294.32,-41408367.75,235866726.80999994,686133052.93,450266326.12,-1323484.5899999999,1421.69,1544.29,547.55,929.17,1549.53,1045.31,0.0,,,,,,,,建筑建材,建筑材料,陶瓷制造,,,
sh600145,四维控股,2009-12-22,7.78,7.85,7.48,7.58,7.78,5006943.0,38403299.0,1766010624.56,2862852300.0,-156654294.32,-41408367.75,235866726.80999994,686133052.93,450266326.12,-1323484.5899999999,1588.7,1485.22,904.13,1117.53,1347.51,1124.51,0.0,113.07,,,,,,,建筑建材,建筑材料,陶瓷制造,,,
sh600145,四维控股,2009-12-23,7.54,7.87,7.54,7.86,7.58,5820626.0,45032925.0,1831245845.52,2968604100.0,-156654294.32,-41408367.75,235866726.80999994,686133052.93,450266326.12,-1323484.5899999999,2044.58,2145.3,1368.22,921.27,1090.5,1424.91,0.0,11.81,,,,,,,建筑建材,建筑材料,陶瓷制造,,,
sh600145,四维控股,2009-12-24,7.87,8.05,7.8,8.03,7.86,6529587.0,52139520.0,1870852943.96,3032810550.0,-156654294.32,-41408367.75,235866726.80999994,686133052.93,450266326.12,-1323484.5899999999,2999.24,2754.73,998.33,1223.45,1216.38,1235.77,0.0,,,,,,,,建筑建材,建筑材料,陶瓷制造,,,
sh600145,四维控股,2009-12-25,8.03,8.12,7.94,8.04,8.03,3770841.0,30276361.0,1873182773.28,3036587400.0,-156654294.32,-41408367.75,235866726.80999994,686133052.93,450266326.12,-1323484.5899999999,1711.67,1580.89,336.83,498.71,979.13,948.03,0.0,,,,,,,,建筑建材,建筑材料,陶瓷制造,,,
sh600145,四维控股,2009-12-28,8.02,8.18,8.0,8.08,8.04,4223611.0,34180827.0,1882502090.56,3051694800.0,-156654294.32,-41408367.75,235866726.80999994,686133052.93,450266326.12,-1323484.5899999999,1470.83,1738.39,959.88,791.74,987.38,887.95,0.0,,,,,,,,建筑建材,建筑材料,陶瓷制造,,,
sh600145,四维控股,2009-12-29,8.08,8.22,8.0,8.05,8.08,5266870.0,42493324.0,1875512602.6,3040364250.0,-156654294.32,-41408367.75,235866726.80999994,686133052.93,450266326.12,-1323484.5899999999,2176.16,2063.8,674.73,979.75,1398.44,1021.57,0.0,184.22,,,,,,,建筑建材,建筑材料,陶瓷制造,,,
sh600145,四维控股,2009-12-30,8.09,8.09,7.75,7.91,8.05,5986468.0,47288223.0,1842894992.12,2987488350.0,-156654294.32,-41408367.75,235866726.80999994,686133052.93,450266326.12,-1323484.5899999999,1897.38,2176.45,758.37,1076.14,1808.39,1211.55,0.0,,,,,,,,建筑建材,建筑材料,陶瓷制造,,,
sh600145,四维控股,2010-01-04,8.02,8.21,8.02,8.1,7.91,7006156.0,56910799.0,1887161749.2,3059248500.0,-156654294.32,-41408367.75,235866726.80999994,686133052.93,450266326.12,-1323484.5899999999,2158.71,2169.66,1957.42,1869.22,1360.1,1567.09,129.75,,,,,,,,建筑建材,建筑材料,陶瓷制造,8.08,8.15,8.11
sh600145,四维控股,2010-01-05,8.1,8.3,7.95,8.28,8.1,7023043.0,56914802.0,1929098676.96,3127231800.0,-156654294.32,-41408367.75,235866726.80999994,686133052.93,450266326.12,-1323484.5899999999,2164.25,2092.41,1435.13,1409.83,1399.5,1577.38,241.03,160.29,,,,,,,建筑建材,建筑材料,陶瓷制造,8.16,8.1,8.08
sh600145,四维控股,2010-01-06,8.33,8.56,8.32,8.34,8.28,10404381.0,88045745.0,1943077652.88,3149892900.0,-156654294.32,-41408367.75,235866726.80999994,686133052.93,450266326.12,-1323484.5899999999,3521.51,3364.36,1561.04,1661.21,2558.71,2615.69,0.0,,,,,,,,建筑建材,建筑材料,陶瓷制造,8.41,8.46,8.42
sh600145,四维控股,2010-01-07,8.36,8.46,8.03,8.11,8.34,7067523.0,58019202.0,1889491578.52,3063025350.0,-156654294.32,-41408367.75,235866726.80999994,686133052.93,450266326.12,-1323484.5899999999,2511.37,2568.86,887.17,1438.18,2065.02,1456.52,0.0,,,,,,,,建筑建材,建筑材料,陶瓷制造,8.33,8.34,8.31
sh600145,四维控股,2010-01-08,8.05,8.18,7.99,8.18,8.11,3947919.0,31914417.0,1905800383.76,3089463300.0,-156654294.32,-41408367.75,235866726.80999994,686133052.93,450266326.12,-1323484.5899999999,1518.53,1548.63,631.69,775.19,1041.22,867.62,0.0,,,,,,,,建筑建材,建筑材料,陶瓷制造,8.1,8.04,8.05
sh600145,四维控股,2010-01-11,8.2,8.67,8.12,8.45,8.18,13188806.0,111759486.0,1968705775.4,3191438250.0,-156654294.32,-41408367.75,235866726.80999994,686133052.93,450266326.12,-1323484.5899999999,3841.89,3661.26,2902.78,2062.15,2119.49,3150.11,9.36,,,,,,,,建筑建材,建筑材料,陶瓷制造,8.15,8.21,8.38
sh600145,四维控股,2010-01-12,8.35,8.6,8.25,8.54,8.45,7640617.0,64790561.0,1989674239.28,3225429900.0,-156654294.32,-41408367.75,235866726.80999994,686133052.93,450266326.12,-1323484.5899999999,2778.82,2929.74,1506.68,1469.55,1944.26,1830.46,0.0,,,,,,,,建筑建材,建筑材料,陶瓷制造,8.46,8.4,8.36
sh600145,四维控股,2010-01-13,8.29,8.49,8.18,8.28,8.54,6977983.0,57975557.0,1929098676.96,3127231800.0,-156654294.32,-41408367.75,235866726.80999994,686133052.93,450266326.12,-1323484.5899999999,2421.67,2721.12,1122.93,1631.19,2252.96,1445.25,0.0,,,,,,,,建筑建材,建筑材料,陶瓷制造,8.32,8.38,8.36
sh600145,四维控股,2010-01-14,8.28,8.38,8.16,8.35,8.28,7198615.0,59481463.0,1945407482.2,3153669750.0,-156654294.32,-41408367.75,235866726.80999994,686133052.93,450266326.12,-1323484.5899999999,2579.79,2459.9,868.17,1657.25,1970.48,1301.29,0.0,,,,,,,,建筑建材,建筑材料,陶瓷制造,8.28,8.3,8.31
sh600145,四维控股,2010-01-15,8.35,8.55,8.16,8.46,8.35,11398506.0,95016843.0,1971035604.72,3195215100.0,-156654294.32,-41408367.75,235866726.80999994,686133052.93,450266326.12,-1323484.5899999999,4050.23,3426.32,2418.59,2950.76,2683.29,2243.71,349.57,880.9,,,,,,,建筑建材,建筑材料,陶瓷制造,8.36,8.39,8.32
sh600145,四维控股,2010-01-18,8.47,8.88,8.38,8.78,8.46,17368224.0,151179089.0,2045590142.96,3316074300.0,-156654294.32,-41408367.75,235866726.80999994,686133052.93,450266326.12,-1323484.5899999999,5721.72,6219.39,4117.01,2686.38,3594.93,4566.21,566.82,528.49,,,,,,,建筑建材,建筑材料,陶瓷制造,8.45,8.58,8.6
sh600145,四维控股,2010-01-19,8.78,8.88,8.6,8.68,8.78,9765432.0,85137845.0,2022291849.76,3278305800.0,-156654294.32,-41408367.75,235866726.80999994,686133052.93,450266326.12,-1323484.5899999999,3578.73,3362.01,1223.66,2221.52,2786.27,2005.13,0.0,,,,,,,,建筑建材,建筑材料,陶瓷制造,8.81,8.76,8.72
sh600145,四维控股,2010-01-20,8.69,9.18,8.61,8.81,8.68,23200494.0,208135875.0,2052579630.92,3327404850.0,-156654294.32,-41408367.75,235866726.80999994,686133052.93,450266326.12,-1323484.5899999999,8673.29,9303.25,5370.4,4199.23,5878.47,6718.58,429.42,130.53,,,,,,,建筑建材,建筑材料,陶瓷制造,8.64,8.75,8.94
sh600145,四维控股,2010-01-21,8.82,9.15,8.8,8.84,8.81,14170361.0,126460924.0,2059569118.88,3338735400.0,-156654294.32,-41408367.75,235866726.80999994,686133052.93,450266326.12,-1323484.5899999999,5110.89,5054.72,2826.2,3445.32,3815.88,3366.06,522.48,409.33,,,,,,,建筑建材,建筑材料,陶瓷制造,8.9,8.92,9.11
sh600145,四维控股,2010-01-22,8.72,8.72,8.0,8.35,8.84,14444780.0,120738573.0,1945407482.2,3153669750.0,-156654294.32,-41408367.75,235866726.80999994,686133052.93,450266326.12,-1323484.5899999999,4945.39,4592.19,3105.58,4155.28,4022.88,2648.92,0.0,677.46,,,,,,,建筑建材,建筑材料,陶瓷制造,8.69,8.6,8.59
sh600145,四维控股,2010-01-25,8.39,8.44,8.05,8.08,8.35,5476342.0,44797294.0,1882502090.56,3051694800.0,-156654294.32,-41408367.75,235866726.80999994,686133052.93,450266326.12,-1323484.5899999999,2169.48,1764.94,752.22,1308.1,1558.03,1163.3,0.0,243.39,,,,,,,建筑建材,建筑材料,陶瓷制造,8.25,8.18,8.21
sh600145,四维控股,2010-01-26,8.1,8.11,7.7,7.78,8.08,9566269.0,75304647.0,1812607210.96,2938389300.0,-156654294.32,-41408367.75,235866726.80999994,686133052.93,450266326.12,-1323484.5899999999,3458.63,2523.94,1427.34,2354.22,2380.01,1391.53,142.04,1138.33,,,,,,,建筑建材,建筑材料,陶瓷制造,8.1,8.03,8.0
sh600145,四维控股,2010-01-27,7.75,7.94,7.68,7.81,7.78,3492488.0,27354562.0,1819596698.92,2949719850.0,-156654294.32,-41408367.75,235866726.80999994,686133052.93,450266326.12,-1323484.5899999999,1154.42,1208.87,367.45,449.5,1126.24,1077.08,87.36,,,,,,,,建筑建材,建筑材料,陶瓷制造,7.78,7.7,7.81
sh600145,四维控股,2010-01-28,7.81,8.03,7.77,8.02,7.81,6207880.0,49009935.0,1868523114.64,3029033700.0,-156654294.32,-41408367.75,235866726.80999994,686133052.93,450266326.12,-1323484.5899999999,2557.39,2295.88,1035.89,1223.79,1307.71,1381.32,0.0,,,,,,,,建筑建材,建筑材料,陶瓷制造,7.8,7.82,7.85
sh600145,四维控股,2010-01-29,7.95,8.27,7.93,8.03,8.02,6375972.0,51782517.0,1870852943.96,3032810550.0,-156654294.32,-41408367.75,235866726.80999994,686133052.93,450266326.12,-1323484.5899999999,2257.93,2546.47,1419.2,1209.44,1501.12,1295.51,0.0,126.84,,,,,,,建筑建材,建筑材料,陶瓷制造,8.02,8.14,8.24
sh600145,四维控股,2010-02-01,8.06,8.16,7.9,8.04,8.03,5041795.0,40380558.0,1873182773.28,3036587400.0,-156654294.32,-41408367.75,235866726.80999994,686133052.93,450266326.12,-1323484.5899999999,2048.14,1855.37,711.62,1012.01,1278.29,1170.67,0.0,,,,,,,,建筑建材,建筑材料,陶瓷制造,8.13,8.02,8.0
sh600145,四维控股,2010-02-02,8.14,8.25,8.0,8.1,8.04,5735282.0,46779953.0,1887161749.2,3059248500.0,-156654294.32,-41408367.75,235866726.80999994,686133052.93,450266326.12,-1323484.5899999999,2042.8,2302.43,1616.51,1078.94,1018.68,1296.62,0.0,,,,,,,,建筑建材,建筑材料,陶瓷制造,8.05,8.09,8.07
sh600145,四维控股,2010-02-03,8.05,8.22,7.74,8.19,8.1,5857611.0,47270549.0,1908130213.08,3093240150.0,-156654294.32,-41408367.75,235866726.80999994,686133052.93,450266326.12,-1323484.5899999999,2288.47,2092.22,863.4,1307.15,1455.23,1202.16,101.62,107.19,,,,,,,建筑建材,建筑材料,陶瓷制造,8.15,8.11,8.09
sh600145,四维控股,2010-02-04,8.07,8.25,8.06,8.14,8.19,5279333.0,43025914.0,1896481066.48,3074355900.0,-156654294.32,-41408367.75,235866726.80999994,686133052.93,450266326.12,-1323484.5899999999,2119.86,2102.8,888.91,1156.18,1293.81,1043.62,0.0,,,,,,,,建筑建材,建筑材料,陶瓷制造,8.14,8.09,8.16
sh600145,四维控股,2010-02-05,7.99,8.05,7.85,8.03,8.14,5029141.0,39969239.0,1870852943.96,3032810550.0,-156654294.32,-41408367.75,235866726.80999994,686133052.93,450266326.12,-1323484.5899999999,1264.81,1377.5,644.79,611.28,1183.55,910.1,20.71,214.98,,,,,,,建筑建材,建筑材料,陶瓷制造,7.94,8.0,7.96
sh600145,四维控股,2010-02-08,7.9,7.94,7.78,7.9,8.03,4641399.0,36399167.0,1840565162.8,2983711500.0,-156654294.32,-41408367.75,235866726.80999994,686133052.93,450266326.12,-1323484.5899999999,1650.22,1807.82,927.85,757.5,1061.84,957.57,0.0,117.02,,,,,,,建筑建材,建筑材料,陶瓷制造,7.81,7.88,7.83
sh600145,四维控股,2010-02-09,7.81,8.2,7.81,7.98,7.9,3960212.0,31944698.0,1859203797.36,3013926300.0,-156654294.32,-41408367.75,235866726.80999994,686133052.93,450266326.12,-1323484.5899999999,1599.86,1477.74,561.02,652.87,941.85,972.12,0.0,,,,,,,,建筑建材,建筑材料,陶瓷制造,7.97,8.13,8.08
sh600145,四维控股,2010-02-10,8.01,8.08,7.86,7.94,7.98,2587125.0,20546657.0,1849884480.08,2998818900.0,-156654294.32,-41408367.75,235866726.80999994,686133052.93,450266326.12,-1323484.5899999999,908.59,792.61,334.03,509.93,798.18,476.21,0.0,262.05,,,,,,,建筑建材,建筑材料,陶瓷制造,8.0,8.03,7.98
sh600145,四维控股,2010-02-11,7.95,8.08,7.85,8.0,7.94,3333745.0,26625113.0,1863863456.0,3021480000.0,-156654294.32,-41408367.75,235866726.80999994,686133052.93,450266326.12,-1323484.5899999999,1139.63,1338.45,745.16,497.23,662.2,826.83,115.52,,,,,,,,建筑建材,建筑材料,陶瓷制造,7.87,7.91,7.87
sh600145,四维控股,2010-02-12,8.0,8.09,7.93,8.05,8.0,2538152.0,20404640.0,1875512602.6,3040364250.0,-156654294.32,-41408367.75,235866726.80999994,686133052.93,450266326.12,-1323484.5899999999,794.12,734.27,706.7,538.77,426.72,643.14,112.93,124.29,,,,,,,建筑建材,建筑材料,陶瓷制造,8.03,8.0,8.0
sh600145,四维控股,2010-02-22,8.18,8.45,8.08,8.34,8.05,8319805.0,69348476.0,1943077652.88,3149892900.0,-156654294.32,-41408367.75,235866726.80999994,686133052.93,450266326.12,-1323484.5899999999,3204.25,2976.06,1296.36,1929.84,2434.25,2028.95,22.6,,,,,,,,建筑建材,建筑材料,陶瓷制造,8.1,8.22,8.26
sh600145,四维控股,2010-02-23,8.3,8.54,8.28,8.5,8.34,8549551.0,71966161.0,1980354922.0,3210322500.0,-156654294.32,-41408367.75,235866726.80999994,686133052.93,450266326.12,-1323484.5899999999,2816.4,3017.14,1381.74,1630.79,2310.53,2284.47,687.94,264.22,,,,,,,建筑建材,建筑材料,陶瓷制造,8.35,8.39,8.39
sh600145,四维控股,2010-02-24,8.4,8.56,8.36,8.55,8.5,7151943.0,60652084.0,1992004068.6,3229206750.0,-156654294.32,-41408367.75,235866726.80999994,686133052.93,450266326.12,-1323484.5899999999,2502.26,3113.48,1621.49,984.35,1930.44,1967.38,11.02,,,,,,,,建筑建材,建筑材料,陶瓷制造,8.47,8.43,8.49
sh600145,四维控股,2010-02-25,8.59,8.65,8.45,8.61,8.55,8074131.0,69014030.0,2005983044.52,3251867850.0,-156654294.32,-41408367.75,235866726.80999994,686133052.93,450266326.12,-1323484.5899999999,2777.85,3161.65,1539.84,1602.8,2206.73,2130.87,376.98,6.08,,,,,,,建筑建材,建筑材料,陶瓷制造,8.54,8.61,8.55
sh600145,四维控股,2010-02-26,8.61,8.9,8.55,8.69,8.61,8884446.0,77817615.0,2024621679.08,3282082650.0,-156654294.32,-41408367.75,235866726.80999994,686133052.93,450266326.12,-1323484.5899999999,3574.07,3479.75,1423.36,1559.22,2656.29,2742.79,128.04,,,,,,,,建筑建材,建筑材料,陶瓷制造,8.63,8.71,8.88
sh600145,四维控股,2010-03-01,8.75,9.14,8.6,8.97,8.69,13701335.0,122381150.0,2089856900.04,3387834450.0,-156654294.32,-41408367.75,235866726.80999994,686133052.93,450266326.12,-1323484.5899999999,4668.72,5267.51,3926.72,2747.18,3108.23,3928.11,534.44,295.31,,,,,,,建筑建材,建筑材料,陶瓷制造,8.7,8.78,8.81
sh600145,四维控股,2010-03-02,8.99,9.0,8.66,8.98,8.97,14870471.0,131529508.0,2092186729.36,3391611300.0,-156654294.32,-41408367.75,235866726.80999994,686133052.93,450266326.12,-1323484.5899999999,4968.22,5225.28,4325.56,4141.36,2996.86,2831.69,862.31,954.61,,,,,,,建筑建材,建筑材料,陶瓷制造,8.95,8.99,8.9
sh600145,四维控股,2010-03-03,8.9,9.04,8.74,8.85,8.98,8390905.0,74396840.0,2061898948.2,3342512250.0,-156654294.32,-41408367.75,235866726.80999994,686133052.93,450266326.12,-1323484.5899999999,3234.88,3406.55,1507.37,2065.92,2380.44,1863.49,317.0,103.72,,,,,,,建筑建材,建筑材料,陶瓷制造,8.95,8.88,8.82
sh600145,四维控股,2010-03-04,8.85,8.9,8.39,8.41,8.85,10014591.0,86480246.0,1959386458.12,3176330850.0,-156654294.32,-41408367.75,235866726.80999994,686133052.93,450266326.12,-1323484.5899999999,4155.98,3736.51,1411.21,2583.88,2986.55,2068.55,94.28,259.08,,,,,,,建筑建材,建筑材料,陶瓷制造,8.9,8.83,8.77
sh600145,四维控股,2010-03-05,8.33,8.53,8.31,8.47,8.41,5006659.0,42303101.0,1973365434.04,3198991950.0,-156654294.32,-41408367.75,235866726.80999994,686133052.93,450266326.12,-1323484.5899999999,2173.93,1816.35,755.21,946.78,1301.17,1181.98,0.0,285.2,,,,,,,建筑建材,建筑材料,陶瓷制造,8.5,8.45,8.46
sh600145,四维控股,2010-03-08,8.57,8.77,8.55,8.59,8.47,5859463.0,50693279.0,2001323385.88,3244314150.0,-156654294.32,-41408367.75,235866726.80999994,686133052.93,450266326.12,-1323484.5899999999,2251.87,2293.92,1090.28,1438.81,1727.18,1336.6,0.0,,,,,,,,建筑建材,建筑材料,陶瓷制造,8.57,8.6,8.74
sh600145,四维控股,2010-03-09,8.59,8.7,8.39,8.69,8.59,5927158.0,50412912.0,2024621679.08,3282082650.0,-156654294.32,-41408367.75,235866726.80999994,686133052.93,450266326.12,-1323484.5899999999,2214.6,2146.41,1015.11,1260.21,1642.75,1339.5,168.83,295.17,,,,,,,建筑建材,建筑材料,陶瓷制造,8.49,8.5,8.48
sh600145,四维控股,2010-03-10,8.65,8.67,8.45,8.48,8.69,4280527.0,36570351.0,1975695263.36,3202768800.0,-156654294.32,-41408367.75,235866726.80999994,686133052.93,450266326.12,-1323484.5899999999,2025.58,1676.98,323.73,1055.04,1307.73,925.01,0.0,,,,,,,,建筑建材,建筑材料,陶瓷制造,8.63,8.63,8.61
sh600145,四维控股,2010-03-11,8.45,8.56,8.37,8.4,8.48,3290818.0,27735506.0,1957056628.8,3172554000.0,-156654294.32,-41408367.75,235866726.80999994,686133052.93,450266326.12,-1323484.5899999999,1576.75,1180.81,141.32,791.57,1055.48,800.75,0.0,0.42,,,,,,,建筑建材,建筑材料,陶瓷制造,8.53,8.52,8.49
sh600145,四维控股,2010-03-12,8.49,8.49,8.26,8.27,8.4,3930924.0,32736309.0,1926768847.64,3123454950.0,-156654294.32,-41408367.75,235866726.80999994,686133052.93,450266326.12,-1323484.5899999999,1646.29,1356.11,425.38,947.01,1201.96,787.86,0.0,182.65,,,,,,,建筑建材,建筑材料,陶瓷制造,8.39,8.36,8.31
sh600145,四维控股,2010-03-15,8.38,8.38,8.2,8.24,8.27,2451061.0,20240114.0,1919779359.68,3112124400.0,-156654294.32,-41408367.75,235866726.80999994,686133052.93,450266326.12,-1323484.5899999999,884.22,900.6,390.92,524.24,748.86,599.17,0.0,,,,,,,,建筑建材,建筑材料,陶瓷制造,8.28,8.24,8.21
sh600145,四维控股,2010-03-16,8.24,8.36,8.2,8.35,8.24,2477040.0,20471050.0,1945407482.2,3153669750.0,-156654294.32,-41408367.75,235866726.80999994,686133052.93,450266326.12,-1323484.5899999999,930.63,940.4,325.17,553.77,791.3,550.97,0.0,1.98,,,,,,,建筑建材,建筑材料,陶瓷制造,8.31,8.27,8.26
sh600145,四维控股,2010-03-17,8.35,8.49,8.3,8.48,8.35,3555676.0,29925699.0,1975695263.36,3202768800.0,-156654294.32,-41408367.75,235866726.80999994,686133052.93,450266326.12,-1323484.5899999999,1478.28,1483.67,493.73,526.24,1020.56,982.66,0.0,,,,,,,,建筑建材,建筑材料,陶瓷制造,8.31,8.33,8.32
sh600145,四维控股,2010-03-18,8.48,8.55,8.4,8.47,8.48,4310931.0,36513237.0,1973365434.04,3198991950.0,-156654294.32,-41408367.75,235866726.80999994,686133052.93,450266326.12,-1323484.5899999999,1817.49,1705.82,689.79,936.34,1144.05,919.16,0.0,90.01,,,,,,,建筑建材,建筑材料,陶瓷制造,8.45,8.46,8.44
sh600145,四维控股,2010-03-19,8.53,8.54,8.39,8.49,8.47,4199769.0,35539397.0,1978025092.68,3206545650.0,-156654294.32,-41408367.75,235866726.80999994,686133052.93,450266326.12,-1323484.5899999999,1510.99,1276.66,1030.4,1391.4,1012.55,816.86,0.0,69.01,,,,,,,建筑建材,建筑材料,陶瓷制造,8.48,8.47,8.46
sh600145,四维控股,2010-03-22,8.49,8.52,8.34,8.4,8.49,3298538.0,27708098.0,1957056628.8,3172554000.0,-156654294.32,-41408367.75,235866726.80999994,686133052.93,450266326.12,-1323484.5899999999,1307.74,1435.89,166.06,544.89,1297.0,790.02,0.0,,,,,,,,建筑建材,建筑材料,陶瓷制造,8.45,8.46,8.47
sh600145,四维控股,2010-03-23,8.36,8.45,8.34,8.4,8.4,3556268.0,29859135.0,1957056628.8,3172554000.0,-156654294.32,-41408367.75,235866726.80999994,686133052.93,450266326.12,-1323484.5899999999,1457.67,1459.32,503.24,622.44,1025.0,904.15,0.0,,,,,,,,建筑建材,建筑材料,陶瓷制造,8.44,8.4,8.41
sh600145,四维控股,2010-03-24,8.43,8.46,8.21,8.26,8.4,5207259.0,43225973.0,1924439018.32,3119678100.0,-156654294.32,-41408367.75,235866726.80999994,686133052.93,450266326.12,-1323484.5899999999,1967.38,1756.52,481.96,1021.51,1873.25,999.9,0.0,544.67,,,,,,,建筑建材,建筑材料,陶瓷制造,8.41,8.42,8.42
sh600145,四维控股,2010-03-25,8.26,8.26,7.99,8.04,8.26,5845972.0,47216124.0,1873182773.28,3036587400.0,-156654294.32,-41408367.75,235866726.80999994,686133052.93,450266326.12,-1323484.5899999999,2078.22,1922.04,629.52,1457.9,2013.87,1056.43,0.0,285.24,,,,,,,建筑建材,建筑材料,陶瓷制造,8.18,,8.2
sh600145,四维控股,2010-03-26,8.0,8.14,7.98,8.08,8.04,3371724.0,27222766.0,1882502090.56,3051694800.0,-156654294.32,-41408367.75,235866726.80999994,686133052.93,450266326.12,-1323484.5899999999,1238.24,1262.0,373.61,633.07,1110.43,636.09,0.0,191.12,,,,,,,建筑建材,建筑材料,陶瓷制造,8.09,8.04,8.0
sh600145,四维控股,2010-03-29,8.09,8.29,8.09,8.17,8.08,3779018.0,30952489.0,1903470554.44,3085686450.0,-156654294.32,-41408367.75,235866726.80999994,686133052.93,450266326.12,-1323484.5899999999,1336.55,1365.48,439.82,834.93,1058.04,892.96,258.96,,,,,,,,建筑建材,建筑材料,陶瓷制造,8.13,8.26,8.21
sh600145,四维控股,2010-03-30,8.2,8.24,8.08,8.12,8.17,3437358.0,27939369.0,1891821407.84,3066802200.0,-156654294.32,-41408367.75,235866726.80999994,686133052.93,450266326.12,-1323484.5899999999,1116.98,1052.28,482.0,1090.11,1194.96,651.55,0.0,,,,,,,,建筑建材,建筑材料,陶瓷制造,8.17,8.21,8.16
sh600145,四维控股,2010-03-31,8.12,8.21,8.05,8.19,8.12,3324418.0,27066738.0,1908130213.08,3093240150.0,-156654294.32,-41408367.75,235866726.80999994,686133052.93,450266326.12,-1323484.5899999999,1192.48,1301.01,609.79,513.1,904.41,892.57,0.0,,,,,,,,建筑建材,建筑材料,陶瓷制造,8.1,8.09,8.06
sh600145,四维控股,2010-04-01,8.24,8.79,8.19,8.75,8.19,17418405.0,149610729.0,2038600655.0,3304743750.0,-156654294.32,-41408367.75,235866726.80999994,686133052.93,450266326.12,-1323484.5899999999,5474.19,6210.25,4664.77,3843.75,3499.17,4907.07,1322.94,,,,,,,,建筑建材,建筑材料,陶瓷制造,8.23,8.27,8.32
sh600145,四维控股,2010-04-02,8.72,8.87,8.57,8.68,8.75,9922529.0,86600617.0,2022291849.76,3278305800.0,-156654294.32,-41408367.75,235866726.80999994,686133052.93,450266326.12,-1323484.5899999999,3685.87,3503.26,2194.89,2293.84,2526.99,2506.68,252.31,356.28,,,,,,,建筑建材,建筑材料,陶瓷制造,8.58,8.72,8.7
sh600145,四维控股,2010-04-06,8.67,9.12,8.66,8.77,8.68,12383674.0,109277334.0,2043260313.64,3312297450.0,-156654294.32,-41408367.75,235866726.80999994,686133052.93,450266326.12,-1323484.5899999999,5376.46,4612.58,2223.67,3129.85,3327.6,2777.42,0.0,407.88,,,,,,,建筑建材,建筑材料,陶瓷制造,9.05,8.87,8.86
sh600145,四维控股,2010-04-07,8.73,8.74,8.61,8.65,8.77,5676602.0,49153671.0,2015302361.8,3266975250.0,-156654294.32,-41408367.75,235866726.80999994,686133052.93,450266326.12,-1323484.5899999999,2479.0,2392.3,891.9,997.98,1544.47,1498.98,0.0,26.1,,,,,,,建筑建材,建筑材料,陶瓷制造,8.7,8.66,8.65
sh600145,四维控股,2010-04-08,8.65,8.77,8.4,8.65,8.65,9732931.0,83114510.0,2015302361.8,3266975250.0,-156654294.32,-41408367.75,235866726.80999994,686133052.93,450266326.12,-1323484.5899999999,3559.58,2763.02,2010.72,2647.99,2737.59,1790.12,3.55,1110.32,,,,,,,建筑建材,建筑材料,陶瓷制造,8.57,8.48,8.51
sh600145,四维控股,2010-04-09,8.6,8.73,8.51,8.7,8.65,6776003.0,58544604.0,2026951508.4,3285859500.0,-156654294.32,-41408367.75,235866726.80999994,686133052.93,450266326.12,-1323484.5899999999,2712.63,2810.81,1580.55,1323.04,1561.28,1618.26,0.0,102.36,,,,,,,建筑建材,建筑材料,陶瓷制造,8.62,8.54,8.58
sh600145,四维控股,2010-04-12,8.74,8.87,8.68,8.81,8.7,7596024.0,66774983.0,2052579630.92,3327404850.0,-156654294.32,-41408367.75,235866726.80999994,686133052.93,450266326.12,-1323484.5899999999,3351.16,3103.03,1493.35,1252.31,1820.21,2309.38,0.0,,,,,,,,建筑建材,建筑材料,陶瓷制造,8.75,8.69,8.72
sh600145,四维控股,2010-04-13,8.81,8.99,8.59,8.91,8.81,11884027.0,104848107.0,2075877924.12,3365173350.0,-156654294.32,-41408367.75,235866726.80999994,686133052.93,450266326.12,-1323484.5899999999,4907.63,4270.9,1976.04,2282.9,2431.49,3142.94,541.15,159.59,,,,,,,建筑建材,建筑材料,陶瓷制造,8.76,8.79,8.78
sh600145,四维控股,2010-04-14,8.9,9.79,8.86,9.5,8.91,31540536.0,298231072.0,2213337854.0,3588007500.0,-156654294.32,-41408367.75,235866726.80999994,686133052.93,450266326.12,-1323484.5899999999,11491.19,12427.54,8252.69,7914.31,8168.65,8744.87,1910.58,736.39,,,,,,,建筑建材,建筑材料,陶瓷制造,9.0,9.01,8.99
sh600145,四维控股,2010-04-15,9.39,9.73,9.25,9.59,9.5,17386704.0,164368562.0,2234306317.88,3621999150.0,-156654294.32,-41408367.75,235866726.80999994,686133052.93,450266326.12,-1323484.5899999999,7492.8,7161.9,3737.12,4006.68,5178.1,5068.12,28.83,200.15,,,,,,,建筑建材,建筑材料,陶瓷制造,9.44,9.4,9.36
sh600145,四维控股,2010-04-16,9.51,10.1,9.38,9.78,9.59,21912318.0,216875978.0,2278573074.96,3693759300.0,-156654294.32,-41408367.75,235866726.80999994,686133052.93,450266326.12,-1323484.5899999999,8617.6,9344.06,6152.49,5039.4,5498.82,7025.26,1418.69,278.87,,,,,,,建筑建材,建筑材料,陶瓷制造,9.48,9.66,9.69
sh600145,四维控股,2010-04-19,9.77,9.77,9.02,9.07,9.78,16059871.0,151349487.0,2113155193.24,3425602950.0,-156654294.32,-41408367.75,235866726.80999994,686133052.93,450266326.12,-1323484.5899999999,6456.05,6347.26,2287.8,3272.97,5501.29,4148.51,889.81,1366.21,,,,,,,建筑建材,建筑材料,陶瓷制造,9.7,9.51,9.57
sh600145,四维控股,2010-04-20,9.0,9.98,8.78,9.98,9.07,23540700.0,223962887.0,2325169661.36,3769296300.0,-156654294.32,-41408367.75,235866726.80999994,686133052.93,450266326.12,-1323484.5899999999,7919.04,9661.18,7024.88,5118.29,4616.02,6325.25,2836.34,1291.56,,,,,,,建筑建材,建筑材料,陶瓷制造,9.1,8.83,9.04
sh600145,四维控股,2010-04-21,9.97,10.48,9.82,10.06,9.98,27311830.0,275991202.0,2343808295.92,3799511100.0,-156654294.32,-41408367.75,235866726.80999994,686133052.93,450266326.12,-1323484.5899999999,11056.77,10802.15,7459.04,8234.37,8257.91,6629.94,825.4,1932.65,,,,,,,建筑建材,建筑材料,陶瓷制造,10.14,10.36,10.21
sh600145,四维控股,2010-04-22,10.0,10.29,9.87,9.89,10.06,22118566.0,222476567.0,2304201197.48,3735304650.0,-156654294.32,-41408367.75,235866726.80999994,686133052.93,450266326.12,-1323484.5899999999,8941.18,8269.91,6335.87,6555.28,6258.49,4440.3,643.63,2913.67,,,,,,,建筑建材,建筑材料,陶瓷制造,10.0,10.13,10.17
sh600145,四维控股,2010-04-23,9.9,10.5,9.8,10.2,9.89,22587573.0,230753990.0,2376425906.4,3852387000.0,-156654294.32,-41408367.75,235866726.80999994,686133052.93,450266326.12,-1323484.5899999999,8528.52,8540.82,6520.21,7164.16,5315.85,6151.96,2710.82,1218.46,,,,,,,建筑建材,建筑材料,陶瓷制造,9.9,10.12,10.18
sh600145,四维控股,2010-04-27,10.2,10.2,9.27,9.47,10.2,15326487.0,146616005.0,2206348366.04,3576676950.0,-156654294.32,-41408367.75,235866726.80999994,686133052.93,450266326.12,-1323484.5899999999,6859.42,5875.21,2301.7,4045.12,5297.17,3452.27,118.52,1204.22,,,,,,,建筑建材,建筑材料,陶瓷制造,9.86,9.89,9.83
sh600145,四维控股,2010-04-28,9.3,9.47,8.75,8.94,9.47,12544772.0,114098337.0,2082867412.08,3376503900.0,-156654294.32,-41408367.75,235866726.80999994,686133052.93,450266326.12,-1323484.5899999999,4885.75,4334.68,2065.53,3278.18,4240.32,2801.06,218.23,995.91,,,,,,,建筑建材,建筑材料,陶瓷制造,9.2,9.31,9.35
sh600145,四维控股,2010-04-29,8.8,9.56,8.8,9.11,8.94,19109628.0,175418806.0,2122474510.52,3440710350.0,-156654294.32,-41408367.75,235866726.80999994,686133052.93,450266326.12,-1323484.5899999999,7905.56,7653.98,4367.19,5049.46,4178.87,3811.21,1090.26,1027.23,,,,,,,建筑建材,建筑材料,陶瓷制造,8.98,8.97,9.0
sh600145,*ST四维,2010-05-04,8.65,8.65,8.65,8.65,9.11,2652500.0,22944125.0,2015302361.8,3266975250.0,-104236160.21000001,60167595.84,148227234.41000003,436641017.19,288413782.78,16547929.19,425.75,627.85,495.9,796.37,320.31,342.81,1052.45,527.39,,,,,,,建筑建材,建筑材料,陶瓷制造,8.65,8.65,8.65
sh600145,*ST四维,2010-05-05,8.22,8.22,8.22,8.22,8.65,1325900.0,10898898.0,1915119701.04,3104570700.0,-104236160.21000001,60167595.84,148227234.41000003,436641017.19,288413782.78,16547929.19,556.91,295.89,130.86,560.89,301.43,105.94,100.7,127.16,,,,,,,建筑建材,建筑材料,陶瓷制造,8.22,8.22,8.22
sh600145,*ST四维,2010-05-06,7.81,8.42,7.81,7.83,8.22,17007885.0,136496242.0,1824256357.56,2957273550.0,-104236160.21000001,60167595.84,148227234.41000003,436641017.19,288413782.78,16547929.19,5058.83,4236.65,1765.86,2799.56,3619.32,3224.34,3205.62,3389.08,,,,,,,建筑建材,建筑材料,陶瓷制造,8.19,8.15,8.23
sh600145,*ST四维,2010-05-10,8.22,8.22,7.83,8.22,7.83,13302104.0,109139230.0,1915119701.04,3104570700.0,-104236160.21000001,60167595.84,148227234.41000003,436641017.19,288413782.78,16547929.19,2630.29,2317.86,3647.91,4189.76,1092.2,1363.19,3543.52,3043.11,,,,,,,建筑建材,建筑材料,陶瓷制造,8.22,8.22,8.22
sh600145,*ST四维,2010-05-11,8.51,8.6,8.17,8.23,8.22,13493257.0,112922120.0,1917449530.36,3108347550.0,-104236160.21000001,60167595.84,148227234.41000003,436641017.19,288413782.78,16547929.19,5440.63,4300.19,2172.27,3735.04,3078.68,2154.32,600.64,1102.67,,,,,,,建筑建材,建筑材料,陶瓷制造,8.47,8.31,8.29
sh600145,*ST四维,2010-05-12,8.09,8.48,8.03,8.24,8.23,5939509.0,49346851.0,1919779359.68,3112124400.0,-104236160.21000001,60167595.84,148227234.41000003,436641017.19,288413782.78,16547929.19,2506.3,2350.92,1001.52,1050.45,1424.63,1533.32,2.24,,,,,,,,建筑建材,建筑材料,陶瓷制造,8.17,8.26,8.45
sh600145,*ST四维,2010-05-13,8.1,8.45,8.1,8.29,8.24,5693951.0,46882560.0,1931428506.28,3131008650.0,-104236160.21000001,60167595.84,148227234.41000003,436641017.19,288413782.78,16547929.19,2167.0,2063.03,1058.39,882.35,1456.25,1208.1,6.62,534.77,,,,,,,建筑建材,建筑材料,陶瓷制造,8.35,8.31,8.26
sh600145,*ST四维,2010-05-14,8.28,8.36,8.19,8.25,8.29,3471408.0,28653641.0,1922109189.0,3115901250.0,-104236160.21000001,60167595.84,148227234.41000003,436641017.19,288413782.78,16547929.19,1500.15,1348.27,356.45,647.46,1008.76,759.08,0.0,110.56,,,,,,,建筑建材,建筑材料,陶瓷制造,8.29,8.28,8.27
sh600145,*ST四维,2010-05-17,8.21,8.4,7.84,7.87,8.25,6440209.0,52369476.0,1833575674.84,2972380950.0,-104236160.21000001,60167595.84,148227234.41000003,436641017.19,288413782.78,16547929.19,2466.85,2298.64,1207.18,1443.67,1562.92,1494.64,0.0,,,,,,,,建筑建材,建筑材料,陶瓷制造,8.12,8.18,8.3
sh600145,*ST四维,2010-05-18,7.8,7.95,7.48,7.48,7.87,6733653.0,50742821.0,1742712331.36,2825083800.0,-104236160.21000001,60167595.84,148227234.41000003,436641017.19,288413782.78,16547929.19,2054.4,2125.21,1118.76,1489.56,1852.93,1280.15,48.2,179.37,,,,,,,建筑建材,建筑材料,陶瓷制造,7.89,7.55,7.5
sh600145,*ST四维,2010-05-19,7.51,7.51,7.11,7.11,7.48,8076849.0,57782022.0,1656508646.52,2685340350.0,-104236160.21000001,60167595.84,148227234.41000003,436641017.19,288413782.78,16547929.19,2240.05,2164.14,1234.12,1647.17,2304.02,1637.68,0.0,329.22,,,,,,,建筑建材,建筑材料,陶瓷制造,7.3,7.4,7.17
sh600145,*ST四维,2010-05-20,7.27,7.27,6.86,6.89,7.11,4308390.0,30065770.0,1605252401.48,2602249650.0,-104236160.21000001,60167595.84,148227234.41000003,436641017.19,288413782.78,16547929.19,1155.67,1382.38,635.18,495.82,1215.73,1128.37,0.0,,,,,,,,建筑建材,建筑材料,陶瓷制造,7.27,7.27,7.27
sh600145,*ST四维,2010-05-21,6.67,6.89,6.55,6.86,6.89,7433897.0,49504793.0,1598262913.52,2590919100.0,-104236160.21000001,60167595.84,148227234.41000003,436641017.19,288413782.78,16547929.19,2111.27,2032.31,1052.24,847.5,1644.9,1606.47,142.07,464.21,,,,,,,建筑建材,建筑材料,陶瓷制造,6.61,6.59,6.6
sh600145,*ST四维,2010-05-24,6.9,7.18,6.88,7.11,6.86,4952530.0,35063036.0,1656508646.52,2685340350.0,-104236160.21000001,60167595.84,148227234.41000003,436641017.19,288413782.78,16547929.19,1631.81,1428.38,407.91,845.66,1357.56,1232.27,109.02,,,,,,,,建筑建材,建筑材料,陶瓷制造,7.01,7.09,7.02
sh600145,*ST四维,2010-05-25,7.07,7.38,7.01,7.18,7.11,5030003.0,36289702.0,1672817451.76,2711778300.0,-104236160.21000001,60167595.84,148227234.41000003,436641017.19,288413782.78,16547929.19,1716.98,1602.56,550.64,625.94,1361.35,1400.47,0.0,,,,,,,,建筑建材,建筑材料,陶瓷制造,7.07,7.08,7.21
sh600145,*ST四维,2010-05-26,7.25,7.36,7.11,7.3,7.18,4698733.0,34099962.0,1700775403.6,2757100500.0,-104236160.21000001,60167595.84,148227234.41000003,436641017.19,288413782.78,16547929.19,1534.01,1511.19,734.55,963.36,1141.44,935.45,0.0,3.25,,,,,,,建筑建材,建筑材料,陶瓷制造,7.3,7.34,7.32
sh600145,*ST四维,2010-05-27,7.3,7.43,7.11,7.4,7.3,5429272.0,39580720.0,1724073696.8,2794869000.0,-104236160.21000001,60167595.84,148227234.41000003,436641017.19,288413782.78,16547929.19,1707.13,1941.41,1006.69,753.79,1244.26,1262.87,0.0,,,,,,,,建筑建材,建筑材料,陶瓷制造,7.33,7.19,7.18
sh600145,*ST四维,2010-05-28,7.66,7.77,7.52,7.77,7.4,6971226.0,53800259.0,1810277381.64,2934612450.0,-104236160.21000001,60167595.84,148227234.41000003,436641017.19,288413782.78,16547929.19,1550.32,1774.1,1947.03,1800.2,968.22,1344.16,914.45,461.58,,,,,,,建筑建材,建筑材料,陶瓷制造,7.6,7.6,7.66
sh600145,*ST四维,2010-05-31,7.9,8.16,7.66,7.89,7.77,12738903.0,101141293.0,1838235333.48,2979934650.0,-104236160.21000001,60167595.84,148227234.41000003,436641017.19,288413782.78,16547929.19,3961.38,3739.25,2202.16,3067.41,2926.59,2405.28,873.36,751.54,,,,,,,建筑建材,建筑材料,陶瓷制造,7.9,7.76,7.76
sh600145,*ST四维,2010-06-01,8.0,8.14,7.68,8.0,7.89,7754310.0,61477236.0,1863863456.0,3021480000.0,-104236160.21000001,60167595.84,148227234.41000003,436641017.19,288413782.78,16547929.19,2862.58,2997.61,1170.53,1178.26,2114.61,1860.75,0.0,111.1,,,,,,,建筑建材,建筑材料,陶瓷制造,8.04,7.97,7.98
sh600145,*ST四维,2010-06-02,7.88,8.04,7.76,7.98,8.0,4696232.0,37233774.0,1859203797.36,3013926300.0,-104236160.21000001,60167595.84,148227234.41000003,436641017.19,288413782.78,16547929.19,1848.51,1605.4,641.97,1049.64,1232.9,1068.34,0.0,,,,,,,,建筑建材,建筑材料,陶瓷制造,7.98,8.0,7.92
sh600145,*ST四维,2010-06-03,7.98,8.18,7.85,7.93,7.98,5524121.0,44275515.0,1847554650.76,2995042050.0,-104236160.21000001,60167595.84,148227234.41000003,436641017.19,288413782.78,16547929.19,1893.91,2143.99,1273.1,923.18,1260.55,1137.04,0.0,223.35,,,,,,,建筑建材,建筑材料,陶瓷制造,7.93,7.97,7.96
sh600145,*ST四维,2010-06-04,7.79,8.03,7.79,7.92,7.93,2057691.0,16278700.0,1845224821.44,2991265200.0,-104236160.21000001,60167595.84,148227234.41000003,436641017.19,288413782.78,16547929.19,806.17,751.54,201.95,182.5,619.74,693.83,0.0,,,,,,,,建筑建材,建筑材料,陶瓷制造,7.88,7.96,7.9
sh600145,*ST四维,2010-06-07,7.8,8.28,7.7,8.26,7.92,5811312.0,46787512.0,1924439018.32,3119678100.0,-104236160.21000001,60167595.84,148227234.41000003,436641017.19,288413782.78,16547929.19,2234.12,2392.74,1210.12,592.7,1234.51,1564.44,0.0,128.88,,,,,,,建筑建材,建筑材料,陶瓷制造,7.73,7.88,7.95
sh600145,*ST四维,2010-06-10,8.25,8.48,7.85,7.92,8.26,8608331.0,69990811.0,1845224821.44,2991265200.0,-104236160.21000001,60167595.84,148227234.41000003,436641017.19,288413782.78,16547929.19,3448.92,3060.02,1113.17,2122.56,2436.99,1643.32,0.0,173.17,,,,,,,建筑建材,建筑材料,陶瓷制造,8.46,8.41,8.36
sh600145,*ST四维,2010-06-11,7.9,8.07,7.88,8.05,7.92,3433393.0,27392506.0,1875512602.6,3040364250.0,-104236160.21000001,60167595.84,148227234.41000003,436641017.19,288413782.78,16547929.19,1178.84,1216.73,448.53,633.48,794.24,889.04,317.64,,,,,,,,建筑建材,建筑材料,陶瓷制造,7.92,7.94,7.91
sh600145,*ST四维,2010-06-17,8.03,8.1,7.81,7.87,8.05,2538102.0,20087582.0,1833575674.84,2972380950.0,-104236160.21000001,60167595.84,148227234.41000003,436641017.19,288413782.78,16547929.19,769.66,896.9,270.47,515.06,883.65,596.79,84.98,,,,,,,,建筑建材,建筑材料,陶瓷制造,8.06,7.92,7.97
sh600145,*ST四维,2010-06-18,7.9,7.95,7.48,7.48,7.87,3594402.0,27480717.0,1742712331.36,2825083800.0,-104236160.21000001,60167595.84,148227234.41000003,436641017.19,288413782.78,16547929.19,1160.61,1092.52,521.2,1007.07,1066.26,648.48,0.0,,,,,,,,建筑建材,建筑材料,陶瓷制造,7.95,7.77,7.81
sh600145,*ST四维,2010-06-21,7.22,7.63,7.22,7.62,7.48,2171664.0,16350229.0,1775329941.84,2877959700.0,-104236160.21000001,60167595.84,148227234.41000003,436641017.19,288413782.78,16547929.19,631.63,811.67,225.97,140.54,777.43,682.82,0.0,,,,,,,,建筑建材,建筑材料,陶瓷制造,7.3,7.35,7.49
sh600145,*ST四维,2010-06-22,7.58,7.65,7.49,7.55,7.62,1447921.0,10925372.0,1759021136.6,2851521750.0,-104236160.21000001,60167595.84,148227234.41000003,436641017.19,288413782.78,16547929.19,394.66,508.18,59.19,113.59,520.29,352.36,0.0,,,,,,,,建筑建材,建筑材料,陶瓷制造,7.58,7.61,7.58
sh600145,*ST四维,2010-06-23,7.51,7.93,7.51,7.68,7.55,2388685.0,18464102.0,1789308917.76,2900620800.0,-104236160.21000001,60167595.84,148227234.41000003,436641017.19,288413782.78,16547929.19,772.73,935.28,282.22,244.3,791.45,666.83,0.0,,,,,,,,建筑建材,建筑材料,陶瓷制造,7.52,7.6,7.61
sh600145,*ST四维,2010-06-24,7.6,7.68,7.53,7.6,7.68,1960151.0,14891933.0,1770670283.2,2870406000.0,-104236160.21000001,60167595.84,148227234.41000003,436641017.19,288413782.78,16547929.19,681.23,574.22,180.28,565.08,627.68,349.89,0.0,,,,,,,,建筑建材,建筑材料,陶瓷制造,7.61,7.65,7.65
sh600145,*ST四维,2010-06-25,7.5,7.68,7.3,7.45,7.6,1571111.0,11740473.0,1735722843.4,2813753250.0,-104236160.21000001,60167595.84,148227234.41000003,436641017.19,288413782.78,16547929.19,485.76,681.3,101.85,115.43,586.43,377.32,0.0,,,,,,,,建筑建材,建筑材料,陶瓷制造,7.68,7.59,7.54
sh600145,*ST四维,2010-06-28,7.35,7.56,7.35,7.39,7.45,976593.0,7268016.0,1721743867.48,2791092150.0,-104236160.21000001,60167595.84,148227234.41000003,436641017.19,288413782.78,16547929.19,309.45,374.68,59.4,43.81,357.96,308.3,0.0,,,,,,,,建筑建材,建筑材料,陶瓷制造,7.45,7.5,7.44
sh600145,*ST四维,2010-06-29,7.49,7.56,7.02,7.02,7.39,2213359.0,15808775.0,1635540182.64,2651348700.0,-104236160.21000001,60167595.84,148227234.41000003,436641017.19,288413782.78,16547929.19,700.49,633.45,100.8,419.53,779.59,501.51,0.0,26.39,,,,,,,建筑建材,建筑材料,陶瓷制造,7.39,7.41,7.37
sh600145,*ST四维,2010-06-30,7.02,7.02,6.67,6.7,7.02,3409312.0,22809217.0,1560985644.4,2530489500.0,-104236160.21000001,60167595.84,148227234.41000003,436641017.19,288413782.78,16547929.19,900.98,658.95,445.64,773.64,934.31,477.03,0.0,371.3,,,,,,,建筑建材,建筑材料,陶瓷制造,6.82,6.77,6.67
sh600145,*ST四维,2010-07-01,6.71,6.8,6.37,6.71,6.7,2404431.0,15882864.0,1563315473.72,2534266350.0,-104236160.21000001,60167595.84,148227234.41000003,436641017.19,288413782.78,16547929.19,563.34,578.72,121.29,297.92,716.93,526.95,186.73,184.69,,,,,,,建筑建材,建筑材料,陶瓷制造,6.75,6.72,6.68
sh600145,*ST四维,2010-07-02,6.58,6.71,6.4,6.67,6.71,1222863.0,8075648.0,1553996156.44,2519158950.0,-104236160.21000001,60167595.84,148227234.41000003,436641017.19,288413782.78,16547929.19,297.26,392.49,124.42,92.32,385.88,322.75,0.0,,,,,,,,建筑建材,建筑材料,陶瓷制造,6.58,6.58,6.58
sh600145,*ST四维,2010-07-05,6.53,6.76,6.53,6.72,6.67,1135586.0,7575420.0,1565645303.04,2538043200.0,-104236160.21000001,60167595.84,148227234.41000003,436641017.19,288413782.78,16547929.19,376.67,371.19,26.91,14.13,353.96,372.23,0.0,,,,,,,,建筑建材,建筑材料,陶瓷制造,6.56,6.56,6.57
sh600145,*ST四维,2010-07-06,6.76,6.86,6.64,6.8,6.72,1470173.0,9952163.0,1584283937.6,2568258000.0,-104236160.21000001,60167595.84,148227234.41000003,436641017.19,288413782.78,16547929.19,452.55,435.51,114.4,98.41,428.26,461.3,0.0,,,,,,,,建筑建材,建筑材料,陶瓷制造,6.76,6.74,6.73
sh600145,*ST四维,2010-07-07,6.87,7.02,6.75,6.83,6.8,2019444.0,13892579.0,1591273425.56,2579588550.0,-104236160.21000001,60167595.84,148227234.41000003,436641017.19,288413782.78,16547929.19,683.4,564.96,81.95,400.36,623.91,423.94,0.0,,,,,,,,建筑建材,建筑材料,陶瓷制造,6.83,6.89,6.96
sh600145,*ST四维,2010-07-08,6.83,6.86,6.58,6.62,6.83,1799591.0,12020930.0,1542347009.84,2500274700.0,-104236160.21000001,60167595.84,148227234.41000003,436641017.19,288413782.78,16547929.19,568.15,580.72,90.02,281.73,543.93,339.64,0.0,,,,,,,,建筑建材,建筑材料,陶瓷制造,6.8,6.82,6.8
sh600145,*ST四维,2010-07-09,6.63,6.95,6.6,6.95,6.62,3214007.0,22102381.0,1619231377.4,2624910750.0,-104236160.21000001,60167595.84,148227234.41000003,436641017.19,288413782.78,16547929.19,635.26,588.24,798.89,549.15,432.52,750.02,343.57,322.83,,,,,,,建筑建材,建筑材料,陶瓷制造,6.66,6.64,6.6
sh600145,*ST四维,2010-07-12,7.04,7.3,6.95,7.3,6.95,5889908.0,42215830.0,1700775403.6,2757100500.0,-104236160.21000001,60167595.84,148227234.41000003,436641017.19,288413782.78,16547929.19,1427.11,1708.67,1473.3,1360.01,900.26,1152.9,420.92,,,,,,,,建筑建材,建筑材料,陶瓷制造,7.02,7.06,7.0
sh600145,*ST四维,2010-07-13,7.3,7.3,7.12,7.14,7.3,2962912.0,21337465.0,1663498134.48,2696670900.0,-104236160.21000001,60167595.84,148227234.41000003,436641017.19,288413782.78,16547929.19,1100.55,970.58,243.74,587.34,789.46,575.83,0.0,,,,,,,,建筑建材,建筑材料,陶瓷制造,7.24,7.22,7.29
sh600145,*ST四维,2010-07-14,7.25,7.42,7.18,7.38,7.14,2759116.0,20155603.0,1719414038.16,2787315300.0,-104236160.21000001,60167595.84,148227234.41000003,436641017.19,288413782.78,16547929.19,1022.16,907.21,423.1,380.96,570.3,724.75,0.0,2.64,,,,,,,建筑建材,建筑材料,陶瓷制造,7.25,7.23,7.3
sh600145,*ST四维,2010-07-15,7.36,7.36,7.16,7.19,7.38,1809075.0,13095632.0,1675147281.08,2715555150.0,-104236160.21000001,60167595.84,148227234.41000003,436641017.19,288413782.78,16547929.19,655.36,532.53,42.79,368.26,611.41,304.3,0.0,104.47,,,,,,,建筑建材,建筑材料,陶瓷制造,7.26,7.25,7.25
sh600145,*ST四维,2010-07-16,7.19,7.41,7.1,7.36,7.19,1769027.0,12734531.0,1714754379.52,2779761600.0,-104236160.21000001,60167595.84,148227234.41000003,436641017.19,288413782.78,16547929.19,577.53,649.74,124.91,172.09,423.71,451.63,147.3,,,,,,,,建筑建材,建筑材料,陶瓷制造,7.19,7.12,7.16
sh600145,*ST四维,2010-07-19,7.23,7.61,7.18,7.45,7.36,3239837.0,24296747.0,1735722843.4,2813753250.0,-104236160.21000001,60167595.84,148227234.41000003,436641017.19,288413782.78,16547929.19,1068.03,948.06,645.57,691.56,596.37,640.05,119.71,150.0,,,,,,,建筑建材,建筑材料,陶瓷制造,7.3,7.48,7.58
sh600145,*ST四维,2010-07-20,7.45,7.67,7.45,7.6,7.45,3300663.0,24912528.0,1770670283.2,2870406000.0,-104236160.21000001,60167595.84,148227234.41000003,436641017.19,288413782.78,16547929.19,832.61,939.17,698.22,714.73,663.8,837.36,296.62,,,,,,,,建筑建材,建筑材料,陶瓷制造,7.55,7.55,7.58
sh600145,*ST四维,2010-07-21,7.6,7.68,7.53,7.6,7.6,2554554.0,19418186.0,1770670283.2,2870406000.0,-104236160.21000001,60167595.84,148227234.41000003,436641017.19,288413782.78,16547929.19,896.78,956.98,430.83,357.85,614.21,626.98,0.0,,,,,,,,建筑建材,建筑材料,陶瓷制造,7.56,7.6,7.62
sh600145,*ST四维,2010-07-22,7.56,7.66,7.53,7.62,7.6,1688845.0,12842800.0,1775329941.84,2877959700.0,-104236160.21000001,60167595.84,148227234.41000003,436641017.19,288413782.78,16547929.19,584.84,480.79,185.77,244.03,513.67,559.47,0.0,,,,,,,,建筑建材,建筑材料,陶瓷制造,7.6,7.6,7.6
sh600145,*ST四维,2010-07-23,7.62,7.62,7.43,7.46,7.62,2647893.0,19833634.0,1738052672.72,2817530100.0,-104236160.21000001,60167595.84,148227234.41000003,436641017.19,288413782.78,16547929.19,898.23,952.18,288.11,476.92,797.02,465.92,0.0,88.34,,,,,,,建筑建材,建筑材料,陶瓷制造,7.57,7.6,7.51
sh600145,*ST四维,2010-07-26,7.56,7.65,7.44,7.55,7.46,1396515.0,10546650.0,1759021136.6,2851521750.0,-104236160.21000001,60167595.84,148227234.41000003,436641017.19,288413782.78,16547929.19,469.19,481.37,185.91,121.73,399.56,451.56,0.0,,,,,,,,建筑建材,建筑材料,陶瓷制造,7.59,7.49,7.57
sh600145,*ST四维,2010-07-27,7.55,7.63,7.49,7.6,7.55,2986308.0,22632965.0,1770670283.2,2870406000.0,-104236160.21000001,60167595.84,148227234.41000003,436641017.19,288413782.78,16547929.19,1033.33,602.97,549.68,794.59,680.28,553.2,0.0,312.54,,,,,,,建筑建材,建筑材料,陶瓷制造,7.55,7.55,7.57
sh600145,*ST四维,2010-07-28,7.63,7.82,7.58,7.7,7.6,2597101.0,20053088.0,1793968576.4,2908174500.0,-104236160.21000001,60167595.84,148227234.41000003,436641017.19,288413782.78,16547929.19,958.97,961.47,155.53,307.42,661.62,736.42,229.19,,,,,,,,建筑建材,建筑材料,陶瓷制造,7.65,7.64,7.6
sh600145,*ST四维,2010-07-29,7.68,7.75,7.48,7.59,7.7,3789448.0,28779600.0,1768340453.88,2866629150.0,-104236160.21000001,60167595.84,148227234.41000003,436641017.19,288413782.78,16547929.19,1227.2,1185.43,374.16,1044.66,1276.6,646.25,0.0,1.62,,,,,,,建筑建材,建筑材料,陶瓷制造,7.72,7.71,7.64
sh600145,*ST四维,2010-07-30,7.59,7.68,7.51,7.58,7.59,3536846.0,26872803.0,1766010624.56,2862852300.0,-104236160.21000001,60167595.84,148227234.41000003,436641017.19,288413782.78,16547929.19,1212.4,1029.79,657.25,878.01,817.63,607.42,0.0,172.06,,,,,,,建筑建材,建筑材料,陶瓷制造,7.51,7.6,7.57
sh600145,*ST四维,2010-08-02,7.5,7.75,7.5,7.72,7.58,4343379.0,33083482.0,1798628235.04,2915728200.0,-104236160.21000001,60167595.84,148227234.41000003,436641017.19,288413782.78,16547929.19,1414.52,1277.28,1004.64,1154.97,869.88,876.1,19.3,,,,,,,,建筑建材,建筑材料,陶瓷制造,7.58,7.58,7.57
sh600145,*ST四维,2010-08-03,7.72,7.75,7.47,7.5,7.72,3060588.0,23358467.0,1747371990.0,2832637500.0,-104236160.21000001,60167595.84,148227234.41000003,436641017.19,288413782.78,16547929.19,946.98,1028.28,385.29,715.19,1003.58,592.37,0.0,,,,,,,,建筑建材,建筑材料,陶瓷制造,7.68,7.66,7.65
sh600145,*ST四维,2010-08-04,7.5,7.58,7.24,7.45,7.5,3169690.0,23406982.0,1735722843.4,2813753250.0,-104236160.21000001,60167595.84,148227234.41000003,436641017.19,288413782.78,16547929.19,1024.19,1194.53,214.67,452.13,1101.84,694.04,0.0,,,,,,,,建筑建材,建筑材料,陶瓷制造,7.57,7.5,7.53
sh600145,*ST四维,2010-08-05,7.44,7.58,7.3,7.45,7.45,3014593.0,22567000.0,1735722843.4,2813753250.0,-104236160.21000001,60167595.84,148227234.41000003,436641017.19,288413782.78,16547929.19,900.17,961.8,499.33,484.98,857.19,809.93,0.0,,,,,,,,建筑建材,建筑材料,陶瓷制造,7.41,7.44,7.5
sh600145,*ST四维,2010-08-06,7.45,7.82,7.42,7.82,7.45,11222977.0,87101813.0,1821926528.24,2953496700.0,-104236160.21000001,60167595.84,148227234.41000003,436641017.19,288413782.78,16547929.19,2850.56,2490.62,2397.1,2203.51,1602.61,2214.05,1859.91,1802.01,,,,,,,建筑建材,建筑材料,陶瓷制造,7.43,7.5,7.6
sh600145,*ST四维,2010-08-09,7.85,7.88,7.74,7.85,7.82,4497876.0,35104464.0,1828916016.2,2964827250.0,-104236160.21000001,60167595.84,148227234.41000003,436641017.19,288413782.78,16547929.19,1544.31,1612.39,671.05,838.66,1295.09,1059.4,0.0,,,,,,,,建筑建材,建筑材料,陶瓷制造,7.85,7.86,7.82
sh600145,*ST四维,2010-08-10,7.85,7.87,7.53,7.54,7.85,4125269.0,31603354.0,1756691307.28,2847744900.0,-104236160.21000001,60167595.84,148227234.41000003,436641017.19,288413782.78,16547929.19,1314.54,1623.03,407.23,734.34,1438.57,802.97,0.0,,,,,,,,建筑建材,建筑材料,陶瓷制造,7.84,7.79,7.74
sh600145,*ST四维,2010-08-11,7.5,7.55,7.35,7.47,7.54,3033133.0,22659954.0,1740382502.04,2821306950.0,-104236160.21000001,60167595.84,148227234.41000003,436641017.19,288413782.78,16547929.19,921.4,998.29,272.81,757.5,1071.79,502.45,0.0,7.76,,,,,,,建筑建材,建筑材料,陶瓷制造,7.53,7.49,7.51
sh600145,*ST四维,2010-08-12,7.4,7.51,7.27,7.5,7.47,4488614.0,33234765.0,1747371990.0,2832637500.0,-104236160.21000001,60167595.84,148227234.41000003,436641017.19,288413782.78,16547929.19,1368.19,1226.07,1015.72,1178.59,939.56,757.94,0.0,160.87,,,,,,,建筑建材,建筑材料,陶瓷制造,7.38,7.38,7.27
sh600145,*ST四维,2010-08-13,7.5,7.53,7.35,7.51,7.5,2384622.0,17769992.0,1749701819.32,2836414350.0,-104236160.21000001,60167595.84,148227234.41000003,436641017.19,288413782.78,16547929.19,895.71,756.12,291.17,536.82,590.12,484.06,0.0,,,,,,,,建筑建材,建筑材料,陶瓷制造,7.5,7.41,7.43
sh600145,*ST四维,2010-08-16,7.51,7.65,7.44,7.61,7.51,3613324.0,27258623.0,1773000112.52,2874182850.0,-104236160.21000001,60167595.84,148227234.41000003,436641017.19,288413782.78,16547929.19,1153.39,1163.76,725.3,781.69,841.2,780.42,5.98,,,,,,,,建筑建材,建筑材料,陶瓷制造,7.46,7.45,7.49
sh600145,*ST四维,2010-08-17,7.6,7.72,7.57,7.66,7.61,3920237.0,29995427.0,1784649259.12,2893067100.0,-104236160.21000001,60167595.84,148227234.41000003,436641017.19,288413782.78,16547929.19,1329.27,1164.09,618.69,1023.37,1051.58,812.08,0.0,,,,,,,,建筑建材,建筑材料,陶瓷制造,7.58,7.63,7.62
sh600145,*ST四维,2010-08-18,7.65,7.65,7.46,7.57,7.66,3958953.0,29826537.0,1763680795.24,2859075450.0,-104236160.21000001,60167595.84,148227234.41000003,436641017.19,288413782.78,16547929.19,1527.9,1223.2,366.46,1170.63,1088.29,588.83,0.0,,,,,,,,建筑建材,建筑材料,陶瓷制造,7.6,7.55,7.51
sh600145,*ST四维,2010-08-19,7.65,7.9,7.56,7.77,7.57,8405495.0,65435108.0,1810277381.64,2934612450.0,-104236160.21000001,60167595.84,148227234.41000003,436641017.19,288413782.78,16547929.19,2691.68,3021.22,1621.15,1449.64,1684.29,2072.66,546.39,,,,,,,,建筑建材,建筑材料,陶瓷制造,7.6,7.6,7.66
sh600145,*ST四维,2010-08-20,7.75,7.75,7.55,7.64,7.77,3668316.0,27969275.0,1779989600.48,2885513400.0,-104236160.21000001,60167595.84,148227234.41000003,436641017.19,288413782.78,16547929.19,1264.99,1052.26,475.65,812.68,1056.29,766.21,0.0,165.78,,,,,,,建筑建材,建筑材料,陶瓷制造,7.7,7.65,7.65
sh600145,*ST四维,2010-08-23,7.71,7.92,7.59,7.81,7.64,6703966.0,52217176.0,1819596698.92,2949719850.0,-104236160.21000001,60167595.84,148227234.41000003,436641017.19,288413782.78,16547929.19,1873.5,2006.61,870.58,581.72,1247.51,1409.11,1230.13,1224.28,,,,,,,建筑建材,建筑材料,陶瓷制造,7.59,7.65,7.64
sh600145,*ST四维,2010-08-24,7.81,7.99,7.77,7.84,7.81,5020157.0,39583033.0,1826586186.88,2961050400.0,-104236160.21000001,60167595.84,148227234.41000003,436641017.19,288413782.78,16547929.19,1750.31,1656.68,760.12,1065.07,1447.88,1107.03,0.0,129.52,,,,,,,建筑建材,建筑材料,陶瓷制造,7.79,7.85,7.85
sh600145,*ST四维,2010-08-25,7.84,8.08,7.7,7.97,7.84,7349699.0,58091326.0,1856873968.04,3010149450.0,-104236160.21000001,60167595.84,148227234.41000003,436641017.19,288413782.78,16547929.19,1934.59,2269.83,2187.72,1752.22,1398.61,1641.69,288.21,145.39,,,,,,,建筑建材,建筑材料,陶瓷制造,7.74,7.86,7.8
sh600145,*ST四维,2010-08-26,7.97,8.1,7.9,7.97,7.97,4647655.0,37108556.0,1856873968.04,3010149450.0,-104236160.21000001,60167595.84,148227234.41000003,436641017.19,288413782.78,16547929.19,1683.93,1450.18,836.19,1123.5,1190.73,892.73,0.0,244.46,,,,,,,建筑建材,建筑材料,陶瓷制造,8.01,7.95,7.92
sh600145,*ST四维,2010-08-27,7.97,8.06,7.85,8.03,7.97,4540769.0,36089262.0,1870852943.96,3032810550.0,-104236160.21000001,60167595.84,148227234.41000003,436641017.19,288413782.78,16547929.19,1581.72,1772.07,1105.73,797.45,906.44,1039.41,15.04,,,,,,,,建筑建材,建筑材料,陶瓷制造,7.93,7.88,7.9
sh600145,*ST四维,2010-08-30,8.04,8.15,7.97,8.02,8.03,4794005.0,38501153.0,1868523114.64,3029033700.0,-104236160.21000001,60167595.84,148227234.41000003,436641017.19,288413782.78,16547929.19,1913.47,1924.89,782.9,926.03,1153.74,890.13,0.0,109.07,,,,,,,建筑建材,建筑材料,陶瓷制造,8.08,8.1,8.06
sh600145,*ST四维,2010-08-31,8.02,8.08,7.81,7.85,8.02,4417121.0,34775088.0,1828916016.2,2964827250.0,-78392369.5,39417261.85000001,155888088.81,449539606.09,293651517.28,6558649.200000001,1553.96,1529.61,182.28,1028.08,1741.27,919.82,0.0,,,,,,,,建筑建材,建筑材料,陶瓷制造,8.07,8.02,8.01
sh600145,*ST四维,2010-09-01,7.85,7.89,7.5,7.59,7.85,7324186.0,56159690.0,1768340453.88,2866629150.0,-78392369.5,39417261.85000001,155888088.81,449539606.09,293651517.28,6558649.200000001,2360.72,1963.95,986.07,2089.15,1996.94,1158.78,272.24,404.09,,,,,,,建筑建材,建筑材料,陶瓷制造,7.85,7.77,7.8
sh600145,*ST四维,2010-09-02,7.65,7.76,7.59,7.66,7.59,4163043.0,31940216.0,1784649259.12,2893067100.0,-78392369.5,39417261.85000001,155888088.81,449539606.09,293651517.28,6558649.200000001,1343.64,1255.04,541.82,814.36,1200.66,950.65,107.9,173.97,,,,,,,建筑建材,建筑材料,陶瓷制造,7.6,7.68,7.72
sh600145,*ST四维,2010-09-03,7.66,7.76,7.55,7.72,7.66,4021951.0,30857644.0,1798628235.04,2915728200.0,-78392369.5,39417261.85000001,155888088.81,449539606.09,293651517.28,6558649.200000001,1216.57,1506.22,732.16,650.47,1034.86,929.08,102.17,,,,,,,,建筑建材,建筑材料,陶瓷制造,7.63,7.61,7.68
sh600145,*ST四维,2010-09-06,7.72,7.84,7.68,7.73,7.72,3899255.0,30241057.0,1800958064.36,2919505050.0,-78392369.5,39417261.85000001,155888088.81,449539606.09,293651517.28,6558649.200000001,1280.99,1319.48,741.1,727.35,893.45,977.27,108.56,,,,,,,,建筑建材,建筑材料,陶瓷制造,7.75,7.79,7.74
sh600145,*ST四维,2010-09-07,7.74,7.85,7.68,7.79,7.73,3455810.0,26795985.0,1814937040.28,2942166150.0,-78392369.5,39417261.85000001,155888088.81,449539606.09,293651517.28,6558649.200000001,1212.57,1119.63,384.64,542.79,921.24,860.32,161.14,156.86,,,,,,,建筑建材,建筑材料,陶瓷制造,7.7,7.72,7.71
sh600145,*ST四维,2010-09-08,7.78,7.85,7.67,7.84,7.79,3510626.0,27270208.0,1826586186.88,2961050400.0,-78392369.5,39417261.85000001,155888088.81,449539606.09,293651517.28,6558649.200000001,1243.44,1216.95,343.21,517.75,976.14,992.32,164.23,,,,,,,,建筑建材,建筑材料,陶瓷制造,7.75,7.72,7.72
sh600145,*ST四维,2010-09-09,7.85,7.89,7.7,7.71,7.84,4938951.0,38373056.0,1796298405.72,2911951350.0,-78392369.5,39417261.85000001,155888088.81,449539606.09,293651517.28,6558649.200000001,1707.56,1595.95,418.73,1140.91,1331.91,995.51,379.11,104.94,,,,,,,建筑建材,建筑材料,陶瓷制造,7.79,7.78,7.77
sh600145,*ST四维,2010-09-10,7.72,7.77,7.6,7.65,7.71,3391891.0,26026262.0,1782319429.8,2889290250.0,-78392369.5,39417261.85000001,155888088.81,449539606.09,293651517.28,6558649.200000001,1336.34,1087.26,209.16,497.36,1057.13,771.37,0.0,246.63,,,,,,,建筑建材,建筑材料,陶瓷制造,7.7,7.76,7.74
sh600145,*ST四维,2010-09-13,7.64,7.8,7.59,7.74,7.65,3968675.0,30616626.0,1803287893.68,2923281900.0,-78392369.5,39417261.85000001,155888088.81,449539606.09,293651517.28,6558649.200000001,1386.93,1529.8,560.89,712.66,1113.85,819.2,0.0,,,,,,,,建筑建材,建筑材料,陶瓷制造,7.62,7.64,7.72
sh600145,*ST四维,2010-09-14,7.72,8.07,7.7,7.99,7.74,9030698.0,71504894.0,1861533626.68,3017703150.0,-78392369.5,39417261.85000001,155888088.81,449539606.09,293651517.28,6558649.200000001,2758.96,3234.56,2516.93,1471.54,1585.84,2421.67,288.76,22.72,,,,,,,建筑建材,建筑材料,陶瓷制造,7.77,7.74,7.82
sh600145,*ST四维,2010-09-15,7.92,8.25,7.91,8.05,7.99,9353698.0,75797894.0,1875512602.6,3040364250.0,-78392369.5,39417261.85000001,155888088.81,449539606.09,293651517.28,6558649.200000001,3353.94,3312.22,2017.96,2136.59,2029.9,1998.8,178.0,132.17,,,,,,,建筑建材,建筑材料,陶瓷制造,8.01,8.02,8.09
sh600145,*ST四维,2010-09-16,8.03,8.18,7.76,7.91,8.05,6562572.0,52000697.0,1842894992.12,2987488350.0,-78392369.5,39417261.85000001,155888088.81,449539606.09,293651517.28,6558649.200000001,2400.22,2448.15,1011.87,1151.86,1786.23,1335.25,1.75,264.81,,,,,,,建筑建材,建筑材料,陶瓷制造,8.17,8.12,8.06
sh600145,*ST四维,2010-09-17,8.05,8.31,7.92,8.31,7.91,8144933.0,67463968.0,1936088164.92,3138562350.0,-78392369.5,39417261.85000001,155888088.81,449539606.09,293651517.28,6558649.200000001,1401.9,2568.36,2134.13,2122.78,738.36,1497.24,2472.01,558.02,,,,,,,建筑建材,建筑材料,陶瓷制造,8.04,8.31,8.31
sh600145,*ST四维,2010-09-20,8.39,8.39,8.13,8.25,8.31,9979247.0,82624565.0,1922109189.0,3115901250.0,-78392369.5,39417261.85000001,155888088.81,449539606.09,293651517.28,6558649.200000001,3839.85,3527.5,1834.98,2239.47,2286.17,1830.21,301.45,665.27,,,,,,,建筑建材,建筑材料,陶瓷制造,8.29,8.32,8.28
sh600145,*ST四维,2010-09-21,8.35,8.6,8.28,8.49,8.25,7560492.0,63741783.0,1978025092.68,3206545650.0,-78392369.5,39417261.85000001,155888088.81,449539606.09,293651517.28,6558649.200000001,3048.66,2929.04,1686.67,1460.66,1638.85,1884.17,0.0,100.31,,,,,,,建筑建材,建筑材料,陶瓷制造,8.55,8.46,8.46
sh600145,*ST四维,2010-09-27,8.53,8.64,8.32,8.47,8.49,6398388.0,54069962.0,1973365434.04,3198991950.0,-78392369.5,39417261.85000001,155888088.81,449539606.09,293651517.28,6558649.200000001,3084.55,3040.9,809.36,1232.11,1513.08,1133.98,0.0,,,,,,,,建筑建材,建筑材料,陶瓷制造,8.53,8.46,8.45
sh600145,*ST四维,2010-09-28,8.45,8.66,8.39,8.53,8.47,5220108.0,44543998.0,1987344409.96,3221653050.0,-78392369.5,39417261.85000001,155888088.81,449539606.09,293651517.28,6558649.200000001,2357.73,2260.86,851.82,807.76,1244.85,1255.62,0.0,130.16,,,,,,,建筑建材,建筑材料,陶瓷制造,8.44,8.54,8.47
sh600145,*ST四维,2010-09-29,8.46,8.55,8.1,8.14,8.53,6244660.0,51644040.0,1896481066.48,3074355900.0,-78392369.5,39417261.85000001,155888088.81,449539606.09,293651517.28,6558649.200000001,2643.38,2516.56,547.03,1097.63,1818.07,1298.87,155.93,251.34,,,,,,,建筑建材,建筑材料,陶瓷制造,8.5,8.43,8.36
sh600145,*ST四维,2010-09-30,8.09,8.28,8.01,8.26,8.14,2818348.0,23065680.0,1924439018.32,3119678100.0,-78392369.5,39417261.85000001,155888088.81,449539606.09,293651517.28,6558649.200000001,1118.55,1199.22,420.14,346.64,767.88,760.7,0.0,,,,,,,,建筑建材,建筑材料,陶瓷制造,8.05,8.14,8.15
sh600145,*ST四维,2010-10-08,8.32,8.51,8.23,8.46,8.26,5122338.0,43046204.0,1971035604.72,3195215100.0,-78392369.5,39417261.85000001,155888088.81,449539606.09,293651517.28,6558649.200000001,1907.53,2091.71,1331.95,993.7,822.39,1051.79,242.75,167.42,,,,,,,建筑建材,建筑材料,陶瓷制造,8.26,8.41,8.4
sh600145,*ST四维,2010-10-11,8.43,8.88,8.43,8.66,8.46,8556475.0,73992830.0,2017632191.12,3270752100.0,-78392369.5,39417261.85000001,155888088.81,449539606.09,293651517.28,6558649.200000001,3069.63,3366.18,2526.38,2416.22,1593.75,1516.78,209.52,100.1,,,,,,,建筑建材,建筑材料,陶瓷制造,8.5,8.6,8.54
sh600145,*ST四维,2010-10-14,8.85,8.86,8.23,8.23,8.66,8956645.0,74773319.0,1917449530.36,3108347550.0,-78392369.5,39417261.85000001,155888088.81,449539606.09,293651517.28,6558649.200000001,3451.13,2486.14,1477.11,2827.37,2360.39,1146.8,174.39,1002.7,,,,,,,建筑建材,建筑材料,陶瓷制造,8.78,8.56,8.49
sh600145,*ST四维,2010-10-15,7.93,8.34,7.85,8.06,8.23,8802577.0,70670225.0,1877842431.92,3044141100.0,-78392369.5,39417261.85000001,155888088.81,449539606.09,293651517.28,6558649.200000001,2812.28,2438.9,1402.07,1828.26,1970.31,1383.51,278.85,812.84,,,,,,,建筑建材,建筑材料,陶瓷制造,8.03,7.86,7.97
sh600145,*ST四维,2010-10-18,7.98,7.98,7.66,7.67,8.06,8056933.0,61996806.0,1786979088.44,2896843950.0,-78392369.5,39417261.85000001,155888088.81,449539606.09,293651517.28,6558649.200000001,2547.93,1717.17,645.47,1726.88,2725.22,1225.97,281.07,1529.67,,,,,,,建筑建材,建筑材料,陶瓷制造,7.83,7.7,7.73
sh600145,*ST四维,2010-10-19,7.68,7.88,7.6,7.78,7.67,3542681.0,27488774.0,1812607210.96,2938389300.0,-78392369.5,39417261.85000001,155888088.81,449539606.09,293651517.28,6558649.200000001,1183.73,1388.97,312.17,435.49,1252.98,924.41,0.0,,,,,,,,建筑建材,建筑材料,陶瓷制造,7.68,7.68,7.68
sh600145,*ST四维,2010-10-20,7.61,7.74,7.5,7.64,7.78,4996894.0,38168175.0,1779989600.48,2885513400.0,-78392369.5,39417261.85000001,155888088.81,449539606.09,293651517.28,6558649.200000001,1554.07,1612.36,655.3,1109.2,1599.49,980.14,0.0,107.16,,,,,,,建筑建材,建筑材料,陶瓷制造,7.57,7.62,7.68
sh600145,*ST四维,2010-10-21,7.67,7.88,7.6,7.8,7.64,3608191.0,27985394.0,1817266869.6,2945943000.0,-78392369.5,39417261.85000001,155888088.81,449539606.09,293651517.28,6558649.200000001,1125.03,1192.89,440.76,574.24,1232.75,1031.4,0.0,,,,,,,,建筑建材,建筑材料,陶瓷制造,7.65,7.77,7.8
sh600145,*ST四维,2010-10-22,7.78,7.87,7.71,7.75,7.8,3675366.0,28586479.0,1805617723.0,2927058750.0,-78392369.5,39417261.85000001,155888088.81,449539606.09,293651517.28,6558649.200000001,1247.92,1290.46,475.96,815.56,1134.77,752.62,0.0,,,,,,,,建筑建材,建筑材料,陶瓷制造,7.76,7.8,7.83
sh600145,*ST四维,2010-10-25,7.85,8.14,7.85,8.14,7.75,6579701.0,52778076.0,1896481066.48,3074355900.0,-78392369.5,39417261.85000001,155888088.81,449539606.09,293651517.28,6558649.200000001,2214.15,2202.18,1205.64,1203.28,1576.7,1591.03,280.26,280.26,,,,,,,建筑建材,建筑材料,陶瓷制造,7.95,7.92,7.9
sh600145,*ST四维,2010-10-26,8.31,8.35,8.15,8.28,8.14,5933455.0,48979022.0,1929098676.96,3127231800.0,-78392369.5,39417261.85000001,155888088.81,449539606.09,293651517.28,6558649.200000001,2385.06,2500.47,1026.91,617.9,1485.93,1779.53,0.0,,,,,,,,建筑建材,建筑材料,陶瓷制造,8.2,8.22,8.18
sh600145,*ST四维,2010-10-27,8.29,8.35,8.11,8.12,8.28,4148934.0,34012820.0,1891821407.84,3066802200.0,-78392369.5,39417261.85000001,155888088.81,449539606.09,293651517.28,6558649.200000001,1613.15,1451.58,487.46,968.02,1196.09,981.67,104.59,,,,,,,,建筑建材,建筑材料,陶瓷制造,8.18,8.2,8.31
sh600145,*ST四维,2010-10-28,8.12,8.38,8.06,8.33,8.12,4862186.0,39818728.0,1940747823.56,3146116050.0,-78392369.5,39417261.85000001,155888088.81,449539606.09,293651517.28,6558649.200000001,1738.96,1828.16,671.9,1208.38,938.07,945.33,632.94,,,,,,,,建筑建材,建筑材料,陶瓷制造,8.12,8.18,8.19
sh600145,*ST四维,2010-10-29,8.37,8.75,8.33,8.75,8.33,12571879.0,109151451.0,2038600655.0,3304743750.0,-78392369.5,39417261.85000001,155888088.81,449539606.09,293651517.28,6558649.200000001,3991.5,4162.74,4121.61,3057.51,1785.93,2952.53,1016.11,742.37,,,,,,,建筑建材,建筑材料,陶瓷制造,8.43,8.4,8.57
sh600145,*ST四维,2010-11-01,8.94,9.18,8.65,9.16,8.75,12073971.0,107273830.0,2134123657.12,3459594600.0,-76436801.77000001,47777162.41,158005721.12,442539761.43,284534040.31,632083.1400000006,3857.42,4594.35,3305.5,3099.56,2073.47,2750.97,1490.98,282.5,,,,,,,建筑建材,建筑材料,陶瓷制造,8.76,8.75,8.65
sh600145,*ST四维,2010-11-02,9.15,9.62,9.09,9.11,9.16,15743806.0,147478542.0,2122474510.52,3440710350.0,-76436801.77000001,47777162.41,158005721.12,442539761.43,284534040.31,632083.1400000006,6487.94,6513.64,3643.73,4504.96,3207.12,3185.08,1409.07,544.17,,,,,,,建筑建材,建筑材料,陶瓷制造,9.17,9.53,9.59
sh600145,*ST四维,2010-11-03,9.1,9.45,9.02,9.17,9.11,12785461.0,118720134.0,2136453486.44,3463371450.0,-76436801.77000001,47777162.41,158005721.12,442539761.43,284534040.31,632083.1400000006,4092.38,5191.76,3901.8,3021.32,1863.73,2003.49,1960.21,1601.54,,,,,,,建筑建材,建筑材料,陶瓷制造,9.2,9.23,9.41
sh600145,*ST四维,2010-11-04,9.17,9.35,9.07,9.2,9.17,7173530.0,66034119.0,2143442974.4,3474702000.0,-76436801.77000001,47777162.41,158005721.12,442539761.43,284534040.31,632083.1400000006,3570.62,2783.59,1582.57,2383.97,1450.23,1275.72,0.0,160.14,,,,,,,建筑建材,建筑材料,陶瓷制造,9.08,9.29,9.23
sh600145,*ST四维,2010-11-05,9.25,9.35,9.1,9.22,9.2,6208763.0,57124520.0,2148102633.04,3482255700.0,-76436801.77000001,47777162.41,158005721.12,442539761.43,284534040.31,632083.1400000006,2929.65,2767.71,1230.19,1703.04,1552.61,1240.7,0.0,1.01,,,,,,,建筑建材,建筑材料,陶瓷制造,9.24,9.16,9.15
sh600145,*ST四维,2010-11-08,9.31,9.68,9.22,9.68,9.22,9932259.0,95822298.0,2255274781.76,3655990800.0,-76436801.77000001,47777162.41,158005721.12,442539761.43,284534040.31,632083.1400000006,3312.03,3435.03,3713.2,3372.0,1422.22,1803.14,1134.77,972.07,,,,,,,建筑建材,建筑材料,陶瓷制造,9.48,9.66,9.68
sh600145,*ST四维,2010-11-10,9.88,10.16,9.69,9.96,9.68,13854088.0,138956047.0,2320510002.72,3761742600.0,-76436801.77000001,47777162.41,158005721.12,442539761.43,284534040.31,632083.1400000006,5374.07,5451.19,4026.56,4980.94,3204.48,2517.98,1277.35,932.34,,,,,,,建筑建材,建筑材料,陶瓷制造,9.9,10.12,10.0
sh600145,*ST四维,2010-11-11,9.92,10.37,9.8,9.9,9.96,7480679.0,75313747.0,2306531026.8,3739081500.0,-76436801.77000001,47777162.41,158005721.12,442539761.43,284534040.31,632083.1400000006,2760.88,2931.63,1523.53,1490.8,1845.36,1694.78,496.16,508.71,,,,,,,建筑建材,建筑材料,陶瓷制造,9.94,10.29,10.15
sh600145,*ST四维,2010-11-12,10.05,10.1,9.41,9.41,9.9,8932995.0,86013203.0,2192369390.12,3554015850.0,-76436801.77000001,47777162.41,158005721.12,442539761.43,284534040.31,632083.1400000006,4015.9,3509.15,2253.81,2829.38,2331.62,1746.61,0.0,516.18,,,,,,,建筑建材,建筑材料,陶瓷制造,9.9,9.9,9.89
sh600145,*ST四维,2010-11-15,9.32,9.4,8.94,9.4,9.41,8601862.0,78305526.0,2190039560.8,3550239000.0,-76436801.77000001,47777162.41,158005721.12,442539761.43,284534040.31,632083.1400000006,3161.65,3804.39,1834.34,1781.86,1934.36,1950.78,900.2,293.52,,,,,,,建筑建材,建筑材料,陶瓷制造,9.01,9.02,8.98
sh600145,*ST四维,2010-11-16,9.41,9.87,8.97,9.17,9.4,10697950.0,100791207.0,2136453486.44,3463371450.0,-76436801.77000001,47777162.41,158005721.12,442539761.43,284534040.31,632083.1400000006,5169.73,4545.17,2038.0,3102.25,2376.17,1990.75,495.23,440.94,,,,,,,建筑建材,建筑材料,陶瓷制造,9.44,9.75,9.65
sh600145,*ST四维,2010-11-17,8.91,9.3,8.91,9.1,9.17,5522048.0,50299990.0,2120144681.2,3436933500.0,-76436801.77000001,47777162.41,158005721.12,442539761.43,284534040.31,632083.1400000006,2475.65,2422.97,1250.3,1332.75,1137.06,1124.9,167.0,149.38,,,,,,,建筑建材,建筑材料,陶瓷制造,9.04,9.24,9.18
sh600145,*ST四维,2010-11-18,9.17,9.3,9.07,9.23,9.1,3398388.0,31119656.0,2150432462.36,3486032550.0,-76436801.77000001,47777162.41,158005721.12,442539761.43,284534040.31,632083.1400000006,1736.64,1570.55,547.54,637.21,827.79,904.2,0.0,,,,,,,,建筑建材,建筑材料,陶瓷制造,9.22,9.2,9.12
sh600145,*ST四维,2010-11-19,9.25,9.35,9.02,9.3,9.23,3815662.0,35063050.0,2166741267.6,3512470500.0,-76436801.77000001,47777162.41,158005721.12,442539761.43,284534040.31,632083.1400000006,1826.69,1759.67,526.48,525.33,1052.14,806.5,101.0,414.81,,,,,,,建筑建材,建筑材料,陶瓷制造,9.25,9.2,9.24
sh600145,*ST四维,2010-11-22,9.3,9.43,9.18,9.23,9.3,4423036.0,41000185.0,2150432462.36,3486032550.0,-76436801.77000001,47777162.41,158005721.12,442539761.43,284534040.31,632083.1400000006,2130.27,2088.07,755.27,1106.38,1214.49,752.54,0.0,153.02,,,,,,,建筑建材,建筑材料,陶瓷制造,9.23,9.3,9.4
sh600145,*ST四维,2010-11-23,9.18,9.23,8.77,8.92,9.23,6375499.0,56985065.0,2078207753.44,3368950200.0,-76436801.77000001,47777162.41,158005721.12,442539761.43,284534040.31,632083.1400000006,2715.2,2160.65,1549.68,1607.86,1433.63,863.53,0.0,1066.47,,,,,,,建筑建材,建筑材料,陶瓷制造,9.2,9.15,9.14
sh600145,*ST四维,2010-11-24,8.8,9.22,8.7,9.14,8.92,4365365.0,39230550.0,2129463998.48,3452040900.0,-76436801.77000001,47777162.41,158005721.12,442539761.43,284534040.31,632083.1400000006,1682.83,1968.96,946.9,905.28,956.4,931.31,336.93,117.51,,,,,,,建筑建材,建筑材料,陶瓷制造,8.91,8.84,8.89
sh600145,*ST四维,2010-11-25,9.1,9.25,9.08,9.14,9.14,3410298.0,31278057.0,2129463998.48,3452040900.0,-76436801.77000001,47777162.41,158005721.12,442539761.43,284534040.31,632083.1400000006,1445.64,1623.05,668.17,625.66,867.23,740.57,146.77,138.53,,,,,,,建筑建材,建筑材料,陶瓷制造,9.15,9.17,9.15
sh600145,*ST四维,2010-11-26,9.14,9.27,9.05,9.13,9.14,3621238.0,33167618.0,2127134169.16,3448264050.0,-76436801.77000001,47777162.41,158005721.12,442539761.43,284534040.31,632083.1400000006,1685.77,1819.42,650.84,508.03,980.15,796.51,0.0,192.8,,,,,,,建筑建材,建筑材料,陶瓷制造,9.2,9.23,9.23
sh600145,*ST四维,2010-11-29,9.34,9.59,9.26,9.59,9.13,9886553.0,94562058.0,2234306317.88,3621999150.0,-76436801.77000001,47777162.41,158005721.12,442539761.43,284534040.31,632083.1400000006,2774.15,3247.16,3943.91,2888.87,1169.63,1593.99,1568.51,1726.18,,,,,,,建筑建材,建筑材料,陶瓷制造,9.52,9.49,9.59
sh600145,*ST四维,2010-11-30,9.8,10.06,9.39,9.9,9.59,15544086.0,152586588.0,2306531026.8,3739081500.0,-76436801.77000001,47777162.41,158005721.12,442539761.43,284534040.31,632083.1400000006,6399.93,6464.09,5655.79,4776.29,2955.6,3352.55,247.34,665.73,,,,,,,建筑建材,建筑材料,陶瓷制造,9.89,10.05,9.95
sh600145,*ST四维,2010-12-01,9.81,10.36,9.64,10.13,9.9,12710993.0,128641215.0,2360117101.16,3825949050.0,-76436801.77000001,47777162.41,158005721.12,442539761.43,284534040.31,632083.1400000006,4638.54,4239.9,4876.4,4168.12,2119.75,2485.45,1229.43,1970.65,,,,,,,建筑建材,建筑材料,陶瓷制造,9.87,9.72,9.81
sh600145,*ST四维,2010-12-02,10.2,10.32,9.95,10.02,10.13,6982564.0,70163214.0,2334488978.64,3784403700.0,-76436801.77000001,47777162.41,158005721.12,442539761.43,284534040.31,632083.1400000006,2899.59,2447.72,1909.29,2981.65,1840.33,1271.77,367.12,315.17,,,,,,,建筑建材,建筑材料,陶瓷制造,10.2,10.05,10.06
sh600145,*ST四维,2010-12-03,10.03,10.27,9.77,10.04,10.02,5628616.0,56094047.0,2339148637.28,3791957400.0,-76436801.77000001,47777162.41,158005721.12,442539761.43,284534040.31,632083.1400000006,2543.58,2361.82,1606.9,1204.98,1458.92,1242.19,0.0,800.42,,,,,,,建筑建材,建筑材料,陶瓷制造,10.17,10.03,10.06
sh600145,*ST四维,2010-12-06,10.0,10.13,9.67,9.79,10.04,4618571.0,45485405.0,2280902904.28,3697536150.0,-76436801.77000001,47777162.41,158005721.12,442539761.43,284534040.31,632083.1400000006,2318.07,2022.05,1092.88,1465.19,1137.59,961.26,0.0,100.04,,,,,,,建筑建材,建筑材料,陶瓷制造,10.13,9.96,9.93
sh600145,*ST四维,2010-12-07,9.81,9.96,9.5,9.76,9.79,8548159.0,82608893.0,2273913416.32,3686205600.0,-76436801.77000001,47777162.41,158005721.12,442539761.43,284534040.31,632083.1400000006,3794.62,2396.51,2821.71,4146.05,1426.64,808.56,217.92,909.77,,,,,,,建筑建材,建筑材料,陶瓷制造,9.94,9.75,9.75
sh600145,*ST四维,2010-12-08,9.74,10.2,9.64,10.13,9.76,7500805.0,74303387.0,2360117101.16,3825949050.0,-76436801.77000001,47777162.41,158005721.12,442539761.43,284534040.31,632083.1400000006,3469.41,3386.14,2086.25,1910.22,1305.21,1602.37,569.47,531.6,,,,,,,建筑建材,建筑材料,陶瓷制造,9.7,9.74,9.75
sh600145,*ST四维,2010-12-09,10.18,10.64,10.06,10.57,10.13,19492909.0,205478165.0,2462629591.24,3992130450.0,-76436801.77000001,47777162.41,158005721.12,442539761.43,284534040.31,632083.1400000006,5848.67,7122.61,7507.3,6374.45,2576.02,3853.6,4615.83,3197.15,,,,,,,建筑建材,建筑材料,陶瓷制造,10.12,10.3,10.6
sh600145,*ST四维,2010-12-20,11.1,11.1,10.38,10.76,10.57,40730050.0,446077221.0,2506896348.32,4063890600.0,-76436801.77000001,47777162.41,158005721.12,442539761.43,284534040.31,632083.1400000006,14669.09,13561.3,11502.51,14962.66,6488.96,5776.76,11947.16,10307.0,,,,,,,建筑建材,建筑材料,陶瓷制造,10.6,10.77,10.78
sh600145,*ST四维,2010-12-21,10.6,10.68,10.22,10.22,10.76,13752292.0,141679114.0,2381085565.04,3859940700.0,-76436801.77000001,47777162.41,158005721.12,442539761.43,284534040.31,632083.1400000006,5561.29,3533.11,3577.11,4197.19,3909.76,1912.3,1119.75,4525.31,,,,,,,建筑建材,建筑材料,陶瓷制造,10.5,10.42,10.43
sh600145,*ST四维,2010-12-22,10.05,10.08,9.71,9.71,10.22,12981727.0,127368652.0,2262264269.72,3667321350.0,-76436801.77000001,47777162.41,158005721.12,442539761.43,284534040.31,632083.1400000006,5738.77,4961.73,1887.35,4007.8,3796.81,2256.54,1313.93,1510.79,,,,,,,建筑建材,建筑材料,陶瓷制造,10.05,9.95,9.9
sh600145,*ST四维,2010-12-23,9.51,10.02,9.22,9.77,9.71,11625373.0,112197084.0,2276243245.64,3689982450.0,-76436801.77000001,47777162.41,158005721.12,442539761.43,284534040.31,632083.1400000006,5156.63,5197.84,2955.26,2497.89,2775.58,2687.4,332.23,836.57,,,,,,,建筑建材,建筑材料,陶瓷制造,9.49,9.41,9.69
sh600145,*ST四维,2010-12-24,9.77,9.8,9.28,9.31,9.77,7249605.0,68078529.0,2169071096.92,3516247350.0,-76436801.77000001,47777162.41,158005721.12,442539761.43,284534040.31,632083.1400000006,2884.35,2733.45,1726.59,1821.07,1826.64,1314.22,370.27,939.12,,,,,,,建筑建材,建筑材料,陶瓷制造,9.77,9.77,9.77
sh600145,*ST四维,2010-12-27,9.38,9.45,8.91,9.01,9.31,5113557.0,47165753.0,2099176217.32,3402941850.0,-76436801.77000001,47777162.41,158005721.12,442539761.43,284534040.31,632083.1400000006,2228.8,2503.62,1058.56,917.98,1318.79,1198.23,110.43,96.75,,,,,,,建筑建材,建筑材料,陶瓷制造,9.15,9.25,9.35
sh600145,*ST四维,2010-12-28,8.91,9.1,8.56,8.56,9.01,6692700.0,57922126.0,1994333897.92,3232983600.0,-76436801.77000001,47777162.41,158005721.12,442539761.43,284534040.31,632083.1400000006,2479.02,2147.67,1829.29,2151.81,1483.91,959.45,0.0,533.28,,,,,,,建筑建材,建筑材料,陶瓷制造,9.02,8.9,8.84
sh600145,*ST四维,2010-12-29,8.56,8.7,8.13,8.17,8.56,10641041.0,87491792.0,1903470554.44,3085686450.0,-76436801.77000001,47777162.41,158005721.12,442539761.43,284534040.31,632083.1400000006,3925.89,3106.46,1773.72,2560.25,2387.91,1157.41,661.67,1925.06,,,,,,,建筑建材,建筑材料,陶瓷制造,8.65,8.66,8.52
sh600145,*ST四维,2010-12-30,8.19,8.42,8.11,8.33,8.17,7601852.0,62918191.0,1940747823.56,3146116050.0,-76436801.77000001,47777162.41,158005721.12,442539761.43,284534040.31,632083.1400000006,3155.7,2990.36,1277.48,1540.19,1858.64,1465.38,0.0,295.9,,,,,,,建筑建材,建筑材料,陶瓷制造,8.17,8.15,8.27
sh600145,*ST四维,2011-01-05,8.55,8.75,8.4,8.75,8.33,5422676.0,47084372.0,2038600655.0,3304743750.0,-76436801.77000001,47777162.41,158005721.12,442539761.43,284534040.31,632083.1400000006,1660.38,1594.95,1077.69,1489.63,1014.97,985.68,955.4,638.17,,,,,,,建筑建材,建筑材料,陶瓷制造,8.52,8.71,8.75
sh600145,*ST四维,2011-01-06,8.8,9.19,8.79,9.19,8.75,9954852.0,90556405.0,2141113145.08,3470925150.0,-76436801.77000001,47777162.41,158005721.12,442539761.43,284534040.31,632083.1400000006,2911.62,3653.13,2335.72,2535.63,2141.51,2160.43,1666.79,706.45,,,,,,,建筑建材,建筑材料,陶瓷制造,9.0,8.97,9.08
sh600145,*ST四维,2011-01-07,9.34,9.55,8.96,9.04,9.19,8828013.0,81401621.0,2106165705.28,3414272400.0,-76436801.77000001,47777162.41,158005721.12,442539761.43,284534040.31,632083.1400000006,3474.73,3605.5,1660.69,1912.68,2790.53,2326.52,214.21,295.47,,,,,,,建筑建材,建筑材料,陶瓷制造,9.13,9.38,9.34
sh600145,*ST四维,2011-01-10,8.95,9.19,8.59,8.6,9.04,4379841.0,38984262.0,2003653215.2,3248091000.0,-76436801.77000001,47777162.41,158005721.12,442539761.43,284534040.31,632083.1400000006,1958.26,2031.64,438.29,766.1,1501.88,1100.69,0.0,,,,,,,,建筑建材,建筑材料,陶瓷制造,9.09,9.07,9.18
sh600145,*ST四维,2011-01-11,8.5,8.66,8.17,8.21,8.6,9010985.0,74070200.0,1912789871.72,3100793850.0,-76436801.77000001,47777162.41,158005721.12,442539761.43,284534040.31,632083.1400000006,3467.62,2471.03,1378.73,2951.48,2421.78,962.97,138.89,1021.54,,,,,,,建筑建材,建筑材料,陶瓷制造,8.48,8.22,8.34
sh600145,*ST四维,2011-01-12,8.2,8.62,8.15,8.62,8.21,5516272.0,46185298.0,2008312873.84,3255644700.0,-76436801.77000001,47777162.41,158005721.12,442539761.43,284534040.31,632083.1400000006,2312.8,2227.85,824.74,1028.34,1480.99,1362.34,0.0,,,,,,,,建筑建材,建筑材料,陶瓷制造,8.16,8.28,8.26
sh600145,*ST四维,2011-01-13,8.6,8.83,8.47,8.5,8.62,4426984.0,38323748.0,1980354922.0,3210322500.0,-76436801.77000001,47777162.41,158005721.12,442539761.43,284534040.31,632083.1400000006,1736.56,1844.31,671.47,566.36,1424.35,1421.71,0.0,,,,,,,,建筑建材,建筑材料,陶瓷制造,8.78,8.67,8.52
sh600145,*ST四维,2011-01-14,8.47,8.58,8.25,8.5,8.5,2781906.0,23547359.0,1980354922.0,3210322500.0,-76436801.77000001,47777162.41,158005721.12,442539761.43,284534040.31,632083.1400000006,1339.92,1040.79,247.01,427.3,767.81,886.65,0.0,,,,,,,,建筑建材,建筑材料,陶瓷制造,8.44,8.41,8.39
sh600145,*ST四维,2011-01-17,8.31,8.6,8.28,8.4,8.5,2906582.0,24404702.0,1957056628.8,3172554000.0,-76436801.77000001,47777162.41,158005721.12,442539761.43,284534040.31,632083.1400000006,1260.73,1145.13,302.49,488.49,877.25,806.85,0.0,,,,,,,,建筑建材,建筑材料,陶瓷制造,8.55,8.48,8.41
sh600145,*ST四维,2011-01-18,8.41,8.82,8.33,8.81,8.4,4827593.0,42040587.0,2052579630.92,3327404850.0,-76436801.77000001,47777162.41,158005721.12,442539761.43,284534040.31,632083.1400000006,1553.31,1712.86,1118.92,486.11,923.97,1243.23,607.86,761.86,,,,,,,建筑建材,建筑材料,陶瓷制造,8.4,8.47,8.65
sh600145,*ST四维,2011-01-19,8.78,8.92,8.59,8.82,8.81,4422981.0,38753190.0,2054909460.24,3331181700.0,-76436801.77000001,47777162.41,158005721.12,442539761.43,284534040.31,632083.1400000006,1803.28,1804.66,651.56,838.45,1302.65,1100.2,117.84,132.01,,,,,,,建筑建材,建筑材料,陶瓷制造,8.82,8.89,8.78
sh600145,*ST四维,2011-01-20,8.75,9.22,8.7,8.88,8.82,4691838.0,41904874.0,2068888436.16,3353842800.0,-76436801.77000001,47777162.41,158005721.12,442539761.43,284534040.31,632083.1400000006,2024.27,1915.98,753.61,743.3,1412.6,1531.2,0.0,,,,,,,,建筑建材,建筑材料,陶瓷制造,8.7,8.72,8.7
sh600145,*ST四维,2011-01-21,8.85,9.17,8.81,9.01,8.88,3714623.0,33453574.0,2099176217.32,3402941850.0,-76436801.77000001,47777162.41,158005721.12,442539761.43,284534040.31,632083.1400000006,1825.07,1620.31,443.95,480.04,1076.33,1245.0,0.0,,,,,,,,建筑建材,建筑材料,陶瓷制造,8.95,8.91,8.93
sh600145,*ST四维,2011-01-25,8.9,8.9,8.56,8.56,9.01,2633305.0,22660812.0,1994333897.92,3232983600.0,-76436801.77000001,47777162.41,158005721.12,442539761.43,284534040.31,632083.1400000006,1080.34,972.87,296.75,571.22,704.78,551.39,184.21,170.6,,,,,,,建筑建材,建筑材料,陶瓷制造,8.81,8.63,8.7
sh600145,*ST四维,2011-01-26,8.56,8.7,8.4,8.6,8.56,1367036.0,11718333.0,2003653215.2,3248091000.0,-76436801.77000001,47777162.41,158005721.12,442539761.43,284534040.31,632083.1400000006,587.43,556.41,134.45,208.12,449.96,407.31,0.0,,,,,,,,建筑建材,建筑材料,陶瓷制造,8.59,8.45,8.55
sh600145,*ST四维,2011-01-27,8.4,8.84,8.4,8.71,8.6,1792783.0,15652921.0,2029281337.72,3289636350.0,-76436801.77000001,47777162.41,158005721.12,442539761.43,284534040.31,632083.1400000006,850.43,850.57,278.84,185.89,436.02,528.84,0.0,,,,,,,,建筑建材,建筑材料,陶瓷制造,8.6,8.64,8.63
sh600145,*ST四维,2011-01-28,8.71,8.86,8.59,8.65,8.71,2397290.0,20834056.0,2015302361.8,3266975250.0,-76436801.77000001,47777162.41,158005721.12,442539761.43,284534040.31,632083.1400000006,1019.35,975.73,444.21,457.25,619.85,508.36,0.0,142.07,,,,,,,建筑建材,建筑材料,陶瓷制造,8.73,8.82,8.81
sh600145,*ST四维,2011-01-31,8.59,8.78,8.58,8.64,8.65,2480162.0,21429527.0,2012972532.48,3263198400.0,-76436801.77000001,47777162.41,158005721.12,442539761.43,284534040.31,632083.1400000006,1145.59,851.9,225.23,588.55,665.03,441.45,107.11,261.04,,,,,,,建筑建材,建筑材料,陶瓷制造,8.76,8.73,8.69
sh600145,*ST四维,2011-02-01,8.68,9.02,8.68,8.91,8.64,2833924.0,25241630.0,2075877924.12,3365173350.0,-76436801.77000001,47777162.41,158005721.12,442539761.43,284534040.31,632083.1400000006,1326.99,1359.28,450.96,291.12,746.22,873.77,0.0,,,,,,,,建筑建材,建筑材料,陶瓷制造,8.75,8.84,8.95
sh600145,*ST四维,2011-02-09,8.83,8.94,8.77,8.89,8.91,2350936.0,20799101.0,2071218265.48,3357619650.0,-76436801.77000001,47777162.41,158005721.12,442539761.43,284534040.31,632083.1400000006,984.04,1061.67,168.44,462.46,927.43,555.78,0.0,,,,,,,,建筑建材,建筑材料,陶瓷制造,8.91,8.9,8.87
sh600145,*ST四维,2011-02-10,8.9,9.15,8.88,8.99,8.89,2916756.0,26353002.0,2094516558.68,3395388150.0,-76436801.77000001,47777162.41,158005721.12,442539761.43,284534040.31,632083.1400000006,1265.81,1235.09,502.51,692.23,866.98,707.98,0.0,,,,,,,,建筑建材,建筑材料,陶瓷制造,8.97,8.91,8.93
sh600145,*ST四维,2011-02-11,9.01,9.18,8.97,9.13,8.99,2546416.0,23178957.0,2127134169.16,3448264050.0,-76436801.77000001,47777162.41,158005721.12,442539761.43,284534040.31,632083.1400000006,1253.31,1263.0,325.3,195.11,739.29,859.78,0.0,,,,,,,,建筑建材,建筑材料,陶瓷制造,8.98,9.1,9.17
sh600145,*ST四维,2011-02-14,9.13,9.18,9.02,9.16,9.13,4360539.0,39641342.0,2134123657.12,3459594600.0,-76436801.77000001,47777162.41,158005721.12,442539761.43,284534040.31,632083.1400000006,1966.12,1369.09,922.58,1336.5,1075.44,755.37,0.0,503.17,,,,,,,建筑建材,建筑材料,陶瓷制造,9.1,9.08,9.07
sh600145,*ST四维,2011-02-15,9.16,9.53,9.09,9.22,9.16,5266556.0,48957175.0,2148102633.04,3482255700.0,-76436801.77000001,47777162.41,158005721.12,442539761.43,284534040.31,632083.1400000006,2465.05,2624.89,1113.42,1112.06,1317.24,1158.77,0.0,,,,,,,,建筑建材,建筑材料,陶瓷制造,9.12,9.13,9.1
sh600145,*ST四维,2011-02-17,9.3,9.48,9.16,9.24,9.22,4053771.0,37539650.0,2152762291.68,3489809400.0,-76436801.77000001,47777162.41,158005721.12,442539761.43,284534040.31,632083.1400000006,1797.17,1832.55,826.56,1134.63,1130.23,786.79,0.0,,,,,,,,建筑建材,建筑材料,陶瓷制造,9.3,9.3,9.32
sh600145,*ST四维,2011-02-18,9.17,9.25,8.9,8.97,9.24,3552590.0,32188341.0,2089856900.04,3387834450.0,-76436801.77000001,47777162.41,158005721.12,442539761.43,284534040.31,632083.1400000006,1787.31,1647.9,296.93,770.13,1134.59,800.8,0.0,,,,,,,,建筑建材,建筑材料,陶瓷制造,9.19,9.23,9.19
sh600145,*ST四维,2011-02-21,8.97,9.18,8.9,9.12,8.97,3507192.0,31853840.0,2124804339.84,3444487200.0,-76436801.77000001,47777162.41,158005721.12,442539761.43,284534040.31,632083.1400000006,1610.59,1438.28,772.72,1006.24,802.07,740.87,0.0,,,,,,,,建筑建材,建筑材料,陶瓷制造,8.9,9.04,8.99
sh600145,*ST四维,2011-02-22,9.14,9.15,8.8,8.8,9.12,4366630.0,39034148.0,2050249801.6,3323628000.0,-76436801.77000001,47777162.41,158005721.12,442539761.43,284534040.31,632083.1400000006,1924.92,2059.42,615.43,1137.57,1363.06,706.43,0.0,,,,,,,,建筑建材,建筑材料,陶瓷制造,9.13,9.07,9.02
sh600145,*ST四维,2011-02-23,8.81,9.07,8.7,8.97,8.8,2557455.0,22936628.0,2089856900.04,3387834450.0,-76436801.77000001,47777162.41,158005721.12,442539761.43,284534040.31,632083.1400000006,1231.59,1261.22,434.88,368.48,627.18,663.96,0.0,,,,,,,,建筑建材,建筑材料,陶瓷制造,8.92,8.92,9.0
sh600145,*ST四维,2011-02-24,8.98,9.17,8.98,9.15,8.97,3720338.0,33850243.0,2131793827.8,3455817750.0,-76436801.77000001,47777162.41,158005721.12,442539761.43,284534040.31,632083.1400000006,1628.91,1875.79,895.35,577.63,860.76,931.61,0.0,,,,,,,,建筑建材,建筑材料,陶瓷制造,9.06,8.98,9.02
sh600145,*ST四维,2011-02-25,9.16,9.36,9.07,9.34,9.15,5217463.0,47920502.0,2176060584.88,3527577900.0,-76436801.77000001,47777162.41,158005721.12,442539761.43,284534040.31,632083.1400000006,2328.99,1969.8,715.41,1275.35,1229.94,1074.8,517.71,472.1,,,,,,,建筑建材,建筑材料,陶瓷制造,9.18,9.14,9.12
sh600145,*ST四维,2011-02-28,9.32,9.61,9.21,9.45,9.34,6967563.0,66133397.0,2201688707.4,3569123250.0,-76436801.77000001,47777162.41,158005721.12,442539761.43,284534040.31,632083.1400000006,3325.23,2979.84,1540.62,1667.28,1745.41,1783.6,2.07,182.63,,,,,,,建筑建材,建筑材料,陶瓷制造,9.44,9.42,9.41
sh600145,*ST四维,2011-03-01,9.45,9.55,9.26,9.38,9.45,4264816.0,39944884.0,2185379902.16,3542685300.0,-76436801.77000001,47777162.41,158005721.12,442539761.43,284534040.31,632083.1400000006,1824.33,1880.26,776.34,1376.89,1393.82,737.33,0.0,,,,,,,,建筑建材,建筑材料,陶瓷制造,9.49,9.46,9.39
sh600145,*ST四维,2011-03-02,9.39,9.62,9.28,9.61,9.38,6978461.0,66116441.0,2238965976.52,3629552850.0,-76436801.77000001,47777162.41,158005721.12,442539761.43,284534040.31,632083.1400000006,3050.51,2998.46,2230.95,1729.72,1330.19,1541.42,0.0,342.04,,,,,,,建筑建材,建筑材料,陶瓷制造,9.32,9.36,9.48
sh600145,*ST四维,2011-03-03,9.65,9.7,9.31,9.65,9.61,7070926.0,67343399.0,2248285293.8,3644660250.0,-76436801.77000001,47777162.41,158005721.12,442539761.43,284534040.31,632083.1400000006,2672.09,2891.87,2178.99,2278.95,1693.28,1563.51,189.98,,,,,,,,建筑建材,建筑材料,陶瓷制造,9.59,9.59,9.54
sh600145,*ST四维,2011-03-04,9.6,9.74,9.56,9.69,9.65,5922111.0,57224888.0,2257604611.08,3659767650.0,-76436801.77000001,47777162.41,158005721.12,442539761.43,284534040.31,632083.1400000006,2918.81,2506.12,1563.86,1471.78,1239.82,1140.13,0.0,604.47,,,,,,,建筑建材,建筑材料,陶瓷制造,9.65,9.69,9.72
sh600145,*ST四维,2011-03-07,9.7,9.8,9.54,9.77,9.69,5988465.0,58046061.0,2276243245.64,3689982450.0,-76436801.77000001,47777162.41,158005721.12,442539761.43,284534040.31,632083.1400000006,3240.57,3238.74,1389.93,1121.54,1174.11,1444.32,0.0,,,,,,,,建筑建材,建筑材料,陶瓷制造,9.65,9.68,9.65
sh600145,*ST四维,2011-03-08,9.8,10.26,9.73,10.26,9.77,14834158.0,150315653.0,2390404882.32,3875048100.0,-76436801.77000001,47777162.41,158005721.12,442539761.43,284534040.31,632083.1400000006,5742.79,5590.29,5738.19,4167.05,2574.83,3174.1,975.74,2100.13,,,,,,,建筑建材,建筑材料,陶瓷制造,9.75,9.84,9.81
sh600145,*ST四维,2011-03-09,10.26,10.51,10.11,10.14,10.26,9327624.0,96059593.0,2362446930.48,3829725900.0,-76436801.77000001,47777162.41,158005721.12,442539761.43,284534040.31,632083.1400000006,4476.77,4287.88,2430.43,2881.56,2375.7,2144.26,323.06,292.25,,,,,,,建筑建材,建筑材料,陶瓷制造,10.46,10.3,10.31
sh600145,*ST四维,2011-03-10,10.15,10.42,10.13,10.28,10.14,7354264.0,75697495.0,2395064540.96,3882601800.0,-76436801.77000001,47777162.41,158005721.12,442539761.43,284534040.31,632083.1400000006,3263.89,3550.33,2689.89,1821.09,1615.96,1686.39,0.0,511.94,,,,,,,建筑建材,建筑材料,陶瓷制造,10.41,10.28,10.27
sh600145,*ST四维,2011-03-11,10.38,10.79,10.26,10.67,10.28,14641456.0,155640171.0,2485927884.44,4029898950.0,-76436801.77000001,47777162.41,158005721.12,442539761.43,284534040.31,632083.1400000006,4851.86,5441.78,6329.97,6027.57,2385.54,2847.99,1996.64,1246.67,,,,,,,建筑建材,建筑材料,陶瓷制造,10.38,10.45,10.46
sh600145,*ST四维,2011-03-14,10.72,11.2,10.45,11.2,10.67,19364318.0,212210664.0,2609408838.4,4230072000.0,-76436801.77000001,47777162.41,158005721.12,442539761.43,284534040.31,632083.1400000006,6831.95,7795.07,8877.94,7323.25,2851.25,3873.93,2659.93,2228.81,,,,,,,建筑建材,建筑材料,陶瓷制造,10.87,10.5,10.71
sh600145,*ST四维,2011-03-15,11.18,11.34,10.7,11.09,11.2,15936029.0,176013023.0,2583780715.88,4188526650.0,-76436801.77000001,47777162.41,158005721.12,442539761.43,284534040.31,632083.1400000006,7067.68,7345.44,5646.3,5901.62,3676.55,3282.48,1210.78,1071.77,,,,,,,建筑建材,建筑材料,陶瓷制造,11.3,11.15,11.09
sh600145,*ST四维,2011-03-16,11.16,11.25,10.85,10.89,11.09,12848107.0,140826452.0,2537184129.48,4112989650.0,-76436801.77000001,47777162.41,158005721.12,442539761.43,284534040.31,632083.1400000006,4891.14,5037.02,4986.2,5991.87,2796.31,1874.18,1408.98,1179.57,,,,,,,建筑建材,建筑材料,陶瓷制造,11.07,11.02,10.97
sh600145,*ST四维,2011-03-17,10.9,10.9,10.35,10.35,10.89,14545646.0,152699593.0,2411373346.2,3909039750.0,-76436801.77000001,47777162.41,158005721.12,442539761.43,284534040.31,632083.1400000006,6277.86,5654.42,5300.35,6012.07,3417.35,2115.29,274.41,1488.18,,,,,,,建筑建材,建筑材料,陶瓷制造,10.68,10.57,10.62
sh600145,*ST四维,2011-03-18,10.29,10.87,10.25,10.85,10.35,12792154.0,134678694.0,2527864812.2,4097882250.0,-76436801.77000001,47777162.41,158005721.12,442539761.43,284534040.31,632083.1400000006,4593.78,4795.29,5992.02,5053.65,2033.08,2285.08,848.99,1333.84,,,,,,,建筑建材,建筑材料,陶瓷制造,10.4,10.39,10.26
sh600145,*ST四维,2011-03-21,10.8,10.96,10.5,10.71,10.85,7404803.0,79318019.0,2495247201.72,4045006350.0,-76436801.77000001,47777162.41,158005721.12,442539761.43,284534040.31,632083.1400000006,3337.44,2897.15,2692.81,3354.85,1673.82,1187.07,227.73,492.74,,,,,,,建筑建材,建筑材料,陶瓷制造,10.61,10.51,10.59
sh600145,*ST四维,2011-03-22,10.77,10.96,10.17,10.72,10.71,7747722.0,82392117.0,2497577031.04,4048783200.0,-76436801.77000001,47777162.41,158005721.12,442539761.43,284534040.31,632083.1400000006,3689.12,2829.77,2392.09,3070.69,1928.09,1339.26,229.91,999.49,,,,,,,建筑建材,建筑材料,陶瓷制造,10.89,10.94,10.8
sh600145,*ST四维,2011-03-23,10.65,10.75,10.55,10.66,10.72,5103918.0,54417489.0,2483598055.12,4026122100.0,-76436801.77000001,47777162.41,158005721.12,442539761.43,284534040.31,632083.1400000006,2621.27,2451.77,1518.1,1831.91,1302.37,945.42,0.0,212.64,,,,,,,建筑建材,建筑材料,陶瓷制造,10.58,10.68,10.69
sh600145,*ST四维,2011-03-24,10.72,11.15,10.52,11.12,10.66,14153457.0,154650974.0,2590770203.84,4199857200.0,-76436801.77000001,47777162.41,158005721.12,442539761.43,284534040.31,632083.1400000006,5318.04,5116.29,5497.25,6098.65,2278.45,2368.31,2371.36,1881.84,,,,,,,建筑建材,建筑材料,陶瓷制造,10.59,10.61,10.59
sh600145,*ST四维,2011-03-25,11.15,11.47,11.09,11.24,11.12,11649752.0,131289509.0,2618728155.68,4245179400.0,-76436801.77000001,47777162.41,158005721.12,442539761.43,284534040.31,632083.1400000006,5485.31,4664.76,4373.55,5461.08,2629.19,2249.08,640.91,754.03,,,,,,,建筑建材,建筑材料,陶瓷制造,11.4,11.4,11.39
sh600145,*ST四维,2011-03-28,11.27,11.35,11.07,11.16,11.24,8647253.0,96843607.0,2600089521.12,4214964600.0,-76436801.77000001,47777162.41,158005721.12,442539761.43,284534040.31,632083.1400000006,4386.85,4019.23,2519.43,2984.51,2203.29,1616.09,574.79,1064.53,,,,,,,建筑建材,建筑材料,陶瓷制造,11.29,11.24,11.09
sh600145,*ST四维,2011-03-29,11.2,11.2,10.8,10.97,11.16,5572724.0,61296382.0,2555822764.04,4143204450.0,-76436801.77000001,47777162.41,158005721.12,442539761.43,284534040.31,632083.1400000006,2909.16,2772.96,1256.61,1665.32,1857.03,1326.07,0.0,258.44,,,,,,,建筑建材,建筑材料,陶瓷制造,11.01,11.02,11.0
sh600145,*ST四维,2011-03-30,10.95,11.2,10.73,11.1,10.97,6047938.0,66396348.0,2586110545.2,4192303500.0,-76436801.77000001,47777162.41,158005721.12,442539761.43,284534040.31,632083.1400000006,3236.71,3129.61,1922.0,2138.84,1480.92,1371.19,0.0,,,,,,,,建筑建材,建筑材料,陶瓷制造,10.95,10.95,10.99
sh600145,*ST四维,2011-03-31,11.18,11.43,11.08,11.21,11.1,8486246.0,95559167.0,2611738667.72,4233848850.0,-76436801.77000001,47777162.41,158005721.12,442539761.43,284534040.31,632083.1400000006,4144.05,3701.1,3411.13,3512.53,1937.71,2240.82,63.03,101.47,,,,,,,建筑建材,建筑材料,陶瓷制造,11.16,11.19,11.1
sh600145,*ST四维,2011-04-01,11.25,11.77,11.25,11.77,11.21,10465409.0,122442030.0,2742209109.64,4445352450.0,-76436801.77000001,47777162.41,158005721.12,442539761.43,284534040.31,632083.1400000006,3134.14,3828.21,5517.63,4330.98,1209.49,2306.61,2382.94,1778.4,,,,,,,建筑建材,建筑材料,陶瓷制造,11.28,11.55,11.77
sh600145,*ST四维,2011-05-18,11.18,11.18,11.18,11.18,11.77,355900.0,3978962.0,2604749179.76,4222518300.0,41793259.88,176784565.23999998,227675574.22000003,428627352.91,200951778.69,368227.63,139.86,16.77,73.68,119.63,72.56,,111.8,261.5,,,,,,,建筑建材,建筑材料,陶瓷制造,11.18,11.18,11.18
sh600145,*ST四维,2011-05-19,10.62,10.62,10.62,10.62,11.18,73300.0,778446.0,2474278737.84,4011014700.0,41793259.88,176784565.23999998,227675574.22000003,428627352.91,200951778.69,368227.63,40.57,5.95,0.0,,37.28,1.59,0.0,70.3,,,,,,,建筑建材,建筑材料,陶瓷制造,10.62,10.62,10.62
sh600145,*ST四维,2011-05-20,10.09,10.09,10.09,10.09,10.62,124000.0,1251160.0,2350797783.88,3810841650.0,41793259.88,176784565.23999998,227675574.22000003,428627352.91,200951778.69,368227.63,68.91,26.23,0.0,30.27,56.2,0.1,0.0,68.51,,,,,,,建筑建材,建筑材料,陶瓷制造,10.09,10.09,10.09
sh600145,*ST四维,2011-05-24,9.59,9.59,9.59,9.59,10.09,68000.0,652120.0,2234306317.88,3621999150.0,41793259.88,176784565.23999998,227675574.22000003,428627352.91,200951778.69,368227.63,18.6,34.14,0.0,31.07,46.61,,0.0,,,,,,,,建筑建材,建筑材料,陶瓷制造,9.59,9.59,9.59
sh600145,*ST四维,2011-05-25,9.11,9.11,9.11,9.11,9.59,601200.0,5476932.0,2122474510.52,3440710350.0,41793259.88,176784565.23999998,227675574.22000003,428627352.91,200951778.69,368227.63,76.16,90.55,29.24,81.72,242.51,11.21,199.78,364.22,,,,,,,建筑建材,建筑材料,陶瓷制造,9.11,9.11,9.11
sh600145,*ST四维,2011-05-26,8.67,8.99,8.65,8.72,9.11,27429534.0,238751524.0,2031611167.04,3293413200.0,41793259.88,176784565.23999998,227675574.22000003,428627352.91,200951778.69,368227.63,6322.16,6226.3,5352.02,6634.62,4019.15,2464.44,8181.82,8549.79,,,,,,,建筑建材,建筑材料,陶瓷制造,8.78,8.66,8.68
sh600145,*ST四维,2011-05-27,8.46,8.49,8.28,8.28,8.72,14692363.0,122223609.0,1929098676.96,3127231800.0,41793259.88,176784565.23999998,227675574.22000003,428627352.91,200951778.69,368227.63,4122.24,3379.83,4505.79,3543.87,2081.17,1617.51,1513.16,3681.15,,,,,,,建筑建材,建筑材料,陶瓷制造,8.46,8.46,8.46
sh600145,*ST四维,2011-05-30,8.38,8.69,8.31,8.56,8.28,19261290.0,166352375.0,1994333897.92,3232983600.0,41793259.88,176784565.23999998,227675574.22000003,428627352.91,200951778.69,368227.63,5817.4,4857.17,4971.7,5786.36,3088.12,2308.74,2758.01,3682.96,,,,,,,建筑建材,建筑材料,陶瓷制造,8.48,8.54,8.69
sh600145,*ST四维,2011-05-31,8.45,8.48,8.18,8.45,8.56,9112241.0,75671722.0,1968705775.4,3191438250.0,41793259.88,176784565.23999998,227675574.22000003,428627352.91,200951778.69,368227.63,3484.18,3666.48,2060.47,2205.03,1831.8,1393.61,190.72,302.05,,,,,,,建筑建材,建筑材料,陶瓷制造,8.28,8.25,8.3
sh600145,*ST四维,2011-06-01,8.44,8.64,8.32,8.42,8.45,6055297.0,51227585.0,1961716287.44,3180107700.0,41793259.88,176784565.23999998,227675574.22000003,428627352.91,200951778.69,368227.63,2687.34,2406.03,585.77,1216.72,1849.65,1500.0,0.0,,,,,,,,建筑建材,建筑材料,陶瓷制造,8.48,8.49,8.6
sh600145,*ST四维,2011-06-02,8.26,8.38,8.21,8.3,8.42,4609198.0,38203895.0,1933758335.6,3134785500.0,41793259.88,176784565.23999998,227675574.22000003,428627352.91,200951778.69,368227.63,1953.5,1774.85,809.07,1092.13,1057.82,953.41,0.0,,,,,,,,建筑建材,建筑材料,陶瓷制造,8.3,8.3,8.31
sh600145,*ST四维,2011-06-03,8.3,8.57,8.25,8.4,8.3,4217211.0,35622770.0,1957056628.8,3172554000.0,41793259.88,176784565.23999998,227675574.22000003,428627352.91,200951778.69,368227.63,1612.62,1936.53,775.31,381.18,1174.35,1143.19,0.0,101.38,,,,,,,建筑建材,建筑材料,陶瓷制造,8.36,8.42,8.49
sh600145,*ST四维,2011-06-07,8.62,8.82,8.53,8.82,8.4,10725119.0,94390106.0,2054909460.24,3331181700.0,41793259.88,176784565.23999998,227675574.22000003,428627352.91,200951778.69,368227.63,3524.2,2917.6,2534.74,2681.48,2190.49,1648.56,1189.59,2191.37,,,,,,,建筑建材,建筑材料,陶瓷制造,8.8,8.82,8.82
sh600145,*ST四维,2011-06-09,8.94,9.26,8.8,8.85,8.82,13233365.0,119657084.0,2061898948.2,3342512250.0,41793259.88,176784565.23999998,227675574.22000003,428627352.91,200951778.69,368227.63,5361.46,4647.2,2598.47,3713.26,3725.06,3114.92,280.72,490.32,,,,,,,建筑建材,建筑材料,陶瓷制造,9.15,9.09,9.07
sh600145,*ST四维,2011-06-10,8.8,9.15,8.65,9.05,8.85,7965184.0,70674673.0,2108495534.6,3418049250.0,41793259.88,176784565.23999998,227675574.22000003,428627352.91,200951778.69,368227.63,2952.19,2896.03,1381.05,1575.09,2217.51,2147.1,516.72,449.25,,,,,,,建筑建材,建筑材料,陶瓷制造,8.66,8.7,8.82
sh600145,*ST四维,2011-06-13,8.6,8.93,8.6,8.85,9.05,4996464.0,43997985.0,2061898948.2,3342512250.0,41793259.88,176784565.23999998,227675574.22000003,428627352.91,200951778.69,368227.63,1939.32,1926.07,811.86,1003.53,1424.68,1239.36,223.94,230.84,,,,,,,建筑建材,建筑材料,陶瓷制造,8.78,8.73,8.75
sh600145,*ST四维,2011-06-14,8.81,9.29,8.73,8.99,8.85,9729794.0,88593440.0,2094516558.68,3395388150.0,41793259.88,176784565.23999998,227675574.22000003,428627352.91,200951778.69,368227.63,3172.69,3130.62,2219.55,2652.64,1609.81,2029.15,1857.3,1046.94,,,,,,,建筑建材,建筑材料,陶瓷制造,8.8,8.88,9.0
sh600145,*ST四维,2011-06-15,8.97,9.04,8.81,8.96,8.99,4408733.0,39415935.0,2087527070.72,3384057600.0,41793259.88,176784565.23999998,227675574.22000003,428627352.91,200951778.69,368227.63,1694.34,1970.7,1050.39,849.45,1028.96,1121.44,167.92,,,,,,,,建筑建材,建筑材料,陶瓷制造,8.97,8.87,8.92
sh600145,*ST四维,2011-06-16,8.85,9.05,8.75,8.87,8.96,4365792.0,38873910.0,2066558606.84,3350065950.0,41793259.88,176784565.23999998,227675574.22000003,428627352.91,200951778.69,368227.63,1964.72,1771.45,982.26,1156.52,940.41,959.42,0.0,,,,,,,,建筑建材,建筑材料,陶瓷制造,8.85,8.86,9.0
sh600145,*ST四维,2011-06-17,8.84,8.95,8.7,8.71,8.87,3824250.0,33691600.0,2029281337.72,3289636350.0,41793259.88,176784565.23999998,227675574.22000003,428627352.91,200951778.69,368227.63,1411.89,1497.08,998.99,1096.34,958.28,775.74,0.0,,,,,,,,建筑建材,建筑材料,陶瓷制造,8.91,8.86,8.87
sh600145,*ST四维,2011-06-20,8.65,8.71,8.27,8.28,8.71,5705109.0,47679926.0,1929098676.96,3127231800.0,41793259.88,176784565.23999998,227675574.22000003,428627352.91,200951778.69,368227.63,1954.26,1971.16,1412.74,1681.13,1400.99,950.31,0.0,165.4,,,,,,,建筑建材,建筑材料,陶瓷制造,8.65,8.51,8.39
sh600145,*ST四维,2011-06-21,8.28,8.45,7.87,8.0,8.28,6815146.0,54439788.0,1863863456.0,3021480000.0,41793259.88,176784565.23999998,227675574.22000003,428627352.91,200951778.69,368227.63,2431.5,1867.82,1099.84,1824.91,1912.64,1145.16,0.0,606.09,,,,,,,建筑建材,建筑材料,陶瓷制造,8.28,8.33,8.36
sh600145,*ST四维,2011-06-22,8.05,8.25,7.81,8.13,8.0,4636948.0,37411485.0,1894151237.16,3070579050.0,41793259.88,176784565.23999998,227675574.22000003,428627352.91,200951778.69,368227.63,1838.36,1837.01,819.87,803.86,1082.92,1100.28,0.0,,,,,,,,建筑建材,建筑材料,陶瓷制造,8.0,7.88,7.95
sh600145,*ST四维,2011-06-23,8.05,8.25,7.94,8.22,8.13,3673199.0,29974782.0,1915119701.04,3104570700.0,41793259.88,176784565.23999998,227675574.22000003,428627352.91,200951778.69,368227.63,1605.33,1276.24,604.68,862.77,787.46,858.47,0.0,,,,,,,,建筑建材,建筑材料,陶瓷制造,8.09,8.02,8.11
sh600145,*ST四维,2011-06-24,8.17,8.41,8.0,8.36,8.22,4294510.0,35561984.0,1947737311.52,3157446600.0,41793259.88,176784565.23999998,227675574.22000003,428627352.91,200951778.69,368227.63,1632.92,1486.35,749.43,723.02,879.06,973.24,294.79,373.6,,,,,,,建筑建材,建筑材料,陶瓷制造,8.22,8.23,8.26
sh600145,*ST四维,2011-06-27,8.37,8.47,8.25,8.43,8.36,3265834.0,27359523.0,1964046116.76,3183884550.0,41793259.88,176784565.23999998,227675574.22000003,428627352.91,200951778.69,368227.63,1482.27,1443.89,489.28,463.84,764.41,828.23,0.0,,,,,,,,建筑建材,建筑材料,陶瓷制造,8.36,8.34,8.32
sh600145,*ST四维,2011-06-28,8.4,8.53,8.23,8.45,8.43,4115423.0,34461890.0,1968705775.4,3191438250.0,41793259.88,176784565.23999998,227675574.22000003,428627352.91,200951778.69,368227.63,1542.69,1780.85,691.86,766.56,967.79,783.01,243.85,115.77,,,,,,,建筑建材,建筑材料,陶瓷制造,8.4,8.35,8.39
sh600145,*ST四维,2011-06-29,8.47,8.6,8.19,8.2,8.45,4645647.0,38894293.0,3097017000.0,3097017000.0,41793259.88,176784565.23999998,227675574.22000003,428627352.91,200951778.69,368227.63,1998.22,1537.83,627.78,1549.9,1263.43,664.01,0.0,137.69,,,,,,,建筑建材,建筑材料,陶瓷制造,8.39,8.54,8.55
sh600145,*ST四维,2011-06-30,8.26,8.44,8.2,8.4,8.2,3200106.0,26594855.0,3172554000.0,3172554000.0,41793259.88,176784565.23999998,227675574.22000003,428627352.91,200951778.69,368227.63,1223.53,1221.14,483.95,544.21,669.53,731.77,282.47,162.36,,,,,,,建筑建材,建筑材料,陶瓷制造,8.26,8.25,8.2
sh600145,*ST四维,2011-07-01,8.58,8.65,8.39,8.5,8.4,5245772.0,44666067.0,3210322500.0,3210322500.0,41793259.88,176784565.23999998,227675574.22000003,428627352.91,200951778.69,368227.63,2376.78,1990.7,744.0,1102.97,1202.12,1103.4,143.72,269.54,,,,,,,建筑建材,建筑材料,陶瓷制造,8.5,8.42,8.49
sh600145,*ST四维,2011-07-04,8.54,8.68,8.42,8.63,8.5,4868501.0,41672655.0,3259421550.0,3259421550.0,41793259.88,176784565.23999998,227675574.22000003,428627352.91,200951778.69,368227.63,1900.54,1715.64,1119.91,1271.54,1146.81,1073.89,0.0,106.2,,,,,,,建筑建材,建筑材料,陶瓷制造,8.46,8.55,8.51
sh600145,*ST四维,2011-07-05,8.62,9.06,8.56,9.06,8.63,13108707.0,117266822.0,3421826100.0,3421826100.0,41793259.88,176784565.23999998,227675574.22000003,428627352.91,200951778.69,368227.63,4159.27,4489.09,3866.92,3557.59,1886.03,2131.38,1814.46,1548.62,,,,,,,建筑建材,建筑材料,陶瓷制造,8.58,8.6,8.73
sh600145,*ST四维,2011-07-06,9.01,9.28,9.0,9.08,9.06,9431591.0,86263237.0,3429379800.0,3429379800.0,41793259.88,176784565.23999998,227675574.22000003,428627352.91,200951778.69,368227.63,3803.14,4736.4,2305.12,1783.66,1891.92,1972.39,626.14,133.88,,,,,,,建筑建材,建筑材料,陶瓷制造,9.08,9.16,9.05
sh600145,*ST四维,2011-07-07,9.03,9.12,8.9,8.93,9.08,4197532.0,37794206.0,3372727050.0,3372727050.0,41793259.88,176784565.23999998,227675574.22000003,428627352.91,200951778.69,368227.63,1837.07,1651.23,566.68,1171.52,1375.67,956.67,0.0,,,,,,,,建筑建材,建筑材料,陶瓷制造,9.09,9.09,9.03
sh600145,*ST四维,2011-07-08,9.01,9.38,9.0,9.38,8.93,5953188.0,55646585.0,3542685300.0,3542685300.0,41793259.88,176784565.23999998,227675574.22000003,428627352.91,200951778.69,368227.63,1181.61,1769.13,1628.04,1664.31,762.8,1209.98,1992.21,921.24,,,,,,,建筑建材,建筑材料,陶瓷制造,9.14,9.34,9.38
sh600145,*ST四维,2011-07-11,9.55,9.74,9.39,9.57,9.38,11381094.0,109042014.0,3614445450.0,3614445450.0,41793259.88,176784565.23999998,227675574.22000003,428627352.91,200951778.69,368227.63,4012.65,3892.68,3479.18,3325.2,2039.57,1868.64,1372.8,1817.68,,,,,,,建筑建材,建筑材料,陶瓷制造,9.53,9.55,9.41
sh600145,*ST四维,2011-07-12,9.58,10.05,9.42,9.68,9.57,6987361.0,68237530.0,3655990800.0,3655990800.0,41793259.88,176784565.23999998,227675574.22000003,428627352.91,200951778.69,368227.63,2791.79,2846.35,1858.97,2016.48,1910.91,1933.72,262.08,27.21,,,,,,,建筑建材,建筑材料,陶瓷制造,9.46,9.55,9.7
sh600145,*ST四维,2011-07-13,9.55,10.16,9.44,10.11,9.68,12568324.0,124626727.0,3818395350.0,3818395350.0,41793259.88,176784565.23999998,227675574.22000003,428627352.91,200951778.69,368227.63,3273.74,3851.39,3755.74,3782.36,2074.54,2582.43,3358.66,2246.49,,,,,,,建筑建材,建筑材料,陶瓷制造,9.7,9.67,9.71
sh600145,*ST四维,2011-07-14,10.11,10.4,9.93,10.32,10.11,6625787.0,67590090.0,3897709200.0,3897709200.0,41793259.88,176784565.23999998,227675574.22000003,428627352.91,200951778.69,368227.63,2802.33,3002.58,1956.8,1645.31,1637.99,1793.35,361.88,317.77,,,,,,,建筑建材,建筑材料,陶瓷制造,10.02,10.08,10.3
sh600145,*ST四维,2011-07-15,10.08,10.6,9.89,10.24,10.32,10452822.0,106955146.0,3867494400.0,3867494400.0,35027501.57,169803916.35999998,227700165.35999998,412447660.2,184747494.84,-207109.11000000002,3667.34,3715.07,3929.33,3398.5,1886.03,2017.54,1212.81,1564.4,,,,,,,建筑建材,建筑材料,陶瓷制造,10.01,10.1,10.06
sh600145,*ST四维,2011-07-18,10.1,10.53,10.09,10.32,10.24,6531110.0,67324721.0,3897709200.0,3897709200.0,35027501.57,169803916.35999998,227700165.35999998,412447660.2,184747494.84,-207109.11000000002,2393.1,2709.43,2261.47,2129.67,1260.46,1579.22,817.45,314.15,,,,,,,建筑建材,建筑材料,陶瓷制造,10.15,10.32,10.31
sh600145,*ST四维,2011-07-19,10.42,10.42,9.85,9.97,10.32,7481501.0,74982296.0,3765519450.0,3765519450.0,35027501.57,169803916.35999998,227700165.35999998,412447660.2,184747494.84,-207109.11000000002,3538.28,2791.16,1711.86,2370.94,2135.79,1214.87,112.3,1121.26,,,,,,,建筑建材,建筑材料,陶瓷制造,10.33,10.2,10.09
sh600145,*ST国创,2011-07-20,10.05,10.3,9.97,10.26,9.97,5620950.0,57137109.0,3875048100.0,3875048100.0,35027501.57,169803916.35999998,227700165.35999998,412447660.2,184747494.84,-207109.11000000002,1733.62,2139.27,2212.67,1756.23,1044.36,1448.29,723.06,369.91,,,,,,,建筑建材,建筑材料,陶瓷制造,10.05,9.99,10.04
sh600145,*ST国创,2011-07-21,10.32,10.32,9.95,9.97,10.26,4204533.0,42406448.0,3765519450.0,3765519450.0,35027501.57,169803916.35999998,227700165.35999998,412447660.2,184747494.84,-207109.11000000002,1868.02,1306.93,1290.71,1231.37,961.94,746.76,119.98,955.58,,,,,,,建筑建材,建筑材料,陶瓷制造,10.21,10.14,10.18
sh600145,*ST国创,2011-07-22,10.04,10.17,9.88,10.06,9.97,4497420.0,45244105.0,3799511100.0,3799511100.0,35027501.57,169803916.35999998,227700165.35999998,412447660.2,184747494.84,-207109.11000000002,1645.6,1606.92,1939.82,1637.42,721.98,960.6,217.01,319.47,,,,,,,建筑建材,建筑材料,陶瓷制造,10.08,10.0,9.98
sh600145,*ST国创,2011-07-25,10.0,10.01,9.56,9.59,10.06,6349301.0,62356311.0,3621999150.0,3621999150.0,35027501.57,169803916.35999998,227700165.35999998,412447660.2,184747494.84,-207109.11000000002,2535.75,2160.94,2129.14,2155.27,1311.51,986.66,259.23,932.76,,,,,,,建筑建材,建筑材料,陶瓷制造,9.95,9.81,9.8
sh600145,*ST国创,2011-07-26,9.71,10.0,9.56,9.89,9.59,3671269.0,35978548.0,3735304650.0,3735304650.0,35027501.57,169803916.35999998,227700165.35999998,412447660.2,184747494.84,-207109.11000000002,1605.42,1623.22,855.09,1003.19,709.73,811.47,427.62,159.97,,,,,,,建筑建材,建筑材料,陶瓷制造,9.65,9.61,9.72
sh600145,*ST国创,2011-07-27,9.88,10.3,9.77,10.26,9.89,5939392.0,60540790.0,3875048100.0,3875048100.0,35027501.57,169803916.35999998,227700165.35999998,412447660.2,184747494.84,-207109.11000000002,1753.3,2138.44,2726.07,1896.26,842.88,1308.28,731.83,711.09,,,,,,,建筑建材,建筑材料,陶瓷制造,9.9,9.93,10.15
sh600145,*ST国创,2011-07-28,10.24,10.35,10.15,10.25,10.26,4338686.0,44487717.0,3871271250.0,3871271250.0,35027501.57,169803916.35999998,227700165.35999998,412447660.2,184747494.84,-207109.11000000002,1650.55,1736.71,1678.79,1441.62,798.58,691.43,320.84,579.01,,,,,,,建筑建材,建筑材料,陶瓷制造,10.24,10.33,10.25
sh600145,*ST国创,2011-07-29,10.25,10.48,10.05,10.18,10.25,5310143.0,54461843.0,3844833300.0,3844833300.0,35027501.57,169803916.35999998,227700165.35999998,412447660.2,184747494.84,-207109.11000000002,1947.95,1874.53,1718.05,1989.97,1169.49,1034.13,610.69,547.55,,,,,,,建筑建材,建筑材料,陶瓷制造,10.3,10.28,10.27
sh600145,*ST国创,2011-08-01,10.35,10.58,10.18,10.49,10.18,6060516.0,63399376.0,3961915650.0,3961915650.0,35027501.57,169803916.35999998,227700165.35999998,412447660.2,184747494.84,-207109.11000000002,2073.35,2164.39,2102.39,2168.98,848.18,1174.4,1316.02,832.16,,,,,,,建筑建材,建筑材料,陶瓷制造,10.27,10.26,10.47
sh600145,*ST国创,2011-08-02,10.51,10.6,10.25,10.52,10.49,3940801.0,41042167.0,3973246200.0,3973246200.0,35027501.57,169803916.35999998,227700165.35999998,412447660.2,184747494.84,-207109.11000000002,1987.17,1833.8,635.99,966.34,996.87,841.96,484.18,462.11,,,,,,,建筑建材,建筑材料,陶瓷制造,10.5,10.43,10.4
sh600145,*ST国创,2011-08-03,10.38,10.51,10.27,10.3,10.52,4208448.0,43584370.0,3890155500.0,3890155500.0,35027501.57,169803916.35999998,227700165.35999998,412447660.2,184747494.84,-207109.11000000002,1676.96,1269.56,1547.81,1569.23,929.96,582.53,203.71,937.11,,,,,,,建筑建材,建筑材料,陶瓷制造,10.46,10.38,10.44
sh600145,*ST国创,2011-08-04,10.4,10.43,9.97,10.1,10.3,5487095.0,55751130.0,3814618500.0,3814618500.0,35027501.57,169803916.35999998,227700165.35999998,412447660.2,184747494.84,-207109.11000000002,2437.69,1951.51,1766.87,2468.83,1269.69,632.53,100.87,522.24,,,,,,,建筑建材,建筑材料,陶瓷制造,10.35,10.26,10.19
sh600145,*ST国创,2011-08-05,9.76,10.26,9.76,10.21,10.1,5216002.0,52559788.0,3856163850.0,3856163850.0,35027501.57,169803916.35999998,227700165.35999998,412447660.2,184747494.84,-207109.11000000002,1886.62,2267.92,2099.09,1802.55,872.53,1064.23,397.75,121.28,,,,,,,建筑建材,建筑材料,陶瓷制造,9.9,9.94,9.94
sh600145,*ST国创,2011-08-08,10.08,10.1,9.7,9.7,10.21,5784588.0,56637421.0,3663544500.0,3663544500.0,35027501.57,169803916.35999998,227700165.35999998,412447660.2,184747494.84,-207109.11000000002,2445.95,1815.53,1515.72,2334.44,1452.79,801.58,249.29,712.19,,,,,,,建筑建材,建筑材料,陶瓷制造,10.09,10.0,10.03
sh600145,*ST国创,2011-08-09,9.35,9.45,9.22,9.22,9.7,7655924.0,71023390.0,3482255700.0,3482255700.0,35027501.57,169803916.35999998,227700165.35999998,412447660.2,184747494.84,-207109.11000000002,2651.63,1999.52,2438.11,3066.13,1455.33,799.59,557.26,1237.1,,,,,,,建筑建材,建筑材料,陶瓷制造,9.22,9.22,9.22
sh600145,*ST国创,2011-08-10,9.35,9.67,9.35,9.47,9.22,4680886.0,44813808.0,3576676950.0,3576676950.0,35027501.57,169803916.35999998,227700165.35999998,412447660.2,184747494.84,-207109.11000000002,1947.84,1882.59,1531.02,1553.4,831.19,1045.39,171.34,,,,,,,,建筑建材,建筑材料,陶瓷制造,9.41,9.55,9.6
sh600145,*ST国创,2011-08-11,9.26,9.59,9.0,9.48,9.47,3995989.0,37413218.0,3580453800.0,3580453800.0,35027501.57,169803916.35999998,227700165.35999998,412447660.2,184747494.84,-207109.11000000002,1468.34,1388.9,820.88,1236.78,912.99,644.28,539.12,471.37,,,,,,,建筑建材,建筑材料,陶瓷制造,9.12,9.3,9.28
sh600145,*ST国创,2011-08-12,9.59,9.8,9.59,9.69,9.48,3375544.0,32745367.0,3659767650.0,3659767650.0,35027501.57,169803916.35999998,227700165.35999998,412447660.2,184747494.84,-207109.11000000002,1274.07,1296.3,932.1,1137.47,768.94,725.37,299.42,115.4,,,,,,,建筑建材,建筑材料,陶瓷制造,9.66,9.79,9.76
sh600145,*ST国创,2011-08-15,9.72,9.78,9.59,9.74,9.69,3676627.0,35445704.0,3678651900.0,3678651900.0,35027501.57,169803916.35999998,227700165.35999998,412447660.2,184747494.84,-207109.11000000002,1689.78,1640.61,969.88,989.31,884.9,578.89,0.0,335.76,,,,,,,建筑建材,建筑材料,陶瓷制造,9.62,9.65,9.7
sh600145,*ST国创,2011-08-16,9.65,9.66,9.27,9.37,9.74,6829870.0,64161746.0,3538908450.0,3538908450.0,35027501.57,169803916.35999998,227700165.35999998,412447660.2,184747494.84,-207109.11000000002,2922.67,2563.64,1441.54,2080.39,1865.94,1090.18,186.02,681.97,,,,,,,建筑建材,建筑材料,陶瓷制造,9.62,9.5,9.45
sh600145,*ST国创,2011-08-17,9.5,9.55,9.33,9.44,9.37,5661344.0,53288356.0,3565346400.0,3565346400.0,35027501.57,169803916.35999998,227700165.35999998,412447660.2,184747494.84,-207109.11000000002,2221.11,2688.68,2010.94,614.0,1096.79,2026.16,0.0,,,,,,,,建筑建材,建筑材料,陶瓷制造,9.37,9.38,9.37
sh600145,*ST国创,2011-08-18,9.4,9.4,8.98,9.06,9.44,8100642.0,73858650.0,3421826100.0,3421826100.0,35027501.57,169803916.35999998,227700165.35999998,412447660.2,184747494.84,-207109.11000000002,2944.7,2451.26,2292.05,2752.53,1686.72,1773.3,462.39,408.78,,,,,,,建筑建材,建筑材料,陶瓷制造,9.31,9.27,9.25
sh600145,*ST国创,2011-08-19,8.77,8.9,8.73,8.88,9.06,5047527.0,44590712.0,3353842800.0,3353842800.0,35027501.57,169803916.35999998,227700165.35999998,412447660.2,184747494.84,-207109.11000000002,2627.12,2160.9,644.77,1449.62,1137.63,848.55,49.55,,,,,,,,建筑建材,建筑材料,陶瓷制造,8.88,8.85,8.83
sh600145,*ST国创,2011-08-22,9.08,9.08,8.85,8.98,8.88,3193727.0,28670147.0,3391611300.0,3391611300.0,35027501.57,169803916.35999998,227700165.35999998,412447660.2,184747494.84,-207109.11000000002,1578.5,1339.24,672.63,631.51,615.89,767.27,0.0,129.0,,,,,,,建筑建材,建筑材料,陶瓷制造,9.03,9.05,9.04
sh600145,*ST国创,2011-08-23,9.08,9.31,8.99,9.23,8.98,4188011.0,38444623.0,3486032550.0,3486032550.0,35027501.57,169803916.35999998,227700165.35999998,412447660.2,184747494.84,-207109.11000000002,1508.05,1204.51,1770.5,1200.77,565.55,603.65,0.37,835.54,,,,,,,建筑建材,建筑材料,陶瓷制造,9.0,9.01,9.0
sh600145,*ST国创,2011-08-24,9.27,9.27,8.91,9.08,9.23,2915100.0,26503403.0,3429379800.0,3429379800.0,35027501.57,169803916.35999998,227700165.35999998,412447660.2,184747494.84,-207109.11000000002,1411.99,1046.8,572.15,1191.48,666.11,412.05,0.09,,,,,,,,建筑建材,建筑材料,陶瓷制造,9.21,9.16,9.17
sh600145,*ST国创,2011-08-25,9.13,9.15,8.98,9.09,9.08,2296467.0,20850757.0,3433156650.0,3433156650.0,35027501.57,169803916.35999998,227700165.35999998,412447660.2,184747494.84,-207109.11000000002,906.33,774.89,525.38,754.36,604.81,404.69,0.0,102.58,,,,,,,建筑建材,建筑材料,陶瓷制造,9.09,9.03,9.08
sh600145,*ST国创,2011-08-26,9.11,9.15,8.99,9.08,9.09,2660412.0,24026505.0,3429379800.0,3429379800.0,35027501.57,169803916.35999998,227700165.35999998,412447660.2,184747494.84,-207109.11000000002,1006.56,712.7,799.59,709.55,596.5,416.44,0.0,563.97,,,,,,,建筑建材,建筑材料,陶瓷制造,9.1,9.0,9.06
sh600145,*ST国创,2011-08-29,9.06,9.07,8.9,9.06,9.08,3450510.0,30969146.0,3421826100.0,3421826100.0,35027501.57,169803916.35999998,227700165.35999998,412447660.2,184747494.84,-207109.11000000002,1463.59,837.39,906.45,1387.06,726.87,506.01,0.0,366.45,,,,,,,建筑建材,建筑材料,陶瓷制造,9.01,9.0,8.97
sh600145,*ST国创,2011-08-30,9.13,9.13,8.96,9.06,9.06,3902587.0,35200299.0,3421826100.0,3421826100.0,35027501.57,169803916.35999998,227700165.35999998,412447660.2,184747494.84,-207109.11000000002,1096.56,1209.48,1539.27,1564.88,552.83,400.93,331.37,344.74,,,,,,,建筑建材,建筑材料,陶瓷制造,9.02,9.01,8.97
sh600145,*ST国创,2011-08-31,9.0,9.06,8.84,8.94,9.06,4316379.0,38539803.0,3376503900.0,3376503900.0,35027501.57,169803916.35999998,227700165.35999998,412447660.2,184747494.84,-207109.11000000002,1311.99,1296.03,1350.89,1050.18,827.29,955.83,363.82,551.94,,,,,,,建筑建材,建筑材料,陶瓷制造,9.03,9.02,9.0
sh600145,*ST国创,2011-09-01,8.99,8.99,8.6,8.77,8.94,5597155.0,49279442.0,3312297450.0,3312297450.0,35027501.57,169803916.35999998,227700165.35999998,412447660.2,184747494.84,-207109.11000000002,2068.86,1987.94,1325.64,1100.24,1249.6,1711.6,283.84,128.16,,,,,,,建筑建材,建筑材料,陶瓷制造,8.89,8.87,8.88
sh600145,*ST国创,2011-09-02,8.7,8.9,8.58,8.86,8.77,2828103.0,24696423.0,3346289100.0,3346289100.0,35027501.57,169803916.35999998,227700165.35999998,412447660.2,184747494.84,-207109.11000000002,1173.9,1114.78,826.83,488.05,468.91,866.82,0.0,,,,,,,,建筑建材,建筑材料,陶瓷制造,8.64,8.75,8.69
sh600145,*ST国创,2011-09-05,8.87,8.87,8.67,8.76,8.86,2106035.0,18496407.0,3308520600.0,3308520600.0,35027501.57,169803916.35999998,227700165.35999998,412447660.2,184747494.84,-207109.11000000002,819.67,946.68,425.89,392.26,471.34,510.71,132.75,,,,,,,,建筑建材,建筑材料,陶瓷制造,8.82,8.86,8.8
sh600145,*ST国创,2011-09-06,8.79,8.89,8.6,8.69,8.76,2516478.0,21971554.0,3282082650.0,3282082650.0,35027501.57,169803916.35999998,227700165.35999998,412447660.2,184747494.84,-207109.11000000002,1088.28,919.04,457.69,780.3,651.18,497.81,0.0,,,,,,,,建筑建材,建筑材料,陶瓷制造,8.76,8.83,8.86
sh600145,*ST国创,2011-09-07,8.77,8.77,8.55,8.73,8.69,2857550.0,24800473.0,3297190050.0,3297190050.0,35027501.57,169803916.35999998,227700165.35999998,412447660.2,184747494.84,-207109.11000000002,841.66,875.9,790.37,799.97,598.33,504.74,249.69,299.43,,,,,,,建筑建材,建筑材料,陶瓷制造,8.71,8.67,8.67
sh600145,*ST国创,2011-09-08,8.71,8.75,8.32,8.54,8.73,3278999.0,28093816.0,3225429900.0,3225429900.0,35027501.57,169803916.35999998,227700165.35999998,412447660.2,184747494.84,-207109.11000000002,1510.32,1503.1,305.72,427.1,823.54,671.8,169.8,207.38,,,,,,,建筑建材,建筑材料,陶瓷制造,8.65,8.68,8.68
sh600145,*ST国创,2011-09-09,8.38,8.86,8.38,8.75,8.54,5009694.0,43645828.0,3304743750.0,3304743750.0,35027501.57,169803916.35999998,227700165.35999998,412447660.2,184747494.84,-207109.11000000002,2158.52,1958.44,1386.53,1137.8,819.53,1146.66,0.0,121.69,,,,,,,建筑建材,建筑材料,陶瓷制造,8.53,8.48,8.54
sh600145,*ST国创,2011-09-13,8.71,8.73,8.53,8.68,8.75,1888872.0,16290630.0,3278305800.0,3278305800.0,35027501.57,169803916.35999998,227700165.35999998,412447660.2,184747494.84,-207109.11000000002,821.71,691.74,221.5,362.62,524.85,451.18,61.01,123.52,,,,,,,建筑建材,建筑材料,陶瓷制造,8.61,8.69,8.62
sh600145,*ST国创,2011-09-14,8.64,8.71,8.26,8.43,8.68,4799090.0,40509253.0,3183884550.0,3183884550.0,35027501.57,169803916.35999998,227700165.35999998,412447660.2,184747494.84,-207109.11000000002,1891.01,1486.06,1028.05,1399.55,1020.14,555.67,111.72,609.64,,,,,,,建筑建材,建筑材料,陶瓷制造,8.65,8.61,8.6
sh600145,*ST国创,2011-09-15,8.46,8.46,8.3,8.36,8.43,2189863.0,18283350.0,3157446600.0,3157446600.0,35027501.57,169803916.35999998,227700165.35999998,412447660.2,184747494.84,-207109.11000000002,833.52,1113.04,330.26,219.45,664.56,495.84,0.0,,,,,,,,建筑建材,建筑材料,陶瓷制造,8.42,8.32,8.41
sh600145,*ST国创,2011-09-16,8.32,8.41,8.28,8.38,8.36,2118769.0,17708186.0,3165000300.0,3165000300.0,35027501.57,169803916.35999998,227700165.35999998,412447660.2,184747494.84,-207109.11000000002,915.98,896.4,406.8,238.19,448.04,636.23,0.0,,,,,,,,建筑建材,建筑材料,陶瓷制造,8.36,8.36,8.36
sh600145,*ST国创,2011-09-19,8.28,8.32,7.96,7.96,8.38,5748491.0,46264733.0,3006372600.0,3006372600.0,35027501.57,169803916.35999998,227700165.35999998,412447660.2,184747494.84,-207109.11000000002,2170.53,1100.34,1159.79,1304.59,1176.44,430.22,119.72,1791.32,,,,,,,建筑建材,建筑材料,陶瓷制造,8.28,8.27,8.17
sh600145,*ST国创,2011-09-20,7.79,8.03,7.56,7.74,7.96,4913831.0,37661991.0,2923281900.0,2923281900.0,35027501.57,169803916.35999998,227700165.35999998,412447660.2,184747494.84,-207109.11000000002,1638.09,1383.83,801.59,822.04,1175.32,736.13,151.2,824.19,,,,,,,建筑建材,建筑材料,陶瓷制造,7.87,7.84,7.73
sh600145,*ST国创,2011-09-21,7.7,8.09,7.48,7.98,7.74,4753815.0,37268107.0,3013926300.0,3013926300.0,35027501.57,169803916.35999998,227700165.35999998,412447660.2,184747494.84,-207109.11000000002,1857.28,1636.27,699.31,930.17,1170.22,1160.38,0.0,,,,,,,,建筑建材,建筑材料,陶瓷制造,7.57,7.55,7.61
sh600145,*ST国创,2011-09-22,7.9,8.22,7.82,8.08,7.98,5405681.0,43640539.0,3051694800.0,3051694800.0,35027501.57,169803916.35999998,227700165.35999998,412447660.2,184747494.84,-207109.11000000002,2103.93,2129.12,923.95,1057.15,1336.17,1177.79,0.0,,,,,,,,建筑建材,建筑材料,陶瓷制造,7.85,7.96,8.22
sh600145,*ST国创,2011-09-23,7.96,8.03,7.8,8.02,8.08,3425282.0,27169260.0,3029033700.0,3029033700.0,35027501.57,169803916.35999998,227700165.35999998,412447660.2,184747494.84,-207109.11000000002,1426.17,1257.35,258.31,635.67,1032.45,823.91,0.0,,,,,,,,建筑建材,建筑材料,陶瓷制造,7.92,7.96,7.91
sh600145,*ST国创,2011-09-26,8.0,8.11,7.89,7.96,8.02,2371701.0,18997616.0,3006372600.0,3006372600.0,35027501.57,169803916.35999998,227700165.35999998,412447660.2,184747494.84,-207109.11000000002,945.75,973.46,198.28,471.09,755.74,455.21,0.0,,,,,,,,建筑建材,建筑材料,陶瓷制造,7.97,8.11,8.08
sh600145,*ST国创,2011-09-27,8.07,8.13,7.94,8.09,7.96,6291926.0,50429440.0,3055471650.0,3055471650.0,35027501.57,169803916.35999998,227700165.35999998,412447660.2,184747494.84,-207109.11000000002,1157.09,953.04,1637.22,953.83,716.23,657.84,1532.4,2478.23,,,,,,,建筑建材,建筑材料,陶瓷制造,8.02,7.97,8.01
sh600145,*ST国创,2011-09-28,8.19,8.39,8.12,8.24,8.09,5285257.0,43677521.0,3112124400.0,3112124400.0,35027501.57,169803916.35999998,227700165.35999998,412447660.2,184747494.84,-207109.11000000002,2011.34,1550.61,539.93,722.91,1073.06,1383.1,743.43,711.14,,,,,,,建筑建材,建筑材料,陶瓷制造,8.13,8.15,8.21
sh600145,*ST国创,2011-09-29,8.2,8.31,8.0,8.12,8.24,3004750.0,24587250.0,3066802200.0,3066802200.0,35027501.57,169803916.35999998,227700165.35999998,412447660.2,184747494.84,-207109.11000000002,1259.96,1029.5,227.44,353.0,806.93,802.05,164.4,274.17,,,,,,,建筑建材,建筑材料,陶瓷制造,8.24,8.2,8.17
sh600145,*ST国创,2011-09-30,8.15,8.28,7.96,8.07,8.12,2617147.0,21156660.0,3047917950.0,3047917950.0,35027501.57,169803916.35999998,227700165.35999998,412447660.2,184747494.84,-207109.11000000002,967.4,1005.12,508.43,486.32,639.83,508.99,0.0,115.24,,,,,,,建筑建材,建筑材料,陶瓷制造,8.23,8.15,8.15
sh600145,*ST国创,2011-10-10,8.05,8.1,7.83,8.09,8.07,4972719.0,39542011.0,3055471650.0,3055471650.0,35027501.57,169803916.35999998,227700165.35999998,412447660.2,184747494.84,-207109.11000000002,1837.79,1503.01,1141.59,1564.72,695.23,588.42,279.6,298.05,,,,,,,建筑建材,建筑材料,陶瓷制造,8.05,8.0,7.93
sh600145,*ST国创,2011-10-11,8.18,8.21,7.9,8.01,8.09,2363509.0,19019098.0,3025256850.0,3025256850.0,35027501.57,169803916.35999998,227700165.35999998,412447660.2,184747494.84,-207109.11000000002,849.58,879.1,590.85,726.82,452.44,296.0,9.04,,,,,,,,建筑建材,建筑材料,陶瓷制造,8.14,8.11,8.1
sh600145,*ST国创,2011-10-12,8.04,8.13,7.91,8.1,8.01,2749305.0,22117406.0,3059248500.0,3059248500.0,35027501.57,169803916.35999998,227700165.35999998,412447660.2,184747494.84,-207109.11000000002,1170.04,996.04,594.13,666.93,447.58,548.77,0.0,,,,,,,,建筑建材,建筑材料,陶瓷制造,7.92,7.97,7.96
sh600145,*ST国创,2011-10-13,8.12,8.13,7.94,8.07,8.1,3419386.0,27438237.0,3047917950.0,3047917950.0,35027501.57,169803916.35999998,227700165.35999998,412447660.2,184747494.84,-207109.11000000002,1445.35,1238.67,390.6,999.14,907.87,506.02,0.0,,,,,,,,建筑建材,建筑材料,陶瓷制造,8.06,8.05,8.02
sh600145,*ST国创,2011-10-14,8.0,8.06,7.91,8.03,8.07,1935527.0,15465809.0,3032810550.0,3032810550.0,35027501.57,169803916.35999998,227700165.35999998,412447660.2,184747494.84,-207109.11000000002,807.54,764.63,233.88,387.0,505.16,394.96,0.0,,,,,,,,建筑建材,建筑材料,陶瓷制造,7.99,8.02,8.04
sh600145,*ST国创,2011-10-17,7.99,8.1,7.95,8.04,8.03,1239472.0,9918150.0,3036587400.0,3036587400.0,35027501.57,169803916.35999998,227700165.35999998,412447660.2,184747494.84,-207109.11000000002,433.73,505.58,106.05,248.42,452.03,237.82,0.0,,,,,,,,建筑建材,建筑材料,陶瓷制造,8.05,8.01,8.03
sh600145,*ST国创,2011-10-18,8.03,8.03,7.64,7.9,8.04,3725908.0,28901274.0,2983711500.0,2983711500.0,34418469.79,169556904.64000002,228087540.17,446664070.46,218576530.29,23051.360000000015,830.13,826.36,709.19,947.85,1062.22,668.3,288.59,447.61,,,,,,,建筑建材,建筑材料,陶瓷制造,8.0,7.99,7.97
sh600145,*ST国创,2011-10-19,7.91,7.94,7.7,7.91,7.9,2328409.0,18231448.0,2987488350.0,2987488350.0,34418469.79,169556904.64000002,228087540.17,446664070.46,218576530.29,23051.360000000015,594.6,698.8,694.44,479.3,534.11,645.05,0.0,,,,,,,,建筑建材,建筑材料,陶瓷制造,7.85,7.86,7.81
sh600145,*ST国创,2011-10-20,7.91,7.95,7.73,7.92,7.91,2673988.0,20951298.0,2991265200.0,2991265200.0,34418469.79,169556904.64000002,228087540.17,446664070.46,218576530.29,23051.360000000015,648.61,766.51,837.66,793.25,498.84,535.37,110.01,,,,,,,,建筑建材,建筑材料,陶瓷制造,7.85,7.82,7.79
sh600145,*ST国创,2011-10-21,7.9,7.95,7.83,7.88,7.92,1633575.0,12867204.0,2976157800.0,2976157800.0,34418469.79,169556904.64000002,228087540.17,446664070.46,218576530.29,23051.360000000015,371.07,432.29,291.13,213.21,356.49,286.89,268.03,354.34,,,,,,,建筑建材,建筑材料,陶瓷制造,7.9,7.85,7.88
sh600145,*ST国创,2011-10-24,7.88,7.96,7.82,7.94,7.88,2342982.0,18469492.0,2998818900.0,2998818900.0,34418469.79,169556904.64000002,228087540.17,446664070.46,218576530.29,23051.360000000015,860.94,780.39,579.09,634.75,406.92,431.81,0.0,,,,,,,,建筑建材,建筑材料,陶瓷制造,7.82,7.83,7.89
sh600145,*ST国创,2011-10-25,8.05,8.34,7.95,8.29,7.94,4909202.0,40287861.0,3131008650.0,3131008650.0,34418469.79,169556904.64000002,228087540.17,446664070.46,218576530.29,23051.360000000015,1784.69,1673.79,1252.69,1028.3,779.16,1066.78,212.24,259.92,,,,,,,建筑建材,建筑材料,陶瓷制造,7.97,8.02,8.01
sh600145,*ST国创,2011-10-26,8.29,8.59,8.19,8.23,8.29,5641411.0,47291836.0,3108347550.0,3108347550.0,34418469.79,169556904.64000002,228087540.17,446664070.46,218576530.29,23051.360000000015,2284.93,2011.48,1380.68,1380.31,1063.58,1200.85,0.0,136.55,,,,,,,建筑建材,建筑材料,陶瓷制造,8.33,8.31,8.27
sh600145,ST国创,2011-10-28,8.45,8.45,8.15,8.37,8.23,5582168.0,46526848.0,3161223450.0,3161223450.0,34418469.79,169556904.64000002,228087540.17,446664070.46,218576530.29,23051.360000000015,1802.6,1621.61,1410.11,1802.66,899.88,952.85,540.1,275.57,,,,,,,建筑建材,建筑材料,陶瓷制造,8.3,8.19,8.32
sh600145,ST国创,2011-10-31,8.37,8.38,8.14,8.22,8.37,3702200.0,30491566.0,3104570700.0,3104570700.0,34418469.79,169556904.64000002,228087540.17,446664070.46,218576530.29,23051.360000000015,1523.01,1228.6,533.61,1137.65,992.53,576.26,0.0,106.64,,,,,,,建筑建材,建筑材料,陶瓷制造,8.31,8.37,8.35
sh600145,ST国创,2011-11-01,8.2,8.61,8.12,8.37,8.22,5716545.0,47544750.0,3161223450.0,3161223450.0,34418469.79,169556904.64000002,228087540.17,446664070.46,218576530.29,23051.360000000015,1973.74,1544.59,848.09,1567.4,849.26,835.03,1083.38,807.45,,,,,,,建筑建材,建筑材料,陶瓷制造,8.15,8.16,8.18
sh600145,ST国创,2011-11-02,8.28,8.48,8.18,8.38,8.37,4664041.0,38788295.0,3165000300.0,3165000300.0,34418469.79,169556904.64000002,228087540.17,446664070.46,218576530.29,23051.360000000015,1617.71,1299.62,1049.73,1185.18,757.02,812.84,454.36,581.19,,,,,,,建筑建材,建筑材料,陶瓷制造,8.26,8.25,8.25
sh600145,ST国创,2011-11-03,8.4,8.4,8.21,8.31,8.38,6128999.0,51021896.0,3138562350.0,3138562350.0,34418469.79,169556904.64000002,228087540.17,446664070.46,218576530.29,23051.360000000015,2590.43,1674.09,1363.19,1429.58,1148.57,605.29,0.0,1393.23,,,,,,,建筑建材,建筑材料,陶瓷制造,8.36,8.37,8.35
sh600145,ST国创,2011-11-04,8.33,8.39,8.22,8.38,8.31,6815324.0,56436342.0,3165000300.0,3165000300.0,34418469.79,169556904.64000002,228087540.17,446664070.46,218576530.29,23051.360000000015,3194.3,1912.63,1460.04,1065.69,763.45,682.1,225.84,1983.22,,,,,,,建筑建材,建筑材料,陶瓷制造,8.25,8.28,8.3
sh600145,ST国创,2011-11-07,8.3,8.42,8.2,8.28,8.38,2652439.0,21979044.0,3127231800.0,3127231800.0,34418469.79,169556904.64000002,228087540.17,446664070.46,218576530.29,23051.360000000015,1341.99,780.58,231.99,810.4,623.92,379.05,0.0,227.87,,,,,,,建筑建材,建筑材料,陶瓷制造,8.31,8.32,8.33
sh600145,ST国创,2011-11-08,8.28,8.31,8.16,8.27,8.28,3049736.0,25120313.0,3123454950.0,3123454950.0,34418469.79,169556904.64000002,228087540.17,446664070.46,218576530.29,23051.360000000015,1326.41,1281.22,383.35,381.39,681.7,601.29,120.58,248.14,,,,,,,建筑建材,建筑材料,陶瓷制造,8.27,8.26,8.22
sh600145,ST国创,2011-11-09,8.29,8.4,8.23,8.31,8.27,3504412.0,29145849.0,3138562350.0,3138562350.0,34418469.79,169556904.64000002,228087540.17,446664070.46,218576530.29,23051.360000000015,1785.63,1392.93,373.76,642.66,630.24,753.54,124.95,125.45,,,,,,,建筑建材,建筑材料,陶瓷制造,8.25,8.26,8.29
sh600145,ST国创,2011-11-10,8.28,8.32,8.1,8.17,8.31,3856580.0,31607475.0,3085686450.0,3085686450.0,34418469.79,169556904.64000002,228087540.17,446664070.46,218576530.29,23051.360000000015,1365.28,1262.51,992.1,822.67,801.74,438.54,1.63,637.03,,,,,,,建筑建材,建筑材料,陶瓷制造,8.24,8.21,8.32
sh600145,ST国创,2011-11-11,8.22,8.22,8.09,8.16,8.17,1549409.0,12609549.0,3081909600.0,3081909600.0,34418469.79,169556904.64000002,228087540.17,446664070.46,218576530.29,23051.360000000015,725.37,633.55,179.64,278.26,355.94,349.14,0.0,,,,,,,,建筑建材,建筑材料,陶瓷制造,8.16,8.12,8.12
sh600145,ST国创,2011-11-14,8.19,8.27,8.13,8.25,8.16,3636867.0,29793471.0,3115901250.0,3115901250.0,34418469.79,169556904.64000002,228087540.17,446664070.46,218576530.29,23051.360000000015,1641.54,1408.03,742.36,891.31,582.13,576.65,13.32,103.36,,,,,,,建筑建材,建筑材料,陶瓷制造,8.16,8.18,8.15
sh600145,ST国创,2011-11-15,8.23,8.24,8.09,8.15,8.25,4532458.0,36911853.0,3078132750.0,3078132750.0,34418469.79,169556904.64000002,228087540.17,446664070.46,218576530.29,23051.360000000015,1847.02,1068.78,649.47,1106.87,1031.85,479.19,162.85,1036.34,,,,,,,建筑建材,建筑材料,陶瓷制造,8.2,8.21,8.17
sh600145,ST国创,2011-11-16,8.11,8.15,7.74,7.89,8.15,5333090.0,42421899.0,2979934650.0,2979934650.0,34418469.79,169556904.64000002,228087540.17,446664070.46,218576530.29,23051.360000000015,1572.85,1157.6,1307.71,1603.88,1225.8,626.45,135.83,854.27,,,,,,,建筑建材,建筑材料,陶瓷制造,8.14,8.12,8.14
sh600145,ST国创,2011-11-17,7.82,8.05,7.82,7.97,7.89,3333759.0,26424758.0,3010149450.0,3010149450.0,34418469.79,169556904.64000002,228087540.17,446664070.46,218576530.29,23051.360000000015,1242.07,1153.81,720.23,760.3,680.18,728.37,0.0,,,,,,,,建筑建材,建筑材料,陶瓷制造,7.91,8.02,7.97
sh600145,ST国创,2011-11-18,7.95,8.03,7.74,7.91,7.97,2098289.0,16497034.0,2987488350.0,2987488350.0,34418469.79,169556904.64000002,228087540.17,446664070.46,218576530.29,23051.360000000015,744.09,756.33,305.39,275.76,600.23,617.62,0.0,,,,,,,,建筑建材,建筑材料,陶瓷制造,8.0,7.94,7.95
sh600145,ST国创,2011-11-21,7.85,7.92,7.73,7.81,7.91,2504262.0,19516024.0,2949719850.0,2949719850.0,34418469.79,169556904.64000002,228087540.17,446664070.46,218576530.29,23051.360000000015,530.79,644.78,229.68,370.72,589.8,373.6,601.33,562.51,,,,,,,建筑建材,建筑材料,陶瓷制造,7.91,7.85,7.8
sh600145,ST国创,2011-11-22,7.85,7.85,7.63,7.75,7.81,3153750.0,24295373.0,2927058750.0,2927058750.0,34418469.79,169556904.64000002,228087540.17,446664070.46,218576530.29,23051.360000000015,804.09,1178.98,563.0,762.72,764.01,487.84,298.44,,,,,,,,建筑建材,建筑材料,陶瓷制造,7.75,7.75,7.71
sh600145,ST国创,2011-11-23,7.75,8.08,7.71,7.97,7.75,4634219.0,36838037.0,3010149450.0,3010149450.0,34418469.79,169556904.64000002,228087540.17,446664070.46,218576530.29,23051.360000000015,1836.55,1812.32,944.77,618.52,742.59,1252.96,159.89,,,,,,,,建筑建材,建筑材料,陶瓷制造,7.84,7.79,7.9
sh600145,ST国创,2011-11-24,7.92,8.05,7.88,7.9,7.97,2146510.0,17076171.0,2983711500.0,2983711500.0,34418469.79,169556904.64000002,228087540.17,446664070.46,218576530.29,23051.360000000015,845.63,755.53,252.17,370.91,609.82,541.67,0.0,39.52,,,,,,,建筑建材,建筑材料,陶瓷制造,8.01,7.98,7.97
sh600145,ST国创,2011-11-25,7.9,8.01,7.84,8.0,7.9,2688607.0,21352939.0,3021480000.0,3021480000.0,34418469.79,169556904.64000002,228087540.17,446664070.46,218576530.29,23051.360000000015,1122.75,979.82,493.27,367.38,519.28,598.4,0.0,189.69,,,,,,,建筑建材,建筑材料,陶瓷制造,7.87,7.9,7.94
sh600145,ST国创,2011-11-28,7.96,8.12,7.9,7.96,8.0,3196659.0,25585707.0,3006372600.0,3006372600.0,34418469.79,169556904.64000002,228087540.17,446664070.46,218576530.29,23051.360000000015,1272.57,1076.16,663.92,740.67,622.08,493.95,0.0,247.79,,,,,,,建筑建材,建筑材料,陶瓷制造,8.06,8.07,8.05
sh600145,ST国创,2011-11-29,7.96,8.03,7.93,8.01,7.96,2627083.0,20951295.0,3025256850.0,3025256850.0,34418469.79,169556904.64000002,228087540.17,446664070.46,218576530.29,23051.360000000015,827.0,737.23,146.7,410.02,671.6,519.75,449.83,428.13,,,,,,,建筑建材,建筑材料,陶瓷制造,7.98,7.96,7.99
sh600145,ST国创,2011-11-30,8.04,8.38,8.0,8.12,8.01,8844393.0,72499506.0,3066802200.0,3066802200.0,34418469.79,169556904.64000002,228087540.17,446664070.46,218576530.29,23051.360000000015,3441.68,3447.18,2020.57,1751.7,1600.37,1819.01,187.33,232.07,,,,,,,建筑建材,建筑材料,陶瓷制造,8.02,8.09,8.24
sh600145,ST国创,2011-12-01,8.22,8.31,8.09,8.2,8.12,5674308.0,46512037.0,3097017000.0,3097017000.0,34418469.79,169556904.64000002,228087540.17,446664070.46,218576530.29,23051.360000000015,2487.32,2613.88,1081.86,954.88,929.18,919.84,152.84,162.6,,,,,,,建筑建材,建筑材料,陶瓷制造,8.25,8.12,8.12
sh600145,ST国创,2011-12-02,8.2,8.2,7.8,7.95,8.2,4203072.0,33567935.0,3002595750.0,3002595750.0,34418469.79,169556904.64000002,228087540.17,446664070.46,218576530.29,23051.360000000015,1658.15,1510.0,606.18,829.72,1092.47,902.88,0.0,114.2,,,,,,,建筑建材,建筑材料,陶瓷制造,8.17,8.12,8.12
sh600145,ST国创,2011-12-05,7.95,8.02,7.72,7.82,7.95,2891464.0,22596774.0,2953496700.0,2953496700.0,34418469.79,169556904.64000002,228087540.17,446664070.46,218576530.29,23051.360000000015,1078.85,817.48,556.9,654.08,623.92,603.19,0.0,184.92,,,,,,,建筑建材,建筑材料,陶瓷制造,7.99,7.76,7.82
sh600145,ST国创,2011-12-06,7.79,7.8,7.43,7.58,7.82,7861701.0,58790268.0,2862852300.0,2862852300.0,34418469.79,169556904.64000002,228087540.17,446664070.46,218576530.29,23051.360000000015,1990.48,1519.52,1948.49,2174.35,1389.24,774.28,550.82,1410.88,,,,,,,建筑建材,建筑材料,陶瓷制造,7.79,7.75,7.45
sh600145,ST国创,2011-12-07,7.5,7.65,7.35,7.59,7.58,4371232.0,32903951.0,2866629150.0,2866629150.0,34418469.79,169556904.64000002,228087540.17,446664070.46,218576530.29,23051.360000000015,1180.8,1644.53,1174.17,610.32,935.43,895.97,0.0,139.58,,,,,,,建筑建材,建筑材料,陶瓷制造,7.48,7.45,7.44
sh600145,ST国创,2011-12-08,7.55,7.62,7.45,7.59,7.59,3385244.0,25522923.0,2866629150.0,2866629150.0,34418469.79,169556904.64000002,228087540.17,446664070.46,218576530.29,23051.360000000015,773.09,1182.47,1061.56,574.93,717.64,682.55,0.0,112.34,,,,,,,建筑建材,建筑材料,陶瓷制造,7.5,7.53,7.53
sh600145,ST国创,2011-12-09,7.55,7.59,7.43,7.53,7.59,2282400.0,17087962.0,2843968050.0,2843968050.0,34418469.79,169556904.64000002,228087540.17,446664070.46,218576530.29,23051.360000000015,598.43,717.84,362.33,555.43,522.05,435.53,225.99,,,,,,,,建筑建材,建筑材料,陶瓷制造,7.5,7.53,7.55
sh600145,ST国创,2011-12-12,7.53,7.53,7.41,7.5,7.53,1211747.0,9051769.0,2832637500.0,2832637500.0,34418469.79,169556904.64000002,228087540.17,446664070.46,218576530.29,23051.360000000015,224.82,347.21,48.71,59.22,631.65,498.75,0.0,0.0,,,,,,,建筑建材,建筑材料,陶瓷制造,7.5,7.51,7.52
sh600145,ST国创,2011-12-13,7.41,7.51,7.31,7.49,7.5,2775713.0,20584973.0,2828860650.0,2828860650.0,34418469.79,169556904.64000002,228087540.17,446664070.46,218576530.29,23051.360000000015,534.98,871.58,912.67,633.54,610.84,540.18,0.0,13.19,,,,,,,建筑建材,建筑材料,陶瓷制造,7.45,7.4,7.45
sh600145,ST国创,2011-12-14,7.47,7.6,7.45,7.54,7.49,5686393.0,42859830.0,2847744900.0,2847744900.0,34418469.79,169556904.64000002,228087540.17,446664070.46,218576530.29,23051.360000000015,2313.92,2676.71,1158.87,652.43,773.18,916.83,0.0,0.0,,,,,,,建筑建材,建筑材料,陶瓷制造,7.56,7.49,7.5
sh600145,ST国创,2011-12-15,7.5,7.64,7.43,7.5,7.54,2137016.0,15994674.0,2832637500.0,2832637500.0,34418469.79,169556904.64000002,228087540.17,446664070.46,218576530.29,23051.360000000015,547.86,654.98,375.53,261.12,676.08,683.36,0.0,0.0,,,,,,,建筑建材,建筑材料,陶瓷制造,7.54,7.54,7.5
sh600145,ST国创,2011-12-16,7.45,7.48,7.13,7.13,7.5,5653200.0,40398333.0,2692894050.0,2692894050.0,34418469.79,169556904.64000002,228087540.17,446664070.46,218576530.29,23051.360000000015,1045.87,940.48,1225.47,1493.75,509.04,247.32,1259.44,1358.29,,,,,,,建筑建材,建筑材料,陶瓷制造,7.45,7.13,7.13
sh600145,ST国创,2011-12-19,6.77,6.77,6.77,6.77,7.13,2055900.0,13918443.0,2556927450.0,2556927450.0,34418469.79,169556904.64000002,228087540.17,446664070.46,218576530.29,23051.360000000015,323.4,20.31,684.31,145.24,248.73,2.71,135.4,1223.59,,,,,,,建筑建材,建筑材料,陶瓷制造,6.77,6.77,6.77
sh600145,ST国创,2011-12-20,6.43,6.43,6.43,6.43,6.77,1346500.0,8657995.0,2428514550.0,2428514550.0,34418469.79,169556904.64000002,228087540.17,446664070.46,218576530.29,23051.360000000015,270.83,26.75,235.21,61.88,231.16,7.91,128.6,769.27,,,,,,,建筑建材,建筑材料,陶瓷制造,6.43,6.43,6.43
sh600145,ST国创,2011-12-21,6.11,6.21,6.11,6.13,6.43,20145105.0,123249175.0,2315209050.0,2315209050.0,34418469.79,169556904.64000002,228087540.17,446664070.46,218576530.29,23051.360000000015,2092.9,612.35,3150.59,2089.72,1400.59,309.58,5680.84,9313.27,,,,,,,建筑建材,建筑材料,陶瓷制造,6.11,6.11,6.11
sh600145,ST国创,2011-12-22,6.0,6.15,5.82,6.11,6.13,9336624.0,55969958.0,2307655350.0,2307655350.0,34418469.79,169556904.64000002,228087540.17,446664070.46,218576530.29,23051.360000000015,2270.82,2330.86,1381.44,1390.55,1185.79,1269.66,758.95,605.93,,,,,,,建筑建材,建筑材料,陶瓷制造,6.08,6.13,6.09
sh600145,ST国创,2011-12-23,6.05,6.17,5.8,6.1,6.11,6877909.0,41596026.0,2303878500.0,2303878500.0,34418469.79,169556904.64000002,228087540.17,446664070.46,218576530.29,23051.360000000015,1426.5,1398.42,1261.94,1429.44,1239.42,1066.64,231.74,265.1,,,,,,,建筑建材,建筑材料,陶瓷制造,6.07,6.11,6.12
sh600145,ST国创,2011-12-26,6.0,6.19,6.0,6.1,6.1,3828778.0,23272884.0,2303878500.0,2303878500.0,34418469.79,169556904.64000002,228087540.17,446664070.46,218576530.29,23051.360000000015,847.31,1009.15,328.22,579.24,849.98,566.29,301.78,172.61,,,,,,,建筑建材,建筑材料,陶瓷制造,6.0,6.0,6.0
sh600145,ST国创,2011-12-27,6.05,6.12,5.8,5.85,6.1,5976200.0,35248565.0,2209457250.0,2209457250.0,34418469.79,169556904.64000002,228087540.17,446664070.46,218576530.29,23051.360000000015,1203.04,786.59,1048.67,898.49,879.11,559.67,394.04,1280.11,,,,,,,建筑建材,建筑材料,陶瓷制造,6.03,6.06,6.11
sh600145,ST国创,2011-12-28,5.9,6.1,5.8,5.91,5.85,4556610.0,26885360.0,2232118350.0,2232118350.0,34418469.79,169556904.64000002,228087540.17,446664070.46,218576530.29,23051.360000000015,743.81,1100.55,549.66,750.45,957.53,834.27,437.54,3.26,,,,,,,建筑建材,建筑材料,陶瓷制造,6.01,5.9,5.91
sh600145,ST国创,2012-01-06,6.21,6.21,5.63,5.91,5.91,7064112.0,42684166.0,2232118350.0,2232118350.0,34418469.79,169556904.64000002,228087540.17,446664070.46,218576530.29,23051.360000000015,837.57,985.85,610.98,492.04,745.94,678.53,2062.09,2100.16,,,,,,,建筑建材,建筑材料,陶瓷制造,5.97,5.84,5.91
sh600145,ST国创,2012-01-09,5.89,5.94,5.63,5.81,5.91,5231458.0,30445058.0,2194349850.0,2194349850.0,34418469.79,169556904.64000002,228087540.17,446664070.46,218576530.29,23051.360000000015,1190.79,1099.91,566.6,1020.79,1287.12,810.24,0.0,113.57,,,,,,,建筑建材,建筑材料,陶瓷制造,5.9,5.68,5.7
sh600145,ST国创,2012-01-10,5.79,6.08,5.52,6.04,5.81,25924889.0,146615862.0,2281217400.0,2281217400.0,34418469.79,169556904.64000002,228087540.17,446664070.46,218576530.29,23051.360000000015,5435.9,4094.98,3647.58,4709.89,4603.13,2048.48,859.56,3692.82,,,,,,,建筑建材,建筑材料,陶瓷制造,5.52,5.54,5.58
sh600145,ST国创,2012-01-11,5.86,5.95,5.74,5.86,6.04,17303509.0,100485595.0,2213234100.0,2213234100.0,34418469.79,169556904.64000002,228087540.17,446664070.46,218576530.29,23051.360000000015,3436.2,3310.13,2244.66,2934.23,2994.17,2835.66,1373.53,968.54,,,,,,,建筑建材,建筑材料,陶瓷制造,5.82,5.8,5.81
sh600145,ST国创,2012-01-12,5.77,5.83,5.65,5.67,5.86,10872602.0,62234024.0,2141473950.0,2141473950.0,34418469.79,169556904.64000002,228087540.17,446664070.46,218576530.29,23051.360000000015,2738.26,2446.97,1112.71,1834.86,2011.31,1625.88,361.12,315.7,,,,,,,建筑建材,建筑材料,陶瓷制造,5.76,5.8,5.8
sh600145,ST国创,2012-01-13,5.67,5.69,5.39,5.39,5.67,8542388.0,46742315.0,2035722150.0,2035722150.0,34418469.79,169556904.64000002,228087540.17,446664070.46,218576530.29,23051.360000000015,1756.17,1519.61,995.16,1483.4,1654.34,960.49,268.56,710.73,,,,,,,建筑建材,建筑材料,陶瓷制造,5.65,5.64,5.59
sh600145,ST国创,2012-01-16,5.12,5.12,5.12,5.12,5.39,756600.0,3873792.0,1933747200.0,1933747200.0,34418469.79,169556904.64000002,228087540.17,446664070.46,218576530.29,23051.360000000015,118.68,0.0,159.18,69.43,109.52,0.0,0.0,317.95,,,,,,,建筑建材,建筑材料,陶瓷制造,5.12,5.12,5.12
sh600145,ST国创,2012-01-17,4.86,4.86,4.86,4.86,5.12,13794100.0,67039326.0,1835549100.0,1835549100.0,34418469.79,169556904.64000002,228087540.17,446664070.46,218576530.29,23051.360000000015,2530.12,19.78,1653.76,60.64,2393.4,10.89,126.65,6612.62,,,,,,,建筑建材,建筑材料,陶瓷制造,4.86,4.86,4.86
sh600145,ST国创,2012-01-18,4.62,4.9,4.62,4.64,4.86,39081342.0,182424378.0,1752458400.0,1752458400.0,34418469.79,169556904.64000002,228087540.17,446664070.46,218576530.29,23051.360000000015,5411.47,3154.64,5520.1,2602.69,4653.58,2317.67,2654.27,10164.42,,,,,,,建筑建材,建筑材料,陶瓷制造,4.62,4.62,4.62
sh600145,ST国创,2012-01-19,4.5,4.66,4.41,4.41,4.64,24738116.0,110641475.0,1665590850.0,1665590850.0,34418469.79,169556904.64000002,228087540.17,446664070.46,218576530.29,23051.360000000015,3606.17,3358.81,2612.84,3220.29,3641.16,2447.79,1203.98,2037.26,,,,,,,建筑建材,建筑材料,陶瓷制造,4.5,4.54,4.53
sh600145,ST国创,2012-01-20,4.41,4.54,4.35,4.48,4.41,14579357.0,65115170.0,1692028800.0,1692028800.0,34418469.79,169556904.64000002,228087540.17,446664070.46,218576530.29,23051.360000000015,2445.2,2447.55,1991.31,1825.95,2049.95,2091.3,24.02,145.69,,,,,,,建筑建材,建筑材料,陶瓷制造,4.37,4.4,4.51
sh600145,ST国创,2012-01-30,4.48,4.69,4.39,4.57,4.48,12307984.0,55836238.0,1726020450.0,1726020450.0,34418469.79,169556904.64000002,228087540.17,446664070.46,218576530.29,23051.360000000015,2546.16,2354.46,1083.89,1367.38,1951.95,1861.78,1.62,0.0,,,,,,,建筑建材,建筑材料,陶瓷制造,4.48,4.47,4.45
sh600145,ST国创,2012-01-31,4.52,4.8,4.5,4.8,4.57,20937980.0,98403921.0,1812888000.0,1812888000.0,34418469.79,169556904.64000002,228087540.17,446664070.46,218576530.29,23051.360000000015,3440.77,3414.24,3333.74,2759.14,2488.15,2972.5,577.74,694.52,,,,,,,建筑建材,建筑材料,陶瓷制造,4.53,4.56,4.57
sh600145,ST国创,2012-02-01,4.78,4.98,4.73,4.86,4.8,20422278.0,99183960.0,1835549100.0,1835549100.0,34418469.79,169556904.64000002,228087540.17,446664070.46,218576530.29,23051.360000000015,4386.64,4412.65,2015.93,2228.88,3396.1,3134.1,119.73,142.76,,,,,,,建筑建材,建筑材料,陶瓷制造,4.78,4.8,4.78
sh600145,ST国创,2012-02-02,4.83,4.86,4.63,4.75,4.86,15000801.0,71002713.0,1794003750.0,1794003750.0,34418469.79,169556904.64000002,228087540.17,446664070.46,218576530.29,23051.360000000015,3089.25,2909.33,1246.52,2178.12,2764.5,2012.68,0.0,0.14,,,,,,,建筑建材,建筑材料,陶瓷制造,4.84,4.77,4.73
sh600145,ST国创,2012-02-06,4.99,4.99,4.99,4.99,4.75,2972049.0,14830525.0,1884648150.0,1884648150.0,34418469.79,169556904.64000002,228087540.17,446664070.46,218576530.29,23051.360000000015,102.48,335.28,99.8,406.53,32.34,450.56,1248.44,290.68,,,,,,,建筑建材,建筑材料,陶瓷制造,4.99,4.99,4.99
sh600145,ST国创,2012-02-07,5.24,5.24,4.95,5.24,4.99,33932674.0,174073966.0,1979069400.0,1979069400.0,34418469.79,169556904.64000002,228087540.17,446664070.46,218576530.29,23051.360000000015,6565.0,5644.42,3446.92,4976.15,5330.92,4445.47,2064.56,2341.36,,,,,,,建筑建材,建筑材料,陶瓷制造,5.24,5.15,5.1
sh600145,ST国创,2012-05-07,5.5,5.5,5.5,5.5,5.24,145749.0,801620.0,2077267500.0,2077267500.0,-26614299.599999998,15499159.649999999,199752700.26,386883622.13,187130921.87,-2614008.67,5.79,35.43,0.0,0.0,4.68,44.73,69.7,0.0,,,,,,,建筑建材,建筑材料,陶瓷制造,5.5,5.5,5.5
sh600145,ST国创,2012-05-08,5.78,5.78,5.78,5.78,5.5,1078674.0,6234736.0,2183019300.0,2183019300.0,-26614299.599999998,15499159.649999999,199752700.26,386883622.13,187130921.87,-2614008.67,0.0,51.1,114.66,137.94,0.0,29.84,508.81,404.6,,,,,,,建筑建材,建筑材料,陶瓷制造,5.78,5.78,5.78
sh600145,ST国创,2012-05-09,6.07,6.07,6.07,6.07,5.78,287378.0,1744384.0,2292547950.0,2292547950.0,-26614299.599999998,15499159.649999999,199752700.26,386883622.13,187130921.87,-2614008.67,18.78,51.86,0.0,60.7,0.0,61.88,155.66,0.0,,,,,,,建筑建材,建筑材料,陶瓷制造,6.07,6.07,6.07
sh600145,ST国创,2012-05-10,6.37,6.37,6.37,6.37,6.07,720563.0,4589986.0,2405853450.0,2405853450.0,-26614299.599999998,15499159.649999999,199752700.26,386883622.13,187130921.87,-2614008.67,19.75,32.74,10.42,0.0,8.92,155.79,419.91,270.47,,,,,,,建筑建材,建筑材料,陶瓷制造,6.37,6.37,6.37
sh600145,ST国创,2012-05-11,6.69,6.69,6.69,6.69,6.37,625491.0,4184535.0,2526712650.0,2526712650.0,-26614299.599999998,15499159.649999999,199752700.26,386883622.13,187130921.87,-2614008.67,0.0,49.96,0.0,87.57,0.0,147.62,418.45,133.3,,,,,,,建筑建材,建筑材料,陶瓷制造,6.69,6.69,6.69
sh600145,ST国创,2012-05-14,7.02,7.02,6.36,6.41,6.69,48548383.0,327452602.0,2420960850.0,2420960850.0,-26614299.599999998,15499159.649999999,199752700.26,386883622.13,187130921.87,-2614008.67,9864.98,9154.33,8307.29,8626.43,7106.63,6755.96,7466.36,8208.54,,,,,,,建筑建材,建筑材料,陶瓷制造,6.65,6.65,6.7
sh600145,ST国创,2012-05-15,6.7,6.7,6.09,6.09,6.41,23195183.0,142501136.0,2300101650.0,2300101650.0,-26614299.599999998,15499159.649999999,199752700.26,386883622.13,187130921.87,-2614008.67,5271.48,4008.27,3964.64,5176.33,4071.59,2750.44,942.41,2315.08,,,,,,,建筑建材,建筑材料,陶瓷制造,6.7,6.7,6.7
sh600145,ST国创,2012-05-16,6.0,6.12,5.84,5.91,6.09,13615212.0,81322753.0,2232118350.0,2232118350.0,-26614299.599999998,15499159.649999999,199752700.26,386883622.13,187130921.87,-2614008.67,3492.46,3145.05,1708.71,2339.24,2708.59,2164.62,222.52,483.36,,,,,,,建筑建材,建筑材料,陶瓷制造,6.02,5.99,5.99
sh600145,ST国创,2012-05-17,5.87,5.96,5.72,5.89,5.91,10776878.0,63012086.0,2224564650.0,2224564650.0,-26614299.599999998,15499159.649999999,199752700.26,386883622.13,187130921.87,-2614008.67,2844.38,2752.11,1563.09,1556.29,1892.2,1698.17,0.0,293.1,,,,,,,建筑建材,建筑材料,陶瓷制造,5.93,5.88,5.75
sh600145,ST国创,2012-05-18,5.82,5.94,5.6,5.6,5.89,10664064.0,60911599.0,2115036000.0,2115036000.0,-26614299.599999998,15499159.649999999,199752700.26,386883622.13,187130921.87,-2614008.67,2632.74,2465.73,957.18,2223.05,2389.24,1285.08,112.0,117.3,,,,,,,建筑建材,建筑材料,陶瓷制造,5.83,,
sh600145,ST国创,2012-05-21,5.53,5.85,5.48,5.71,5.6,7629673.0,43516488.0,2156581350.0,2156581350.0,-26614299.599999998,15499159.649999999,199752700.26,386883622.13,187130921.87,-2614008.67,1896.37,2008.72,1067.91,757.23,1387.36,1585.7,0.0,0.0,,,,,,,建筑建材,建筑材料,陶瓷制造,5.57,5.63,5.64
sh600145,ST国创,2012-05-22,5.7,5.83,5.67,5.75,5.71,5843532.0,33499182.0,2171688750.0,2171688750.0,-26614299.599999998,15499159.649999999,199752700.26,386883622.13,187130921.87,-2614008.67,1802.86,1670.35,253.37,506.42,1293.68,1168.6,0.0,4.55,,,,,,,建筑建材,建筑材料,陶瓷制造,5.72,5.82,5.77
sh600145,ST国创,2012-05-23,5.71,5.71,5.46,5.48,5.75,10655061.0,59093666.0,2069713800.0,2069713800.0,-26614299.599999998,15499159.649999999,199752700.26,386883622.13,187130921.87,-2614008.67,2537.19,2179.98,913.52,1406.87,2315.49,1801.44,107.02,484.93,,,,,,,建筑建材,建筑材料,陶瓷制造,5.65,5.66,5.6
sh600145,ST国创,2012-05-24,5.48,5.65,5.48,5.59,5.48,7540580.0,41935103.0,2111259150.0,2111259150.0,-26614299.599999998,15499159.649999999,199752700.26,386883622.13,187130921.87,-2614008.67,2087.5,1888.14,818.74,872.84,1287.26,1432.53,0.0,0.0,,,,,,,建筑建材,建筑材料,陶瓷制造,5.54,5.54,5.51
sh600145,ST国创,2012-05-25,5.55,5.63,5.43,5.44,5.59,4622399.0,25600707.0,2054606400.0,2054606400.0,-26614299.599999998,15499159.649999999,199752700.26,386883622.13,187130921.87,-2614008.67,1313.32,1218.36,144.87,376.85,1101.89,964.86,0.0,0.0,,,,,,,建筑建材,建筑材料,陶瓷制造,5.58,5.55,5.57
sh600145,ST国创,2012-05-28,5.41,5.71,5.33,5.66,5.44,6468491.0,36065242.0,2137697100.0,2137697100.0,-26614299.599999998,15499159.649999999,199752700.26,386883622.13,187130921.87,-2614008.67,1583.86,1581.81,872.21,669.41,1150.46,1355.31,0.0,0.0,,,,,,,建筑建材,建筑材料,陶瓷制造,5.4,5.45,5.49
sh600145,ST国创,2012-05-29,5.72,5.88,5.6,5.86,5.66,9921260.0,57461900.0,2213234100.0,2213234100.0,-26614299.599999998,15499159.649999999,199752700.26,386883622.13,187130921.87,-2614008.67,2801.03,2797.94,1431.94,1353.47,1300.18,1594.77,213.04,0.0,,,,,,,建筑建材,建筑材料,陶瓷制造,5.63,5.71,5.7
sh600145,ST国创,2012-05-30,5.81,5.88,5.57,5.72,5.86,10832069.0,62082092.0,2160358200.0,2160358200.0,-26614299.599999998,15499159.649999999,199752700.26,386883622.13,187130921.87,-2614008.67,2590.16,2216.74,1303.87,1812.35,1719.36,1162.94,594.82,1016.17,,,,,,,建筑建材,建筑材料,陶瓷制造,5.8,5.82,5.81
sh600145,ST国创,2012-05-31,5.65,5.74,5.59,5.65,5.72,5365223.0,30328294.0,2133920250.0,2133920250.0,-26614299.599999998,15499159.649999999,199752700.26,386883622.13,187130921.87,-2614008.67,1420.3,1467.51,638.64,536.21,973.89,761.19,0.0,267.92,,,,,,,建筑建材,建筑材料,陶瓷制造,5.67,5.71,5.71
sh600145,ST国创,2012-06-01,5.65,5.67,5.45,5.5,5.65,7540078.0,41666979.0,2077267500.0,2077267500.0,-26614299.599999998,15499159.649999999,199752700.26,386883622.13,187130921.87,-2614008.67,1684.77,1049.9,983.36,1334.91,1483.74,734.85,0.0,1032.21,,,,,,,建筑建材,建筑材料,陶瓷制造,5.66,5.61,5.61
sh600145,ST国创,2012-06-04,5.38,5.45,5.23,5.23,5.5,5287169.0,28199420.0,1975292550.0,1975292550.0,-26614299.599999998,15499159.649999999,199752700.26,386883622.13,187130921.87,-2614008.67,1426.04,1453.46,417.41,633.75,976.5,732.73,0.0,0.0,,,,,,,建筑建材,建筑材料,陶瓷制造,5.38,5.36,5.37
sh600145,ST国创,2012-06-05,5.21,5.4,5.13,5.35,5.23,4969529.0,26153577.0,2020614750.0,2020614750.0,-26614299.599999998,15499159.649999999,199752700.26,386883622.13,187130921.87,-2614008.67,1252.82,1196.13,417.93,126.4,944.6,1044.26,0.0,248.57,,,,,,,建筑建材,建筑材料,陶瓷制造,5.29,5.24,5.2
sh600145,ST国创,2012-06-06,5.34,5.4,5.26,5.31,5.35,3235568.0,17268686.0,2005507350.0,2005507350.0,-26614299.599999998,15499159.649999999,199752700.26,386883622.13,187130921.87,-2614008.67,888.59,855.91,165.88,178.99,671.66,691.71,0.48,0.0,,,,,,,建筑建材,建筑材料,陶瓷制造,5.34,5.36,5.36
sh600145,ST国创,2012-06-07,5.34,5.4,5.17,5.19,5.31,3064162.0,16130983.0,1960185150.0,1960185150.0,-26614299.599999998,15499159.649999999,199752700.26,386883622.13,187130921.87,-2614008.67,675.1,897.77,175.44,138.3,762.56,577.03,0.0,0.0,,,,,,,建筑建材,建筑材料,陶瓷制造,5.37,5.35,5.35
sh600145,ST国创,2012-06-08,5.21,5.39,5.18,5.29,5.19,4308015.0,22773738.0,1997953650.0,1997953650.0,-26614299.599999998,15499159.649999999,199752700.26,386883622.13,187130921.87,-2614008.67,1027.72,1120.44,407.7,332.48,686.41,822.13,153.22,0.0,,,,,,,建筑建材,建筑材料,陶瓷制造,5.18,5.22,5.19
sh600145,ST国创,2012-06-11,5.3,5.35,5.22,5.3,5.29,2407055.0,12748099.0,2001730500.0,2001730500.0,-26614299.599999998,15499159.649999999,199752700.26,386883622.13,187130921.87,-2614008.67,652.23,672.51,40.28,148.77,580.46,453.53,1.84,0.0,,,,,,,建筑建材,建筑材料,陶瓷制造,5.29,5.32,5.32
sh600145,ST国创,2012-06-12,5.29,5.32,5.24,5.28,5.3,1961553.0,10373350.0,1994176800.0,1994176800.0,-26614299.599999998,15499159.649999999,199752700.26,386883622.13,187130921.87,-2614008.67,497.14,483.33,80.72,164.65,459.47,389.36,0.0,0.0,,,,,,,建筑建材,建筑材料,陶瓷制造,5.28,5.26,5.31
sh600145,ST国创,2012-06-13,5.33,5.54,5.3,5.54,5.28,3454099.0,18959031.0,2092374900.0,2092374900.0,-26614299.599999998,15499159.649999999,199752700.26,386883622.13,187130921.87,-2614008.67,656.94,717.58,591.0,392.45,453.53,619.67,194.43,166.2,,,,,,,建筑建材,建筑材料,陶瓷制造,5.3,5.34,5.51
sh600145,ST国创,2012-06-14,5.63,5.76,5.49,5.5,5.54,7941702.0,44765076.0,2077267500.0,2077267500.0,-26614299.599999998,15499159.649999999,199752700.26,386883622.13,187130921.87,-2614008.67,1891.55,2083.3,748.53,800.76,1680.36,1462.97,156.06,129.49,,,,,,,建筑建材,建筑材料,陶瓷制造,5.75,5.65,5.64
sh600145,ST国创,2012-06-15,5.49,5.65,5.48,5.55,5.5,4272197.0,23727166.0,2096151750.0,2096151750.0,-26614299.599999998,15499159.649999999,199752700.26,386883622.13,187130921.87,-2614008.67,1148.08,1248.79,429.41,358.16,795.22,765.77,0.0,0.0,,,,,,,建筑建材,建筑材料,陶瓷制造,5.57,5.59,5.58
sh600145,ST国创,2012-06-18,5.55,5.64,5.51,5.55,5.55,3876989.0,21600408.0,2096151750.0,2096151750.0,-26614299.599999998,15499159.649999999,199752700.26,386883622.13,187130921.87,-2614008.67,1017.99,1211.47,392.04,360.21,750.01,588.36,0.0,0.0,,,,,,,建筑建材,建筑材料,陶瓷制造,5.58,5.53,5.54
sh600145,ST国创,2012-06-19,5.53,5.74,5.53,5.7,5.55,6475103.0,36679516.0,2152804500.0,2152804500.0,-26614299.599999998,15499159.649999999,199752700.26,386883622.13,187130921.87,-2614008.67,1584.44,1648.38,975.86,713.19,1095.59,1204.89,12.06,101.49,,,,,,,建筑建材,建筑材料,陶瓷制造,5.56,5.64,5.7
sh600145,ST国创,2012-06-20,5.71,5.77,5.61,5.63,5.7,3700998.0,20936684.0,2126366550.0,2126366550.0,-26614299.599999998,15499159.649999999,199752700.26,386883622.13,187130921.87,-2614008.67,984.25,757.57,301.64,393.54,764.34,618.07,38.76,319.8,,,,,,,建筑建材,建筑材料,陶瓷制造,5.71,5.67,5.71
sh600145,ST国创,2012-06-21,5.63,5.63,5.46,5.5,5.63,2512278.0,13870856.0,2077267500.0,2077267500.0,-26614299.599999998,15499159.649999999,199752700.26,386883622.13,187130921.87,-2614008.67,565.31,712.04,191.0,152.21,630.78,522.84,0.0,0.0,,,,,,,建筑建材,建筑材料,陶瓷制造,5.6,5.56,5.55
sh600145,ST国创,2012-06-25,5.41,5.47,5.23,5.23,5.5,4210820.0,22352247.0,1975292550.0,1975292550.0,-26614299.599999998,15499159.649999999,199752700.26,386883622.13,187130921.87,-2614008.67,991.27,1107.68,363.98,585.87,879.97,531.32,0.0,10.36,,,,,,,建筑建材,建筑材料,陶瓷制造,5.44,5.42,5.44
sh600145,ST国创,2012-06-26,5.16,5.32,5.13,5.3,5.23,2228653.0,11657436.0,2001730500.0,2001730500.0,-26614299.599999998,15499159.649999999,199752700.26,386883622.13,187130921.87,-2614008.67,549.37,533.81,70.81,84.29,534.96,537.05,0.0,0.0,,,,,,,建筑建材,建筑材料,陶瓷制造,5.19,5.19,5.16
sh600145,ST国创,2012-06-27,5.25,5.34,5.23,5.23,5.3,2047122.0,10789617.0,1975292550.0,1975292550.0,-26614299.599999998,15499159.649999999,199752700.26,386883622.13,187130921.87,-2614008.67,541.94,437.26,186.09,314.91,350.93,326.79,0.0,0.0,,,,,,,建筑建材,建筑材料,陶瓷制造,5.31,5.33,5.28
sh600145,ST国创,2012-06-28,5.22,5.29,4.99,5.01,5.23,3524107.0,18221255.0,1892201850.0,1892201850.0,-26614299.599999998,15499159.649999999,199752700.26,386883622.13,187130921.87,-2614008.67,984.39,762.92,246.81,657.58,565.64,373.73,0.0,2.62,,,,,,,建筑建材,建筑材料,陶瓷制造,5.25,5.25,5.2
sh600145,ST国创,2012-06-29,4.95,5.04,4.81,5.01,5.01,2950683.0,14462063.0,1892201850.0,1892201850.0,-26614299.599999998,15499159.649999999,199752700.26,386883622.13,187130921.87,-2614008.67,655.15,658.6,101.83,180.12,689.23,607.49,0.0,0.0,,,,,,,建筑建材,建筑材料,陶瓷制造,4.9,4.84,4.86
sh600145,ST国创,2012-07-02,5.03,5.12,5.01,5.08,5.01,2672531.0,13591176.0,1918639800.0,1918639800.0,-26614299.599999998,15499159.649999999,199752700.26,386883622.13,187130921.87,-2614008.67,519.49,530.72,98.97,15.03,587.95,509.76,152.7,303.61,,,,,,,建筑建材,建筑材料,陶瓷制造,5.04,5.05,5.1
sh600145,ST国创,2012-07-03,5.06,5.15,5.01,5.11,5.08,2966486.0,15080710.0,1929970350.0,1929970350.0,-26614299.599999998,15499159.649999999,199752700.26,386883622.13,187130921.87,-2614008.67,762.84,646.44,162.14,433.96,583.1,400.09,0.0,27.59,,,,,,,建筑建材,建筑材料,陶瓷制造,5.02,5.11,5.11
sh600145,ST国创,2012-07-04,5.1,5.14,5.05,5.09,5.11,2316247.0,11793964.0,1922416650.0,1922416650.0,-26614299.599999998,15499159.649999999,199752700.26,386883622.13,187130921.87,-2614008.67,549.44,466.82,160.96,285.13,469.0,325.91,0.0,101.54,,,,,,,建筑建材,建筑材料,陶瓷制造,5.13,5.09,5.11
sh600145,ST国创,2012-07-05,5.06,5.08,4.91,4.95,5.09,1607603.0,7964557.0,1869540750.0,1869540750.0,-26614299.599999998,15499159.649999999,199752700.26,386883622.13,187130921.87,-2614008.67,377.46,424.51,2.52,34.85,416.47,337.1,0.0,0.0,,,,,,,建筑建材,建筑材料,陶瓷制造,5.04,5.05,4.94
sh600145,ST国创,2012-07-06,4.97,5.01,4.77,4.93,4.95,2367010.0,11566471.0,1861987050.0,1861987050.0,-26614299.599999998,15499159.649999999,199752700.26,386883622.13,187130921.87,-2614008.67,568.31,483.79,122.81,292.44,465.53,358.15,0.0,22.27,,,,,,,建筑建材,建筑材料,陶瓷制造,4.98,4.99,4.95
sh600145,ST国创,2012-07-09,4.93,4.95,4.73,4.75,4.93,2656612.0,12906263.0,1794003750.0,1794003750.0,-26614299.599999998,15499159.649999999,199752700.26,386883622.13,187130921.87,-2614008.67,505.93,462.95,360.43,495.35,424.27,332.33,0.0,0.0,,,,,,,建筑建材,建筑材料,陶瓷制造,4.86,4.9,4.92
sh600145,ST国创,2012-07-10,4.87,4.94,4.75,4.77,4.75,2042633.0,9832633.0,1801557450.0,1801557450.0,-26614299.599999998,15499159.649999999,199752700.26,386883622.13,187130921.87,-2614008.67,468.07,426.11,75.63,190.3,439.56,366.84,0.0,0.0,,,,,,,建筑建材,建筑材料,陶瓷制造,4.88,4.84,4.84
sh600145,ST国创,2012-07-11,4.7,4.82,4.53,4.59,4.77,3925863.0,18153097.0,1733574150.0,1733574150.0,-26614299.599999998,15499159.649999999,199752700.26,386883622.13,187130921.87,-2614008.67,839.65,755.23,100.52,558.3,875.14,501.78,0.0,0.0,,,,,,,建筑建材,建筑材料,陶瓷制造,4.71,4.73,4.73
sh600145,ST国创,2012-07-12,4.67,4.82,4.66,4.82,4.59,4907447.0,23598141.0,1820441700.0,1820441700.0,-26614299.599999998,15499159.649999999,199752700.26,386883622.13,187130921.87,-2614008.67,831.15,435.74,948.94,853.47,522.56,378.59,57.17,692.01,,,,,,,建筑建材,建筑材料,陶瓷制造,4.82,4.82,4.82
sh600145,ST国创,2012-07-13,4.8,4.88,4.76,4.79,4.82,3822547.0,18449415.0,1809111150.0,1809111150.0,-26614299.599999998,15499159.649999999,199752700.26,386883622.13,187130921.87,-2614008.67,873.91,882.84,278.92,311.49,692.11,650.61,0.0,0.0,,,,,,,建筑建材,建筑材料,陶瓷制造,4.84,4.81,4.82
sh600145,ST国创,2012-07-16,4.76,4.78,4.58,4.58,4.79,3381358.0,15747953.0,1729797300.0,1729797300.0,-26614299.599999998,15499159.649999999,199752700.26,386883622.13,187130921.87,-2614008.67,932.7,936.58,96.78,134.29,545.32,503.93,0.0,0.0,,,,,,,建筑建材,建筑材料,陶瓷制造,4.78,4.7,4.64
sh600145,ST国创,2012-07-17,4.57,4.65,4.51,4.6,4.58,2503878.0,11512037.0,1737351000.0,1737351000.0,-26614299.599999998,15499159.649999999,199752700.26,386883622.13,187130921.87,-2614008.67,481.18,567.41,248.56,193.47,421.46,270.99,0.0,119.33,,,,,,,建筑建材,建筑材料,陶瓷制造,4.57,4.55,4.59
sh600145,ST国创,2012-07-18,4.58,4.77,4.53,4.73,4.6,4144299.0,19259153.0,1786450050.0,1786450050.0,-26614299.599999998,15499159.649999999,199752700.26,386883622.13,187130921.87,-2614008.67,799.53,852.4,523.6,387.31,602.79,549.18,0.0,137.02,,,,,,,建筑建材,建筑材料,陶瓷制造,4.58,4.61,4.56
sh600145,ST国创,2012-07-19,4.7,4.82,4.68,4.76,4.73,2185010.0,10391445.0,1797780600.0,1797780600.0,-26614299.599999998,15499159.649999999,199752700.26,386883622.13,187130921.87,-2614008.67,468.45,634.84,113.45,43.22,457.24,361.08,0.0,0.0,,,,,,,建筑建材,建筑材料,陶瓷制造,4.73,4.73,4.75
sh600145,ST国创,2012-07-20,4.7,4.8,4.68,4.72,4.76,1701013.0,8039299.0,1782673200.0,1782673200.0,-26614299.599999998,15499159.649999999,199752700.26,386883622.13,187130921.87,-2614008.67,337.63,366.82,137.33,165.43,328.98,271.68,0.0,0.0,,,,,,,建筑建材,建筑材料,陶瓷制造,4.76,4.74,4.78
sh600145,ST国创,2012-07-23,4.66,4.7,4.6,4.62,4.72,1832719.0,8517268.0,1744904700.0,1744904700.0,-26614299.599999998,15499159.649999999,199752700.26,386883622.13,187130921.87,-2614008.67,400.1,453.59,30.79,124.91,420.84,273.23,0.0,0.0,,,,,,,建筑建材,建筑材料,陶瓷制造,4.62,4.65,4.65
sh600145,ST国创,2012-07-24,4.6,4.85,4.57,4.83,4.62,4889368.0,23379582.0,1824218550.0,1824218550.0,-26614299.599999998,15499159.649999999,199752700.26,386883622.13,187130921.87,-2614008.67,936.73,797.84,512.72,649.79,588.51,736.6,300.0,153.73,,,,,,,建筑建材,建筑材料,陶瓷制造,4.6,4.66,4.68
sh600145,ST国创,2012-07-25,4.77,5.03,4.77,4.84,4.83,5970998.0,29387705.0,1827995400.0,1827995400.0,-26614299.599999998,15499159.649999999,199752700.26,386883622.13,187130921.87,-2614008.67,1322.14,1521.55,693.34,574.12,902.88,843.1,20.4,0.0,,,,,,,建筑建材,建筑材料,陶瓷制造,4.83,4.81,4.82
sh600145,ST国创,2012-07-26,4.85,5.08,4.85,5.08,4.84,8890030.0,44840097.0,1918639800.0,1918639800.0,-26614299.599999998,15499159.649999999,199752700.26,386883622.13,187130921.87,-2614008.67,1517.17,1668.0,1642.6,1459.13,986.54,1153.69,337.7,203.19,,,,,,,建筑建材,建筑材料,陶瓷制造,4.93,4.88,4.97
sh600145,ST国创,2012-07-27,5.09,5.27,4.97,4.99,5.08,7922788.0,40442853.0,1884648150.0,1884648150.0,-26614299.599999998,15499159.649999999,199752700.26,386883622.13,187130921.87,-2614008.67,1719.79,1701.29,1022.7,907.73,1107.81,1098.37,193.99,336.89,,,,,,,建筑建材,建筑材料,陶瓷制造,5.15,5.25,5.16
sh600145,ST国创,2012-07-30,4.74,4.74,4.74,4.74,4.99,347000.0,1644780.0,1790226900.0,1790226900.0,-26614299.599999998,15499159.649999999,199752700.26,386883622.13,187130921.87,-2614008.67,41.33,47.73,75.03,101.77,48.11,14.98,0.0,0.0,,,,,,,建筑建材,建筑材料,陶瓷制造,4.74,4.74,4.74
sh600145,ST国创,2012-07-31,4.5,4.5,4.5,4.5,4.74,124300.0,559350.0,1699582500.0,1699582500.0,-26614299.599999998,15499159.649999999,199752700.26,386883622.13,187130921.87,-2614008.67,23.63,19.31,0.0,36.63,32.31,0.0,0.0,0.0,,,,,,,建筑建材,建筑材料,陶瓷制造,4.5,4.5,4.5
sh600145,ST国创,2012-08-01,4.28,4.28,4.28,4.28,4.5,4930500.0,21102540.0,1616491800.0,1616491800.0,-26614299.599999998,15499159.649999999,199752700.26,386883622.13,187130921.87,-2614008.67,937.58,403.36,487.06,366.83,434.29,153.6,251.32,1186.46,,,,,,,建筑建材,建筑材料,陶瓷制造,4.28,4.28,4.28
sh600145,ST国创,2012-08-02,4.15,4.25,4.07,4.07,4.28,5509334.0,22614276.0,1537177950.0,1537177950.0,-26614299.599999998,15499159.649999999,199752700.26,386883622.13,187130921.87,-2614008.67,1043.2,971.73,282.51,607.24,825.75,585.01,109.97,97.44,,,,,,,建筑建材,建筑材料,陶瓷制造,4.15,4.15,4.15
sh600145,ST国创,2012-08-03,3.98,4.05,3.87,4.01,4.07,11274054.0,44076511.0,1514516850.0,1514516850.0,-26614299.599999998,15499159.649999999,199752700.26,386883622.13,187130921.87,-2614008.67,1576.38,1404.99,873.65,1199.26,1615.02,1138.34,342.6,665.06,,,,,,,建筑建材,建筑材料,陶瓷制造,3.96,3.93,3.96
sh600145,ST国创,2012-08-06,3.94,4.11,3.88,4.09,4.01,10102388.0,40235763.0,1544731650.0,1544731650.0,-26614299.599999998,15499159.649999999,199752700.26,386883622.13,187130921.87,-2614008.67,1256.49,1395.15,546.76,1039.27,1170.37,910.06,1049.54,678.7,,,,,,,建筑建材,建筑材料,陶瓷制造,3.95,3.94,3.92
sh600145,ST国创,2012-08-07,4.04,4.1,3.96,4.05,4.09,10208554.0,41110311.0,1529624250.0,1529624250.0,-26614299.599999998,15499159.649999999,199752700.26,386883622.13,187130921.87,-2614008.67,2162.84,1891.28,423.56,710.49,1372.6,810.71,152.04,698.56,,,,,,,建筑建材,建筑材料,陶瓷制造,4.02,4.0,3.97
sh600145,ST国创,2012-08-08,4.03,4.06,3.95,3.97,4.05,6380496.0,25536677.0,1499409450.0,1499409450.0,-26614299.599999998,15499159.649999999,199752700.26,386883622.13,187130921.87,-2614008.67,1095.78,986.94,323.48,627.48,1134.41,738.4,0.0,200.85,,,,,,,建筑建材,建筑材料,陶瓷制造,4.05,4.03,4.03
sh600145,ST国创,2012-08-09,3.98,4.05,3.94,4.0,3.97,9237478.0,36862315.0,1510740000.0,1510740000.0,-26614299.599999998,15499159.649999999,199752700.26,386883622.13,187130921.87,-2614008.67,1779.11,1443.24,393.89,676.56,1355.64,756.18,157.6,810.25,,,,,,,建筑建材,建筑材料,陶瓷制造,3.97,3.97,4.02
sh600145,ST国创,2012-08-10,3.97,4.08,3.94,4.08,4.0,8523160.0,34163017.0,1540954800.0,1540954800.0,-26614299.599999998,15499159.649999999,199752700.26,386883622.13,187130921.87,-2614008.67,1538.08,1598.21,733.74,595.87,1137.71,1215.45,0.0,0.0,,,,,,,建筑建材,建筑材料,陶瓷制造,3.98,3.97,3.96
sh600145,ST国创,2012-08-13,4.06,4.07,3.88,3.89,4.08,5756628.0,22993765.0,1469194650.0,1469194650.0,-26614299.599999998,15499159.649999999,199752700.26,386883622.13,187130921.87,-2614008.67,869.78,1087.57,326.98,463.46,1102.62,748.35,0.0,0.0,,,,,,,建筑建材,建筑材料,陶瓷制造,4.04,4.04,4.06
sh600145,ST国创,2012-08-14,3.88,3.89,3.7,3.8,3.89,6774647.0,25431730.0,1435203000.0,1435203000.0,-26614299.599999998,15499159.649999999,199752700.26,386883622.13,187130921.87,-2614008.67,989.14,1095.5,326.45,447.09,1227.58,1000.59,0.0,0.0,,,,,,,建筑建材,建筑材料,陶瓷制造,3.83,3.75,3.77
sh600145,ST国创,2012-08-15,3.75,3.79,3.64,3.71,3.8,4227136.0,15720803.0,1401211350.0,1401211350.0,-26614299.599999998,15499159.649999999,199752700.26,386883622.13,187130921.87,-2614008.67,636.79,773.47,46.24,189.81,889.05,608.8,0.0,0.0,,,,,,,建筑建材,建筑材料,陶瓷制造,3.73,3.77,3.75
sh600145,ST国创,2012-08-16,3.67,3.77,3.67,3.74,3.71,3947816.0,14743732.0,1412541900.0,1412541900.0,-26614299.599999998,15499159.649999999,199752700.26,386883622.13,187130921.87,-2614008.67,626.41,518.38,211.96,301.3,636.0,540.52,0.0,114.17,,,,,,,建筑建材,建筑材料,陶瓷制造,3.69,3.7,3.71
sh600145,ST国创,2012-08-17,3.83,3.93,3.83,3.93,3.74,2468446.0,9645189.0,1484302050.0,1484302050.0,-26614299.599999998,15499159.649999999,199752700.26,386883622.13,187130921.87,-2614008.67,71.14,272.85,137.75,209.07,74.6,331.43,681.03,151.17,,,,,,,建筑建材,建筑材料,陶瓷制造,3.93,3.93,3.93
sh600145,ST国创,2012-08-20,4.13,4.13,3.92,4.0,3.93,10622857.0,42694659.0,1510740000.0,1510740000.0,-26614299.599999998,15499159.649999999,199752700.26,386883622.13,187130921.87,-2614008.67,1200.04,1295.43,714.45,536.86,1221.54,1303.74,1133.44,1133.44,,,,,,,建筑建材,建筑材料,陶瓷制造,3.92,3.97,3.94
sh600145,ST国创,2012-08-21,3.95,4.05,3.93,4.0,4.0,7935856.0,31724744.0,1510740000.0,1510740000.0,-26614299.599999998,15499159.649999999,199752700.26,386883622.13,187130921.87,-2614008.67,1441.67,1359.8,874.06,702.47,856.74,844.78,0.0,265.43,,,,,,,建筑建材,建筑材料,陶瓷制造,3.94,4.02,4.04
sh600145,ST国创,2012-08-22,4.08,4.2,4.08,4.19,4.0,15968295.0,66593170.0,1582500150.0,1582500150.0,-26614299.599999998,15499159.649999999,199752700.26,386883622.13,187130921.87,-2614008.67,1937.59,2467.32,2289.2,1657.39,1456.49,1545.38,976.04,989.24,,,,,,,建筑建材,建筑材料,陶瓷制造,4.11,4.09,4.13
sh600145,ST国创,2012-08-23,4.4,4.4,4.3,4.39,4.19,3740200.0,16449802.0,1658037150.0,1658037150.0,-26614299.599999998,15499159.649999999,199752700.26,386883622.13,187130921.87,-2614008.67,456.76,251.63,451.16,213.5,257.49,260.27,479.57,919.57,,,,,,,建筑建材,建筑材料,陶瓷制造,4.4,4.4,4.4
sh600145,ST国创,2012-08-24,4.41,4.61,4.39,4.61,4.39,26758035.0,121795313.0,1741127850.0,1741127850.0,-26614299.599999998,15499159.649999999,199752700.26,386883622.13,187130921.87,-2614008.67,4290.42,5005.48,3291.47,3464.74,2356.61,2654.79,2241.04,1054.53,,,,,,,建筑建材,建筑材料,陶瓷制造,4.61,4.61,4.59
sh600145,国创能源,2012-08-29,4.8,5.07,4.52,5.07,4.61,40263882.0,196011491.0,1914862950.0,1914862950.0,-12854957.75,-23214599.53999999,207372927.06,249053636.76,41680709.7,13552232.74,6884.74,6990.43,3585.78,4523.36,5805.88,4244.68,3324.75,3842.69,,,,,,,建筑建材,建筑材料,陶瓷制造,4.57,4.61,4.87
sh600145,国创能源,2012-08-30,4.89,5.11,4.63,4.73,5.07,22490360.0,109252575.0,1786450050.0,1786450050.0,-12854957.75,-23214599.53999999,207372927.06,249053636.76,41680709.7,13552232.74,4479.78,4637.46,1956.23,1829.51,4008.06,4101.37,471.68,347.41,,,,,,,建筑建材,建筑材料,陶瓷制造,4.8,4.94,4.87
sh600145,国创能源,2012-08-31,4.63,5.05,4.55,4.84,4.73,20181861.0,97760565.0,1827995400.0,1827995400.0,-12854957.75,-23214599.53999999,207372927.06,249053636.76,41680709.7,13552232.74,3576.5,3729.33,2707.22,2423.06,3013.33,3004.09,479.0,619.58,,,,,,,建筑建材,建筑材料,陶瓷制造,4.68,4.75,4.73
sh600145,国创能源,2012-09-03,4.7,4.85,4.59,4.7,4.84,14291105.0,67176335.0,1775119500.0,1775119500.0,-12854957.75,-23214599.53999999,207372927.06,249053636.76,41680709.7,13552232.74,2657.06,2448.1,1672.7,2151.76,2270.74,2009.55,117.14,108.23,,,,,,,建筑建材,建筑材料,陶瓷制造,4.73,4.79,4.75
sh600145,国创能源,2012-09-04,4.64,4.95,4.64,4.81,4.7,14773602.0,71003972.0,1816664850.0,1816664850.0,-12854957.75,-23214599.53999999,207372927.06,249053636.76,41680709.7,13552232.74,2582.05,2615.74,1912.13,2002.43,2167.69,2351.18,436.7,129.21,,,,,,,建筑建材,建筑材料,陶瓷制造,4.7,4.7,4.76
sh600145,国创能源,2012-09-05,4.73,4.97,4.69,4.75,4.81,11433386.0,54898189.0,1794003750.0,1794003750.0,-12854957.75,-23214599.53999999,207372927.06,249053636.76,41680709.7,13552232.74,2267.11,2231.86,1512.21,1487.0,1681.09,1621.59,23.94,143.9,,,,,,,建筑建材,建筑材料,陶瓷制造,4.73,4.95,4.84
sh600145,国创能源,2012-09-06,4.74,4.79,4.55,4.63,4.75,9688046.0,44844701.0,1748681550.0,1748681550.0,-12854957.75,-23214599.53999999,207372927.06,249053636.76,41680709.7,13552232.74,2045.33,1901.61,589.59,1239.9,1848.99,1335.11,0.0,7.3,,,,,,,建筑建材,建筑材料,陶瓷制造,4.75,4.74,4.73
sh600145,国创能源,2012-09-07,4.69,4.88,4.6,4.78,4.63,12700823.0,60573943.0,1805334300.0,1805334300.0,-12854957.75,-23214599.53999999,207372927.06,249053636.76,41680709.7,13552232.74,2728.21,2858.23,1571.43,1355.36,1755.51,1843.66,2.1,0.0,,,,,,,建筑建材,建筑材料,陶瓷制造,4.65,4.64,4.65
sh600145,国创能源,2012-09-10,4.78,5.04,4.75,4.95,4.78,17812102.0,86889373.0,1869540750.0,1869540750.0,-12854957.75,-23214599.53999999,207372927.06,249053636.76,41680709.7,13552232.74,3741.35,3657.12,1704.06,2356.93,3077.53,2400.5,166.0,274.38,,,,,,,建筑建材,建筑材料,陶瓷制造,4.77,4.82,4.81
sh600145,国创能源,2012-09-11,4.87,5.1,4.85,4.99,4.95,16214903.0,80976825.0,1884648150.0,1884648150.0,-12854957.75,-23214599.53999999,207372927.06,249053636.76,41680709.7,13552232.74,3553.39,3409.13,1386.05,2345.67,3054.36,2325.11,103.89,17.77,,,,,,,建筑建材,建筑材料,陶瓷制造,4.85,4.89,5.0
sh600145,国创能源,2012-09-12,4.95,5.06,4.88,4.97,4.99,11748929.0,58350558.0,1877094450.0,1877094450.0,-12854957.75,-23214599.53999999,207372927.06,249053636.76,41680709.7,13552232.74,2692.5,2822.15,1181.42,1241.02,1961.14,1622.19,0.0,149.7,,,,,,,建筑建材,建筑材料,陶瓷制造,4.98,4.95,4.97
sh600145,国创能源,2012-09-13,4.95,5.03,4.72,4.73,4.97,9549375.0,46898413.0,1786450050.0,1786450050.0,-12854957.75,-23214599.53999999,207372927.06,249053636.76,41680709.7,13552232.74,2330.17,2099.16,471.53,1107.96,1888.15,1482.72,0.0,0.0,,,,,,,建筑建材,建筑材料,陶瓷制造,4.97,4.98,4.98
sh600145,国创能源,2012-09-14,4.86,4.92,4.7,4.72,4.73,7185251.0,34328076.0,1782673200.0,1782673200.0,-12854957.75,-23214599.53999999,207372927.06,249053636.76,41680709.7,13552232.74,1689.49,1649.88,290.78,508.48,1314.85,1142.01,137.69,132.44,,,,,,,建筑建材,建筑材料,陶瓷制造,4.84,4.74,4.76
sh600145,国创能源,2012-09-17,4.72,4.95,4.58,4.77,4.72,10403236.0,49505834.0,1801557450.0,1801557450.0,-12854957.75,-23214599.53999999,207372927.06,249053636.76,41680709.7,13552232.74,2013.92,2489.68,1203.7,866.57,1732.97,1594.33,0.0,0.0,,,,,,,建筑建材,建筑材料,陶瓷制造,4.69,4.7,4.72
sh600145,国创能源,2012-09-18,4.83,5.25,4.74,5.25,4.77,42870415.0,221665667.0,1982846250.0,1982846250.0,-12854957.75,-23214599.53999999,207372927.06,249053636.76,41680709.7,13552232.74,6894.72,7408.58,5221.02,5082.56,5426.62,5410.04,4624.21,4265.39,,,,,,,建筑建材,建筑材料,陶瓷制造,4.81,4.85,5.05
sh600145,国创能源,2012-09-19,5.23,5.34,5.03,5.19,5.25,29778244.0,153631200.0,1960185150.0,1960185150.0,-12854957.75,-23214599.53999999,207372927.06,249053636.76,41680709.7,13552232.74,6473.12,6109.46,2865.94,3801.62,5495.88,4569.6,528.17,882.44,,,,,,,建筑建材,建筑材料,陶瓷制造,5.15,5.25,5.18
sh600145,国创能源,2012-09-20,5.04,5.16,4.89,4.91,5.19,19609109.0,98568984.0,1854433350.0,1854433350.0,-12854957.75,-23214599.53999999,207372927.06,249053636.76,41680709.7,13552232.74,4102.24,4206.51,1623.53,2245.58,3955.91,3229.59,175.22,175.22,,,,,,,建筑建材,建筑材料,陶瓷制造,5.06,5.03,5.03
sh600145,国创能源,2012-09-21,4.89,4.91,4.65,4.71,4.91,15134785.0,71879108.0,1778896350.0,1778896350.0,-12854957.75,-23214599.53999999,207372927.06,249053636.76,41680709.7,13552232.74,2935.09,2962.17,1476.65,1797.81,2647.2,2295.31,128.96,132.62,,,,,,,建筑建材,建筑材料,陶瓷制造,4.77,4.74,4.68
sh600145,国创能源,2012-09-24,4.65,4.67,4.43,4.63,4.71,9928306.0,45304211.0,1748681550.0,1748681550.0,-12854957.75,-23214599.53999999,207372927.06,249053636.76,41680709.7,13552232.74,1924.04,1934.8,597.29,867.88,1867.55,1727.75,141.54,0.0,,,,,,,建筑建材,建筑材料,陶瓷制造,4.6,4.58,4.49
sh600145,国创能源,2012-09-25,4.62,4.71,4.54,4.69,4.63,6964207.0,32359675.0,1771342650.0,1771342650.0,-12854957.75,-23214599.53999999,207372927.06,249053636.76,41680709.7,13552232.74,1307.72,1384.67,639.73,522.93,1288.51,1202.82,0.0,125.54,,,,,,,建筑建材,建筑材料,陶瓷制造,4.64,4.69,4.67
sh600145,国创能源,2012-09-26,4.64,5.16,4.61,4.88,4.69,24878402.0,123394947.0,1843102800.0,1843102800.0,-12854957.75,-23214599.53999999,207372927.06,249053636.76,41680709.7,13552232.74,4658.26,5365.48,2301.93,2414.34,3885.03,3987.14,1494.28,572.53,,,,,,,建筑建材,建筑材料,陶瓷制造,4.64,4.7,4.85
sh600145,国创能源,2012-09-27,4.86,5.26,4.65,5.14,4.88,27877286.0,139747358.0,1941300900.0,1941300900.0,-12854957.75,-23214599.53999999,207372927.06,249053636.76,41680709.7,13552232.74,5757.57,5376.91,3440.01,3362.55,4636.55,4519.13,140.6,716.14,,,,,,,建筑建材,建筑材料,陶瓷制造,4.83,4.66,4.89
sh600145,国创能源,2012-09-28,5.05,5.25,5.02,5.15,5.14,17316575.0,88541735.0,1945077750.0,1945077750.0,-12854957.75,-23214599.53999999,207372927.06,249053636.76,41680709.7,13552232.74,3999.52,3985.23,1677.97,1738.78,3055.04,2999.56,121.64,130.6,,,,,,,建筑建材,建筑材料,陶瓷制造,5.18,5.12,5.08
sh600145,国创能源,2012-10-08,5.15,5.67,5.07,5.59,5.15,43138139.0,236382533.0,2111259150.0,2111259150.0,-12854957.75,-23214599.53999999,207372927.06,249053636.76,41680709.7,13552232.74,8299.15,9126.38,5518.41,6055.65,6043.49,6067.73,3776.19,2387.49,,,,,,,煤炭,煤炭开采Ⅱ,煤炭开采Ⅲ,5.19,5.19,5.14
sh600145,国创能源,2012-10-09,5.44,5.9,5.41,5.69,5.59,44293908.0,249050327.0,2149027650.0,2149027650.0,-12854957.75,-23214599.53999999,207372927.06,249053636.76,41680709.7,13552232.74,10097.49,10574.58,5470.82,5980.98,8172.45,7027.89,1164.28,1321.58,,,,,,,煤炭,煤炭开采Ⅱ,煤炭开采Ⅲ,5.51,5.5,5.53
sh600145,国创能源,2012-10-10,5.67,5.78,5.56,5.64,5.69,23752800.0,134209878.0,2130143400.0,2130143400.0,-12854957.75,-23214599.53999999,207372927.06,249053636.76,41680709.7,13552232.74,5382.43,5705.67,2896.02,2499.12,4872.4,4541.91,270.13,674.29,,,,,,,煤炭,煤炭开采Ⅱ,煤炭开采Ⅲ,5.58,5.64,5.6
sh600145,国创能源,2012-10-11,5.55,5.55,5.3,5.32,5.64,23649080.0,128012772.0,2009284200.0,2009284200.0,-12854957.75,-23214599.53999999,207372927.06,249053636.76,41680709.7,13552232.74,5552.04,4843.4,2752.27,3615.81,4292.31,3792.11,204.66,549.95,,,,,,,煤炭,煤炭开采Ⅱ,煤炭开采Ⅲ,5.46,5.46,5.49
sh600145,国创能源,2012-10-12,5.35,5.85,5.33,5.85,5.32,44628219.0,254673999.0,2209457250.0,2209457250.0,-12854957.75,-23214599.53999999,207372927.06,249053636.76,41680709.7,13552232.74,8997.73,9606.41,6682.81,6165.72,6118.8,6835.48,3668.06,2859.79,,,,,,,煤炭,煤炭开采Ⅱ,煤炭开采Ⅲ,5.41,5.38,5.35
sh600145,国创能源,2012-10-15,5.86,6.26,5.71,5.99,5.85,45345184.0,270224135.0,2262333150.0,2262333150.0,-12854957.75,-23214599.53999999,207372927.06,249053636.76,41680709.7,13552232.74,11877.34,11274.31,5647.09,7140.93,9040.03,7799.87,457.36,806.71,,,,,,,煤炭,煤炭开采Ⅱ,煤炭开采Ⅲ,5.81,5.95,5.98
sh600145,国创能源,2012-10-16,5.9,6.08,5.73,5.88,5.99,26164538.0,153731636.0,2220787800.0,2220787800.0,-12854957.75,-23214599.53999999,207372927.06,249053636.76,41680709.7,13552232.74,6353.1,6652.66,3078.08,3494.81,5395.94,4985.63,546.05,240.07,,,,,,,煤炭,煤炭开采Ⅱ,煤炭开采Ⅲ,5.88,5.77,5.9
sh600145,国创能源,2012-10-17,5.79,6.0,5.71,5.89,5.88,17357491.0,101586347.0,2224564650.0,2224564650.0,-12854957.75,-23214599.53999999,207372927.06,249053636.76,41680709.7,13552232.74,4249.89,4305.82,2099.06,2266.66,3809.69,3471.44,0.0,114.72,,,,,,,煤炭,煤炭开采Ⅱ,煤炭开采Ⅲ,5.82,5.75,5.75
sh600145,国创能源,2012-10-18,5.85,6.15,5.75,6.03,5.89,21462823.0,127515644.0,2277440550.0,2277440550.0,-12854957.75,-23214599.53999999,207372927.06,249053636.76,41680709.7,13552232.74,5848.23,5838.16,2358.53,2529.52,4063.66,4280.8,481.15,103.08,,,,,,,煤炭,煤炭开采Ⅱ,煤炭开采Ⅲ,5.82,5.83,5.86
sh600145,国创能源,2012-10-19,5.97,6.04,5.79,5.8,6.03,14692918.0,86708037.0,2190573000.0,2190573000.0,-12854957.75,-23214599.53999999,207372927.06,249053636.76,41680709.7,13552232.74,3443.17,3383.53,1883.89,2075.31,3192.34,2765.95,147.4,442.01,,,,,,,煤炭,煤炭开采Ⅱ,煤炭开采Ⅲ,5.95,5.96,5.97
sh600145,国创能源,2012-10-22,5.66,5.75,5.5,5.68,5.8,13403220.0,75744984.0,2145250800.0,2145250800.0,-12854957.75,-23214599.53999999,207372927.06,249053636.76,41680709.7,13552232.74,3560.61,3296.67,1297.54,2137.95,2690.87,2021.48,24.91,117.83,,,,,,,煤炭,煤炭开采Ⅱ,煤炭开采Ⅲ,5.56,5.66,5.62
sh600145,国创能源,2012-10-23,5.68,6.1,5.64,5.81,5.68,21959743.0,130052452.0,2194349850.0,2194349850.0,-12854957.75,-23214599.53999999,207372927.06,249053636.76,41680709.7,13552232.74,5522.64,5595.74,2864.21,2830.78,4146.4,4155.89,471.99,422.83,,,,,,,煤炭,煤炭开采Ⅱ,煤炭开采Ⅲ,5.67,5.74,5.85
sh600145,国创能源,2012-10-24,5.7,6.28,5.63,6.15,5.81,37220469.0,226466616.0,2322762750.0,2322762750.0,-12854957.75,-23214599.53999999,207372927.06,249053636.76,41680709.7,13552232.74,9630.2,9613.07,4979.79,6035.74,7379.63,6862.78,657.04,135.07,,,,,,,煤炭,煤炭开采Ⅱ,煤炭开采Ⅲ,5.75,5.9,6.03
sh600145,国创能源,2012-10-25,6.06,6.1,5.73,5.74,6.15,27274522.0,160302360.0,2167911900.0,2167911900.0,-12854957.75,-23214599.53999999,207372927.06,249053636.76,41680709.7,13552232.74,6629.14,6077.77,3734.36,4924.47,5403.35,4213.26,262.81,814.16,,,,,,,煤炭,煤炭开采Ⅱ,煤炭开采Ⅲ,6.03,6.05,5.96
sh600145,国创能源,2012-10-26,5.65,5.83,5.56,5.67,5.74,14778389.0,84257243.0,2141473950.0,2141473950.0,-12854957.75,-23214599.53999999,207372927.06,249053636.76,41680709.7,13552232.74,3970.87,4213.6,1221.5,1483.68,2954.46,2455.32,278.89,273.12,,,,,,,煤炭,煤炭开采Ⅱ,煤炭开采Ⅲ,5.74,5.71,5.68
sh600145,国创能源,2012-10-29,5.67,5.95,5.67,5.79,5.67,14774807.0,86195744.0,2186796150.0,2186796150.0,-12854957.75,-23214599.53999999,207372927.06,249053636.76,41680709.7,13552232.74,4364.37,4465.74,1462.4,1533.43,2789.32,2616.93,0.0,0.0,,,,,,,煤炭,煤炭开采Ⅱ,煤炭开采Ⅲ,5.73,5.89,5.82
sh600145,国创能源,2012-10-30,5.7,5.83,5.38,5.67,5.79,17657462.0,98348667.0,2141473950.0,2141473950.0,-12854957.75,-23214599.53999999,207372927.06,249053636.76,41680709.7,13552232.74,4254.15,3923.51,1635.05,2393.96,3828.58,2897.66,117.09,619.73,,,,,,,煤炭,煤炭开采Ⅱ,煤炭开采Ⅲ,5.79,5.8,5.68
sh600145,国创能源,2012-10-31,5.58,5.69,5.45,5.64,5.67,9303569.0,51880430.0,2130143400.0,2130143400.0,-12519056.950000001,-27223707.130000003,207803466.23,248853213.85,41049747.62,358952.16000000015,2265.7,2429.3,1075.24,848.36,1847.1,1910.38,0.0,0.0,,,,,,,煤炭,煤炭开采Ⅱ,煤炭开采Ⅲ,5.52,5.5,5.5
sh600145,国创能源,2012-11-01,5.6,5.75,5.51,5.55,5.64,14385368.0,80845958.0,2096151750.0,2096151750.0,-12519056.950000001,-27223707.130000003,207803466.23,248853213.85,41049747.62,358952.16000000015,3497.87,2687.19,1624.32,1354.94,2793.33,2170.52,169.08,1871.95,,,,,,,煤炭,煤炭开采Ⅱ,煤炭开采Ⅲ,5.64,5.67,5.68
sh600145,国创能源,2012-11-02,5.5,5.59,5.29,5.44,5.55,14303668.0,77372592.0,2054606400.0,2054606400.0,-12519056.950000001,-27223707.130000003,207803466.23,248853213.85,41049747.62,358952.16000000015,3070.14,2778.29,1487.31,2503.04,3055.03,2118.57,124.23,336.81,,,,,,,煤炭,煤炭开采Ⅱ,煤炭开采Ⅲ,5.56,5.47,5.38
sh600145,国创能源,2012-11-05,5.4,5.65,5.32,5.51,5.44,14025443.0,77951651.0,2081044350.0,2081044350.0,-12519056.950000001,-27223707.130000003,207803466.23,248853213.85,41049747.62,358952.16000000015,3550.07,3619.9,1334.41,1586.84,2791.48,2587.65,118.43,0.0,,,,,,,煤炭,煤炭开采Ⅱ,煤炭开采Ⅲ,5.36,5.42,5.44
sh600145,国创能源,2012-11-06,5.47,5.68,5.41,5.65,5.51,13394360.0,74699165.0,2133920250.0,2133920250.0,-12519056.950000001,-27223707.130000003,207803466.23,248853213.85,41049747.62,358952.16000000015,3384.97,3590.59,1351.57,1258.41,2588.9,2471.09,143.92,149.26,,,,,,,煤炭,煤炭开采Ⅱ,煤炭开采Ⅲ,5.52,5.54,5.57
sh600145,国创能源,2012-11-07,5.6,5.72,5.49,5.5,5.65,9483308.0,53185934.0,2077267500.0,2077267500.0,-12519056.950000001,-27223707.130000003,207803466.23,248853213.85,41049747.62,358952.16000000015,2341.99,2468.95,963.14,1053.79,2013.46,1795.57,0.0,0.28,,,,,,,煤炭,煤炭开采Ⅱ,煤炭开采Ⅲ,5.66,5.65,5.6
sh600145,国创能源,2012-11-08,5.35,5.4,5.15,5.16,5.5,11624491.0,60979971.0,1948854600.0,1948854600.0,-12519056.950000001,-27223707.130000003,207803466.23,248853213.85,41049747.62,358952.16000000015,2148.58,2426.02,1075.7,1365.92,2668.96,1859.12,204.66,446.83,,,,,,,煤炭,煤炭开采Ⅱ,煤炭开采Ⅲ,5.37,5.31,5.3
sh600145,国创能源,2012-11-09,5.17,5.22,5.05,5.11,5.16,5887318.0,30111124.0,1929970350.0,1929970350.0,-12519056.950000001,-27223707.130000003,207803466.23,248853213.85,41049747.62,358952.16000000015,1256.94,1362.97,445.49,756.1,1308.68,892.04,0.0,0.0,,,,,,,煤炭,煤炭开采Ⅱ,煤炭开采Ⅲ,5.18,5.2,5.13
sh600145,国创能源,2012-11-12,5.13,5.33,5.1,5.24,5.11,6674302.0,34960744.0,1979069400.0,1979069400.0,-12519056.950000001,-27223707.130000003,207803466.23,248853213.85,41049747.62,358952.16000000015,1604.49,1662.1,605.46,551.93,1285.87,1281.79,0.0,0.0,,,,,,,煤炭,煤炭开采Ⅱ,煤炭开采Ⅲ,5.16,5.23,5.29
sh600145,国创能源,2012-11-13,5.2,5.31,5.12,5.17,5.24,5080630.0,26514637.0,1952631450.0,1952631450.0,-12519056.950000001,-27223707.130000003,207803466.23,248853213.85,41049747.62,358952.16000000015,1185.39,1275.26,355.99,277.11,1100.0,1089.0,0.0,0.0,,,,,,,煤炭,煤炭开采Ⅱ,煤炭开采Ⅲ,5.25,5.2,5.2
sh600145,国创能源,2012-11-14,5.15,5.2,4.72,4.88,5.17,10734270.0,52821028.0,1843102800.0,1843102800.0,-12519056.950000001,-27223707.130000003,207803466.23,248853213.85,41049747.62,358952.16000000015,2526.43,2398.11,356.27,1022.91,2399.41,1567.67,0.0,293.42,,,,,,,煤炭,煤炭开采Ⅱ,煤炭开采Ⅲ,5.18,5.18,5.16
sh600145,国创能源,2012-11-15,4.76,4.88,4.68,4.73,4.88,5676111.0,27208532.0,1786450050.0,1786450050.0,-12519056.950000001,-27223707.130000003,207803466.23,248853213.85,41049747.62,358952.16000000015,1219.82,1228.3,424.3,474.06,1076.49,1018.26,0.0,0.0,,,,,,,煤炭,煤炭开采Ⅱ,煤炭开采Ⅲ,4.82,4.87,4.85
sh600145,国创能源,2012-11-16,4.74,4.78,4.59,4.66,4.73,5099327.0,23638121.0,1760012100.0,1760012100.0,-12519056.950000001,-27223707.130000003,207803466.23,248853213.85,41049747.62,358952.16000000015,994.48,925.8,416.93,727.0,952.4,711.02,0.0,0.0,,,,,,,煤炭,煤炭开采Ⅱ,煤炭开采Ⅲ,4.7,4.65,4.67
sh600145,国创能源,2012-11-19,4.66,4.69,4.53,4.66,4.66,4380292.0,20156863.0,1760012100.0,1760012100.0,-12519056.950000001,-27223707.130000003,207803466.23,248853213.85,41049747.62,358952.16000000015,989.03,1010.13,135.09,368.37,891.57,637.19,0.0,0.0,,,,,,,煤炭,煤炭开采Ⅱ,煤炭开采Ⅲ,4.64,4.66,4.67
sh600145,国创能源,2012-11-20,4.67,4.82,4.65,4.75,4.66,6346943.0,29975152.0,1794003750.0,1794003750.0,-12519056.950000001,-27223707.130000003,207803466.23,248853213.85,41049747.62,358952.16000000015,1470.53,1618.57,344.14,265.11,1182.84,1113.84,0.0,0.0,,,,,,,煤炭,煤炭开采Ⅱ,煤炭开采Ⅲ,4.67,4.66,4.66
sh600145,国创能源,2012-11-21,4.7,5.12,4.68,5.03,4.75,13306547.0,65414150.0,1899755550.0,1899755550.0,-12519056.950000001,-27223707.130000003,207803466.23,248853213.85,41049747.62,358952.16000000015,2500.44,3096.26,1718.45,1053.23,1977.92,2391.93,344.6,0.0,,,,,,,煤炭,煤炭开采Ⅱ,煤炭开采Ⅲ,4.72,4.73,4.72
sh600145,国创能源,2012-11-22,4.99,5.05,4.86,4.89,5.03,6786364.0,33638061.0,1846879650.0,1846879650.0,-12519056.950000001,-27223707.130000003,207803466.23,248853213.85,41049747.62,358952.16000000015,1408.95,1453.24,426.32,583.48,1528.54,1224.96,0.0,102.13,,,,,,,煤炭,煤炭开采Ⅱ,煤炭开采Ⅲ,4.94,5.01,5.0
sh600145,国创能源,2012-11-23,4.83,5.05,4.83,4.93,4.89,5302497.0,26351955.0,1861987050.0,1861987050.0,-12519056.950000001,-27223707.130000003,207803466.23,248853213.85,41049747.62,358952.16000000015,1024.1,1055.24,700.48,534.2,909.98,1045.11,0.0,0.0,,,,,,,煤炭,煤炭开采Ⅱ,煤炭开采Ⅲ,4.93,4.95,4.95
sh600145,国创能源,2012-11-26,4.93,5.05,4.84,4.99,4.93,5749190.0,28561260.0,1884648150.0,1884648150.0,-12519056.950000001,-27223707.130000003,207803466.23,248853213.85,41049747.62,358952.16000000015,931.24,1157.01,1036.82,610.17,877.67,1088.95,10.4,0.0,,,,,,,煤炭,煤炭开采Ⅱ,煤炭开采Ⅲ,4.93,4.89,4.87
sh600145,国创能源,2012-11-27,4.99,4.99,4.64,4.66,4.99,5209966.0,24905460.0,1760012100.0,1760012100.0,-12519056.950000001,-27223707.130000003,207803466.23,248853213.85,41049747.62,358952.16000000015,1037.77,1044.03,309.53,536.31,1143.25,910.21,0.0,0.0,,,,,,,煤炭,煤炭开采Ⅱ,煤炭开采Ⅲ,4.95,4.95,4.9
sh600145,国创能源,2012-11-28,4.61,4.76,4.6,4.64,4.66,3687736.0,17239912.0,1752458400.0,1752458400.0,-12519056.950000001,-27223707.130000003,207803466.23,248853213.85,41049747.62,358952.16000000015,721.38,672.76,366.3,341.65,636.31,663.75,0.0,45.83,,,,,,,煤炭,煤炭开采Ⅱ,煤炭开采Ⅲ,4.64,4.69,4.67
sh600145,国创能源,2012-11-29,4.7,4.74,4.58,4.59,4.64,4411312.0,20579073.0,1733574150.0,1733574150.0,-12519056.950000001,-27223707.130000003,207803466.23,248853213.85,41049747.62,358952.16000000015,861.64,899.7,368.79,454.31,637.39,703.89,190.09,0.0,,,,,,,煤炭,煤炭开采Ⅱ,煤炭开采Ⅲ,4.68,4.66,4.65
sh600145,国创能源,2012-11-30,4.55,4.75,4.51,4.7,4.59,4545322.0,21259360.0,1775119500.0,1775119500.0,-12519056.950000001,-27223707.130000003,207803466.23,248853213.85,41049747.62,358952.16000000015,746.75,902.25,676.83,144.17,532.69,748.57,169.67,330.95,,,,,,,煤炭,煤炭开采Ⅱ,煤炭开采Ⅲ,4.61,4.52,4.57
sh600145,国创能源,2012-12-03,4.66,4.8,4.64,4.65,4.7,3822382.0,18088914.0,1756235250.0,1756235250.0,-12519056.950000001,-27223707.130000003,207803466.23,248853213.85,41049747.62,358952.16000000015,661.18,631.27,453.92,348.42,693.79,711.41,0.0,117.78,,,,,,,煤炭,煤炭开采Ⅱ,煤炭开采Ⅲ,4.68,4.75,4.79
sh600145,国创能源,2012-12-04,4.65,4.87,4.65,4.8,4.65,7205340.0,34422221.0,1812888000.0,1812888000.0,-12519056.950000001,-27223707.130000003,207803466.23,248853213.85,41049747.62,358952.16000000015,1150.21,1152.27,875.18,904.69,1150.46,1160.76,266.36,224.49,,,,,,,煤炭,煤炭开采Ⅱ,煤炭开采Ⅲ,4.68,4.68,4.71
sh600145,国创能源,2012-12-05,4.82,5.06,4.76,4.98,4.8,10398275.0,51172010.0,1880871300.0,1880871300.0,-12519056.950000001,-27223707.130000003,207803466.23,248853213.85,41049747.62,358952.16000000015,2399.93,1994.5,696.44,800.07,2020.77,1826.08,0.0,496.48,,,,,,,煤炭,煤炭开采Ⅱ,煤炭开采Ⅲ,4.78,4.83,4.81
sh600145,国创能源,2012-12-06,4.93,5.0,4.89,4.92,4.98,6298228.0,30985267.0,1858210200.0,1858210200.0,-12519056.950000001,-27223707.130000003,207803466.23,248853213.85,41049747.62,358952.16000000015,1435.45,1005.14,521.0,951.26,1142.06,990.55,0.0,151.57,,,,,,,煤炭,煤炭开采Ⅱ,煤炭开采Ⅲ,4.94,4.98,4.94
sh600145,国创能源,2012-12-07,4.91,5.08,4.84,5.01,4.92,9454618.0,47068792.0,1892201850.0,1892201850.0,-12519056.950000001,-27223707.130000003,207803466.23,248853213.85,41049747.62,358952.16000000015,2081.51,2056.16,816.24,924.79,1809.11,1725.92,0.0,0.0,,,,,,,煤炭,煤炭开采Ⅱ,煤炭开采Ⅲ,4.9,4.88,4.92
sh600145,国创能源,2012-12-10,5.03,5.15,4.91,5.07,5.01,10277781.0,51779036.0,1914862950.0,1914862950.0,-12519056.950000001,-27223707.130000003,207803466.23,248853213.85,41049747.62,358952.16000000015,2067.87,2075.88,913.15,1102.81,2166.34,1979.77,26.01,14.91,,,,,,,煤炭,煤炭开采Ⅱ,煤炭开采Ⅲ,4.97,4.95,4.96
sh600145,国创能源,2012-12-11,5.03,5.33,4.98,5.07,5.07,14075576.0,72763802.0,1914862950.0,1914862950.0,-12519056.950000001,-27223707.130000003,207803466.23,248853213.85,41049747.62,358952.16000000015,2955.25,2839.47,1060.92,1320.09,2889.8,2692.39,370.39,424.4,,,,,,,煤炭,煤炭开采Ⅱ,煤炭开采Ⅲ,5.03,5.05,5.09
sh600145,国创能源,2012-12-12,5.03,5.09,4.9,4.98,5.07,10010881.0,49971827.0,1880871300.0,1880871300.0,-12519056.950000001,-27223707.130000003,207803466.23,248853213.85,41049747.62,358952.16000000015,2361.42,2312.37,588.08,990.31,2047.67,1547.02,0.0,147.47,,,,,,,煤炭,煤炭开采Ⅱ,煤炭开采Ⅲ,5.07,5.05,5.07
sh600145,国创能源,2012-12-13,4.94,5.15,4.9,5.05,4.98,10167328.0,51225982.0,1907309250.0,1907309250.0,-12519056.950000001,-27223707.130000003,207803466.23,248853213.85,41049747.62,358952.16000000015,2247.98,1946.43,799.53,1216.61,2067.59,1920.93,7.48,38.61,,,,,,,煤炭,煤炭开采Ⅱ,煤炭开采Ⅲ,4.98,5.03,5.01
sh600145,国创能源,2012-12-14,5.1,5.3,5.04,5.21,5.05,15360047.0,79635269.0,1967738850.0,1967738850.0,-12519056.950000001,-27223707.130000003,207803466.23,248853213.85,41049747.62,358952.16000000015,3277.96,3267.66,1274.82,1475.76,3137.6,3065.29,273.11,154.78,,,,,,,煤炭,煤炭开采Ⅱ,煤炭开采Ⅲ,5.07,5.1,5.16
sh600145,国创能源,2012-12-17,5.18,5.34,5.15,5.33,5.21,12752660.0,67065201.0,2013061050.0,2013061050.0,-12519056.950000001,-27223707.130000003,207803466.23,248853213.85,41049747.62,358952.16000000015,2813.64,2931.3,784.31,762.78,2892.37,2817.37,214.73,193.61,,,,,,,煤炭,煤炭开采Ⅱ,煤炭开采Ⅲ,5.2,5.22,5.23
sh600145,国创能源,2012-12-18,5.29,5.35,5.18,5.33,5.33,12299490.0,64669732.0,2013061050.0,2013061050.0,-12519056.950000001,-27223707.130000003,207803466.23,248853213.85,41049747.62,358952.16000000015,2954.63,3033.71,837.95,1016.26,2510.38,2310.96,163.25,105.28,,,,,,,煤炭,煤炭开采Ⅱ,煤炭开采Ⅲ,5.27,5.24,5.28
sh600145,国创能源,2012-12-19,5.27,5.33,5.19,5.25,5.33,8420958.0,44079744.0,1982846250.0,1982846250.0,-12519056.950000001,-27223707.130000003,207803466.23,248853213.85,41049747.62,358952.16000000015,1842.72,1635.21,838.12,1399.33,1727.12,1269.2,0.0,104.22,,,,,,,煤炭,煤炭开采Ⅱ,煤炭开采Ⅲ,5.3,5.28,5.28
sh600145,国创能源,2012-12-20,5.22,5.27,5.07,5.16,5.25,6675082.0,34324992.0,1948854600.0,1948854600.0,-12519056.950000001,-27223707.130000003,207803466.23,248853213.85,41049747.62,358952.16000000015,1418.63,1301.11,301.98,538.28,1343.73,1295.01,353.31,283.25,,,,,,,煤炭,煤炭开采Ⅱ,煤炭开采Ⅲ,5.2,5.18,5.17
sh600145,国创能源,2012-12-21,5.17,5.25,4.65,4.99,5.16,7676770.0,39140309.0,1884648150.0,1884648150.0,-12519056.950000001,-27223707.130000003,207803466.23,248853213.85,41049747.62,358952.16000000015,1546.17,1523.47,490.85,766.47,1876.85,1390.65,0.0,233.28,,,,,,,煤炭,煤炭开采Ⅱ,煤炭开采Ⅲ,5.18,5.15,5.21
sh600145,国创能源,2012-12-24,4.99,5.06,4.93,5.03,4.99,6207730.0,31076417.0,1899755550.0,1899755550.0,-12519056.950000001,-27223707.130000003,207803466.23,248853213.85,41049747.62,358952.16000000015,1427.19,1154.31,448.2,353.9,1127.83,961.43,104.42,637.99,,,,,,,煤炭,煤炭开采Ⅱ,煤炭开采Ⅲ,5.01,5.01,5.0
sh600145,国创能源,2012-12-25,5.0,5.13,4.98,5.11,5.03,9031720.0,45825903.0,1929970350.0,1929970350.0,-12519056.950000001,-27223707.130000003,207803466.23,248853213.85,41049747.62,358952.16000000015,1718.48,1761.41,1079.06,1020.29,1684.23,1314.54,100.8,486.34,,,,,,,煤炭,煤炭开采Ⅱ,煤炭开采Ⅲ,5.0,5.0,5.01
sh600145,国创能源,2012-12-26,5.12,5.16,5.09,5.15,5.11,6562015.0,33619122.0,1945077750.0,1945077750.0,-12519056.950000001,-27223707.130000003,207803466.23,248853213.85,41049747.62,358952.16000000015,1621.3,1526.5,448.46,558.21,1292.14,1248.5,0.0,28.69,,,,,,,煤炭,煤炭开采Ⅱ,煤炭开采Ⅲ,5.11,5.16,5.14
sh600145,国创能源,2012-12-27,5.17,5.62,5.13,5.37,5.15,22766501.0,123479829.0,2028168450.0,2028168450.0,-12519056.950000001,-27223707.130000003,207803466.23,248853213.85,41049747.62,358952.16000000015,4242.92,4981.12,2518.4,2216.3,4814.19,4850.69,772.43,299.84,,,,,,,煤炭,煤炭开采Ⅱ,煤炭开采Ⅲ,5.15,5.18,5.15
sh600145,国创能源,2012-12-28,5.37,5.4,5.21,5.34,5.37,10936947.0,57991545.0,2016837900.0,2016837900.0,-12519056.950000001,-27223707.130000003,207803466.23,248853213.85,41049747.62,358952.16000000015,2401.61,2065.51,753.0,1566.19,2633.5,2036.86,11.02,130.58,,,,,,,煤炭,煤炭开采Ⅱ,煤炭开采Ⅲ,5.31,5.25,5.26
sh600145,国创能源,2012-12-31,5.31,5.4,5.27,5.31,5.34,6979546.0,37095235.0,2005507350.0,2005507350.0,-12519056.950000001,-27223707.130000003,207803466.23,248853213.85,41049747.62,358952.16000000015,1732.24,1420.78,248.48,877.29,1728.78,1411.43,0.0,0.0,,,,,,,煤炭,煤炭开采Ⅱ,煤炭开采Ⅲ,5.38,5.34,5.33
sh600145,国创能源,2013-01-04,5.38,5.43,5.28,5.35,5.31,7194130.0,38341393.0,2020614750.0,2020614750.0,-12519056.950000001,-27223707.130000003,207803466.23,248853213.85,41049747.62,358952.16000000015,1655.86,1757.78,608.86,685.39,1569.41,1390.96,0.0,0.0,,,,,,,煤炭,煤炭开采Ⅱ,煤炭开采Ⅲ,5.36,5.3,5.31
sh600145,国创能源,2013-01-07,5.35,5.55,5.31,5.47,5.35,13683077.0,74638525.0,2065936950.0,2065936950.0,-12519056.950000001,-27223707.130000003,207803466.23,248853213.85,41049747.62,358952.16000000015,3050.91,2539.97,1473.64,1570.54,2614.64,2449.07,324.64,904.24,,,,,,,煤炭,煤炭开采Ⅱ,煤炭开采Ⅲ,5.37,5.38,5.37
sh600145,国创能源,2013-01-08,5.44,5.46,5.36,5.41,5.47,10123091.0,54701204.0,2043275850.0,2043275850.0,-12519056.950000001,-27223707.130000003,207803466.23,248853213.85,41049747.62,358952.16000000015,2045.86,2240.77,1072.19,1041.06,2244.68,1938.67,107.37,249.59,,,,,,,煤炭,煤炭开采Ⅱ,煤炭开采Ⅲ,5.44,5.41,5.43
sh600145,国创能源,2013-01-09,5.4,5.49,5.3,5.41,5.41,8523854.0,46093792.0,2043275850.0,2043275850.0,-12519056.950000001,-27223707.130000003,207803466.23,248853213.85,41049747.62,358952.16000000015,1901.27,1852.42,428.31,874.6,2045.44,1751.39,234.35,130.95,,,,,,,煤炭,煤炭开采Ⅱ,煤炭开采Ⅲ,5.37,5.4,5.41
sh600145,国创能源,2013-01-10,5.4,5.44,5.33,5.4,5.41,7344199.0,39543261.0,2039499000.0,2039499000.0,-12519056.950000001,-27223707.130000003,207803466.23,248853213.85,41049747.62,358952.16000000015,1504.81,1574.34,683.85,903.86,1760.32,1476.11,5.34,0.0,,,,,,,煤炭,煤炭开采Ⅱ,煤炭开采Ⅲ,5.39,5.38,5.37
sh600145,国创能源,2013-01-11,5.4,5.43,5.18,5.19,5.4,7100399.0,37522125.0,1960185150.0,1960185150.0,-12519056.950000001,-27223707.130000003,207803466.23,248853213.85,41049747.62,358952.16000000015,1346.59,1724.72,652.63,549.14,1638.36,1348.71,114.62,129.63,,,,,,,煤炭,煤炭开采Ⅱ,煤炭开采Ⅲ,5.39,5.38,5.39
sh600145,国创能源,2013-01-14,5.15,5.29,5.06,5.28,5.19,10547528.0,54742992.0,1994176800.0,1994176800.0,-12519056.950000001,-27223707.130000003,207803466.23,248853213.85,41049747.62,358952.16000000015,2363.78,2193.33,958.77,1327.18,2048.94,1790.2,102.79,163.58,,,,,,,煤炭,煤炭开采Ⅱ,煤炭开采Ⅲ,5.14,5.13,5.09
sh600145,国创能源,2013-01-15,5.27,5.39,5.23,5.38,5.28,12299344.0,65212593.0,2031945300.0,2031945300.0,-12519056.950000001,-27223707.130000003,207803466.23,248853213.85,41049747.62,358952.16000000015,2861.51,2570.46,1374.79,1261.39,2284.93,2027.25,0.0,662.13,,,,,,,煤炭,煤炭开采Ⅱ,煤炭开采Ⅲ,5.25,5.3,5.3
sh600145,国创能源,2013-01-16,5.35,5.48,5.31,5.4,5.38,12639931.0,68117636.0,2039499000.0,2039499000.0,-12519056.950000001,-27223707.130000003,207803466.23,248853213.85,41049747.62,358952.16000000015,2700.58,2712.84,1558.79,1700.82,2272.49,2398.09,279.88,0.0,,,,,,,煤炭,煤炭开采Ⅱ,煤炭开采Ⅲ,5.35,5.33,5.33
sh600145,国创能源,2013-01-17,5.4,5.4,5.19,5.3,5.4,8332321.0,44098760.0,2001730500.0,2001730500.0,-12519056.950000001,-27223707.130000003,207803466.23,248853213.85,41049747.62,358952.16000000015,1769.28,1653.97,907.29,1025.96,1552.97,1345.24,180.32,384.69,,,,,,,煤炭,煤炭开采Ⅱ,煤炭开采Ⅲ,5.35,5.32,5.35
sh600145,国创能源,2013-01-18,5.33,5.41,5.32,5.38,5.3,7635480.0,41054578.0,2031945300.0,2031945300.0,-12519056.950000001,-27223707.130000003,207803466.23,248853213.85,41049747.62,358952.16000000015,1768.02,1808.5,859.8,765.03,1337.53,1531.92,140.11,0.0,,,,,,,煤炭,煤炭开采Ⅱ,煤炭开采Ⅲ,5.37,5.37,5.39
sh600145,国创能源,2013-01-21,5.36,5.54,5.32,5.39,5.38,12843961.0,69605865.0,2035722150.0,2035722150.0,-12519056.950000001,-27223707.130000003,207803466.23,248853213.85,41049747.62,358952.16000000015,3184.98,2969.79,1189.03,1655.9,2414.75,2114.78,171.8,220.1,,,,,,,煤炭,煤炭开采Ⅱ,煤炭开采Ⅲ,5.34,5.35,5.34
sh600145,国创能源,2013-01-22,5.4,5.61,5.31,5.59,5.39,19063161.0,104317756.0,2111259150.0,2111259150.0,-12519056.950000001,-27223707.130000003,207803466.23,248853213.85,41049747.62,358952.16000000015,4561.31,4506.27,1536.77,2041.52,3567.28,3879.82,762.25,0.0,,,,,,,煤炭,煤炭开采Ⅱ,煤炭开采Ⅲ,5.43,5.4,5.35
sh600145,国创能源,2013-01-23,5.51,5.92,5.49,5.83,5.59,33240480.0,189851011.0,2201903550.0,2201903550.0,-12519056.950000001,-27223707.130000003,207803466.23,248853213.85,41049747.62,358952.16000000015,7669.33,8010.42,3694.37,3294.97,6250.63,6588.33,1370.73,1091.33,,,,,,,煤炭,煤炭开采Ⅱ,煤炭开采Ⅲ,5.61,5.66,5.65
sh600145,国创能源,2013-01-24,5.79,5.85,5.48,5.53,5.83,19080363.0,108116144.0,2088598050.0,2088598050.0,-12519056.950000001,-27223707.130000003,207803466.23,248853213.85,41049747.62,358952.16000000015,4700.7,4490.77,1696.98,2328.75,4413.91,3554.65,0.0,437.42,,,,,,,煤炭,煤炭开采Ⅱ,煤炭开采Ⅲ,5.8,5.74,5.74
sh600145,国创能源,2013-01-25,5.53,5.64,5.48,5.51,5.53,8517155.0,47373556.0,2081044350.0,2081044350.0,-12519056.950000001,-27223707.130000003,207803466.23,248853213.85,41049747.62,358952.16000000015,1958.57,1918.91,1072.51,1148.74,1706.26,1669.7,0.0,0.0,,,,,,,煤炭,煤炭开采Ⅱ,煤炭开采Ⅲ,5.54,5.54,5.54
sh600145,国创能源,2013-01-28,5.51,5.6,5.36,5.59,5.51,8825407.0,48535070.0,2111259150.0,2111259150.0,-12519056.950000001,-27223707.130000003,207803466.23,248853213.85,41049747.62,358952.16000000015,2120.51,2087.23,596.39,953.46,2136.59,1812.8,0.0,0.0,,,,,,,煤炭,煤炭开采Ⅱ,煤炭开采Ⅲ,5.48,5.44,5.49
sh600145,国创能源,2013-01-29,5.58,5.62,5.47,5.56,5.59,8240694.0,45567149.0,2099928600.0,2099928600.0,-12519056.950000001,-27223707.130000003,207803466.23,248853213.85,41049747.62,358952.16000000015,1997.17,1971.29,406.36,1034.84,2153.16,1550.56,0.0,0.0,,,,,,,煤炭,煤炭开采Ⅱ,煤炭开采Ⅲ,5.58,5.58,5.6
sh600145,国创能源,2013-01-30,5.56,5.82,5.49,5.74,5.56,15960108.0,90876587.0,2167911900.0,2167911900.0,-12519056.950000001,-27223707.130000003,207803466.23,248853213.85,41049747.62,358952.16000000015,3531.18,4132.17,2161.88,1356.63,3134.15,3598.83,260.41,0.0,,,,,,,煤炭,煤炭开采Ⅱ,煤炭开采Ⅲ,5.53,5.5,5.63
sh600145,国创能源,2013-01-31,5.67,5.84,5.58,5.79,5.74,15674881.0,89953455.0,2186796150.0,2186796150.0,-12519056.950000001,-27223707.130000003,207803466.23,248853213.85,41049747.62,358952.16000000015,3850.19,3789.81,1927.63,1897.44,3204.68,2892.1,12.77,415.92,,,,,,,煤炭,煤炭开采Ⅱ,煤炭开采Ⅲ,5.71,5.72,5.6
sh600145,国创能源,2013-02-01,5.71,5.81,5.65,5.72,5.79,8608168.0,49279089.0,2160358200.0,2160358200.0,-12519056.950000001,-27223707.130000003,207803466.23,248853213.85,41049747.62,358952.16000000015,1820.96,2126.03,1005.94,1074.11,1932.78,1622.71,168.22,105.05,,,,,,,煤炭,煤炭开采Ⅱ,煤炭开采Ⅲ,5.74,5.73,5.79
sh600145,国创能源,2013-02-04,5.71,6.03,5.62,5.9,5.72,21755113.0,126574819.0,2228341500.0,2228341500.0,-12519056.950000001,-27223707.130000003,207803466.23,248853213.85,41049747.62,358952.16000000015,4952.3,5533.24,2937.79,2606.53,4048.19,4054.34,719.17,463.36,,,,,,,煤炭,煤炭开采Ⅱ,煤炭开采Ⅲ,5.7,5.8,5.79
sh600145,国创能源,2013-02-05,5.81,6.05,5.72,5.99,5.9,17010343.0,100910477.0,2262333150.0,2262333150.0,-12519056.950000001,-27223707.130000003,207803466.23,248853213.85,41049747.62,358952.16000000015,4103.74,4679.24,1912.77,1548.16,3422.7,3552.74,650.02,309.08,,,,,,,煤炭,煤炭开采Ⅱ,煤炭开采Ⅲ,5.82,5.84,5.84
sh600145,国创能源,2013-02-06,5.99,5.99,5.82,5.85,5.99,9845291.0,58056563.0,2209457250.0,2209457250.0,-12519056.950000001,-27223707.130000003,207803466.23,248853213.85,41049747.62,358952.16000000015,2714.53,2856.91,937.17,907.53,2153.94,1866.07,0.0,175.13,,,,,,,煤炭,煤炭开采Ⅱ,煤炭开采Ⅲ,5.96,5.92,5.93
sh600145,国创能源,2013-02-08,6.0,6.0,5.74,5.77,5.85,10071938.0,58729351.0,2179242450.0,2179242450.0,-12519056.950000001,-27223707.130000003,207803466.23,248853213.85,41049747.62,358952.16000000015,2566.04,2849.32,972.52,1020.17,2334.3,1800.73,0.0,202.64,,,,,,,煤炭,煤炭开采Ⅱ,煤炭开采Ⅲ,5.92,5.89,5.87
sh600145,国创能源,2013-02-18,5.79,6.21,5.76,6.1,5.77,19580516.0,117757978.0,2303878500.0,2303878500.0,-12519056.950000001,-27223707.130000003,207803466.23,248853213.85,41049747.62,358952.16000000015,4153.92,5016.27,3044.46,2476.13,3636.35,4280.13,941.06,3.25,,,,,,,煤炭,煤炭开采Ⅱ,煤炭开采Ⅲ,5.77,5.8,5.91
sh600145,国创能源,2013-02-19,6.06,6.17,5.89,6.01,6.1,12997489.0,77771084.0,2269886850.0,2269886850.0,-12519056.950000001,-27223707.130000003,207803466.23,248853213.85,41049747.62,358952.16000000015,3396.86,3150.83,1878.72,2303.84,2479.18,2084.4,22.33,238.01,,,,,,,煤炭,煤炭开采Ⅱ,煤炭开采Ⅲ,6.07,6.06,6.03
sh600145,国创能源,2013-02-20,6.0,6.16,5.97,6.09,6.01,12452183.0,75399295.0,2300101650.0,2300101650.0,-12519056.950000001,-27223707.130000003,207803466.23,248853213.85,41049747.62,358952.16000000015,2899.45,2815.95,1314.46,1837.15,2298.16,2285.41,1027.86,601.41,,,,,,,煤炭,煤炭开采Ⅱ,煤炭开采Ⅲ,5.98,6.06,6.16
sh600145,国创能源,2013-02-21,6.09,6.1,5.91,5.95,6.09,8383190.0,50062380.0,2247225750.0,2247225750.0,-12519056.950000001,-27223707.130000003,207803466.23,248853213.85,41049747.62,358952.16000000015,2041.74,1957.86,1147.42,1214.68,1590.36,1526.19,226.7,307.49,,,,,,,煤炭,煤炭开采Ⅱ,煤炭开采Ⅲ,5.97,5.96,5.97
sh600145,国创能源,2013-02-22,5.95,6.09,5.78,5.82,5.95,7431460.0,43753601.0,2198126700.0,2198126700.0,-12519056.950000001,-27223707.130000003,207803466.23,248853213.85,41049747.62,358952.16000000015,2004.1,1545.45,690.05,1544.8,1566.64,1285.1,114.57,0.0,,,,,,,煤炭,煤炭开采Ⅱ,煤炭开采Ⅲ,5.99,5.96,5.96
sh600145,国创能源,2013-02-25,5.84,5.89,5.72,5.78,5.82,4983249.0,28872544.0,2183019300.0,2183019300.0,-12519056.950000001,-27223707.130000003,207803466.23,248853213.85,41049747.62,358952.16000000015,1314.23,1319.87,474.5,767.97,1098.51,797.5,0.0,1.9,,,,,,,煤炭,煤炭开采Ⅱ,煤炭开采Ⅲ,5.85,5.84,5.82
sh600145,国创能源,2013-02-26,5.77,5.78,5.69,5.69,5.78,6595207.0,37774610.0,2149027650.0,2149027650.0,-12519056.950000001,-27223707.130000003,207803466.23,248853213.85,41049747.62,358952.16000000015,2130.22,1665.94,517.1,1151.35,1130.12,960.15,0.0,0.0,,,,,,,煤炭,煤炭开采Ⅱ,煤炭开采Ⅲ,5.76,5.76,5.73
sh600145,国创能源,2013-02-27,5.69,5.8,5.6,5.75,5.69,5657937.0,32259733.0,2171688750.0,2171688750.0,-12519056.950000001,-27223707.130000003,207803466.23,248853213.85,41049747.62,358952.16000000015,1783.56,1528.46,404.59,766.23,1037.81,923.23,0.0,8.04,,,,,,,煤炭,煤炭开采Ⅱ,煤炭开采Ⅲ,5.72,5.78,5.74
sh600145,国创能源,2013-02-28,5.7,5.83,5.69,5.81,5.75,5732262.0,33036250.0,2194349850.0,2194349850.0,-12519056.950000001,-27223707.130000003,207803466.23,248853213.85,41049747.62,358952.16000000015,1855.58,1428.92,378.88,560.3,1068.99,910.19,0.0,404.03,,,,,,,煤炭,煤炭开采Ⅱ,煤炭开采Ⅲ,5.72,5.74,5.73
sh600145,国创能源,2013-03-01,5.81,5.83,5.7,5.79,5.81,5889942.0,33939171.0,2186796150.0,2186796150.0,-12519056.950000001,-27223707.130000003,207803466.23,248853213.85,41049747.62,358952.16000000015,1838.54,1551.01,366.83,844.0,1182.34,898.08,6.2,100.82,,,,,,,煤炭,煤炭开采Ⅱ,煤炭开采Ⅲ,5.8,5.79,5.77
sh600145,国创能源,2013-03-04,5.83,5.83,5.21,5.27,5.79,17565613.0,94766314.0,1990399950.0,1990399950.0,-12519056.950000001,-27223707.130000003,207803466.23,248853213.85,41049747.62,358952.16000000015,3657.23,3117.51,1297.38,2464.49,3132.03,1599.72,1389.98,2294.91,,,,,,,煤炭,煤炭开采Ⅱ,煤炭开采Ⅲ,5.74,5.69,5.72
sh600145,国创能源,2013-03-05,5.28,5.38,5.18,5.36,5.27,8105462.0,43000582.0,2024391600.0,2024391600.0,-12519056.950000001,-27223707.130000003,207803466.23,248853213.85,41049747.62,358952.16000000015,1754.79,1507.2,513.27,935.47,1119.4,948.73,507.69,503.76,,,,,,,煤炭,煤炭开采Ⅱ,煤炭开采Ⅲ,5.25,5.25,5.26
sh600145,国创能源,2013-03-06,5.29,5.44,5.28,5.38,5.36,7826050.0,41844601.0,2031945300.0,2031945300.0,-12519056.950000001,-27223707.130000003,207803466.23,248853213.85,41049747.62,358952.16000000015,2086.39,1943.64,724.86,1096.93,1373.2,1107.41,0.0,36.46,,,,,,,煤炭,煤炭开采Ⅱ,煤炭开采Ⅲ,5.32,5.32,5.3
sh600145,国创能源,2013-03-07,5.35,5.52,5.34,5.37,5.38,8280121.0,44843439.0,2028168450.0,2028168450.0,-12519056.950000001,-27223707.130000003,207803466.23,248853213.85,41049747.62,358952.16000000015,2091.79,1938.17,797.62,900.22,1594.92,1304.56,0.0,341.38,,,,,,,煤炭,煤炭开采Ⅱ,煤炭开采Ⅲ,5.35,5.36,5.39
sh600145,国创能源,2013-03-08,5.35,5.44,5.34,5.41,5.37,4373215.0,23579741.0,2043275850.0,2043275850.0,-12519056.950000001,-27223707.130000003,207803466.23,248853213.85,41049747.62,358952.16000000015,1040.75,1180.14,485.26,370.68,701.15,666.92,130.81,140.23,,,,,,,煤炭,煤炭开采Ⅱ,煤炭开采Ⅲ,5.4,5.41,5.41
sh600145,国创能源,2013-03-11,5.41,5.41,5.28,5.3,5.41,4371621.0,23263983.0,2001730500.0,2001730500.0,-12519056.950000001,-27223707.130000003,207803466.23,248853213.85,41049747.62,358952.16000000015,1069.07,1074.19,338.72,620.22,918.6,631.99,0.0,0.0,,,,,,,煤炭,煤炭开采Ⅱ,煤炭开采Ⅲ,5.37,5.34,5.33
sh600145,国创能源,2013-03-12,5.3,5.63,5.28,5.54,5.3,14513314.0,79328619.0,2092374900.0,2092374900.0,2710530.04,-21291017.34,198785561.37,243111256.11,44325694.74,-8586646.190000001,3489.21,3645.06,1793.86,1456.52,2376.93,2831.26,272.84,0.0,,,,,,,煤炭,煤炭开采Ⅱ,煤炭开采Ⅲ,5.31,5.31,5.36
sh600145,国创能源,2013-03-13,5.5,5.58,5.34,5.4,5.54,6690668.0,36444997.0,2039499000.0,2039499000.0,2710530.04,-21291017.34,198785561.37,243111256.11,44325694.74,-8586646.190000001,1783.85,1545.12,516.45,767.55,1337.11,1117.16,7.09,214.66,,,,,,,煤炭,煤炭开采Ⅱ,煤炭开采Ⅲ,5.51,5.43,5.52
sh600145,国创能源,2013-03-14,5.41,5.44,5.26,5.3,5.4,5011642.0,26811674.0,2001730500.0,2001730500.0,2710530.04,-21291017.34,198785561.37,243111256.11,44325694.74,-8586646.190000001,1017.34,1155.45,173.22,425.47,1254.4,974.06,236.2,126.17,,,,,,,煤炭,煤炭开采Ⅱ,煤炭开采Ⅲ,5.4,5.39,5.4
sh600145,国创能源,2013-03-15,5.36,5.4,5.25,5.32,5.3,3069251.0,16374585.0,2009284200.0,2009284200.0,2710530.04,-21291017.34,198785561.37,243111256.11,44325694.74,-8586646.190000001,829.55,854.24,192.98,83.3,614.92,699.91,0.0,0.0,,,,,,,煤炭,煤炭开采Ⅱ,煤炭开采Ⅲ,5.3,5.27,5.27
sh600145,国创能源,2013-03-18,5.23,5.39,5.23,5.25,5.32,2947376.0,15679518.0,1982846250.0,1982846250.0,2710530.04,-21291017.34,198785561.37,243111256.11,44325694.74,-8586646.190000001,634.82,652.29,324.87,303.93,608.25,611.73,0.0,0.0,,,,,,,煤炭,煤炭开采Ⅱ,煤炭开采Ⅲ,5.28,5.3,5.29
sh600145,国创能源,2013-03-19,5.25,5.32,5.19,5.28,5.25,2793069.0,14673139.0,1994176800.0,1994176800.0,2710530.04,-21291017.34,198785561.37,243111256.11,44325694.74,-8586646.190000001,782.8,674.74,184.31,303.15,500.2,489.42,0.0,0.0,,,,,,,煤炭,煤炭开采Ⅱ,煤炭开采Ⅲ,5.29,5.28,5.29
sh600145,国创能源,2013-03-20,5.3,5.44,5.27,5.39,5.28,5648958.0,30278626.0,2035722150.0,2035722150.0,2710530.04,-21291017.34,198785561.37,243111256.11,44325694.74,-8586646.190000001,1629.85,1400.23,523.48,708.73,874.53,918.89,0.0,0.0,,,,,,,煤炭,煤炭开采Ⅱ,煤炭开采Ⅲ,5.3,5.27,5.28
sh600145,国创能源,2013-03-21,5.39,5.45,5.34,5.37,5.39,4952776.0,26699271.0,2028168450.0,2028168450.0,2710530.04,-21291017.34,198785561.37,243111256.11,44325694.74,-8586646.190000001,1235.83,1228.38,408.58,724.79,919.55,609.25,105.96,107.5,,,,,,,煤炭,煤炭开采Ⅱ,煤炭开采Ⅲ,5.4,5.39,5.4
sh600145,国创能源,2013-03-22,5.37,5.65,5.33,5.58,5.37,15491050.0,85749116.0,2107482300.0,2107482300.0,2710530.04,-21291017.34,198785561.37,243111256.11,44325694.74,-8586646.190000001,3335.15,3443.25,2347.94,1628.95,2318.51,2454.33,573.29,1048.37,,,,,,,煤炭,煤炭开采Ⅱ,煤炭开采Ⅲ,5.36,5.34,5.37
sh600145,国创能源,2013-03-25,5.58,5.64,5.47,5.5,5.58,8288274.0,45789284.0,2077267500.0,2077267500.0,2710530.04,-21291017.34,198785561.37,243111256.11,44325694.74,-8586646.190000001,1762.81,1831.59,1063.18,1428.82,1471.76,942.04,281.18,376.48,,,,,,,煤炭,煤炭开采Ⅱ,煤炭开采Ⅲ,5.53,5.55,5.57
sh600145,国创能源,2013-03-26,5.5,5.5,5.22,5.29,5.5,8800861.0,46705690.0,1997953650.0,1997953650.0,2710530.04,-21291017.34,198785561.37,243111256.11,44325694.74,-8586646.190000001,2034.67,1741.55,449.15,1326.22,1982.67,1112.58,203.91,490.06,,,,,,,煤炭,煤炭开采Ⅱ,煤炭开采Ⅲ,5.47,5.46,5.41
sh600145,国创能源,2013-03-27,5.29,5.34,5.21,5.26,5.29,5577130.0,29399341.0,1986623100.0,1986623100.0,2710530.04,-21291017.34,198785561.37,243111256.11,44325694.74,-8586646.190000001,1347.04,1296.04,382.37,705.79,1210.52,823.17,0.0,114.92,,,,,,,煤炭,煤炭开采Ⅱ,煤炭开采Ⅲ,5.26,5.29,5.29
sh600145,国创能源,2013-03-28,5.19,5.19,4.97,5.02,5.26,7605416.0,38311805.0,1895978700.0,1895978700.0,2710530.04,-21291017.34,198785561.37,243111256.11,44325694.74,-8586646.190000001,1551.08,1455.59,494.15,1088.1,1649.97,1023.84,135.97,263.64,,,,,,,煤炭,煤炭开采Ⅱ,煤炭开采Ⅲ,5.13,5.01,5.02
sh600145,国创能源,2013-03-29,5.04,5.06,4.95,5.04,5.02,3338802.0,16759315.0,1903532400.0,1903532400.0,2710530.04,-21291017.34,198785561.37,243111256.11,44325694.74,-8586646.190000001,707.84,598.21,319.38,462.25,638.56,615.46,10.14,0.0,,,,,,,煤炭,煤炭开采Ⅱ,煤炭开采Ⅲ,5.03,5.04,5.02
sh600145,国创能源,2013-04-01,5.01,5.2,5.01,5.18,5.04,5413899.0,27827338.0,1956408300.0,1956408300.0,2710530.04,-21291017.34,198785561.37,243111256.11,44325694.74,-8586646.190000001,1121.28,1260.78,473.86,380.06,1187.57,1141.88,0.0,0.0,,,,,,,煤炭,煤炭开采Ⅱ,煤炭开采Ⅲ,5.06,5.1,5.07
sh600145,国创能源,2013-04-02,5.16,5.37,5.16,5.34,5.18,8795168.0,46421307.0,2016837900.0,2016837900.0,2710530.04,-21291017.34,198785561.37,243111256.11,44325694.74,-8586646.190000001,1530.85,1966.62,349.34,472.78,1484.02,1573.63,1277.9,629.09,,,,,,,煤炭,煤炭开采Ⅱ,煤炭开采Ⅲ,5.21,5.2,5.24
sh600145,国创能源,2013-04-03,5.33,5.83,5.21,5.77,5.34,11869814.0,64507094.0,2179242450.0,2179242450.0,2710530.04,-21291017.34,198785561.37,243111256.11,44325694.74,-8586646.190000001,1271.95,2114.44,356.6,1180.82,895.16,1201.97,3915.79,1942.27,,,,,,,煤炭,煤炭开采Ⅱ,煤炭开采Ⅲ,5.29,5.25,5.26
sh600145,国创能源,2013-04-08,5.48,5.67,5.4,5.63,5.77,18610869.0,103537722.0,2126366550.0,2126366550.0,2710530.04,-21291017.34,198785561.37,243111256.11,44325694.74,-8586646.190000001,3244.69,3960.98,940.48,1745.52,3353.77,2567.4,2814.76,2079.8,,,,,,,煤炭,煤炭开采Ⅱ,煤炭开采Ⅲ,5.5,5.5,5.49
sh600145,国创能源,2013-04-09,5.56,5.57,5.39,5.41,5.63,11047510.0,60384543.0,2043275850.0,2043275850.0,2710530.04,-21291017.34,198785561.37,243111256.11,44325694.74,-8586646.190000001,2050.9,2257.67,1315.04,1691.79,2395.54,1693.11,276.96,395.88,,,,,,,煤炭,煤炭开采Ⅱ,煤炭开采Ⅲ,5.54,5.51,5.5
sh600145,国创能源,2013-04-10,5.39,5.39,5.18,5.28,5.41,6538815.0,34419463.0,1994176800.0,1994176800.0,2710530.04,-21291017.34,198785561.37,243111256.11,44325694.74,-8586646.190000001,1484.42,1123.81,568.14,952.35,1389.37,1085.61,0.0,280.16,,,,,,,煤炭,煤炭开采Ⅱ,煤炭开采Ⅲ,5.39,5.3,5.31
sh600145,国创能源,2013-04-11,5.29,5.36,5.24,5.25,5.28,3201830.0,16941316.0,1982846250.0,1982846250.0,2710530.04,-21291017.34,198785561.37,243111256.11,44325694.74,-8586646.190000001,767.16,767.82,332.06,200.9,594.91,725.4,0.0,0.0,,,,,,,煤炭,煤炭开采Ⅱ,煤炭开采Ⅲ,5.26,5.3,5.3
sh600145,国创能源,2013-04-12,5.22,5.3,5.2,5.25,5.25,2487912.0,13034850.0,1982846250.0,1982846250.0,2710530.04,-21291017.34,198785561.37,243111256.11,44325694.74,-8586646.190000001,344.04,485.55,465.17,366.62,494.27,451.31,0.0,0.0,,,,,,,煤炭,煤炭开采Ⅱ,煤炭开采Ⅲ,5.22,5.25,5.26
sh600145,国创能源,2013-04-15,5.2,5.25,5.08,5.1,5.25,3748285.0,19206059.0,1926193500.0,1926193500.0,2710530.04,-21291017.34,198785561.37,243111256.11,44325694.74,-8586646.190000001,766.9,701.93,327.24,439.97,679.78,574.23,146.69,204.48,,,,,,,煤炭,煤炭开采Ⅱ,煤炭开采Ⅲ,5.21,5.15,5.12
sh600145,国创能源,2013-04-16,4.85,5.08,4.85,5.07,5.1,3938277.0,19740090.0,1914862950.0,1914862950.0,2710530.04,-21291017.34,198785561.37,243111256.11,44325694.74,-8586646.190000001,802.39,730.23,416.65,615.87,754.96,579.02,0.0,48.89,,,,,,,煤炭,煤炭开采Ⅱ,煤炭开采Ⅲ,5.0,4.99,4.99
sh600145,国创能源,2013-04-17,5.07,5.18,5.04,5.16,5.07,2177348.0,11045922.0,1948854600.0,1948854600.0,2710530.04,-21291017.34,198785561.37,243111256.11,44325694.74,-8586646.190000001,396.83,497.81,145.78,104.1,490.11,502.68,71.87,0.0,,,,,,,煤炭,煤炭开采Ⅱ,煤炭开采Ⅲ,5.05,5.06,5.05
sh600145,国创能源,2013-04-18,5.14,5.18,5.08,5.09,5.16,2461794.0,12593535.0,1922416650.0,1922416650.0,2710530.04,-21291017.34,198785561.37,243111256.11,44325694.74,-8586646.190000001,564.36,659.61,209.42,228.58,485.57,371.16,0.0,0.0,,,,,,,煤炭,煤炭开采Ⅱ,煤炭开采Ⅲ,5.1,5.12,5.11
sh600145,国创能源,2013-04-19,5.07,5.23,5.06,5.18,5.09,3629114.0,18729249.0,1956408300.0,1956408300.0,2710530.04,-21291017.34,198785561.37,243111256.11,44325694.74,-8586646.190000001,888.38,935.19,317.79,301.96,666.74,635.77,0.0,0.0,,,,,,,煤炭,煤炭开采Ⅱ,煤炭开采Ⅲ,5.08,5.1,5.1
sh600145,国创能源,2013-04-22,5.12,5.18,5.02,5.08,5.18,4053901.0,20630868.0,1918639800.0,1918639800.0,2710530.04,-21291017.34,198785561.37,243111256.11,44325694.74,-8586646.190000001,871.5,745.64,419.42,602.26,765.42,534.52,6.38,180.3,,,,,,,煤炭,煤炭开采Ⅱ,煤炭开采Ⅲ,5.12,5.14,5.14
sh600145,国创能源,2013-04-23,5.07,5.12,4.99,5.0,5.08,5346069.0,26878678.0,1888425000.0,1888425000.0,5924097.82,-35185344.0,199512949.31,235902470.47,36389521.16,599559.11,1186.2,887.23,337.7,818.71,802.33,569.58,361.63,412.34,,,,,,,煤炭,煤炭开采Ⅱ,煤炭开采Ⅲ,5.1,5.08,5.07
sh600145,国创能源,2013-04-24,5.04,5.08,4.99,5.04,5.0,3609101.0,18154944.0,1903532400.0,1903532400.0,5924097.82,-35185344.0,199512949.31,235902470.47,36389521.16,599559.11,820.12,660.01,485.87,643.13,509.5,411.76,0.0,100.58,,,,,,,煤炭,煤炭开采Ⅱ,煤炭开采Ⅲ,5.03,5.01,5.01
sh600145,国创能源,2013-04-25,5.04,5.04,4.91,4.94,5.04,4366252.0,21784396.0,1865763900.0,1865763900.0,5924097.82,-35185344.0,199512949.31,235902470.47,36389521.16,599559.11,809.83,842.95,535.82,555.43,688.18,530.45,144.59,249.6,,,,,,,煤炭,煤炭开采Ⅱ,煤炭开采Ⅲ,5.0,5.01,5.0
sh600145,国创能源,2013-04-26,4.96,5.04,4.82,4.83,4.94,3874399.0,19034528.0,1824218550.0,1824218550.0,5924097.82,-35185344.0,199512949.31,235902470.47,36389521.16,599559.11,691.51,679.5,580.55,553.15,631.38,458.91,0.0,211.88,,,,,,,煤炭,煤炭开采Ⅱ,煤炭开采Ⅲ,4.97,4.96,4.96
sh600145,国创能源,2013-05-02,4.79,4.83,4.71,4.8,4.83,2227939.0,10651941.0,1812888000.0,1812888000.0,5924097.82,-35185344.0,199512949.31,235902470.47,36389521.16,599559.11,503.99,544.19,89.66,220.57,471.54,300.43,0.0,0.0,,,,,,,煤炭,煤炭开采Ⅱ,煤炭开采Ⅲ,4.82,4.79,4.74
sh600145,国创能源,2013-05-03,4.92,4.93,4.81,4.85,4.8,2031428.0,9932364.0,1831772250.0,1831772250.0,5924097.82,-35185344.0,199512949.31,235902470.47,36389521.16,599559.11,463.14,429.81,139.45,156.14,390.65,407.29,0.0,0.0,,,,,,,煤炭,煤炭开采Ⅱ,煤炭开采Ⅲ,4.85,4.87,4.88
sh600145,国创能源,2013-05-06,4.93,4.95,4.86,4.92,4.85,2364983.0,11627957.0,1858210200.0,1858210200.0,5924097.82,-35185344.0,199512949.31,235902470.47,36389521.16,599559.11,568.78,692.97,225.68,124.98,368.32,344.84,0.0,0.0,,,,,,,煤炭,煤炭开采Ⅱ,煤炭开采Ⅲ,4.89,4.89,4.89
sh600145,国创能源,2013-05-07,4.87,4.99,4.86,4.97,4.92,2162641.0,10704885.0,1877094450.0,1877094450.0,5924097.82,-35185344.0,199512949.31,235902470.47,36389521.16,599559.11,527.48,392.98,108.78,243.38,434.22,434.12,0.0,0.0,,,,,,,煤炭,煤炭开采Ⅱ,煤炭开采Ⅲ,4.9,4.96,4.92
sh600145,国创能源,2013-05-08,4.96,5.11,4.93,5.09,4.97,4955657.0,25012264.0,1922416650.0,1922416650.0,5924097.82,-35185344.0,199512949.31,235902470.47,36389521.16,599559.11,818.04,964.18,786.8,444.31,582.69,773.22,313.33,319.15,,,,,,,煤炭,煤炭开采Ⅱ,煤炭开采Ⅲ,4.98,5.01,5.01
sh600145,国创能源,2013-05-09,5.09,5.17,5.02,5.08,5.09,3751082.0,19039973.0,1918639800.0,1918639800.0,5924097.82,-35185344.0,199512949.31,235902470.47,36389521.16,599559.11,831.61,853.29,589.83,423.87,482.55,626.83,0.0,0.0,,,,,,,煤炭,煤炭开采Ⅱ,煤炭开采Ⅲ,5.09,5.06,5.05
sh600145,国创能源,2013-05-10,5.08,5.1,5.01,5.08,5.08,3408301.0,17195160.0,1918639800.0,1918639800.0,5924097.82,-35185344.0,199512949.31,235902470.47,36389521.16,599559.11,721.15,678.25,452.95,608.86,545.42,432.4,0.0,0.0,,,,,,,煤炭,煤炭开采Ⅱ,煤炭开采Ⅲ,5.02,5.04,5.03
sh600145,国创能源,2013-05-13,5.08,5.13,5.04,5.08,5.08,2337547.0,11822017.0,1918639800.0,1918639800.0,5924097.82,-35185344.0,199512949.31,235902470.47,36389521.16,599559.11,636.76,557.62,109.88,317.09,412.12,307.49,23.44,0.0,,,,,,,煤炭,煤炭开采Ⅱ,煤炭开采Ⅲ,5.09,5.05,5.06
sh600145,国创能源,2013-05-14,5.08,5.08,4.98,5.02,5.08,3447768.0,17271670.0,1895978700.0,1895978700.0,5924097.82,-35185344.0,199512949.31,235902470.47,36389521.16,599559.11,879.36,617.35,388.22,770.98,459.58,338.83,0.0,0.0,,,,,,,煤炭,煤炭开采Ⅱ,煤炭开采Ⅲ,5.08,5.04,5.02
sh600145,国创能源,2013-05-15,5.01,5.04,4.97,5.01,5.02,2855076.0,14280417.0,1892201850.0,1892201850.0,5924097.82,-35185344.0,199512949.31,235902470.47,36389521.16,599559.11,581.53,498.83,355.01,491.24,391.21,288.62,100.29,149.35,,,,,,,煤炭,煤炭开采Ⅱ,煤炭开采Ⅲ,5.01,5.01,5.02
sh600145,国创能源,2013-05-16,5.0,5.03,4.92,5.0,5.01,6266283.0,31265867.0,1888425000.0,1888425000.0,5924097.82,-35185344.0,199512949.31,235902470.47,36389521.16,599559.11,1140.37,1068.01,716.98,786.17,766.62,577.53,502.61,694.87,,,,,,,煤炭,煤炭开采Ⅱ,煤炭开采Ⅲ,4.98,4.96,4.99
sh600145,国创能源,2013-05-17,5.0,5.1,4.95,5.06,5.0,10098734.0,50785526.0,1911086100.0,1911086100.0,5924097.82,-35185344.0,199512949.31,235902470.47,36389521.16,599559.11,2003.24,1653.27,1422.86,1815.92,1177.24,764.99,475.21,844.37,,,,,,,煤炭,煤炭开采Ⅱ,煤炭开采Ⅲ,4.99,4.96,4.98
sh600145,国创能源,2013-05-20,5.06,5.18,5.03,5.14,5.06,11050893.0,56265492.0,1941300900.0,1941300900.0,5924097.82,-35185344.0,199512949.31,235902470.47,36389521.16,599559.11,2288.94,2285.03,1602.16,1595.86,1391.1,1056.5,344.34,689.15,,,,,,,煤炭,煤炭开采Ⅱ,煤炭开采Ⅲ,5.06,5.06,5.05
sh600145,国创能源,2013-05-21,5.13,5.19,5.08,5.15,5.14,8251996.0,42399094.0,1945077750.0,1945077750.0,5924097.82,-35185344.0,199512949.31,235902470.47,36389521.16,599559.11,2178.58,1656.72,514.63,1013.67,1230.31,1028.8,316.38,540.7,,,,,,,煤炭,煤炭开采Ⅱ,煤炭开采Ⅲ,5.11,5.09,5.12
sh600145,国创能源,2013-05-22,5.14,5.16,5.08,5.12,5.15,7087712.0,36220637.0,1933747200.0,1933747200.0,5924097.82,-35185344.0,199512949.31,235902470.47,36389521.16,599559.11,1737.07,1578.14,764.06,1066.02,1003.73,875.9,117.2,102.0,,,,,,,煤炭,煤炭开采Ⅱ,煤炭开采Ⅲ,5.11,5.11,5.13
sh600145,国创能源,2013-05-23,5.11,5.12,4.9,4.98,5.12,7396100.0,37382962.0,1880871300.0,1880871300.0,5924097.82,-35185344.0,199512949.31,235902470.47,36389521.16,599559.11,1396.2,1311.31,1125.4,1410.93,1216.69,804.52,0.0,211.51,,,,,,,煤炭,煤炭开采Ⅱ,煤炭开采Ⅲ,5.1,5.11,5.1
sh600145,国创能源,2013-05-24,5.01,5.04,4.95,5.0,4.98,5315685.0,26522322.0,1888425000.0,1888425000.0,5924097.82,-35185344.0,199512949.31,235902470.47,36389521.16,599559.11,1248.35,1205.8,490.04,883.23,783.4,553.0,130.44,10.2,,,,,,,煤炭,煤炭开采Ⅱ,煤炭开采Ⅲ,5.0,5.02,5.0
sh600145,国创能源,2013-05-27,5.02,5.03,4.98,5.0,5.0,4222295.0,21126056.0,1888425000.0,1888425000.0,5924097.82,-35185344.0,199512949.31,235902470.47,36389521.16,599559.11,1060.89,807.23,429.6,416.68,622.11,558.95,0.0,329.74,,,,,,,煤炭,煤炭开采Ⅱ,煤炭开采Ⅲ,4.99,4.99,4.99
sh600145,国创能源,2013-05-28,5.01,5.11,4.98,5.08,5.0,6609812.0,33451988.0,1918639800.0,1918639800.0,5924097.82,-35185344.0,199512949.31,235902470.47,36389521.16,599559.11,1612.85,1582.15,603.73,713.93,1087.97,1049.11,40.63,0.0,,,,,,,煤炭,煤炭开采Ⅱ,煤炭开采Ⅲ,5.0,5.0,5.01
sh600145,国创能源,2013-05-29,5.09,5.15,5.06,5.11,5.08,6141837.0,31416335.0,1929970350.0,1929970350.0,5924097.82,-35185344.0,199512949.31,235902470.47,36389521.16,599559.11,1482.65,1457.6,827.87,560.51,831.11,902.76,0.0,220.76,,,,,,,煤炭,煤炭开采Ⅱ,煤炭开采Ⅲ,5.1,5.09,5.14
sh600145,国创能源,2013-05-30,5.09,5.11,5.03,5.05,5.11,5878213.0,29831122.0,1907309250.0,1907309250.0,5924097.82,-35185344.0,199512949.31,235902470.47,36389521.16,599559.11,1376.06,1276.8,883.82,862.22,720.75,576.95,0.0,264.65,,,,,,,煤炭,煤炭开采Ⅱ,煤炭开采Ⅲ,5.11,5.09,5.11
sh600145,国创能源,2013-05-31,5.08,5.08,4.98,4.98,5.05,6881990.0,34556747.0,1880871300.0,1880871300.0,5924097.82,-35185344.0,199512949.31,235902470.47,36389521.16,599559.11,1537.4,1069.81,879.17,1573.72,1039.1,620.31,0.0,191.82,,,,,,,煤炭,煤炭开采Ⅱ,煤炭开采Ⅲ,5.07,5.05,5.05
sh600145,国创能源,2013-06-03,4.99,5.05,4.93,5.02,4.98,4870654.0,24367688.0,1895978700.0,1895978700.0,5924097.82,-35185344.0,199512949.31,235902470.47,36389521.16,599559.11,1200.82,1084.84,631.32,675.26,604.62,676.66,0.0,0.0,,,,,,,煤炭,煤炭开采Ⅱ,煤炭开采Ⅲ,4.99,4.99,4.97
sh600145,国创能源,2013-06-04,4.98,5.02,4.86,4.88,5.02,6777201.0,33396602.0,1843102800.0,1843102800.0,5924097.82,-35185344.0,199512949.31,235902470.47,36389521.16,599559.11,1639.54,1455.6,743.0,1188.92,808.01,556.38,149.1,138.75,,,,,,,煤炭,煤炭开采Ⅱ,煤炭开采Ⅲ,4.98,5.0,4.98
sh600145,国创能源,2013-06-05,4.91,4.92,4.82,4.86,4.88,3081997.0,14980902.0,1835549100.0,1835549100.0,5924097.82,-35185344.0,199512949.31,235902470.47,36389521.16,599559.11,660.19,661.09,215.19,373.84,622.7,463.15,0.0,0.0,,,,,,,煤炭,煤炭开采Ⅱ,煤炭开采Ⅲ,4.91,4.86,4.86
sh600145,国创能源,2013-06-06,4.87,4.88,4.82,4.84,4.86,3692358.0,17869458.0,1827995400.0,1827995400.0,5924097.82,-35185344.0,199512949.31,235902470.47,36389521.16,599559.11,712.93,725.1,635.77,591.73,438.24,369.16,0.0,100.94,,,,,,,煤炭,煤炭开采Ⅱ,煤炭开采Ⅲ,4.87,4.85,4.85
sh600145,国创能源,2013-06-07,4.86,4.88,4.66,4.7,4.84,4933337.0,23399004.0,1775119500.0,1775119500.0,5924097.82,-35185344.0,199512949.31,235902470.47,36389521.16,599559.11,1010.48,937.4,422.16,578.66,766.55,572.75,140.7,251.09,,,,,,,煤炭,煤炭开采Ⅱ,煤炭开采Ⅲ,4.86,4.86,4.85
sh600145,国创能源,2013-06-13,4.62,4.63,4.41,4.55,4.7,4690724.0,21185869.0,1718466750.0,1718466750.0,5924097.82,-35185344.0,199512949.31,235902470.47,36389521.16,599559.11,711.17,789.15,789.68,677.45,617.73,541.63,0.0,110.35,,,,,,,煤炭,煤炭开采Ⅱ,煤炭开采Ⅲ,4.57,4.55,4.42
sh600145,国创能源,2013-06-14,4.55,4.63,4.51,4.6,4.55,2631622.0,11983199.0,1737351000.0,1737351000.0,5924097.82,-35185344.0,199512949.31,235902470.47,36389521.16,599559.11,622.7,618.15,204.38,220.32,371.24,359.84,0.0,0.0,,,,,,,煤炭,煤炭开采Ⅱ,煤炭开采Ⅲ,4.54,4.52,4.54
sh600145,国创能源,2013-06-17,4.6,4.6,4.5,4.57,4.6,2993351.0,13622457.0,1726020450.0,1726020450.0,5924097.82,-35185344.0,199512949.31,235902470.47,36389521.16,599559.11,599.17,669.95,326.91,283.66,436.16,408.18,0.0,0.46,,,,,,,煤炭,煤炭开采Ⅱ,煤炭开采Ⅲ,4.58,4.6,4.58
sh600145,国创能源,2013-06-18,4.54,4.57,4.48,4.52,4.57,2537398.0,11468741.0,1707136200.0,1707136200.0,5924097.82,-35185344.0,199512949.31,235902470.47,36389521.16,599559.11,460.62,438.92,245.46,373.84,440.79,334.11,0.0,0.0,,,,,,,煤炭,煤炭开采Ⅱ,煤炭开采Ⅲ,4.54,4.54,4.56
sh600145,国创能源,2013-06-19,4.42,4.46,4.32,4.42,4.52,3613392.0,15864337.0,1669367700.0,1669367700.0,5924097.82,-35185344.0,199512949.31,235902470.47,36389521.16,599559.11,644.57,772.85,349.68,371.26,592.19,442.32,0.0,0.0,,,,,,,煤炭,煤炭开采Ⅱ,煤炭开采Ⅲ,4.45,4.44,4.43
sh600145,国创能源,2013-06-20,4.38,4.46,4.32,4.34,4.42,3378691.0,14798033.0,1639152900.0,1639152900.0,5924097.82,-35185344.0,199512949.31,235902470.47,36389521.16,599559.11,434.75,457.05,579.16,643.63,399.71,379.13,66.18,0.0,,,,,,,煤炭,煤炭开采Ⅱ,煤炭开采Ⅲ,4.38,4.37,4.39
sh600145,国创能源,2013-06-21,4.3,4.3,4.14,4.26,4.34,2907142.0,12207216.0,1608938100.0,1608938100.0,5924097.82,-35185344.0,199512949.31,235902470.47,36389521.16,599559.11,433.13,405.87,318.64,248.84,468.95,356.51,0.0,209.5,,,,,,,煤炭,煤炭开采Ⅱ,煤炭开采Ⅲ,4.23,4.19,4.17
sh600145,国创能源,2013-06-24,4.26,4.26,3.83,3.83,4.26,7644282.0,30112636.0,1446533550.0,1446533550.0,5924097.82,-35185344.0,199512949.31,235902470.47,36389521.16,599559.11,944.18,837.96,708.67,1198.42,1155.42,589.64,202.99,385.24,,,,,,,煤炭,煤炭开采Ⅱ,煤炭开采Ⅲ,4.2,4.15,4.15
sh600145,国创能源,2013-06-25,3.7,3.76,3.45,3.71,3.83,9182558.0,33038173.0,1401211350.0,1401211350.0,5924097.82,-35185344.0,199512949.31,235902470.47,36389521.16,599559.11,1273.5,1142.07,427.23,996.83,1468.71,1040.88,134.37,124.03,,,,,,,煤炭,煤炭开采Ⅱ,煤炭开采Ⅲ,3.7,3.7,3.75
sh600145,国创能源,2013-06-26,3.68,3.74,3.56,3.67,3.71,6739631.0,24545686.0,1386103950.0,1386103950.0,5924097.82,-35185344.0,199512949.31,235902470.47,36389521.16,599559.11,841.89,712.56,563.53,431.05,882.92,835.79,166.23,475.15,,,,,,,煤炭,煤炭开采Ⅱ,煤炭开采Ⅲ,3.61,3.65,3.74
sh600145,国创能源,2013-06-27,3.67,3.76,3.52,3.52,3.67,4550366.0,16776650.0,1329451200.0,1329451200.0,5924097.82,-35185344.0,199512949.31,235902470.47,36389521.16,599559.11,767.45,708.57,208.55,277.27,701.66,691.82,0.0,0.0,,,,,,,煤炭,煤炭开采Ⅱ,煤炭开采Ⅲ,3.71,3.7,3.7
sh600145,国创能源,2013-06-28,3.6,3.73,3.46,3.65,3.52,5464682.0,19894783.0,1378550250.0,1378550250.0,5924097.82,-35185344.0,199512949.31,235902470.47,36389521.16,599559.11,833.52,718.28,354.79,323.2,801.15,947.99,0.0,0.0,,,,,,,煤炭,煤炭开采Ⅱ,煤炭开采Ⅲ,3.56,3.52,3.58
sh600145,国创能源,2013-07-01,3.61,3.72,3.59,3.71,3.65,2623202.0,9577948.0,1401211350.0,1401211350.0,5924097.82,-35185344.0,199512949.31,235902470.47,36389521.16,599559.11,363.31,375.16,126.83,69.34,364.5,410.15,0.0,0.0,,,,,,,煤炭,煤炭开采Ⅱ,煤炭开采Ⅲ,3.61,3.61,3.62
sh600145,国创能源,2013-07-02,3.71,3.72,3.65,3.7,3.71,2071858.0,7638957.0,1397434500.0,1397434500.0,5924097.82,-35185344.0,199512949.31,235902470.47,36389521.16,599559.11,281.23,294.14,81.5,157.48,401.16,312.27,0.0,0.0,,,,,,,煤炭,煤炭开采Ⅱ,煤炭开采Ⅲ,3.7,3.71,3.69
sh600145,国创能源,2013-07-03,3.69,3.69,3.55,3.58,3.7,3442451.0,12421746.0,1352112300.0,1352112300.0,5924097.82,-35185344.0,199512949.31,235902470.47,36389521.16,599559.11,522.28,562.66,98.67,211.15,621.22,468.36,0.0,0.0,,,,,,,煤炭,煤炭开采Ⅱ,煤炭开采Ⅲ,3.67,3.66,3.67
sh600145,国创能源,2013-07-04,3.59,3.68,3.5,3.64,3.58,5251053.0,18965776.0,1374773400.0,1374773400.0,5924097.82,-35185344.0,199512949.31,235902470.47,36389521.16,599559.11,918.38,784.19,173.49,466.23,804.71,646.15,0.0,0.0,,,,,,,煤炭,煤炭开采Ⅱ,煤炭开采Ⅲ,3.55,3.56,3.6
sh600145,国创能源,2013-07-05,3.65,3.76,3.61,3.66,3.64,5309851.0,19510490.0,1382327100.0,1382327100.0,5924097.82,-35185344.0,199512949.31,235902470.47,36389521.16,599559.11,939.13,981.6,202.24,303.56,809.66,665.88,0.0,0.0,,,,,,,煤炭,煤炭开采Ⅱ,煤炭开采Ⅲ,3.65,3.63,3.63
sh600145,国创能源,2013-07-08,3.63,3.63,3.45,3.49,3.66,4411761.0,15427493.0,1318120650.0,1318120650.0,5924097.82,-35185344.0,199512949.31,235902470.47,36389521.16,599559.11,604.18,685.04,241.47,300.04,697.09,508.52,0.0,49.14,,,,,,,煤炭,煤炭开采Ⅱ,煤炭开采Ⅲ,3.55,3.52,3.46
sh600145,国创能源,2013-07-09,3.48,3.84,3.45,3.84,3.49,11593069.0,43334594.0,1450310400.0,1450310400.0,5924097.82,-35185344.0,199512949.31,235902470.47,36389521.16,599559.11,1414.9,1481.67,999.32,961.64,1385.76,1817.26,533.47,72.87,,,,,,,煤炭,煤炭开采Ⅱ,煤炭开采Ⅲ,3.5,3.48,3.5
sh600145,国创能源,2013-07-10,3.84,4.09,3.8,3.96,3.84,17977284.0,71228167.0,1495632600.0,1495632600.0,5924097.82,-35185344.0,199512949.31,235902470.47,36389521.16,599559.11,2734.64,2688.05,1269.92,1570.32,2861.76,2549.46,256.48,314.96,,,,,,,煤炭,煤炭开采Ⅱ,煤炭开采Ⅲ,3.82,3.87,3.99
sh600145,国创能源,2013-07-11,3.91,4.15,3.91,4.03,3.96,12067169.0,48694086.0,1522070550.0,1522070550.0,5924097.82,-35185344.0,199512949.31,235902470.47,36389521.16,599559.11,2090.78,2181.27,1008.47,914.05,1770.15,1774.08,0.0,0.0,,,,,,,煤炭,煤炭开采Ⅱ,煤炭开采Ⅲ,3.98,4.0,3.98
sh600145,国创能源,2013-07-12,4.02,4.03,3.86,3.88,4.03,8046236.0,31818956.0,1465417800.0,1465417800.0,5924097.82,-35185344.0,199512949.31,235902470.47,36389521.16,599559.11,1281.31,1291.43,549.59,726.21,1350.99,1164.25,0.0,0.0,,,,,,,煤炭,煤炭开采Ⅱ,煤炭开采Ⅲ,4.0,3.99,3.98
sh600145,国创能源,2013-07-15,3.92,3.98,3.88,3.96,3.88,5839340.0,22979761.0,1495632600.0,1495632600.0,5924097.82,-35185344.0,199512949.31,235902470.47,36389521.16,599559.11,822.16,911.39,579.63,461.6,896.18,814.65,0.0,110.33,,,,,,,煤炭,煤炭开采Ⅱ,煤炭开采Ⅲ,3.92,3.91,3.9
sh600145,国创能源,2013-07-16,3.98,3.98,3.89,3.96,3.96,3697999.0,14525879.0,1495632600.0,1495632600.0,5924097.82,-35185344.0,199512949.31,235902470.47,36389521.16,599559.11,637.29,587.42,104.04,202.31,711.25,660.15,0.0,2.71,,,,,,,煤炭,煤炭开采Ⅱ,煤炭开采Ⅲ,3.95,3.9,3.91
sh600145,国创能源,2013-07-17,3.96,4.02,3.89,3.97,3.96,6214725.0,24573483.0,1499409450.0,1499409450.0,5924097.82,-35185344.0,199512949.31,235902470.47,36389521.16,599559.11,1067.4,995.79,401.86,506.37,834.3,804.85,153.79,150.34,,,,,,,煤炭,煤炭开采Ⅱ,煤炭开采Ⅲ,3.92,3.91,3.93
sh600145,国创能源,2013-07-18,3.93,3.95,3.83,3.84,3.97,4110566.0,15960066.0,1450310400.0,1450310400.0,5924097.82,-35185344.0,199512949.31,235902470.47,36389521.16,599559.11,552.75,637.37,112.71,274.52,884.35,583.4,46.19,100.72,,,,,,,煤炭,煤炭开采Ⅱ,煤炭开采Ⅲ,3.93,3.91,3.92
sh600145,国创能源,2013-07-19,3.81,3.9,3.7,3.7,3.84,4136955.0,15756172.0,1397434500.0,1397434500.0,5924097.82,-35185344.0,199512949.31,235902470.47,36389521.16,599559.11,596.69,623.06,210.26,259.2,768.66,591.74,0.0,101.61,,,,,,,煤炭,煤炭开采Ⅱ,煤炭开采Ⅲ,3.85,3.88,3.86
sh600145,国创能源,2013-07-22,3.66,3.76,3.61,3.74,3.7,4037068.0,14866780.0,1412541900.0,1412541900.0,5924097.82,-35185344.0,199512949.31,235902470.47,36389521.16,599559.11,635.22,760.93,294.91,264.83,555.51,459.22,1.03,1.7,,,,,,,煤炭,煤炭开采Ⅱ,煤炭开采Ⅲ,3.65,3.66,3.66
sh600145,国创能源,2013-07-23,3.74,3.87,3.71,3.84,3.74,3801554.0,14513889.0,1450310400.0,1450310400.0,5924097.82,-35185344.0,199512949.31,235902470.47,36389521.16,599559.11,643.58,609.57,204.87,140.65,602.1,701.16,0.85,0.0,,,,,,,煤炭,煤炭开采Ⅱ,煤炭开采Ⅲ,3.72,3.73,3.77
sh600145,国创能源,2013-07-24,3.81,3.85,3.73,3.8,3.84,3552336.0,13429807.0,1435203000.0,1435203000.0,5924097.82,-35185344.0,199512949.31,235902470.47,36389521.16,599559.11,637.99,644.95,50.59,71.51,654.39,626.51,0.0,0.0,,,,,,,煤炭,煤炭开采Ⅱ,煤炭开采Ⅲ,3.83,3.82,3.79
sh600145,国创能源,2013-07-25,3.8,4.18,3.71,4.18,3.8,14474995.0,59379039.0,1578723300.0,1578723300.0,5924097.82,-35185344.0,199512949.31,235902470.47,36389521.16,599559.11,1169.01,1861.47,1162.12,1571.58,1089.58,1547.29,2517.19,957.55,,,,,,,煤炭,煤炭开采Ⅱ,煤炭开采Ⅲ,3.8,3.76,3.75
sh600145,国创能源,2013-07-26,4.2,4.3,4.0,4.1,4.18,18525997.0,77057428.0,1548508500.0,1548508500.0,5924097.82,-35185344.0,199512949.31,235902470.47,36389521.16,599559.11,3209.89,3004.2,1279.38,1838.93,3186.48,2862.6,29.98,0.0,,,,,,,煤炭,煤炭开采Ⅱ,煤炭开采Ⅲ,4.19,4.16,4.25
sh600145,国创能源,2013-07-29,4.1,4.13,3.94,3.97,4.1,7071487.0,28410197.0,1499409450.0,1499409450.0,5924097.82,-35185344.0,199512949.31,235902470.47,36389521.16,599559.11,1189.14,1210.82,249.85,424.01,1178.53,982.68,0.0,0.0,,,,,,,煤炭,煤炭开采Ⅱ,煤炭开采Ⅲ,4.04,4.0,4.04
sh600145,国创能源,2013-07-30,3.95,4.12,3.95,4.01,3.97,8242974.0,33236853.0,1514516850.0,1514516850.0,5924097.82,-35185344.0,199512949.31,235902470.47,36389521.16,599559.11,1487.61,1618.6,505.1,552.32,1330.16,1151.95,0.0,0.0,,,,,,,煤炭,煤炭开采Ⅱ,煤炭开采Ⅲ,3.97,3.97,4.05
sh600145,国创能源,2013-07-31,4.0,4.09,3.92,3.99,4.01,5748475.0,22995969.0,1506963150.0,1506963150.0,5924097.82,-35185344.0,199512949.31,235902470.47,36389521.16,599559.11,929.19,1005.3,240.86,325.79,1129.54,968.5,0.0,0.0,,,,,,,煤炭,煤炭开采Ⅱ,煤炭开采Ⅲ,4.02,3.95,3.94
sh600145,国创能源,2013-08-01,3.96,4.06,3.96,4.04,3.99,5444250.0,21907871.0,1525847400.0,1525847400.0,5924097.82,-35185344.0,199512949.31,235902470.47,36389521.16,599559.11,928.58,869.71,472.61,447.8,789.59,873.26,0.0,0.0,,,,,,,煤炭,煤炭开采Ⅱ,煤炭开采Ⅲ,3.98,4.02,4.02
sh600145,国创能源,2013-08-02,4.02,4.15,4.02,4.06,4.04,7642230.0,31247788.0,1533401100.0,1533401100.0,5924097.82,-35185344.0,199512949.31,235902470.47,36389521.16,599559.11,1330.38,1440.8,601.69,383.94,1192.7,1190.49,0.0,109.55,,,,,,,煤炭,煤炭开采Ⅱ,煤炭开采Ⅲ,4.07,4.04,4.04
sh600145,国创能源,2013-08-05,4.04,4.12,4.03,4.11,4.06,5642326.0,23023343.0,1552285350.0,1552285350.0,5924097.82,-35185344.0,199512949.31,235902470.47,36389521.16,599559.11,1171.42,1076.31,364.43,378.11,766.48,706.7,0.0,141.21,,,,,,,煤炭,煤炭开采Ⅱ,煤炭开采Ⅲ,4.11,4.09,4.06
sh600145,国创能源,2013-08-06,4.09,4.18,4.07,4.15,4.11,6434193.0,26606861.0,1567392750.0,1567392750.0,5924097.82,-35185344.0,199512949.31,235902470.47,36389521.16,599559.11,1192.43,1329.67,468.85,546.82,898.38,783.77,100.6,0.0,,,,,,,煤炭,煤炭开采Ⅱ,煤炭开采Ⅲ,4.07,4.13,4.18
sh600145,国创能源,2013-08-07,4.15,4.23,4.09,4.1,4.15,6352141.0,26314558.0,1548508500.0,1548508500.0,5924097.82,-35185344.0,199512949.31,235902470.47,36389521.16,599559.11,1316.48,1245.67,408.77,588.37,906.2,797.41,0.0,0.0,,,,,,,煤炭,煤炭开采Ⅱ,煤炭开采Ⅲ,4.17,4.18,4.16
sh600145,国创能源,2013-08-08,4.09,4.14,4.03,4.08,4.1,4464391.0,18168359.0,1540954800.0,1540954800.0,5924097.82,-35185344.0,199512949.31,235902470.47,36389521.16,599559.11,865.21,633.89,208.86,502.31,742.76,556.42,0.0,124.2,,,,,,,煤炭,煤炭开采Ⅱ,煤炭开采Ⅲ,4.1,4.13,
sh600145,国创能源,2013-08-09,4.05,4.11,4.03,4.08,4.08,4827949.0,19651990.0,1540954800.0,1540954800.0,5924097.82,-35185344.0,199512949.31,235902470.47,36389521.16,599559.11,908.09,954.73,268.12,408.81,724.26,601.66,64.72,0.0,,,,,,,煤炭,煤炭开采Ⅱ,煤炭开采Ⅲ,4.08,4.09,4.07
sh600145,国创能源,2013-08-12,4.07,4.49,4.06,4.45,4.08,27416271.0,120569094.0,1680698250.0,1680698250.0,5924097.82,-35185344.0,199512949.31,235902470.47,36389521.16,599559.11,4471.76,5172.9,3437.84,1850.14,3179.69,4134.88,964.45,895.83,,,,,,,煤炭,煤炭开采Ⅱ,煤炭开采Ⅲ,4.12,4.15,4.22
sh600145,国创能源,2013-08-13,4.38,4.41,4.25,4.34,4.45,13897242.0,60130882.0,1639152900.0,1639152900.0,5924097.82,-35185344.0,199512949.31,235902470.47,36389521.16,599559.11,2598.62,2413.57,1254.65,1777.04,2125.87,1577.87,33.92,244.58,,,,,,,煤炭,煤炭开采Ⅱ,煤炭开采Ⅲ,4.35,4.35,4.38
sh600145,国创能源,2013-08-14,4.36,4.39,4.3,4.34,4.34,6816842.0,29618219.0,1639152900.0,1639152900.0,5924097.82,-35185344.0,199512949.31,235902470.47,36389521.16,599559.11,1310.99,1164.06,640.14,692.92,1008.47,998.86,2.18,105.92,,,,,,,煤炭,煤炭开采Ⅱ,煤炭开采Ⅲ,4.32,4.36,4.37
sh600145,国创能源,2013-08-15,4.32,4.7,4.28,4.47,4.34,16592418.0,74455467.0,1688251950.0,1688251950.0,5924097.82,-35185344.0,199512949.31,235902470.47,36389521.16,599559.11,2782.24,2856.34,1853.27,1850.47,1987.48,2572.09,770.92,115.0,,,,,,,煤炭,煤炭开采Ⅱ,煤炭开采Ⅲ,4.32,4.3,4.31
sh600145,国创能源,2013-08-16,4.45,4.55,4.3,4.35,4.47,10414844.0,45853836.0,1642929750.0,1642929750.0,5924097.82,-35185344.0,199512949.31,235902470.47,36389521.16,599559.11,2071.1,1750.82,865.87,1279.63,1394.97,1122.42,253.44,432.5,,,,,,,煤炭,煤炭开采Ⅱ,煤炭开采Ⅲ,4.43,4.42,4.48
sh600145,国创能源,2013-08-19,4.35,4.47,4.31,4.37,4.35,8878952.0,38916404.0,1650483450.0,1650483450.0,5924097.82,-35185344.0,199512949.31,235902470.47,36389521.16,599559.11,1594.67,1288.92,929.43,1420.93,1109.45,811.3,258.09,370.49,,,,,,,煤炭,煤炭开采Ⅱ,煤炭开采Ⅲ,4.32,4.34,4.38
sh600145,国创能源,2013-08-20,4.38,4.43,4.26,4.3,4.37,8564995.0,37025622.0,1624045500.0,1624045500.0,5924097.82,-35185344.0,199512949.31,235902470.47,36389521.16,599559.11,1573.41,1439.48,623.51,1359.98,1105.28,686.6,400.34,216.5,,,,,,,煤炭,煤炭开采Ⅱ,煤炭开采Ⅲ,4.4,4.38,4.38
sh600145,国创能源,2013-08-21,4.3,4.35,4.22,4.35,4.3,4938795.0,21176063.0,1642929750.0,1642929750.0,5924097.82,-35185344.0,199512949.31,235902470.47,36389521.16,599559.11,1013.43,875.98,290.95,474.6,813.21,656.6,0.0,110.42,,,,,,,煤炭,煤炭开采Ⅱ,煤炭开采Ⅲ,4.31,4.29,4.24
sh600145,国创能源,2013-08-22,4.26,4.31,4.24,4.29,4.35,5647723.0,24148788.0,1620268650.0,1620268650.0,5924097.82,-35185344.0,199512949.31,235902470.47,36389521.16,599559.11,1158.61,923.98,544.21,958.14,712.05,532.75,0.0,0.0,,,,,,,煤炭,煤炭开采Ⅱ,煤炭开采Ⅲ,4.28,4.25,4.29
sh600145,国创能源,2013-08-23,4.29,4.32,4.2,4.26,4.29,4920251.0,20947165.0,1608938100.0,1608938100.0,5924097.82,-35185344.0,199512949.31,235902470.47,36389521.16,599559.11,1089.9,882.62,269.29,628.92,735.52,583.18,0.0,0.0,,,,,,,煤炭,煤炭开采Ⅱ,煤炭开采Ⅲ,4.3,4.28,4.28
sh600145,国创能源,2013-08-26,4.29,4.43,4.24,4.43,4.26,8695609.0,37893614.0,1673144550.0,1673144550.0,5924097.82,-35185344.0,199512949.31,235902470.47,36389521.16,599559.11,1466.8,1520.93,1277.22,1072.88,1024.21,1195.54,21.12,0.0,,,,,,,煤炭,煤炭开采Ⅱ,煤炭开采Ⅲ,4.25,4.26,4.3
sh600145,国创能源,2013-08-27,4.43,4.56,4.38,4.48,4.43,8421011.0,37571771.0,1692028800.0,1692028800.0,5924097.82,-35185344.0,199512949.31,235902470.47,36389521.16,599559.11,1834.36,1560.54,838.89,943.85,1083.42,1146.46,0.5,106.33,,,,,,,煤炭,煤炭开采Ⅱ,煤炭开采Ⅲ,4.41,4.39,4.39
sh600145,国创能源,2013-08-28,4.48,4.53,4.38,4.43,4.48,7532043.0,33501288.0,1673144550.0,1673144550.0,5924097.82,-35185344.0,199512949.31,235902470.47,36389521.16,599559.11,1723.37,1581.11,588.42,893.53,1038.32,875.49,0.0,0.0,,,,,,,煤炭,煤炭开采Ⅱ,煤炭开采Ⅲ,4.46,4.43,4.44
sh600145,国创能源,2013-08-29,4.45,4.48,4.36,4.4,4.43,4378013.0,19289122.0,1661814000.0,1661814000.0,5924097.82,-35185344.0,199512949.31,235902470.47,36389521.16,599559.11,1007.92,922.65,258.52,404.4,662.47,601.86,0.0,0.0,,,,,,,煤炭,煤炭开采Ⅱ,煤炭开采Ⅲ,4.43,4.43,4.45
sh600145,国创能源,2013-08-30,4.39,4.5,4.36,4.39,4.4,6725980.0,29737080.0,1658037150.0,1658037150.0,5924097.82,-35185344.0,199512949.31,235902470.47,36389521.16,599559.11,1414.28,1447.35,646.83,711.17,904.37,815.18,8.23,0.0,,,,,,,煤炭,煤炭开采Ⅱ,煤炭开采Ⅲ,4.37,4.43,4.4
sh600145,国创能源,2013-09-02,4.4,4.61,4.35,4.58,4.39,13588537.0,60953522.0,1729797300.0,1729797300.0,-4083565.130000001,55077331.260000005,203175752.11,249738999.0,46563246.89,3544569.79,2058.84,2837.15,2288.78,1468.03,1328.99,1790.16,418.74,0.0,,,,,,,煤炭,煤炭开采Ⅱ,煤炭开采Ⅲ,4.39,4.4,4.4
sh600145,国创能源,2013-09-03,4.54,4.62,4.46,4.55,4.58,11730161.0,53330956.0,1718466750.0,1718466750.0,-4083565.130000001,55077331.260000005,203175752.11,249738999.0,46563246.89,3544569.79,2266.59,2768.28,1783.66,1433.5,1179.71,1131.3,103.13,0.0,,,,,,,煤炭,煤炭开采Ⅱ,煤炭开采Ⅲ,4.53,4.52,4.56
sh600145,国创能源,2013-09-04,4.56,4.67,4.51,4.64,4.55,8877200.0,40675233.0,1752458400.0,1752458400.0,-4083565.130000001,55077331.260000005,203175752.11,249738999.0,46563246.89,3544569.79,1471.44,2080.01,1225.41,759.85,1104.84,1227.66,265.83,0.0,,,,,,,煤炭,煤炭开采Ⅱ,煤炭开采Ⅲ,4.55,4.53,4.53
sh600145,国创能源,2013-09-05,4.6,4.8,4.56,4.72,4.64,13281636.0,62253285.0,1782673200.0,1782673200.0,-4083565.130000001,55077331.260000005,203175752.11,249738999.0,46563246.89,3544569.79,2296.93,2890.38,2109.79,1338.79,1417.94,1698.75,400.65,297.39,,,,,,,煤炭,煤炭开采Ⅱ,煤炭开采Ⅲ,4.62,4.61,4.6
sh600145,国创能源,2013-09-06,4.7,4.93,4.66,4.87,4.72,16523434.0,80104281.0,1839325950.0,1839325950.0,-4083565.130000001,55077331.260000005,203175752.11,249738999.0,46563246.89,3544569.79,3585.36,3324.29,2562.52,2293.45,1862.48,2291.25,0.0,101.37,,,,,,,煤炭,煤炭开采Ⅱ,煤炭开采Ⅲ,4.73,4.72,4.79
sh600145,国创能源,2013-09-09,4.83,4.91,4.74,4.8,4.87,10507281.0,50749190.0,1812888000.0,1812888000.0,-4083565.130000001,55077331.260000005,203175752.11,249738999.0,46563246.89,3544569.79,2409.2,2292.84,1248.74,1322.6,1371.4,1314.24,45.57,145.22,,,,,,,煤炭,煤炭开采Ⅱ,煤炭开采Ⅲ,4.87,4.84,4.81
sh600145,国创能源,2013-09-10,4.77,4.91,4.77,4.86,4.8,8957193.0,43389674.0,1835549100.0,1835549100.0,-4083565.130000001,55077331.260000005,203175752.11,249738999.0,46563246.89,3544569.79,2027.41,1870.81,1036.92,1408.03,1149.3,1060.12,125.34,0.0,,,,,,,煤炭,煤炭开采Ⅱ,煤炭开采Ⅲ,4.81,4.86,4.85
sh600145,国创能源,2013-09-11,4.85,4.89,4.66,4.72,4.86,9151393.0,43537043.0,1782673200.0,1782673200.0,-4083565.130000001,55077331.260000005,203175752.11,249738999.0,46563246.89,3544569.79,2167.01,1913.98,770.43,1176.06,1416.26,1263.65,0.0,0.0,,,,,,,煤炭,煤炭开采Ⅱ,煤炭开采Ⅲ,4.83,4.83,4.81
sh600145,国创能源,2013-09-12,4.71,4.96,4.68,4.82,4.72,12554833.0,60588402.0,1820441700.0,1820441700.0,-4083565.130000001,55077331.260000005,203175752.11,249738999.0,46563246.89,3544569.79,2641.73,2418.89,1707.79,2211.12,1265.61,1314.63,443.7,114.19,,,,,,,煤炭,煤炭开采Ⅱ,煤炭开采Ⅲ,4.73,4.74,4.77
sh600145,国创能源,2013-09-13,4.77,4.79,4.62,4.71,4.82,10138988.0,47797499.0,1778896350.0,1778896350.0,-4083565.130000001,55077331.260000005,203175752.11,249738999.0,46563246.89,3544569.79,2283.54,1702.04,1241.27,1423.19,1142.55,818.28,112.38,836.24,,,,,,,煤炭,煤炭开采Ⅱ,煤炭开采Ⅲ,4.78,4.74,4.76
sh600145,国创能源,2013-09-16,4.72,4.78,4.62,4.69,4.71,12102239.0,56488349.0,1771342650.0,1771342650.0,-4083565.130000001,55077331.260000005,203175752.11,249738999.0,46563246.89,3544569.79,2207.89,1235.2,2029.14,2501.66,1102.91,660.53,308.89,1251.44,,,,,,,煤炭,煤炭开采Ⅱ,煤炭开采Ⅲ,4.75,4.74,4.73
sh600145,国创能源,2013-09-17,4.67,4.72,4.59,4.69,4.69,6808323.0,31740206.0,1771342650.0,1771342650.0,-4083565.130000001,55077331.260000005,203175752.11,249738999.0,46563246.89,3544569.79,1080.28,1214.73,1412.32,1044.94,664.4,683.37,17.02,230.97,,,,,,,煤炭,煤炭开采Ⅱ,煤炭开采Ⅲ,4.65,4.62,4.63
sh600145,国创能源,2013-09-18,4.64,4.75,4.64,4.74,4.69,6388651.0,30124304.0,1790226900.0,1790226900.0,-4083565.130000001,55077331.260000005,203175752.11,249738999.0,46563246.89,3544569.79,1390.68,1267.98,944.08,1200.28,677.66,544.16,0.0,0.0,,,,,,,煤炭,煤炭开采Ⅱ,煤炭开采Ⅲ,4.7,4.74,4.71
sh600145,国创能源,2013-09-23,4.75,4.76,4.61,4.75,4.74,8448134.0,39632332.0,1794003750.0,1794003750.0,-4083565.130000001,55077331.260000005,203175752.11,249738999.0,46563246.89,3544569.79,1682.94,1528.98,1248.92,1460.58,958.65,710.49,72.71,263.18,,,,,,,煤炭,煤炭开采Ⅱ,煤炭开采Ⅲ,4.73,4.72,4.71
sh600145,国创能源,2013-09-24,4.76,4.76,4.68,4.74,4.75,5734792.0,27031836.0,1790226900.0,1790226900.0,-4083565.130000001,55077331.260000005,203175752.11,249738999.0,46563246.89,3544569.79,854.53,996.2,1285.99,1147.3,562.66,559.69,0.0,0.0,,,,,,,煤炭,煤炭开采Ⅱ,煤炭开采Ⅲ,4.72,4.74,4.72
sh600145,国创能源,2013-09-25,4.7,4.81,4.7,4.78,4.74,8912217.0,42402958.0,1805334300.0,1805334300.0,-4083565.130000001,55077331.260000005,203175752.11,249738999.0,46563246.89,3544569.79,1906.15,1736.28,1159.64,1533.85,1031.69,814.84,142.8,155.32,,,,,,,煤炭,煤炭开采Ⅱ,煤炭开采Ⅲ,4.71,4.71,4.79
sh600145,国创能源,2013-09-26,4.83,5.1,4.77,4.92,4.78,19465243.0,95745913.0,1858210200.0,1858210200.0,-4083565.130000001,55077331.260000005,203175752.11,249738999.0,46563246.89,3544569.79,4378.3,4625.72,2637.65,1845.48,2206.05,2518.86,352.58,584.52,,,,,,,煤炭,煤炭开采Ⅱ,煤炭开采Ⅲ,4.82,4.81,4.8
sh600145,国创能源,2013-09-27,4.92,5.14,4.88,5.1,4.92,18651933.0,94283901.0,1926193500.0,1926193500.0,-4083565.130000001,55077331.260000005,203175752.11,249738999.0,46563246.89,3544569.79,4518.1,4110.09,2325.38,2679.12,2274.05,2536.8,310.83,102.35,,,,,,,煤炭,煤炭开采Ⅱ,煤炭开采Ⅲ,4.91,4.89,4.91
sh600145,国创能源,2013-09-30,5.1,5.21,5.05,5.08,5.1,9135098.0,46763726.0,1918639800.0,1918639800.0,-4083565.130000001,55077331.260000005,203175752.11,249738999.0,46563246.89,3544569.79,2450.42,2143.03,935.87,1277.17,1290.06,1194.27,0.0,61.88,,,,,,,煤炭,煤炭开采Ⅱ,煤炭开采Ⅲ,5.12,5.12,5.11
sh600145,国创能源,2013-10-08,5.07,5.08,4.93,4.95,5.08,9415275.0,47007309.0,1869540750.0,1869540750.0,-4083565.130000001,55077331.260000005,203175752.11,249738999.0,46563246.89,3544569.79,2122.73,1956.69,973.48,1767.47,1592.11,972.34,12.4,4.21,,,,,,,煤炭,煤炭开采Ⅱ,煤炭开采Ⅲ,5.01,5.02,5.0
sh600145,国创能源,2013-10-09,4.94,5.01,4.91,4.96,4.95,6528845.0,32313991.0,1873317600.0,1873317600.0,-4083565.130000001,55077331.260000005,203175752.11,249738999.0,46563246.89,3544569.79,1632.0,1220.56,552.58,1226.78,1046.81,724.13,0.0,59.92,,,,,,,煤炭,煤炭开采Ⅱ,煤炭开采Ⅲ,4.94,4.94,4.95
sh600145,国创能源,2013-10-10,4.95,4.97,4.82,4.85,4.96,6965108.0,34142400.0,1831772250.0,1831772250.0,-4083565.130000001,55077331.260000005,203175752.11,249738999.0,46563246.89,3544569.79,1238.18,1207.79,883.92,1172.75,1173.95,714.56,118.18,319.13,,,,,,,煤炭,煤炭开采Ⅱ,煤炭开采Ⅲ,4.94,4.96,4.96
sh600145,国创能源,2013-10-11,4.86,5.02,4.86,4.98,4.85,8803226.0,43766554.0,1880871300.0,1880871300.0,-4083565.130000001,55077331.260000005,203175752.11,249738999.0,46563246.89,3544569.79,2435.82,1956.99,991.16,1485.42,949.66,934.22,0.0,0.0,,,,,,,煤炭,煤炭开采Ⅱ,煤炭开采Ⅲ,4.92,4.93,5.01
sh600145,国创能源,2013-10-14,4.99,5.11,4.96,5.08,4.98,7256306.0,36703153.0,1918639800.0,1918639800.0,-4083565.130000001,55077331.260000005,203175752.11,249738999.0,46563246.89,3544569.79,1612.93,1789.12,1160.52,763.27,896.86,974.67,0.0,143.25,,,,,,,煤炭,煤炭开采Ⅱ,煤炭开采Ⅲ,4.97,4.98,5.05
sh600145,国创能源,2013-10-15,5.08,5.15,5.04,5.08,5.08,7637230.0,38819538.0,1918639800.0,1918639800.0,-4083565.130000001,55077331.260000005,203175752.11,249738999.0,46563246.89,3544569.79,2082.06,1578.39,1060.47,1061.69,739.42,836.6,0.0,405.27,,,,,,,煤炭,煤炭开采Ⅱ,煤炭开采Ⅲ,5.07,5.1,5.1
sh600145,国创能源,2013-10-16,5.04,5.08,4.87,4.92,5.08,8794553.0,44027339.0,1858210200.0,1858210200.0,-4083565.130000001,55077331.260000005,203175752.11,249738999.0,46563246.89,3544569.79,2273.47,1726.89,1027.01,1583.31,1102.24,879.29,0.0,213.24,,,,,,,煤炭,煤炭开采Ⅱ,煤炭开采Ⅲ,5.05,5.06,5.06
sh600145,国创能源,2013-10-17,4.97,5.0,4.8,4.85,4.92,8622377.0,42408978.0,1831772250.0,1831772250.0,-4083565.130000001,55077331.260000005,203175752.11,249738999.0,46563246.89,3544569.79,2381.64,1398.73,728.55,1971.61,1130.7,726.64,0.0,143.91,,,,,,,煤炭,煤炭开采Ⅱ,煤炭开采Ⅲ,4.98,4.97,4.94
sh600145,国创能源,2013-10-18,4.82,4.86,4.75,4.81,4.85,6349042.0,30421005.0,1816664850.0,1816664850.0,-4083565.130000001,55077331.260000005,203175752.11,249738999.0,46563246.89,3544569.79,1620.42,1198.96,631.28,805.85,790.4,706.52,0.0,330.77,,,,,,,煤炭,煤炭开采Ⅱ,煤炭开采Ⅲ,4.83,4.83,4.83
sh600145,国创能源,2013-10-21,4.8,5.1,4.74,4.99,4.81,10586552.0,52442292.0,1884648150.0,1884648150.0,-4083565.130000001,55077331.260000005,203175752.11,249738999.0,46563246.89,3544569.79,2091.36,2328.3,1988.61,1505.06,1158.33,1244.41,5.92,166.45,,,,,,,煤炭,煤炭开采Ⅱ,煤炭开采Ⅲ,4.82,4.77,4.78
sh600145,国创能源,2013-10-22,4.93,5.05,4.89,4.98,4.99,6892007.0,34200771.0,1880871300.0,1880871300.0,-4083565.130000001,55077331.260000005,203175752.11,249738999.0,46563246.89,3544569.79,1450.95,1514.15,1123.1,895.68,846.02,714.11,0.0,296.14,,,,,,,煤炭,煤炭开采Ⅱ,煤炭开采Ⅲ,4.96,5.01,5.0
sh600145,国创能源,2013-10-23,4.98,5.05,4.86,4.89,4.98,5530969.0,27234122.0,1846879650.0,1846879650.0,-4083565.130000001,55077331.260000005,203175752.11,249738999.0,46563246.89,3544569.79,1502.63,1426.53,514.03,752.77,706.74,544.11,0.0,0.0,,,,,,,煤炭,煤炭开采Ⅱ,煤炭开采Ⅲ,4.97,4.98,5.01
sh600145,国创能源,2013-10-24,4.9,5.09,4.85,4.96,4.89,10267778.0,51149617.0,1873317600.0,1873317600.0,-4083565.130000001,55077331.260000005,203175752.11,249738999.0,46563246.89,3544569.79,1861.33,2117.2,1448.58,984.57,1028.8,1090.85,776.24,922.33,,,,,,,煤炭,煤炭开采Ⅱ,煤炭开采Ⅲ,4.86,4.89,4.9
sh600145,国创能源,2013-10-25,4.9,4.99,4.75,4.81,4.96,5773336.0,28079929.0,1816664850.0,1816664850.0,-4083565.130000001,55077331.260000005,203175752.11,249738999.0,46563246.89,3544569.79,1355.29,1185.75,502.51,661.57,798.69,631.93,151.5,328.73,,,,,,,煤炭,煤炭开采Ⅱ,煤炭开采Ⅲ,4.96,4.97,4.95
sh600145,国创能源,2013-10-28,4.81,4.84,4.67,4.7,4.81,3411502.0,16157871.0,1775119500.0,1775119500.0,-4083565.130000001,55077331.260000005,203175752.11,249738999.0,46563246.89,3544569.79,664.04,723.37,313.9,353.65,637.84,538.76,0.0,0.0,,,,,,,煤炭,煤炭开采Ⅱ,煤炭开采Ⅲ,4.79,4.78,4.72
sh600145,国创能源,2013-10-29,4.71,4.79,4.28,4.43,4.7,7216077.0,32495087.0,1673144550.0,1673144550.0,-4083565.130000001,55077331.260000005,203175752.11,249738999.0,46563246.89,3544569.79,1678.11,1563.17,429.33,840.09,1142.05,846.24,0.0,0.0,,,,,,,煤炭,煤炭开采Ⅱ,煤炭开采Ⅲ,4.73,4.75,4.73
sh600145,国创能源,2013-10-30,4.43,4.67,4.38,4.56,4.43,5467655.0,24828161.0,1722243600.0,1722243600.0,-4083565.130000001,55077331.260000005,203175752.11,249738999.0,46563246.89,3544569.79,955.85,1205.01,476.66,466.76,715.73,811.04,334.58,0.0,,,,,,,煤炭,煤炭开采Ⅱ,煤炭开采Ⅲ,4.43,4.41,4.46
sh600145,国创能源,2013-10-31,4.56,4.75,4.45,4.59,4.56,4577252.0,20947761.0,1733574150.0,1733574150.0,-4393416.870000001,55631354.8,203260302.31,245204278.97,41943976.66,49100.419999999925,828.13,900.63,536.01,608.66,730.59,585.44,0.0,0.0,,,,,,,煤炭,煤炭开采Ⅱ,煤炭开采Ⅲ,4.52,4.51,4.54
sh600145,国创能源,2013-11-01,4.58,4.73,4.48,4.51,4.59,2511734.0,11460062.0,1703359350.0,1703359350.0,-4393416.870000001,55631354.8,203260302.31,245204278.97,41943976.66,49100.419999999925,470.24,567.16,171.29,128.14,504.47,450.71,0.0,0.0,,,,,,,煤炭,煤炭开采Ⅱ,煤炭开采Ⅲ,4.57,4.54,4.56
sh600145,国创能源,2013-11-04,4.5,4.74,4.48,4.58,4.51,3288386.0,15177109.0,1729797300.0,1729797300.0,-4393416.870000001,55631354.8,203260302.31,245204278.97,41943976.66,49100.419999999925,478.9,642.55,550.55,384.38,485.71,490.78,2.55,0.0,,,,,,,煤炭,煤炭开采Ⅱ,煤炭开采Ⅲ,4.55,4.52,4.53
sh600145,国创能源,2013-11-05,4.58,4.7,4.52,4.66,4.58,5227710.0,24279594.0,1760012100.0,1760012100.0,-4393416.870000001,55631354.8,203260302.31,245204278.97,41943976.66,49100.419999999925,777.07,1048.13,326.66,646.06,686.25,562.57,637.97,171.19,,,,,,,煤炭,煤炭开采Ⅱ,煤炭开采Ⅲ,4.52,4.55,4.55
sh600145,国创能源,2013-11-06,4.65,4.75,4.57,4.6,4.66,5348968.0,24883058.0,1737351000.0,1737351000.0,-4393416.870000001,55631354.8,203260302.31,245204278.97,41943976.66,49100.419999999925,852.42,1090.68,327.47,424.72,978.14,972.89,330.27,0.0,,,,,,,煤炭,煤炭开采Ⅱ,煤炭开采Ⅲ,4.67,4.63,4.67
sh600145,国创能源,2013-11-07,4.58,4.58,4.44,4.48,4.6,3472820.0,15651886.0,1692028800.0,1692028800.0,-4393416.870000001,55631354.8,203260302.31,245204278.97,41943976.66,49100.419999999925,688.36,630.53,102.58,337.64,774.24,597.02,0.0,0.0,,,,,,,煤炭,煤炭开采Ⅱ,煤炭开采Ⅲ,4.56,4.54,4.54
sh600145,国创能源,2013-11-08,4.45,4.51,4.35,4.48,4.48,2114121.0,9446645.0,1692028800.0,1692028800.0,-4393416.870000001,55631354.8,203260302.31,245204278.97,41943976.66,49100.419999999925,379.06,477.95,124.63,42.46,440.97,424.26,0.0,0.0,,,,,,,煤炭,煤炭开采Ⅱ,煤炭开采Ⅲ,4.44,4.44,4.46
sh600145,国创能源,2013-11-11,4.49,4.49,4.36,4.43,4.48,2141235.0,9488776.0,1673144550.0,1673144550.0,-4393416.870000001,55631354.8,203260302.31,245204278.97,41943976.66,49100.419999999925,465.64,576.55,85.63,105.93,397.6,266.4,0.0,0.0,,,,,,,煤炭,煤炭开采Ⅱ,煤炭开采Ⅲ,4.46,4.37,4.45
sh600145,国创能源,2013-11-12,4.39,4.55,4.36,4.46,4.43,2023119.0,8966112.0,1684475100.0,1684475100.0,-4393416.870000001,55631354.8,203260302.31,245204278.97,41943976.66,49100.419999999925,387.83,407.49,135.74,93.84,373.04,395.28,0.0,0.0,,,,,,,煤炭,煤炭开采Ⅱ,煤炭开采Ⅲ,4.39,4.37,4.4
sh600145,国创能源,2013-11-13,4.43,4.45,4.25,4.27,4.46,2850890.0,12411317.0,1612714950.0,1612714950.0,-4393416.870000001,55631354.8,203260302.31,245204278.97,41943976.66,49100.419999999925,648.51,458.44,26.4,488.93,566.23,293.77,0.0,0.0,,,,,,,煤炭,煤炭开采Ⅱ,煤炭开采Ⅲ,4.44,4.41,4.42
sh600145,国创能源,2013-11-14,4.27,4.33,4.06,4.16,4.27,4919904.0,20378992.0,1571169600.0,1571169600.0,-4393416.870000001,55631354.8,203260302.31,245204278.97,41943976.66,49100.419999999925,1042.13,934.05,256.1,567.51,739.67,536.34,0.0,0.0,,,,,,,煤炭,煤炭开采Ⅱ,煤炭开采Ⅲ,4.24,4.16,4.1
sh600145,国创能源,2013-11-15,4.17,4.26,4.11,4.2,4.16,7437545.0,31084113.0,1586277000.0,1586277000.0,-4393416.870000001,55631354.8,203260302.31,245204278.97,41943976.66,49100.419999999925,1512.54,1034.72,724.2,994.16,871.67,627.85,0.0,451.68,,,,,,,煤炭,煤炭开采Ⅱ,煤炭开采Ⅲ,4.15,4.16,4.16
sh600145,国创能源,2013-11-18,4.2,4.39,4.18,4.29,4.2,7073874.0,30296204.0,1620268650.0,1620268650.0,-4393416.870000001,55631354.8,203260302.31,245204278.97,41943976.66,49100.419999999925,1072.94,1131.98,756.11,862.27,854.31,864.47,346.25,170.9,,,,,,,煤炭,煤炭开采Ⅱ,煤炭开采Ⅲ,4.19,4.21,4.23
sh600145,国创能源,2013-11-19,4.31,4.33,4.26,4.31,4.29,4361866.0,18719408.0,1627822350.0,1627822350.0,-4393416.870000001,55631354.8,203260302.31,245204278.97,41943976.66,49100.419999999925,780.03,790.15,397.85,535.48,573.08,546.31,120.98,0.0,,,,,,,煤炭,煤炭开采Ⅱ,煤炭开采Ⅲ,4.31,4.27,4.28
sh600145,国创能源,2013-11-20,4.33,4.59,4.27,4.5,4.31,11212962.0,49778102.0,1699582500.0,1699582500.0,-4393416.870000001,55631354.8,203260302.31,245204278.97,41943976.66,49100.419999999925,1566.84,2201.84,1320.67,1535.64,1209.85,1240.32,880.44,0.0,,,,,,,煤炭,煤炭开采Ⅱ,煤炭开采Ⅲ,4.32,4.32,4.28
sh600145,国创能源,2013-11-21,4.49,4.59,4.42,4.56,4.5,11726534.0,53163730.0,1722243600.0,1722243600.0,-4393416.870000001,55631354.8,203260302.31,245204278.97,41943976.66,49100.419999999925,1488.04,2993.59,1249.16,788.7,1204.22,1433.1,1374.93,100.97,,,,,,,煤炭,煤炭开采Ⅱ,煤炭开采Ⅲ,4.43,4.48,4.47
sh600145,国创能源,2013-11-22,4.5,4.57,4.45,4.46,4.56,4507283.0,20306228.0,1684475100.0,1684475100.0,-4393416.870000001,55631354.8,203260302.31,245204278.97,41943976.66,49100.419999999925,623.54,765.38,254.27,416.1,852.25,817.11,300.56,32.03,,,,,,,煤炭,煤炭开采Ⅱ,煤炭开采Ⅲ,4.53,4.53,4.53
sh600145,国创能源,2013-11-25,4.48,4.48,4.37,4.38,4.46,2689000.0,11899581.0,1654260300.0,1654260300.0,-4393416.870000001,55631354.8,203260302.31,245204278.97,41943976.66,49100.419999999925,498.2,447.13,96.35,278.55,595.4,464.27,0.0,0.0,,,,,,,煤炭,煤炭开采Ⅱ,煤炭开采Ⅲ,4.44,4.45,4.44
sh600145,国创能源,2013-11-26,4.35,4.44,4.35,4.38,4.38,2193878.0,9640355.0,1654260300.0,1654260300.0,-4393416.870000001,55631354.8,203260302.31,245204278.97,41943976.66,49100.419999999925,459.69,432.04,96.97,177.83,407.36,354.16,0.0,0.0,,,,,,,煤炭,煤炭开采Ⅱ,煤炭开采Ⅲ,4.43,4.41,4.41
sh600145,国创能源,2013-11-27,4.41,4.5,4.36,4.5,4.38,5012518.0,22283160.0,1699582500.0,1699582500.0,-4393416.870000001,55631354.8,203260302.31,245204278.97,41943976.66,49100.419999999925,688.45,1065.43,823.22,513.61,582.35,649.27,134.28,0.0,,,,,,,煤炭,煤炭开采Ⅱ,煤炭开采Ⅲ,4.36,4.43,4.43
sh600145,国创能源,2013-11-28,4.5,4.57,4.46,4.46,4.5,6462031.0,29176206.0,1684475100.0,1684475100.0,-4393416.870000001,55631354.8,203260302.31,245204278.97,41943976.66,49100.419999999925,1065.5,1062.8,720.36,926.84,915.16,697.0,216.6,230.97,,,,,,,煤炭,煤炭开采Ⅱ,煤炭开采Ⅲ,4.5,4.52,4.55
sh600145,国创能源,2013-11-29,4.42,4.52,4.42,4.49,4.46,4630041.0,20746308.0,1695805650.0,1695805650.0,-4393416.870000001,55631354.8,203260302.31,245204278.97,41943976.66,49100.419999999925,699.43,606.59,504.92,704.35,746.83,621.48,123.44,142.2,,,,,,,煤炭,煤炭开采Ⅱ,煤炭开采Ⅲ,4.44,4.46,4.47
sh600145,国创能源,2013-12-02,4.37,4.42,4.11,4.2,4.49,9096351.0,38487514.0,1586277000.0,1586277000.0,-4393416.870000001,55631354.8,203260302.31,245204278.97,41943976.66,49100.419999999925,1828.24,1790.9,631.75,1015.96,1388.76,925.67,0.0,116.21,,,,,,,煤炭,煤炭开采Ⅱ,煤炭开采Ⅲ,4.4,4.39,4.4
sh600145,国创能源,2013-12-03,4.2,4.22,4.13,4.18,4.2,6498079.0,27161333.0,1578723300.0,1578723300.0,-4393416.870000001,55631354.8,203260302.31,245204278.97,41943976.66,49100.419999999925,1133.16,1174.55,497.61,802.86,979.9,443.32,105.46,295.41,,,,,,,煤炭,煤炭开采Ⅱ,煤炭开采Ⅲ,4.18,4.17,4.17
sh600145,国创能源,2013-12-04,4.18,4.33,4.17,4.24,4.18,7969953.0,33915494.0,1601384400.0,1601384400.0,-4393416.870000001,55631354.8,203260302.31,245204278.97,41943976.66,49100.419999999925,1311.42,1377.14,938.86,1156.4,1141.26,857.99,0.0,0.0,,,,,,,煤炭,煤炭开采Ⅱ,煤炭开采Ⅲ,4.19,4.2,4.2
sh600145,国创能源,2013-12-05,4.24,4.26,4.16,4.22,4.24,6734891.0,28278341.0,1593830700.0,1593830700.0,-4393416.870000001,55631354.8,203260302.31,245204278.97,41943976.66,49100.419999999925,1251.24,1253.4,723.87,904.03,852.72,565.8,0.0,104.59,,,,,,,煤炭,煤炭开采Ⅱ,煤炭开采Ⅲ,4.22,4.2,4.24
sh600145,国创能源,2013-12-06,4.18,4.22,4.14,4.18,4.22,4358831.0,18233089.0,1578723300.0,1578723300.0,-4393416.870000001,55631354.8,203260302.31,245204278.97,41943976.66,49100.419999999925,976.54,935.43,269.89,440.61,576.88,447.26,0.0,0.0,,,,,,,煤炭,煤炭开采Ⅱ,煤炭开采Ⅲ,4.19,4.21,4.19
sh600145,国创能源,2013-12-09,4.18,4.23,4.18,4.23,4.18,2839747.0,11960840.0,1597607550.0,1597607550.0,-4393416.870000001,55631354.8,203260302.31,245204278.97,41943976.66,49100.419999999925,627.78,566.87,201.72,223.06,366.58,406.15,0.0,0.0,,,,,,,煤炭,煤炭开采Ⅱ,煤炭开采Ⅲ,4.2,4.2,4.2
sh600145,国创能源,2013-12-10,4.23,4.29,4.21,4.27,4.23,4018324.0,17081386.0,1612714950.0,1612714950.0,-4393416.870000001,55631354.8,203260302.31,245204278.97,41943976.66,49100.419999999925,605.28,857.25,626.57,369.71,476.28,481.08,0.0,0.09,,,,,,,煤炭,煤炭开采Ⅱ,煤炭开采Ⅲ,4.26,4.24,4.24
sh600145,国创能源,2013-12-11,4.23,4.28,4.13,4.15,4.27,3704976.0,15485842.0,1567392750.0,1567392750.0,-4393416.870000001,55631354.8,203260302.31,245204278.97,41943976.66,49100.419999999925,678.28,721.07,203.34,394.23,666.96,433.28,0.0,0.0,,,,,,,煤炭,煤炭开采Ⅱ,煤炭开采Ⅲ,4.24,4.23,4.21
sh600145,国创能源,2013-12-12,4.15,4.18,4.12,4.13,4.15,2188917.0,9073907.0,1559839050.0,1559839050.0,-4393416.870000001,55631354.8,203260302.31,245204278.97,41943976.66,49100.419999999925,306.51,393.85,153.38,213.05,447.49,300.48,0.0,0.0,,,,,,,煤炭,煤炭开采Ⅱ,煤炭开采Ⅲ,4.14,4.15,4.17
sh600145,国创能源,2013-12-13,4.13,4.16,4.06,4.15,4.13,3888019.0,15997034.0,1567392750.0,1567392750.0,-4393416.870000001,55631354.8,203260302.31,245204278.97,41943976.66,49100.419999999925,829.26,726.39,201.43,400.41,569.02,323.16,0.0,149.73,,,,,,,煤炭,煤炭开采Ⅱ,煤炭开采Ⅲ,4.08,4.11,4.12
sh600145,国创能源,2013-12-16,4.15,4.15,3.98,3.99,4.15,5825775.0,23589804.0,1506963150.0,1506963150.0,-4393416.870000001,55631354.8,203260302.31,245204278.97,41943976.66,49100.419999999925,1044.48,821.16,386.48,854.85,928.02,477.15,0.0,205.81,,,,,,,煤炭,煤炭开采Ⅱ,煤炭开采Ⅲ,4.14,4.14,4.12
sh600145,国创能源,2013-12-17,4.01,4.03,3.95,3.97,3.99,2790037.0,11097959.0,1499409450.0,1499409450.0,-4393416.870000001,55631354.8,203260302.31,245204278.97,41943976.66,49100.419999999925,440.28,453.31,79.03,224.33,590.49,432.15,0.0,0.0,,,,,,,煤炭,煤炭开采Ⅱ,煤炭开采Ⅲ,4.02,3.99,3.98
sh600145,国创能源,2013-12-18,3.97,4.02,3.95,3.98,3.97,2050540.0,8166706.0,1503186300.0,1503186300.0,-4393416.870000001,55631354.8,203260302.31,245204278.97,41943976.66,49100.419999999925,357.53,411.78,47.73,91.52,411.41,313.36,0.0,0.0,,,,,,,煤炭,煤炭开采Ⅱ,煤炭开采Ⅲ,3.99,3.98,3.95
sh600145,国创能源,2013-12-19,3.98,4.03,3.97,3.98,3.98,2636768.0,10548508.0,1503186300.0,1503186300.0,-4393416.870000001,55631354.8,203260302.31,245204278.97,41943976.66,49100.419999999925,419.77,487.83,384.95,248.62,250.13,318.4,0.0,0.0,,,,,,,煤炭,煤炭开采Ⅱ,煤炭开采Ⅲ,4.0,4.0,3.98
sh600145,国创能源,2013-12-20,3.99,4.0,3.86,3.9,3.98,2450187.0,9614043.0,1472971500.0,1472971500.0,-4393416.870000001,55631354.8,203260302.31,245204278.97,41943976.66,49100.419999999925,384.23,478.29,91.21,112.01,485.96,371.1,0.0,0.0,,,,,,,煤炭,煤炭开采Ⅱ,煤炭开采Ⅲ,3.97,3.98,3.98
sh600145,国创能源,2013-12-23,3.91,3.91,3.81,3.82,3.9,2622898.0,10108296.0,1442756700.0,1442756700.0,-4393416.870000001,55631354.8,203260302.31,245204278.97,41943976.66,49100.419999999925,327.27,508.84,61.09,125.35,622.46,376.63,0.0,0.0,,,,,,,煤炭,煤炭开采Ⅱ,煤炭开采Ⅲ,3.91,3.88,3.86
sh600145,国创能源,2013-12-24,3.83,3.91,3.82,3.87,3.82,2333751.0,8993685.0,1461640950.0,1461640950.0,-4393416.870000001,55631354.8,203260302.31,245204278.97,41943976.66,49100.419999999925,173.35,416.61,122.2,59.44,603.82,423.32,0.0,0.0,,,,,,,煤炭,煤炭开采Ⅱ,煤炭开采Ⅲ,3.84,3.85,3.84
sh600145,国创能源,2013-12-25,3.87,3.9,3.84,3.87,3.87,1509914.0,5839657.0,1461640950.0,1461640950.0,-4393416.870000001,55631354.8,203260302.31,245204278.97,41943976.66,49100.419999999925,268.29,296.37,52.3,37.08,263.37,250.52,0.0,0.0,,,,,,,煤炭,煤炭开采Ⅱ,煤炭开采Ⅲ,3.85,3.86,3.88
sh600145,国创能源,2013-12-26,3.87,3.9,3.73,3.76,3.87,3113138.0,11859292.0,1420095600.0,1420095600.0,-4393416.870000001,55631354.8,203260302.31,245204278.97,41943976.66,49100.419999999925,431.88,553.13,268.58,290.82,485.35,341.97,0.11,0.0,,,,,,,煤炭,煤炭开采Ⅱ,煤炭开采Ⅲ,3.89,3.87,3.88
sh600145,国创能源,2013-12-27,3.76,3.83,3.73,3.81,3.76,2006428.0,7608064.0,1438979850.0,1438979850.0,-4393416.870000001,55631354.8,203260302.31,245204278.97,41943976.66,49100.419999999925,282.82,330.08,150.38,112.87,327.61,317.87,0.0,0.0,,,,,,,煤炭,煤炭开采Ⅱ,煤炭开采Ⅲ,3.76,3.76,3.76
sh600145,国创能源,2013-12-30,3.81,3.84,3.79,3.82,3.81,3216338.0,12254523.0,1442756700.0,1442756700.0,-4393416.870000001,55631354.8,203260302.31,245204278.97,41943976.66,49100.419999999925,624.1,581.54,152.95,323.65,445.35,317.21,0.0,0.0,,,,,,,煤炭,煤炭开采Ⅱ,煤炭开采Ⅲ,3.81,3.83,3.81
sh600145,国创能源,2013-12-31,3.81,3.86,3.8,3.84,3.82,3174679.0,12165828.0,1450310400.0,1450310400.0,-4393416.870000001,55631354.8,203260302.31,245204278.97,41943976.66,49100.419999999925,522.65,636.47,277.89,158.52,416.04,421.58,0.0,0.0,,,,,,,煤炭,煤炭开采Ⅱ,煤炭开采Ⅲ,3.8,3.82,3.82
sh600145,国创能源,2014-01-02,3.85,3.88,3.82,3.86,3.84,4125935.0,15860896.0,1457864100.0,1457864100.0,-4393416.870000001,55631354.8,203260302.31,245204278.97,41943976.66,49100.419999999925,800.92,698.15,231.25,549.28,553.91,338.66,0.0,0.0,,,,,,,建筑材料,其他建材,其他建材,3.83,3.83,3.85
sh600145,国创能源,2014-01-03,3.86,3.87,3.82,3.86,3.86,2433395.0,9358261.0,1457864100.0,1457864100.0,-4393416.870000001,55631354.8,203260302.31,245204278.97,41943976.66,49100.419999999925,566.77,508.66,62.53,55.43,306.52,371.73,0.0,0.0,,,,,,,建筑材料,其他建材,其他建材,3.85,3.85,3.85
sh600145,国创能源,2014-01-06,3.86,3.88,3.77,3.78,3.86,4834792.0,18504112.0,1427649300.0,1427649300.0,-4393416.870000001,55631354.8,203260302.31,245204278.97,41943976.66,49100.419999999925,1011.66,956.66,310.48,374.87,528.26,518.88,0.0,0.0,,,,,,,建筑材料,其他建材,其他建材,3.86,3.87,3.87
sh600145,国创能源,2014-01-07,3.8,3.94,3.7,3.94,3.78,5647042.0,21809899.0,1488078900.0,1488078900.0,-4393416.870000001,55631354.8,203260302.31,245204278.97,41943976.66,49100.419999999925,1059.72,942.08,470.02,189.49,651.24,1049.42,0.0,0.0,,,,,,,建筑材料,其他建材,其他建材,3.78,3.76,3.73
sh600145,国创能源,2014-01-08,3.93,3.99,3.88,3.94,3.94,5862539.0,23035004.0,1488078900.0,1488078900.0,-4393416.870000001,55631354.8,203260302.31,245204278.97,41943976.66,49100.419999999925,1021.9,1107.83,494.45,456.28,787.15,739.38,0.0,0.0,,,,,,,建筑材料,其他建材,其他建材,3.9,3.92,3.91
sh600145,国创能源,2014-01-09,3.92,3.95,3.81,3.84,3.94,2741957.0,10677023.0,1450310400.0,1450310400.0,-4393416.870000001,55631354.8,203260302.31,245204278.97,41943976.66,49100.419999999925,459.52,424.02,94.74,190.45,513.43,453.22,0.0,0.0,,,,,,,建筑材料,其他建材,其他建材,3.92,3.93,3.92
sh600145,国创能源,2014-01-10,3.81,3.85,3.75,3.83,3.84,1867995.0,7110752.0,1446533550.0,1446533550.0,-4393416.870000001,55631354.8,203260302.31,245204278.97,41943976.66,49100.419999999925,225.32,245.54,125.41,65.25,360.34,400.27,0.0,0.0,,,,,,,建筑材料,其他建材,其他建材,3.8,3.81,3.82
sh600145,国创能源,2014-01-13,3.79,3.9,3.79,3.82,3.83,1827178.0,7041434.0,1442756700.0,1442756700.0,-4393416.870000001,55631354.8,203260302.31,245204278.97,41943976.66,49100.419999999925,453.73,391.94,0.0,13.05,249.98,299.15,0.43,0.0,,,,,,,建筑材料,其他建材,其他建材,3.83,3.87,3.87
sh600145,国创能源,2014-01-14,3.84,3.93,3.78,3.93,3.82,2445241.0,9463974.0,1484302050.0,1484302050.0,-4393416.870000001,55631354.8,203260302.31,245204278.97,41943976.66,49100.419999999925,402.14,487.8,120.87,59.35,423.38,399.25,0.0,0.0,,,,,,,建筑材料,其他建材,其他建材,3.83,3.79,3.8
sh600145,国创能源,2014-01-15,3.92,3.98,3.91,3.97,3.93,3642608.0,14391854.0,1499409450.0,1499409450.0,-4393416.870000001,55631354.8,203260302.31,245204278.97,41943976.66,49100.419999999925,876.46,786.3,205.86,171.41,356.86,481.48,0.0,0.0,,,,,,,建筑材料,其他建材,其他建材,3.95,3.96,3.94
sh600145,国创能源,2014-01-16,3.97,4.03,3.93,3.99,3.97,3346536.0,13343799.0,1506963150.0,1506963150.0,-4393416.870000001,55631354.8,203260302.31,245204278.97,41943976.66,49100.419999999925,628.56,534.94,322.78,394.68,383.04,404.76,0.0,0.0,,,,,,,建筑材料,其他建材,其他建材,3.95,3.94,3.95
sh600145,国创能源,2014-01-17,3.98,4.08,3.95,4.02,3.99,6149263.0,24784398.0,1518293700.0,1518293700.0,-4393416.870000001,55631354.8,203260302.31,245204278.97,41943976.66,49100.419999999925,1298.04,1117.29,465.42,691.93,714.98,669.22,0.0,0.0,,,,,,,建筑材料,其他建材,其他建材,3.97,3.96,3.96
sh600145,国创能源,2014-01-20,4.02,4.16,4.0,4.1,4.02,6861259.0,28106686.0,1548508500.0,1548508500.0,-4393416.870000001,55631354.8,203260302.31,245204278.97,41943976.66,49100.419999999925,1293.04,1269.31,593.14,606.01,924.47,935.33,0.0,0.0,,,,,,,建筑材料,其他建材,其他建材,4.05,4.04,4.04
sh600145,国创能源,2014-01-21,4.1,4.23,4.1,4.17,4.1,5768826.0,24060169.0,1574946450.0,1574946450.0,-4393416.870000001,55631354.8,203260302.31,245204278.97,41943976.66,49100.419999999925,1349.41,1262.23,506.21,528.54,550.38,615.23,0.0,0.0,,,,,,,建筑材料,其他建材,其他建材,4.13,4.17,4.16
sh600145,国创能源,2014-01-22,4.17,4.21,4.11,4.2,4.17,5206427.0,21710872.0,1586277000.0,1586277000.0,-4393416.870000001,55631354.8,203260302.31,245204278.97,41943976.66,49100.419999999925,736.93,1107.37,891.58,274.66,542.56,664.31,0.0,124.73,,,,,,,建筑材料,其他建材,其他建材,4.17,4.15,4.16
sh600145,国创能源,2014-01-23,4.29,4.29,4.13,4.17,4.2,4384292.0,18328336.0,1574946450.0,1574946450.0,-4393416.870000001,55631354.8,203260302.31,245204278.97,41943976.66,49100.419999999925,836.88,937.95,369.0,173.66,626.66,558.23,0.0,162.69,,,,,,,建筑材料,其他建材,其他建材,4.22,4.21,4.17
sh600145,国创能源,2014-01-24,4.14,4.25,4.07,4.09,4.17,5653757.0,23436263.0,1544731650.0,1544731650.0,-4393416.870000001,55631354.8,203260302.31,245204278.97,41943976.66,49100.419999999925,1197.12,1144.7,280.68,612.96,747.9,585.96,117.92,0.0,,,,,,,建筑材料,其他建材,其他建材,4.16,4.18,4.16
sh600145,国创能源,2014-01-27,3.98,3.98,3.83,3.91,4.09,11172667.0,43596805.0,1476748350.0,1476748350.0,-4393416.870000001,55631354.8,203260302.31,245204278.97,41943976.66,49100.419999999925,2088.23,2221.52,756.11,937.03,1515.32,1201.12,0.0,0.0,,,,,,,建筑材料,其他建材,其他建材,3.9,3.93,3.94
sh600145,国创能源,2014-01-28,3.89,3.94,3.88,3.91,3.91,5015210.0,19627660.0,1476748350.0,1476748350.0,-4393416.870000001,55631354.8,203260302.31,245204278.97,41943976.66,49100.419999999925,1264.9,703.94,190.19,451.79,507.67,509.85,0.0,297.19,,,,,,,建筑材料,其他建材,其他建材,3.91,3.92,3.9
sh600145,国创能源,2014-01-29,3.89,4.26,3.89,4.2,3.91,11334019.0,46694319.0,1586277000.0,1586277000.0,-4393416.870000001,55631354.8,203260302.31,245204278.97,41943976.66,49100.419999999925,1157.66,2172.09,2078.82,954.75,884.78,1441.14,548.16,101.44,,,,,,,建筑材料,其他建材,其他建材,3.91,3.95,3.95
sh600145,国创能源,2014-01-30,4.18,4.31,4.13,4.26,4.2,6637498.0,28242532.0,1608938100.0,1608938100.0,-4393416.870000001,55631354.8,203260302.31,245204278.97,41943976.66,49100.419999999925,1159.69,1242.32,867.68,511.18,625.32,835.82,171.56,234.93,,,,,,,建筑材料,其他建材,其他建材,4.21,4.16,4.16
sh600145,国创能源,2014-02-07,4.26,4.45,4.16,4.44,4.26,6106132.0,26222395.0,1676921400.0,1676921400.0,-4393416.870000001,55631354.8,203260302.31,245204278.97,41943976.66,49100.419999999925,664.48,1233.73,659.08,585.21,554.32,803.01,744.07,0.0,,,,,,,建筑材料,其他建材,其他建材,4.22,4.21,4.18
sh600145,国创能源,2014-02-10,4.4,4.5,4.34,4.44,4.44,12075054.0,53538732.0,1676921400.0,1676921400.0,-4393416.870000001,55631354.8,203260302.31,245204278.97,41943976.66,49100.419999999925,1630.05,1765.71,1781.64,1400.1,970.06,905.54,972.11,1282.51,,,,,,,建筑材料,其他建材,其他建材,4.36,4.41,4.39
sh600145,国创能源,2014-02-11,4.41,4.49,4.34,4.46,4.44,11802839.0,52345247.0,1684475100.0,1684475100.0,-4393416.870000001,55631354.8,203260302.31,245204278.97,41943976.66,49100.419999999925,1683.96,1535.86,1708.72,1435.98,883.48,963.53,958.35,1299.14,,,,,,,建筑材料,其他建材,其他建材,4.38,4.37,4.4
sh600145,国创能源,2014-02-12,4.46,4.48,4.37,4.42,4.46,7163097.0,31619210.0,1669367700.0,1669367700.0,-4393416.870000001,55631354.8,203260302.31,245204278.97,41943976.66,49100.419999999925,1467.56,1161.2,767.13,993.83,797.01,695.19,130.21,311.69,,,,,,,建筑材料,其他建材,其他建材,4.45,4.42,4.4
sh600145,国创能源,2014-02-13,4.42,4.49,4.34,4.48,4.42,7693933.0,33978312.0,1692028800.0,1692028800.0,-4393416.870000001,55631354.8,203260302.31,245204278.97,41943976.66,49100.419999999925,1317.77,1510.16,1046.16,984.87,680.41,902.79,353.47,0.0,,,,,,,建筑材料,其他建材,其他建材,4.4,4.41,4.37
sh600145,国创能源,2014-02-14,4.45,4.93,4.42,4.5,4.48,17267386.0,78281440.0,1699582500.0,1699582500.0,-4393416.870000001,55631354.8,203260302.31,245204278.97,41943976.66,49100.419999999925,2800.77,2733.05,1513.71,2511.62,1963.91,925.78,1549.75,1657.69,,,,,,,建筑材料,其他建材,其他建材,4.64,4.54,4.5
sh600145,国创能源,2014-02-17,4.5,4.57,4.38,4.5,4.5,12555930.0,56257156.0,1699582500.0,1699582500.0,-4393416.870000001,55631354.8,203260302.31,245204278.97,41943976.66,49100.419999999925,2164.12,1661.69,1637.54,1902.41,1323.95,1050.49,500.09,1011.11,,,,,,,建筑材料,其他建材,其他建材,4.49,4.5,4.49
sh600145,国创能源,2014-02-18,4.5,4.6,4.43,4.53,4.5,9848552.0,44518247.0,1710913050.0,1710913050.0,-4393416.870000001,55631354.8,203260302.31,245204278.97,41943976.66,49100.419999999925,1672.89,2198.9,1111.6,840.18,1221.67,1274.07,445.64,138.66,,,,,,,建筑材料,其他建材,其他建材,4.5,4.48,4.46
sh600145,国创能源,2014-02-19,4.48,4.56,4.45,4.49,4.53,7189608.0,32260072.0,1695805650.0,1695805650.0,-4393416.870000001,55631354.8,203260302.31,245204278.97,41943976.66,49100.419999999925,1246.42,1653.1,718.46,709.49,1151.55,696.1,109.57,167.31,,,,,,,建筑材料,其他建材,其他建材,4.54,4.53,4.5
sh600145,国创能源,2014-02-20,4.5,4.79,4.5,4.76,4.49,20212678.0,94395762.0,1797780600.0,1797780600.0,-4393416.870000001,55631354.8,203260302.31,245204278.97,41943976.66,49100.419999999925,3927.34,4486.42,2103.13,1997.35,2479.01,2822.71,930.05,133.05,,,,,,,建筑材料,其他建材,其他建材,4.56,4.54,4.53
sh600145,国创能源,2014-02-21,4.72,4.88,4.7,4.85,4.76,29994425.0,143697468.0,1831772250.0,1831772250.0,-4393416.870000001,55631354.8,203260302.31,245204278.97,41943976.66,49100.419999999925,3755.8,4378.11,5388.61,4895.58,2902.21,2714.6,2323.11,2381.43,,,,,,,建筑材料,其他建材,其他建材,4.79,4.8,4.75
sh600145,国创能源,2014-02-24,4.8,4.92,4.75,4.88,4.85,14174741.0,68379010.0,1843102800.0,1843102800.0,-4393416.870000001,55631354.8,203260302.31,245204278.97,41943976.66,49100.419999999925,2758.72,2548.43,2745.83,2492.19,1333.34,1495.88,0.0,301.4,,,,,,,建筑材料,其他建材,其他建材,4.78,4.84,4.77
sh600145,国创能源,2014-02-25,4.85,4.91,4.67,4.73,4.88,10613213.0,50796209.0,1786450050.0,1786450050.0,-4393416.870000001,55631354.8,203260302.31,245204278.97,41943976.66,49100.419999999925,2018.81,2023.65,2129.16,1781.61,931.64,1009.94,0.0,264.41,,,,,,,建筑材料,其他建材,其他建材,4.9,4.87,4.84
sh600145,国创能源,2014-02-26,4.72,4.8,4.61,4.73,4.73,9758889.0,46131210.0,1786450050.0,1786450050.0,-4393416.870000001,55631354.8,203260302.31,245204278.97,41943976.66,49100.419999999925,1659.3,1739.59,1983.8,1139.88,731.98,628.47,238.03,1105.18,,,,,,,建筑材料,其他建材,其他建材,4.67,4.78,4.77
sh600145,国创能源,2014-02-27,4.71,4.79,4.6,4.78,4.73,14315470.0,67041314.0,1805334300.0,1805334300.0,-4393416.870000001,55631354.8,203260302.31,245204278.97,41943976.66,49100.419999999925,2050.1,2438.69,2213.14,2573.77,870.32,902.6,1569.29,787.79,,,,,,,建筑材料,其他建材,其他建材,4.77,4.73,4.69
sh600145,国创能源,2014-02-28,4.77,4.87,4.5,4.72,4.78,11272307.0,52785197.0,1782673200.0,1782673200.0,-4393416.870000001,55631354.8,203260302.31,245204278.97,41943976.66,49100.419999999925,1527.74,1587.69,1868.3,1723.48,714.29,613.64,1168.18,1353.71,,,,,,,建筑材料,其他建材,其他建材,4.73,4.66,4.66
sh600145,国创能源,2014-03-03,4.66,4.83,4.65,4.79,4.72,17493613.0,82989964.0,1809111150.0,1809111150.0,-4393416.870000001,55631354.8,203260302.31,245204278.97,41943976.66,49100.419999999925,2457.79,2181.08,2587.48,1939.34,1273.38,1051.48,1980.35,3127.09,,,,,,,建筑材料,其他建材,其他建材,4.75,4.72,4.72
sh600145,国创能源,2014-03-04,4.79,4.98,4.74,4.92,4.79,15511650.0,76051071.0,1858210200.0,1858210200.0,-4393416.870000001,55631354.8,203260302.31,245204278.97,41943976.66,49100.419999999925,2515.12,2463.68,2592.77,2178.13,1131.21,1754.09,1365.98,1209.17,,,,,,,建筑材料,其他建材,其他建材,4.78,4.77,4.81
sh600145,国创能源,2014-03-05,4.95,4.97,4.84,4.95,4.92,9596010.0,47019754.0,1869540750.0,1869540750.0,-4393416.870000001,55631354.8,203260302.31,245204278.97,41943976.66,49100.419999999925,2221.23,1807.19,1598.55,1460.85,759.38,853.54,122.8,580.39,,,,,,,建筑材料,其他建材,其他建材,4.93,4.92,4.91
sh600145,国创能源,2014-03-06,4.94,4.95,4.79,4.82,4.95,8219350.0,39841750.0,1820441700.0,1820441700.0,-4393416.870000001,55631354.8,203260302.31,245204278.97,41943976.66,49100.419999999925,2280.42,1662.48,853.36,1509.55,850.39,611.75,0.0,200.38,,,,,,,建筑材料,其他建材,其他建材,4.87,4.89,4.89
sh600145,国创能源,2014-03-07,4.83,4.86,4.69,4.75,4.82,8007039.0,38168507.0,1794003750.0,1794003750.0,-4393416.870000001,55631354.8,203260302.31,245204278.97,41943976.66,49100.419999999925,1519.56,1605.54,1614.98,971.48,682.31,572.55,0.0,667.27,,,,,,,建筑材料,其他建材,其他建材,4.82,4.85,4.82
sh600145,国创能源,2014-03-10,4.7,4.71,4.44,4.49,4.75,7976069.0,36335239.0,1695805650.0,1695805650.0,-4393416.870000001,55631354.8,203260302.31,245204278.97,41943976.66,49100.419999999925,1544.82,1423.83,1318.97,1160.09,769.73,457.93,0.0,591.68,,,,,,,建筑材料,其他建材,其他建材,4.67,4.7,4.64
sh600145,国创能源,2014-03-11,4.5,4.6,4.43,4.59,4.49,5209994.0,23629153.0,1733574150.0,1733574150.0,-4393416.870000001,55631354.8,203260302.31,245204278.97,41943976.66,49100.419999999925,1084.2,1045.37,534.89,799.44,445.14,356.05,298.68,162.05,,,,,,,建筑材料,其他建材,其他建材,4.5,4.47,4.52
sh600145,国创能源,2014-03-12,4.59,4.66,4.5,4.66,4.59,5295928.0,24325096.0,1760012100.0,1760012100.0,-4393416.870000001,55631354.8,203260302.31,245204278.97,41943976.66,49100.419999999925,1023.59,968.47,940.28,890.88,330.05,447.21,138.58,125.94,,,,,,,建筑材料,其他建材,其他建材,4.58,4.55,4.5
sh600145,国创能源,2014-03-13,4.65,4.73,4.62,4.72,4.66,5634991.0,26399837.0,1782673200.0,1782673200.0,-4393416.870000001,55631354.8,203260302.31,245204278.97,41943976.66,49100.419999999925,1398.04,1369.12,856.4,642.06,385.54,508.32,0.0,120.49,,,,,,,建筑材料,其他建材,其他建材,4.62,4.66,4.65
sh600145,国创能源,2014-03-14,4.65,4.65,4.46,4.6,4.72,9770265.0,44467086.0,1737351000.0,1737351000.0,-4393416.870000001,55631354.8,203260302.31,245204278.97,41943976.66,49100.419999999925,2200.95,1588.23,1400.32,1843.58,845.43,692.26,0.0,322.64,,,,,,,建筑材料,其他建材,其他建材,4.54,4.64,4.6
sh600145,国创能源,2014-03-17,4.63,4.64,4.52,4.6,4.6,3030397.0,13870956.0,1737351000.0,1737351000.0,-4393416.870000001,55631354.8,203260302.31,245204278.97,41943976.66,49100.419999999925,674.18,600.43,294.96,434.67,417.96,351.99,0.0,0.0,,,,,,,建筑材料,其他建材,其他建材,4.58,4.55,4.56
sh600145,国创能源,2014-03-18,4.6,4.76,4.52,4.74,4.6,10733427.0,50075561.0,1790226900.0,1790226900.0,-4393416.870000001,55631354.8,203260302.31,245204278.97,41943976.66,49100.419999999925,1894.22,1684.13,1757.87,1900.96,752.39,783.43,603.07,639.04,,,,,,,建筑材料,其他建材,其他建材,4.56,4.56,4.57
sh600145,国创能源,2014-03-19,4.68,4.84,4.56,4.57,4.74,16471298.0,76847054.0,1726020450.0,1726020450.0,-4393416.870000001,55631354.8,203260302.31,245204278.97,41943976.66,49100.419999999925,3011.35,1801.98,1143.13,1274.49,1293.48,729.72,2236.74,3878.51,,,,,,,建筑材料,其他建材,其他建材,4.72,4.63,4.68
sh600145,国创能源,2014-03-20,4.45,4.54,4.2,4.36,4.57,14563355.0,63902410.0,1646706600.0,1646706600.0,-4393416.870000001,55631354.8,203260302.31,245204278.97,41943976.66,49100.419999999925,2660.1,2112.99,1782.26,1543.38,1419.23,1088.15,524.27,1641.34,,,,,,,建筑材料,其他建材,其他建材,4.44,4.37,4.36
sh600145,国创能源,2014-03-21,4.32,4.5,4.22,4.48,4.36,4966120.0,21817261.0,1692028800.0,1692028800.0,-4393416.870000001,55631354.8,203260302.31,245204278.97,41943976.66,49100.419999999925,983.48,776.83,408.0,362.74,492.29,649.54,297.94,392.62,,,,,,,建筑材料,其他建材,其他建材,4.28,4.28,4.32
sh600145,国创能源,2014-03-24,4.45,4.52,4.38,4.48,4.48,3355815.0,14996518.0,1692028800.0,1692028800.0,-4393416.870000001,55631354.8,203260302.31,245204278.97,41943976.66,49100.419999999925,623.85,636.35,387.59,288.53,488.21,430.17,0.0,144.6,,,,,,,建筑材料,其他建材,其他建材,4.44,4.42,4.4
sh600145,国创能源,2014-03-25,4.47,4.56,4.43,4.49,4.48,4539883.0,20477709.0,1695805650.0,1695805650.0,-4393416.870000001,55631354.8,203260302.31,245204278.97,41943976.66,49100.419999999925,901.8,912.96,690.44,703.8,455.53,320.13,0.0,110.88,,,,,,,建筑材料,其他建材,其他建材,4.45,4.46,4.5
sh600145,国创能源,2014-03-26,4.5,4.55,4.37,4.51,4.49,6305571.0,28108183.0,1703359350.0,1703359350.0,-4393416.870000001,55631354.8,203260302.31,245204278.97,41943976.66,49100.419999999925,1206.86,1271.95,689.57,1006.3,754.98,532.57,159.4,0.0,,,,,,,建筑材料,其他建材,其他建材,4.5,4.5,4.47
sh600145,国创能源,2014-03-27,4.51,4.54,4.46,4.5,4.51,3592123.0,16184593.0,1699582500.0,1699582500.0,-4393416.870000001,55631354.8,203260302.31,245204278.97,41943976.66,49100.419999999925,490.08,520.01,414.79,453.69,474.85,481.95,238.73,162.81,,,,,,,建筑材料,其他建材,其他建材,4.46,4.51,4.5
sh600145,国创能源,2014-03-28,4.46,4.52,4.37,4.38,4.5,3537200.0,15680056.0,1654260300.0,1654260300.0,-4393416.870000001,55631354.8,203260302.31,245204278.97,41943976.66,49100.419999999925,625.47,531.26,435.93,743.37,506.6,293.37,0.0,0.0,,,,,,,建筑材料,其他建材,其他建材,4.46,4.49,4.51
sh600145,国创能源,2014-03-31,4.4,4.45,4.3,4.34,4.38,2350140.0,10253659.0,1639152900.0,1639152900.0,-4393416.870000001,55631354.8,203260302.31,245204278.97,41943976.66,49100.419999999925,433.06,394.87,179.22,340.17,413.08,281.81,0.0,8.52,,,,,,,建筑材料,其他建材,其他建材,4.45,4.4,4.41
sh600145,国创能源,2014-04-01,4.35,4.45,4.3,4.41,4.34,3497029.0,15290682.0,1665590850.0,1665590850.0,-4393416.870000001,55631354.8,203260302.31,245204278.97,41943976.66,49100.419999999925,412.21,529.17,161.13,298.22,380.12,246.23,575.6,455.45,,,,,,,建筑材料,其他建材,其他建材,4.35,4.36,4.34
sh600145,国创能源,2014-04-02,4.4,4.41,4.28,4.37,4.41,3367802.0,14652606.0,1650483450.0,1650483450.0,-4393416.870000001,55631354.8,203260302.31,245204278.97,41943976.66,49100.419999999925,578.05,545.27,476.31,401.57,410.89,234.03,0.0,284.39,,,,,,,建筑材料,其他建材,其他建材,4.38,4.37,4.38
sh600145,国创能源,2014-04-03,4.37,4.52,4.34,4.47,4.37,12506808.0,55655239.0,1688251950.0,1688251950.0,-4393416.870000001,55631354.8,203260302.31,245204278.97,41943976.66,49100.419999999925,1096.42,1328.43,1633.96,2327.01,684.29,524.76,2150.84,1385.31,,,,,,,建筑材料,其他建材,其他建材,4.34,4.37,4.44
sh600145,国创能源,2014-04-04,4.48,4.49,4.4,4.48,4.47,3417532.0,15197715.0,1692028800.0,1692028800.0,-4393416.870000001,55631354.8,203260302.31,245204278.97,41943976.66,49100.419999999925,625.05,486.54,413.65,646.4,411.21,386.83,69.86,0.0,,,,,,,建筑材料,其他建材,其他建材,4.44,4.45,4.42
sh600145,国创能源,2014-04-08,4.45,4.66,4.42,4.49,4.48,16136037.0,72839955.0,1695805650.0,1695805650.0,-4393416.870000001,55631354.8,203260302.31,245204278.97,41943976.66,49100.419999999925,1923.21,1608.87,1846.53,2710.32,1258.27,1011.55,2255.97,1953.24,,,,,,,建筑材料,其他建材,其他建材,4.46,4.57,4.54
sh600145,国创能源,2014-04-09,4.5,4.51,4.45,4.5,4.49,5447919.0,24366093.0,1699582500.0,1699582500.0,-4393416.870000001,55631354.8,203260302.31,245204278.97,41943976.66,49100.419999999925,855.61,886.7,1050.19,1029.83,507.38,520.08,23.42,0.0,,,,,,,建筑材料,其他建材,其他建材,4.47,4.49,4.48
sh600145,国创能源,2014-04-10,4.48,4.49,4.39,4.43,4.5,8528134.0,37749768.0,1673144550.0,1673144550.0,-4393416.870000001,55631354.8,203260302.31,245204278.97,41943976.66,49100.419999999925,1360.72,1158.05,997.21,1539.84,859.25,708.55,557.79,368.53,,,,,,,建筑材料,其他建材,其他建材,4.45,4.45,4.45
sh600145,国创能源,2014-04-11,4.41,4.48,4.34,4.48,4.43,6865077.0,30135766.0,1692028800.0,1692028800.0,-4393416.870000001,55631354.8,203260302.31,245204278.97,41943976.66,49100.419999999925,1131.98,1600.06,1170.11,635.95,711.47,640.87,0.0,136.69,,,,,,,建筑材料,其他建材,其他建材,4.4,4.39,4.37
sh600145,国创能源,2014-04-14,4.44,4.55,4.38,4.51,4.48,12909200.0,57619105.0,1703359350.0,1703359350.0,-4393416.870000001,55631354.8,203260302.31,245204278.97,41943976.66,49100.419999999925,1305.37,1876.49,1902.99,2047.86,895.17,603.16,1658.37,1234.39,,,,,,,建筑材料,其他建材,其他建材,4.45,4.42,4.4
sh600145,国创能源,2014-04-15,4.47,4.51,4.36,4.39,4.51,15106843.0,67332738.0,1658037150.0,1658037150.0,-4393416.870000001,55631354.8,203260302.31,245204278.97,41943976.66,49100.419999999925,1892.88,1914.18,1648.06,2001.13,1129.22,758.03,2063.11,2059.92,,,,,,,建筑材料,其他建材,其他建材,4.47,4.46,4.46
sh600145,国创能源,2014-04-16,4.37,4.47,4.35,4.4,4.39,14622995.0,64347376.0,1661814000.0,1661814000.0,-4393416.870000001,55631354.8,203260302.31,245204278.97,41943976.66,49100.419999999925,1688.26,1076.99,1570.79,1496.68,1252.41,541.08,1923.26,3319.99,,,,,,,建筑材料,其他建材,其他建材,4.39,4.38,4.38
sh600145,国创能源,2014-04-17,4.38,4.39,4.29,4.37,4.4,6924734.0,29980850.0,1650483450.0,1650483450.0,-4393416.870000001,55631354.8,203260302.31,245204278.97,41943976.66,49100.419999999925,1334.18,1093.95,691.26,982.54,858.96,658.74,113.68,262.84,,,,,,,建筑材料,其他建材,其他建材,4.38,4.36,4.36
sh600145,国创能源,2014-04-18,4.32,4.35,4.25,4.31,4.37,5452832.0,23370576.0,1627822350.0,1627822350.0,-4393416.870000001,55631354.8,203260302.31,245204278.97,41943976.66,49100.419999999925,1001.49,703.89,724.78,1077.72,610.79,395.09,0.0,160.36,,,,,,,建筑材料,其他建材,其他建材,4.32,4.27,4.26
sh600145,国创能源,2014-04-21,4.29,4.29,4.14,4.15,4.31,6906534.0,29033144.0,1567392750.0,1567392750.0,-4393416.870000001,55631354.8,203260302.31,245204278.97,41943976.66,49100.419999999925,1241.94,891.25,746.11,1294.0,915.25,575.09,0.0,142.97,,,,,,,建筑材料,其他建材,其他建材,4.24,4.24,4.2
sh600145,国创能源,2014-04-22,4.19,4.2,4.03,4.11,4.15,7631865.0,31114005.0,1552285350.0,1552285350.0,-4393416.870000001,55631354.8,203260302.31,245204278.97,41943976.66,49100.419999999925,823.25,766.13,720.45,929.5,680.21,641.9,887.48,773.85,,,,,,,建筑材料,其他建材,其他建材,4.15,4.15,4.14
sh600145,国创能源,2014-04-23,4.1,4.15,4.03,4.1,4.11,4831076.0,19750776.0,1548508500.0,1548508500.0,-4393416.870000001,55631354.8,203260302.31,245204278.97,41943976.66,49100.419999999925,678.64,782.2,526.42,502.2,478.06,550.65,291.95,140.01,,,,,,,建筑材料,其他建材,其他建材,4.07,4.08,4.07
sh600145,国创能源,2014-04-24,4.1,4.33,4.06,4.23,4.1,9469411.0,39780465.0,1597607550.0,1597607550.0,-4393416.870000001,55631354.8,203260302.31,245204278.97,41943976.66,49100.419999999925,991.78,1342.32,1655.22,1148.39,577.01,1025.26,754.04,462.07,,,,,,,建筑材料,其他建材,其他建材,4.07,4.1,4.1
sh600145,国创能源,2014-04-25,4.2,4.3,4.17,4.19,4.23,9927926.0,42303449.0,1582500150.0,1582500150.0,-4393416.870000001,55631354.8,203260302.31,245204278.97,41943976.66,49100.419999999925,1055.63,1091.96,1083.44,1267.89,555.94,566.63,1535.32,1303.85,,,,,,,建筑材料,其他建材,其他建材,4.19,4.21,4.21
sh600145,国创能源,2014-04-28,4.19,4.25,4.09,4.2,4.19,9641547.0,40361183.0,1586277000.0,1586277000.0,-4393416.870000001,55631354.8,203260302.31,245204278.97,41943976.66,49100.419999999925,1049.97,1043.27,785.16,1413.63,521.86,564.76,1679.12,1014.45,,,,,,,建筑材料,其他建材,其他建材,4.22,4.22,4.18
sh600145,国创能源,2014-04-29,3.98,4.0,3.78,3.78,4.2,24728990.0,94374809.0,1427649300.0,1427649300.0,-4393416.870000001,55631354.8,203260302.31,245204278.97,41943976.66,49100.419999999925,2706.74,1521.38,2524.12,3933.3,1765.11,914.98,2441.5,3067.81,,,,,,,建筑材料,其他建材,其他建材,3.99,3.93,3.79
sh600145,*ST国创,2014-05-05,3.59,3.59,3.59,3.59,3.78,814200.0,2922978.0,1355889150.0,1355889150.0,-88108834.46,-13554455.03,104903586.24000001,159247021.0,54343434.76,-630623.5,115.85,94.02,105.4,165.53,71.05,32.74,0.0,0.0,,,,,,,建筑材料,其他建材,其他建材,3.59,3.59,3.59
sh600145,*ST国创,2014-05-06,3.41,3.47,3.41,3.41,3.59,25649442.0,87617471.0,1287905850.0,1287905850.0,-88108834.46,-13554455.03,104903586.24000001,159247021.0,54343434.76,-630623.5,3451.36,2656.24,2302.31,2981.46,2379.85,1869.23,628.2,1254.8,,,,,,,建筑材料,其他建材,其他建材,3.41,3.42,3.43
sh600145,*ST国创,2014-05-07,3.39,3.43,3.34,3.36,3.41,9756180.0,33147713.0,1269021600.0,1269021600.0,-88108834.46,-13554455.03,104903586.24000001,159247021.0,54343434.76,-630623.5,1430.78,1244.54,898.53,1289.88,985.45,780.35,0.0,0.0,,,,,,,建筑材料,其他建材,其他建材,3.4,3.41,3.42
sh600145,*ST国创,2014-05-08,3.36,3.42,3.34,3.36,3.36,9921648.0,33448288.0,1269021600.0,1269021600.0,-88108834.46,-13554455.03,104903586.24000001,159247021.0,54343434.76,-630623.5,1697.83,1627.96,893.32,1048.31,753.67,668.55,0.0,0.0,,,,,,,建筑材料,其他建材,其他建材,3.36,3.35,3.36
sh600145,*ST国创,2014-05-09,3.36,3.38,3.29,3.31,3.36,6785162.0,22634977.0,1250137350.0,1250137350.0,-88108834.46,-13554455.03,104903586.24000001,159247021.0,54343434.76,-630623.5,880.39,1065.11,701.6,693.26,681.5,505.13,0.0,0.0,,,,,,,建筑材料,其他建材,其他建材,3.37,3.36,3.37
sh600145,*ST国创,2014-05-12,3.31,3.37,3.29,3.35,3.31,7933519.0,26446249.0,1265244750.0,1265244750.0,-88108834.46,-13554455.03,104903586.24000001,159247021.0,54343434.76,-630623.5,1186.99,1147.72,526.5,750.49,919.74,632.06,11.39,114.34,,,,,,,建筑材料,其他建材,其他建材,3.31,3.31,3.31
sh600145,*ST国创,2014-05-13,3.34,3.38,3.31,3.33,3.35,5871428.0,19647797.0,1257691050.0,1257691050.0,-88108834.46,-13554455.03,104903586.24000001,159247021.0,54343434.76,-630623.5,943.89,807.86,476.64,691.85,532.92,400.58,0.0,53.16,,,,,,,建筑材料,其他建材,其他建材,3.37,3.36,3.37
sh600145,*ST国创,2014-05-14,3.34,3.36,3.32,3.34,3.33,3272308.0,10930470.0,1261467900.0,1261467900.0,-88108834.46,-13554455.03,104903586.24000001,159247021.0,54343434.76,-630623.5,560.22,431.21,179.02,321.91,353.8,339.92,0.0,0.0,,,,,,,建筑材料,其他建材,其他建材,3.32,3.33,3.34
sh600145,*ST国创,2014-05-15,3.33,3.33,3.17,3.17,3.34,9306013.0,30007663.0,1197261450.0,1197261450.0,-88108834.46,-13554455.03,104903586.24000001,159247021.0,54343434.76,-630623.5,1293.92,1383.79,507.76,728.14,1199.07,773.32,0.0,115.5,,,,,,,建筑材料,其他建材,其他建材,3.32,3.32,3.3
sh600145,*ST国创,2014-05-16,3.15,3.16,3.01,3.06,3.17,13062403.0,39951512.0,1155716100.0,1155716100.0,-88108834.46,-13554455.03,104903586.24000001,159247021.0,54343434.76,-630623.5,1967.69,1604.86,709.39,1221.5,1318.07,929.48,0.0,239.3,,,,,,,建筑材料,其他建材,其他建材,3.12,3.15,3.13
sh600145,*ST国创,2014-05-19,3.03,3.08,2.99,3.04,3.06,5959730.0,18120201.0,1148162400.0,1148162400.0,-88108834.46,-13554455.03,104903586.24000001,159247021.0,54343434.76,-630623.5,825.91,832.06,284.98,481.11,701.12,498.84,0.0,0.0,,,,,,,建筑材料,其他建材,其他建材,3.05,3.05,3.05
sh600145,*ST国创,2014-05-20,3.06,3.12,3.05,3.08,3.04,4964568.0,15352320.0,1163269800.0,1163269800.0,-88108834.46,-13554455.03,104903586.24000001,159247021.0,54343434.76,-630623.5,711.24,837.82,338.76,98.23,484.92,598.87,0.0,0.0,,,,,,,建筑材料,其他建材,其他建材,3.06,3.1,3.09
sh600145,*ST国创,2014-05-21,3.08,3.14,3.06,3.11,3.08,4587667.0,14228329.0,1174600350.0,1174600350.0,-88108834.46,-13554455.03,104903586.24000001,159247021.0,54343434.76,-630623.5,669.12,694.81,431.36,351.48,322.35,376.54,0.0,0.0,,,,,,,建筑材料,其他建材,其他建材,3.07,3.09,3.1
sh600145,*ST国创,2014-05-22,3.11,3.14,3.08,3.08,3.11,4591957.0,14251936.0,1163269800.0,1163269800.0,-88108834.46,-13554455.03,104903586.24000001,159247021.0,54343434.76,-630623.5,681.63,506.17,337.6,520.58,405.96,262.66,0.0,135.78,,,,,,,建筑材料,其他建材,其他建材,3.11,3.11,3.12
sh600145,*ST国创,2014-05-23,3.1,3.13,3.08,3.12,3.08,2857126.0,8861042.0,1178377200.0,1178377200.0,-88108834.46,-13554455.03,104903586.24000001,159247021.0,54343434.76,-630623.5,423.59,431.73,132.66,169.78,329.85,284.59,0.0,0.0,,,,,,,建筑材料,其他建材,其他建材,3.1,3.1,3.11
sh600145,*ST国创,2014-05-26,3.13,3.15,3.11,3.13,3.12,2706181.0,8446490.0,1182154050.0,1182154050.0,-88108834.46,-13554455.03,104903586.24000001,159247021.0,54343434.76,-630623.5,387.96,291.43,210.11,333.78,246.58,219.43,0.0,0.0,,,,,,,建筑材料,其他建材,其他建材,3.13,3.12,3.11
sh600145,*ST国创,2014-05-27,3.13,3.14,3.11,3.12,3.13,3284230.0,10259490.0,1178377200.0,1178377200.0,-88108834.46,-13554455.03,104903586.24000001,159247021.0,54343434.76,-630623.5,472.84,507.15,168.48,285.32,384.63,233.48,0.0,0.0,,,,,,,建筑材料,其他建材,其他建材,3.12,3.13,3.13
sh600145,*ST国创,2014-05-28,3.12,3.13,3.08,3.11,3.12,6452482.0,20029672.0,1174600350.0,1174600350.0,-88108834.46,-13554455.03,104903586.24000001,159247021.0,54343434.76,-630623.5,896.42,860.17,582.78,806.05,523.76,336.75,0.0,0.0,,,,,,,建筑材料,其他建材,其他建材,3.12,3.11,3.12
sh600145,*ST国创,2014-05-29,3.1,3.14,3.1,3.11,3.11,7646181.0,23841485.0,1174600350.0,1174600350.0,-88108834.46,-13554455.03,104903586.24000001,159247021.0,54343434.76,-630623.5,1085.19,892.73,760.14,967.5,538.81,406.13,0.0,117.77,,,,,,,建筑材料,其他建材,其他建材,3.12,3.12,3.11
sh600145,*ST国创,2014-05-30,3.12,3.14,3.11,3.12,3.11,3965516.0,12396393.0,1178377200.0,1178377200.0,-88108834.46,-13554455.03,104903586.24000001,159247021.0,54343434.76,-630623.5,561.73,533.75,300.63,382.34,274.35,323.54,102.92,0.0,,,,,,,建筑材料,其他建材,其他建材,3.12,3.12,3.12
sh600145,*ST国创,2014-06-03,3.13,3.14,3.11,3.13,3.12,3356172.0,10482406.0,1182154050.0,1182154050.0,-88108834.46,-13554455.03,104903586.24000001,159247021.0,54343434.76,-630623.5,592.48,386.29,140.7,414.12,315.06,247.83,0.0,0.0,,,,,,,建筑材料,其他建材,其他建材,3.14,3.12,3.13
sh600145,*ST国创,2014-06-04,3.12,3.13,3.1,3.1,3.13,4037320.0,12559018.0,1170823500.0,1170823500.0,-88108834.46,-13554455.03,104903586.24000001,159247021.0,54343434.76,-630623.5,573.43,528.83,375.95,312.3,306.52,314.5,0.0,100.27,,,,,,,建筑材料,其他建材,其他建材,3.13,3.12,3.11
sh600145,*ST国创,2014-06-05,3.11,3.26,3.1,3.24,3.1,14066200.0,45459136.0,1223699400.0,1223699400.0,-88108834.46,-13554455.03,104903586.24000001,159247021.0,54343434.76,-630623.5,1706.73,1659.24,1694.11,1431.99,1049.03,1118.34,96.03,336.34,,,,,,,建筑材料,其他建材,其他建材,3.11,3.14,3.15
sh600145,*ST国创,2014-06-06,3.23,3.32,3.22,3.25,3.24,9486333.0,31032288.0,1227476250.0,1227476250.0,-88108834.46,-13554455.03,104903586.24000001,159247021.0,54343434.76,-630623.5,1396.02,1242.42,630.01,759.5,930.8,946.5,146.4,154.8,,,,,,,建筑材料,其他建材,其他建材,3.27,3.28,3.26
sh600145,*ST国创,2014-06-09,3.26,3.39,3.25,3.32,3.25,11369990.0,37788273.0,1253914200.0,1253914200.0,-88108834.46,-13554455.03,104903586.24000001,159247021.0,54343434.76,-630623.5,1665.32,1755.41,896.03,1040.24,1074.36,954.8,143.11,28.38,,,,,,,建筑材料,其他建材,其他建材,3.28,3.3,3.32
sh600145,*ST国创,2014-06-10,3.35,3.35,3.28,3.32,3.32,5640972.0,18706635.0,1253914200.0,1253914200.0,-88108834.46,-13554455.03,104903586.24000001,159247021.0,54343434.76,-630623.5,822.86,919.21,356.43,459.42,691.37,492.04,0.0,0.0,,,,,,,建筑材料,其他建材,其他建材,3.3,3.32,3.33
sh600145,*ST国创,2014-06-11,3.29,3.34,3.29,3.32,3.32,3650995.0,12130424.0,1253914200.0,1253914200.0,-88108834.46,-13554455.03,104903586.24000001,159247021.0,54343434.76,-630623.5,532.77,773.56,356.03,111.34,324.24,328.14,0.0,0.0,,,,,,,建筑材料,其他建材,其他建材,3.31,3.32,3.34
sh600145,*ST国创,2014-06-12,3.32,3.38,3.31,3.37,3.32,3756155.0,12582517.0,1272798450.0,1272798450.0,-88108834.46,-13554455.03,104903586.24000001,159247021.0,54343434.76,-630623.5,654.17,725.5,197.93,36.36,406.15,496.38,0.0,0.0,,,,,,,建筑材料,其他建材,其他建材,3.33,3.32,3.32
sh600145,*ST国创,2014-06-13,3.38,3.42,3.33,3.35,3.37,5548874.0,18712673.0,1265244750.0,1265244750.0,-88108834.46,-13554455.03,104903586.24000001,159247021.0,54343434.76,-630623.5,1013.52,772.29,268.88,689.15,588.86,409.81,0.0,0.0,,,,,,,建筑材料,其他建材,其他建材,3.37,3.36,3.37
sh600145,*ST国创,2014-06-16,3.35,3.39,3.29,3.31,3.35,6271844.0,20902235.0,1250137350.0,1250137350.0,-88108834.46,-13554455.03,104903586.24000001,159247021.0,54343434.76,-630623.5,1044.0,1018.27,380.43,606.81,665.79,465.14,0.0,0.0,,,,,,,建筑材料,其他建材,其他建材,3.38,3.36,3.37
sh600145,*ST国创,2014-06-17,3.3,3.36,3.25,3.32,3.31,5166919.0,17129194.0,1253914200.0,1253914200.0,-88108834.46,-13554455.03,104903586.24000001,159247021.0,54343434.76,-630623.5,780.89,884.21,368.68,290.07,563.34,538.64,0.0,0.0,,,,,,,建筑材料,其他建材,其他建材,3.27,3.31,3.3
sh600145,*ST国创,2014-06-18,3.31,3.33,3.3,3.3,3.32,3996609.0,13240637.0,1246360500.0,1246360500.0,-88108834.46,-13554455.03,104903586.24000001,159247021.0,54343434.76,-630623.5,827.24,634.8,228.47,348.08,268.35,341.18,0.0,0.0,,,,,,,建筑材料,其他建材,其他建材,3.32,3.32,3.32
sh600145,*ST国创,2014-06-19,3.22,3.25,3.14,3.14,3.3,11385300.0,35978289.0,1185930900.0,1185930900.0,-88108834.46,-13554455.03,104903586.24000001,159247021.0,54343434.76,-630623.5,1586.5,1435.86,933.02,806.93,1078.29,689.23,0.0,665.8,,,,,,,建筑材料,其他建材,其他建材,3.21,3.23,3.14
sh600145,*ST国创,2014-06-20,3.07,3.14,3.05,3.11,3.14,4460148.0,13860289.0,1174600350.0,1174600350.0,-88108834.46,-13554455.03,104903586.24000001,159247021.0,54343434.76,-630623.5,684.77,586.77,321.59,415.96,379.63,383.27,0.0,0.0,,,,,,,建筑材料,其他建材,其他建材,3.1,3.12,3.11
sh600145,*ST国创,2014-06-23,3.11,3.22,3.1,3.18,3.11,4166916.0,13233325.0,1201038300.0,1201038300.0,-88108834.46,-13554455.03,104903586.24000001,159247021.0,54343434.76,-630623.5,739.84,737.46,131.63,110.04,451.85,475.82,0.0,0.0,,,,,,,建筑材料,其他建材,其他建材,3.13,3.15,3.16
sh600145,*ST国创,2014-06-24,3.2,3.34,3.19,3.34,3.18,7808814.0,25924724.0,1261467900.0,1261467900.0,-88108834.46,-13554455.03,104903586.24000001,159247021.0,54343434.76,-630623.5,1177.67,999.62,660.51,489.46,754.28,762.81,0.0,340.58,,,,,,,建筑材料,其他建材,其他建材,3.21,3.26,3.34
sh600145,*ST国创,2014-06-25,3.34,3.39,3.29,3.31,3.34,4552577.0,15232988.0,1250137350.0,1250137350.0,-88108834.46,-13554455.03,104903586.24000001,159247021.0,54343434.76,-630623.5,798.22,913.09,140.52,78.97,584.55,525.08,0.0,6.15,,,,,,,建筑材料,其他建材,其他建材,3.36,3.33,3.34
sh600145,*ST国创,2014-06-26,3.33,3.36,3.27,3.31,3.31,7194698.0,23861500.0,1250137350.0,1250137350.0,-88108834.46,-13554455.03,104903586.24000001,159247021.0,54343434.76,-630623.5,1319.16,889.45,175.57,1103.22,891.41,393.48,0.0,0.0,,,,,,,建筑材料,其他建材,其他建材,3.35,3.35,3.33
sh600145,*ST国创,2014-06-27,3.31,3.33,3.25,3.29,3.31,5753598.0,18942536.0,1242583650.0,1242583650.0,-88108834.46,-13554455.03,104903586.24000001,159247021.0,54343434.76,-630623.5,930.76,773.85,271.19,505.41,692.3,359.17,0.0,255.82,,,,,,,建筑材料,其他建材,其他建材,3.31,3.3,3.29
sh600145,*ST国创,2014-06-30,3.3,3.34,3.27,3.32,3.29,5390022.0,17876129.0,1253914200.0,1253914200.0,-88108834.46,-13554455.03,104903586.24000001,159247021.0,54343434.76,-630623.5,819.03,753.21,445.1,476.6,523.49,557.8,0.0,0.0,,,,,,,建筑材料,其他建材,其他建材,3.29,3.29,3.29
sh600145,*ST国创,2014-07-01,3.34,3.35,3.3,3.33,3.32,4412720.0,14633318.0,1257691050.0,1257691050.0,-88108834.46,-13554455.03,104903586.24000001,159247021.0,54343434.76,-630623.5,665.27,607.24,239.52,348.34,558.53,380.5,0.0,127.24,,,,,,,建筑材料,其他建材,其他建材,3.34,3.33,3.33
sh600145,*ST国创,2014-07-02,3.33,3.46,3.31,3.37,3.33,7522765.0,25395055.0,1272798450.0,1272798450.0,-88108834.46,-13554455.03,104903586.24000001,159247021.0,54343434.76,-630623.5,1116.83,1040.36,594.55,512.44,828.11,825.21,0.0,161.49,,,,,,,建筑材料,其他建材,其他建材,3.32,3.32,3.32
sh600145,*ST国创,2014-07-03,3.38,3.47,3.36,3.45,3.37,9590303.0,32955875.0,1303013250.0,1303013250.0,-88108834.46,-13554455.03,104903586.24000001,159247021.0,54343434.76,-630623.5,1519.82,1407.39,780.89,884.02,857.12,832.12,137.74,172.05,,,,,,,建筑材料,其他建材,其他建材,3.41,3.4,3.43
sh600145,*ST国创,2014-07-04,3.42,3.54,3.42,3.5,3.45,7427207.0,25994611.0,1321897500.0,1321897500.0,-88108834.46,-13554455.03,104903586.24000001,159247021.0,54343434.76,-630623.5,1062.94,1088.44,657.76,632.76,802.84,878.25,75.91,0.0,,,,,,,建筑材料,其他建材,其他建材,3.45,3.45,3.47
sh600145,*ST国创,2014-07-07,3.46,3.46,3.33,3.37,3.5,9039934.0,30564653.0,1272798450.0,1272798450.0,-88108834.46,-13554455.03,104903586.24000001,159247021.0,54343434.76,-630623.5,1487.03,1420.3,471.69,779.21,1097.73,856.95,0.0,0.0,,,,,,,建筑材料,其他建材,其他建材,3.35,3.39,3.38
sh600145,*ST国创,2014-07-08,3.38,3.45,3.38,3.4,3.37,3997580.0,13636606.0,1284129000.0,1284129000.0,-88108834.46,-13554455.03,104903586.24000001,159247021.0,54343434.76,-630623.5,706.82,756.97,151.45,159.82,505.38,446.87,0.0,0.0,,,,,,,建筑材料,其他建材,其他建材,3.42,3.4,3.42
sh600145,*ST国创,2014-07-09,3.41,3.43,3.33,3.35,3.4,4295963.0,14479096.0,1265244750.0,1265244750.0,-88108834.46,-13554455.03,104903586.24000001,159247021.0,54343434.76,-630623.5,573.13,726.64,140.96,249.55,733.81,370.36,0.0,101.36,,,,,,,建筑材料,其他建材,其他建材,3.42,3.42,3.41
sh600145,*ST国创,2014-07-10,3.36,3.42,3.34,3.39,3.35,4465168.0,15163808.0,1280352150.0,1280352150.0,-88108834.46,-13554455.03,104903586.24000001,159247021.0,54343434.76,-630623.5,715.29,744.84,384.96,285.86,416.12,485.67,0.0,0.0,,,,,,,建筑材料,其他建材,其他建材,3.37,3.37,3.4
sh600145,*ST国创,2014-07-11,3.41,3.44,3.39,3.43,3.39,4031973.0,13764719.0,1295459550.0,1295459550.0,-88108834.46,-13554455.03,104903586.24000001,159247021.0,54343434.76,-630623.5,674.51,633.14,162.25,331.48,434.72,397.53,104.99,14.31,,,,,,,建筑材料,其他建材,其他建材,3.41,3.43,3.42
sh600145,*ST国创,2014-07-14,3.45,3.53,3.44,3.49,3.43,5559844.0,19387194.0,1318120650.0,1318120650.0,-88108834.46,-13554455.03,104903586.24000001,159247021.0,54343434.76,-630623.5,835.22,803.74,551.51,584.51,551.98,508.82,0.0,41.64,,,,,,,建筑材料,其他建材,其他建材,3.47,3.45,3.46
sh600145,*ST国创,2014-07-15,3.49,3.53,3.45,3.47,3.49,5433929.0,18904302.0,1310566950.0,1310566950.0,-88108834.46,-13554455.03,104903586.24000001,159247021.0,54343434.76,-630623.5,867.5,606.46,401.19,669.45,621.74,325.48,0.0,289.05,,,,,,,建筑材料,其他建材,其他建材,3.52,3.52,3.49
sh600145,*ST国创,2014-07-16,3.47,3.48,3.44,3.48,3.47,5375570.0,18599938.0,1314343800.0,1314343800.0,-88108834.46,-13554455.03,104903586.24000001,159247021.0,54343434.76,-630623.5,911.0,776.48,434.56,522.46,514.43,387.91,0.0,173.14,,,,,,,建筑材料,其他建材,其他建材,3.48,3.48,3.48
sh600145,*ST国创,2014-07-17,3.49,3.58,3.47,3.52,3.48,7558004.0,26697566.0,1329451200.0,1329451200.0,-88108834.46,-13554455.03,104903586.24000001,159247021.0,54343434.76,-630623.5,1237.7,1045.11,786.86,528.98,645.19,722.05,0.0,373.61,,,,,,,建筑材料,其他建材,其他建材,3.49,3.5,3.51
sh600145,*ST国创,2014-07-18,3.53,3.53,3.45,3.5,3.52,3102357.0,10852550.0,1321897500.0,1321897500.0,-88108834.46,-13554455.03,104903586.24000001,159247021.0,54343434.76,-630623.5,462.58,369.85,213.29,475.76,409.38,239.64,0.0,0.0,,,,,,,建筑材料,其他建材,其他建材,3.5,3.5,3.5
sh600145,*ST国创,2014-07-21,3.5,3.51,3.45,3.48,3.5,3549500.0,12343985.0,1314343800.0,1314343800.0,-88108834.46,-13554455.03,104903586.24000001,159247021.0,54343434.76,-630623.5,410.29,583.06,347.82,296.04,476.29,355.29,0.0,0.0,,,,,,,建筑材料,其他建材,其他建材,3.51,3.51,3.5
sh600145,*ST国创,2014-07-22,3.45,3.5,3.43,3.49,3.48,4468911.0,15557383.0,1318120650.0,1318120650.0,-88108834.46,-13554455.03,104903586.24000001,159247021.0,54343434.76,-630623.5,572.15,683.1,465.39,492.61,518.19,380.02,0.0,0.0,,,,,,,建筑材料,其他建材,其他建材,3.47,3.49,3.49
sh600145,*ST国创,2014-07-23,3.5,3.58,3.49,3.52,3.49,8797651.0,31075307.0,1329451200.0,1329451200.0,-88108834.46,-13554455.03,104903586.24000001,159247021.0,54343434.76,-630623.5,1275.04,941.23,915.72,1096.54,811.73,744.74,105.03,325.01,,,,,,,建筑材料,其他建材,其他建材,3.55,3.55,3.55
sh600145,*ST国创,2014-07-24,3.52,3.57,3.48,3.49,3.52,5788258.0,20370455.0,1318120650.0,1318120650.0,-88108834.46,-13554455.03,104903586.24000001,159247021.0,54343434.76,-630623.5,1082.69,794.95,370.34,394.87,584.01,567.09,0.0,280.12,,,,,,,建筑材料,其他建材,其他建材,3.52,3.55,3.55
sh600145,*ST国创,2014-07-25,3.47,3.66,3.47,3.66,3.49,13525726.0,49030752.0,1382327100.0,1382327100.0,-88108834.46,-13554455.03,104903586.24000001,159247021.0,54343434.76,-630623.5,1963.63,1470.59,1517.65,1125.83,799.03,1207.97,617.96,1093.88,,,,,,,建筑材料,其他建材,其他建材,3.49,3.52,3.52
sh600145,*ST国创,2014-07-28,3.64,3.73,3.61,3.68,3.66,8576645.0,31521799.0,1389880800.0,1389880800.0,-88108834.46,-13554455.03,104903586.24000001,159247021.0,54343434.76,-630623.5,1548.43,1391.12,636.5,911.56,967.24,849.49,0.0,0.0,,,,,,,建筑材料,其他建材,其他建材,3.66,3.73,3.68
sh600145,*ST国创,2014-07-29,3.68,3.86,3.67,3.83,3.68,10759704.0,40869006.0,1446533550.0,1446533550.0,-88108834.46,-13554455.03,104903586.24000001,159247021.0,54343434.76,-630623.5,1784.11,1937.24,985.16,710.64,1186.77,1285.15,130.85,153.86,,,,,,,建筑材料,其他建材,其他建材,3.7,3.75,3.73
sh600145,*ST国创,2014-07-30,3.78,3.96,3.76,3.86,3.83,8192742.0,31599065.0,1457864100.0,1457864100.0,-88108834.46,-13554455.03,104903586.24000001,159247021.0,54343434.76,-630623.5,1329.54,1413.64,498.75,661.66,1331.61,1084.59,0.0,0.0,,,,,,,建筑材料,其他建材,其他建材,3.82,3.8,3.81
sh600145,*ST国创,2014-07-31,3.86,3.92,3.8,3.89,3.86,5003245.0,19376856.0,1469194650.0,1469194650.0,-88108834.46,-13554455.03,104903586.24000001,159247021.0,54343434.76,-630623.5,813.4,985.27,491.4,404.61,632.88,547.8,0.0,0.0,,,,,,,建筑材料,其他建材,其他建材,3.84,3.84,3.85
sh600145,*ST国创,2014-08-01,3.88,3.91,3.84,3.87,3.89,5022400.0,19434651.0,1461640950.0,1461640950.0,-88108834.46,-13554455.03,104903586.24000001,159247021.0,54343434.76,-630623.5,891.66,953.89,282.66,484.7,769.14,504.87,0.0,0.0,,,,,,,建筑材料,其他建材,其他建材,3.87,3.89,3.87
sh600145,*ST国创,2014-08-04,3.87,3.95,3.82,3.87,3.87,8427998.0,32774438.0,1461640950.0,1461640950.0,-88108834.46,-13554455.03,104903586.24000001,159247021.0,54343434.76,-630623.5,1308.06,966.2,607.87,866.33,1361.5,997.08,0.0,447.82,,,,,,,建筑材料,其他建材,其他建材,3.85,3.85,3.87
sh600145,*ST国创,2014-08-05,3.88,3.9,3.79,3.89,3.87,8095228.0,31114243.0,1469194650.0,1469194650.0,-88108834.46,-13554455.03,104903586.24000001,159247021.0,54343434.76,-630623.5,1588.81,1489.82,487.89,734.82,1034.71,886.77,0.0,0.0,,,,,,,建筑材料,其他建材,其他建材,3.87,3.85,3.83
sh600145,*ST国创,2014-08-06,3.88,4.07,3.86,4.05,3.89,9718408.0,38772837.0,1529624250.0,1529624250.0,-88108834.46,-13554455.03,104903586.24000001,159247021.0,54343434.76,-630623.5,1930.79,2033.45,718.63,500.83,1227.87,1343.0,0.0,0.0,,,,,,,建筑材料,其他建材,其他建材,3.89,3.95,3.94
sh600145,*ST国创,2014-08-07,4.01,4.23,4.0,4.14,4.05,9401213.0,39040539.0,1563615900.0,1563615900.0,-88108834.46,-13554455.03,104903586.24000001,159247021.0,54343434.76,-630623.5,1948.16,2113.97,818.05,629.58,1137.84,1160.5,0.0,0.0,,,,,,,建筑材料,其他建材,其他建材,4.04,4.11,4.12
sh600145,*ST国创,2014-08-08,4.15,4.25,4.1,4.18,4.14,6646291.0,27790451.0,1578723300.0,1578723300.0,-88108834.46,-13554455.03,104903586.24000001,159247021.0,54343434.76,-630623.5,1379.54,1374.52,398.0,735.65,877.97,668.86,123.53,0.0,,,,,,,建筑材料,其他建材,其他建材,4.14,4.16,4.23
sh600145,*ST国创,2014-08-11,4.19,4.22,4.14,4.18,4.18,5869550.0,24483550.0,1578723300.0,1578723300.0,-88108834.46,-13554455.03,104903586.24000001,159247021.0,54343434.76,-630623.5,1283.12,1149.2,310.5,727.8,854.73,571.35,0.0,0.0,,,,,,,建筑材料,其他建材,其他建材,4.19,4.2,4.21
sh600145,*ST国创,2014-08-12,4.16,4.24,4.15,4.19,4.18,5794077.0,24227289.0,1582500150.0,1582500150.0,-88108834.46,-13554455.03,104903586.24000001,159247021.0,54343434.76,-630623.5,1230.3,999.61,523.36,962.93,669.06,460.18,0.0,0.0,,,,,,,建筑材料,其他建材,其他建材,4.18,4.23,4.21
sh600145,*ST国创,2014-08-13,4.19,4.2,4.07,4.1,4.19,10544408.0,43507958.0,1548508500.0,1548508500.0,-88108834.46,-13554455.03,104903586.24000001,159247021.0,54343434.76,-630623.5,2111.52,1635.67,975.11,1554.96,1264.16,836.4,0.0,323.76,,,,,,,建筑材料,其他建材,其他建材,4.18,4.19,4.19
sh600145,*ST国创,2014-08-14,4.11,4.16,4.05,4.08,4.1,7418615.0,30541657.0,1540954800.0,1540954800.0,-88108834.46,-13554455.03,104903586.24000001,159247021.0,54343434.76,-630623.5,1692.02,1361.69,434.16,968.68,925.88,561.72,2.1,162.07,,,,,,,建筑材料,其他建材,其他建材,4.1,4.1,4.12
sh600145,*ST国创,2014-08-15,4.08,4.16,4.07,4.16,4.08,5103782.0,21017985.0,1571169600.0,1571169600.0,-88108834.46,-13554455.03,104903586.24000001,159247021.0,54343434.76,-630623.5,979.87,910.43,649.06,713.29,472.87,478.07,0.0,0.0,,,,,,,建筑材料,其他建材,其他建材,4.08,4.08,4.09
sh600145,*ST国创,2014-08-18,4.17,4.17,4.07,4.12,4.16,9018633.0,37096803.0,1556062200.0,1556062200.0,-88108834.46,-13554455.03,104903586.24000001,159247021.0,54343434.76,-630623.5,1974.18,1529.47,500.67,1354.35,1110.29,525.24,124.54,300.61,,,,,,,建筑材料,其他建材,其他建材,4.15,4.11,4.09
sh600145,*ST国创,2014-08-19,4.13,4.13,4.08,4.12,4.12,7434332.0,30457026.0,1556062200.0,1556062200.0,-88108834.46,-13554455.03,104903586.24000001,159247021.0,54343434.76,-630623.5,1519.06,1447.73,661.65,1036.24,864.98,561.73,0.0,0.0,,,,,,,建筑材料,其他建材,其他建材,4.11,4.11,4.1
sh600145,*ST国创,2014-08-20,4.11,4.29,4.1,4.21,4.12,8492313.0,35692274.0,1590053850.0,1590053850.0,-88108834.46,-13554455.03,104903586.24000001,159247021.0,54343434.76,-630623.5,1863.28,1741.31,810.27,813.83,893.15,1014.08,2.51,0.0,,,,,,,建筑材料,其他建材,其他建材,4.12,4.12,4.16
sh600145,*ST国创,2014-08-21,4.2,4.29,4.18,4.25,4.21,6011981.0,25463451.0,1605161250.0,1605161250.0,-88108834.46,-13554455.03,104903586.24000001,159247021.0,54343434.76,-630623.5,1350.57,1358.47,366.22,453.69,829.56,734.18,0.0,0.0,,,,,,,建筑材料,其他建材,其他建材,4.19,4.22,4.2
sh600145,*ST国创,2014-08-22,4.25,4.39,4.25,4.37,4.25,7814589.0,33670240.0,1650483450.0,1650483450.0,-88108834.46,-13554455.03,104903586.24000001,159247021.0,54343434.76,-630623.5,1551.36,1749.33,731.77,790.69,800.99,826.99,282.9,0.0,,,,,,,建筑材料,其他建材,其他建材,4.26,4.28,4.28
sh600145,*ST国创,2014-08-25,4.37,4.41,4.31,4.33,4.37,4874010.0,21188005.0,1635376050.0,1635376050.0,-88108834.46,-13554455.03,104903586.24000001,159247021.0,54343434.76,-630623.5,864.43,848.49,160.89,383.69,612.12,405.25,0.0,0.0,,,,,,,建筑材料,其他建材,其他建材,4.39,4.37,4.34
sh600145,*ST国创,2014-08-26,4.32,4.33,4.11,4.12,4.33,11318071.0,47445007.0,1556062200.0,1556062200.0,-88108834.46,-13554455.03,104903586.24000001,159247021.0,54343434.76,-630623.5,2508.35,2149.5,658.38,1339.85,1577.76,1122.68,0.0,132.46,,,,,,,建筑材料,其他建材,其他建材,4.3,4.29,4.25
sh600145,*ST国创,2014-08-27,4.11,4.12,3.98,4.07,4.12,8362915.0,33998698.0,1537177950.0,1537177950.0,-88108834.46,-13554455.03,104903586.24000001,159247021.0,54343434.76,-630623.5,1661.75,1715.04,524.62,882.64,1213.49,802.19,0.0,0.0,,,,,,,建筑材料,其他建材,其他建材,4.12,4.08,4.09
sh600145,*ST国创,2014-08-28,4.09,4.13,4.06,4.12,4.07,5609112.0,22972791.0,1556062200.0,1556062200.0,-92424610.99,-63495401.04,104092283.61999999,155599863.17,51507579.55,-771206.74,1344.18,1285.46,224.1,361.17,727.33,648.97,0.0,0.0,,,,,,,建筑材料,其他建材,其他建材,4.08,4.08,4.12
sh600145,*ST国创,2014-08-29,4.11,4.27,4.1,4.24,4.12,6541337.0,27411716.0,1601384400.0,1601384400.0,-92424610.99,-63495401.04,104092283.61999999,155599863.17,51507579.55,-771206.74,1373.25,1278.07,421.09,739.89,667.46,723.21,279.37,0.0,,,,,,,建筑材料,其他建材,其他建材,4.11,4.14,4.14
sh600145,*ST国创,2014-09-01,4.24,4.34,4.21,4.26,4.24,7024980.0,29949264.0,1608938100.0,1608938100.0,-92424610.99,-63495401.04,104092283.61999999,155599863.17,51507579.55,-771206.74,1692.3,1397.17,528.21,1119.6,770.62,478.16,3.79,0.0,,,,,,,建筑材料,其他建材,其他建材,4.24,4.33,4.3
sh600145,*ST国创,2014-09-02,4.28,4.33,4.27,4.31,4.26,7298790.0,31408717.0,1627822350.0,1627822350.0,-92424610.99,-63495401.04,104092283.61999999,155599863.17,51507579.55,-771206.74,1799.99,1425.82,579.52,1072.0,761.36,643.04,0.0,0.0,,,,,,,建筑材料,其他建材,其他建材,4.31,4.3,4.28
sh600145,*ST国创,2014-09-03,4.33,4.41,4.29,4.37,4.31,10739233.0,46656530.0,1650483450.0,1650483450.0,-92424610.99,-63495401.04,104092283.61999999,155599863.17,51507579.55,-771206.74,2596.07,1917.86,739.64,1371.19,1329.94,1068.35,0.0,308.23,,,,,,,建筑材料,其他建材,其他建材,4.34,4.37,4.38
sh600145,*ST国创,2014-09-04,4.38,4.55,4.35,4.53,4.37,12999454.0,58459882.0,1710913050.0,1710913050.0,-92424610.99,-63495401.04,104092283.61999999,155599863.17,51507579.55,-771206.74,2637.36,2559.36,1714.71,1744.75,1384.26,1403.17,109.66,138.7,,,,,,,建筑材料,其他建材,其他建材,4.38,4.53,4.53
sh600145,*ST国创,2014-09-05,4.55,4.6,4.46,4.52,4.53,9148274.0,41231514.0,1707136200.0,1707136200.0,-92424610.99,-63495401.04,104092283.61999999,155599863.17,51507579.55,-771206.74,2240.16,1832.43,694.01,1346.46,1188.98,836.46,0.0,107.8,,,,,,,建筑材料,其他建材,其他建材,4.54,4.53,4.54
sh600145,*ST国创,2014-09-09,4.52,4.55,4.48,4.51,4.52,7437027.0,33565880.0,1703359350.0,1703359350.0,-92424610.99,-63495401.04,104092283.61999999,155599863.17,51507579.55,-771206.74,1617.08,1307.28,669.46,1333.49,1070.04,715.81,0.0,0.0,,,,,,,建筑材料,其他建材,其他建材,4.48,4.54,4.5
sh600145,*ST国创,2014-09-10,4.49,4.74,4.49,4.74,4.51,8779786.0,41226472.0,1790226900.0,1790226900.0,-92424610.99,-63495401.04,104092283.61999999,155599863.17,51507579.55,-771206.74,1547.04,1841.16,1495.07,1134.35,927.0,1147.12,153.53,0.0,,,,,,,建筑材料,其他建材,其他建材,4.49,4.72,4.68
sh600145,*ST国创,2014-09-11,4.9,4.98,4.87,4.98,4.74,24137726.0,119812625.0,1880871300.0,1880871300.0,-92424610.99,-63495401.04,104092283.61999999,155599863.17,51507579.55,-771206.74,4355.78,4896.15,3809.1,4071.5,2590.43,2868.39,1225.93,145.2,,,,,,,建筑材料,其他建材,其他建材,4.98,4.96,4.97
sh600145,*ST国创,2014-09-12,5.0,5.17,4.92,5.11,4.98,18386490.0,92979517.0,1929970350.0,1929970350.0,-92424610.99,-63495401.04,104092283.61999999,155599863.17,51507579.55,-771206.74,4499.19,4367.71,1895.85,2623.85,2515.84,2205.19,387.05,101.18,,,,,,,建筑材料,其他建材,其他建材,5.05,5.0,5.0
sh600145,*ST国创,2014-09-15,5.16,5.3,5.07,5.11,5.11,13049473.0,67535625.0,1929970350.0,1929970350.0,-92424610.99,-63495401.04,104092283.61999999,155599863.17,51507579.55,-771206.74,3030.61,3194.25,1262.81,1701.0,2383.23,1858.29,76.89,0.0,,,,,,,建筑材料,其他建材,其他建材,5.25,5.23,5.23
sh600145,*ST国创,2014-09-16,5.09,5.3,4.96,5.0,5.11,15723418.0,80888477.0,1888425000.0,1888425000.0,-92424610.99,-63495401.04,104092283.61999999,155599863.17,51507579.55,-771206.74,3693.49,3674.77,1825.84,1897.49,2449.93,2172.44,119.58,344.13,,,,,,,建筑材料,其他建材,其他建材,5.11,5.07,5.12
sh600145,*ST国创,2014-09-17,5.03,5.15,4.98,5.13,5.0,11417824.0,57820730.0,1937524050.0,1937524050.0,-92424610.99,-63495401.04,104092283.61999999,155599863.17,51507579.55,-771206.74,2655.38,2485.15,1509.06,1393.33,1617.63,1646.98,0.0,256.61,,,,,,,建筑材料,其他建材,其他建材,5.05,5.01,5.09
sh600145,*ST国创,2014-09-18,5.13,5.2,5.04,5.13,5.13,7660824.0,39272316.0,1937524050.0,1937524050.0,-92424610.99,-63495401.04,104092283.61999999,155599863.17,51507579.55,-771206.74,1805.58,1860.47,704.73,802.1,1412.32,1264.66,4.6,0.0,,,,,,,建筑材料,其他建材,其他建材,5.19,5.14,5.17
sh600145,*ST国创,2014-09-19,5.08,5.17,4.95,5.06,5.13,14176118.0,71474123.0,1911086100.0,1911086100.0,-92424610.99,-63495401.04,104092283.61999999,155599863.17,51507579.55,-771206.74,3524.18,3114.75,851.74,2327.72,2520.83,1464.2,250.65,240.74,,,,,,,建筑材料,其他建材,其他建材,5.09,5.14,5.13
sh600145,*ST国创,2014-09-22,4.97,5.04,4.86,4.9,5.06,10674295.0,52680003.0,1850656500.0,1850656500.0,-92424610.99,-63495401.04,104092283.61999999,155599863.17,51507579.55,-771206.74,2459.34,2358.99,974.66,1575.46,1834.0,1225.75,0.0,107.79,,,,,,,建筑材料,其他建材,其他建材,5.01,4.91,4.93
sh600145,*ST国创,2014-09-23,4.92,4.98,4.84,4.95,4.9,12734810.0,62366969.0,1869540750.0,1869540750.0,-92424610.99,-63495401.04,104092283.61999999,155599863.17,51507579.55,-771206.74,2928.67,2472.63,1389.31,2258.38,1554.68,1068.31,364.03,437.37,,,,,,,建筑材料,其他建材,其他建材,4.96,4.93,4.9
sh600145,*ST国创,2014-09-24,4.93,5.03,4.87,4.98,4.95,10126871.0,50134587.0,1880871300.0,1880871300.0,-92424610.99,-63495401.04,104092283.61999999,155599863.17,51507579.55,-771206.74,2415.55,2487.28,1132.41,1371.77,1465.49,1098.37,0.0,56.03,,,,,,,建筑材料,其他建材,其他建材,4.89,4.89,4.92
sh600145,*ST国创,2014-09-25,5.01,5.13,4.97,5.01,4.98,12716036.0,64205831.0,1892201850.0,1892201850.0,-92424610.99,-63495401.04,104092283.61999999,155599863.17,51507579.55,-771206.74,3255.35,3208.8,1606.54,1867.11,1557.49,1344.66,1.21,0.0,,,,,,,建筑材料,其他建材,其他建材,5.0,4.98,4.99
sh600145,*ST国创,2014-09-26,4.98,5.26,4.93,5.26,5.01,14869571.0,76152689.0,1986623100.0,1986623100.0,-92424610.99,-63495401.04,104092283.61999999,155599863.17,51507579.55,-771206.74,2985.42,3015.18,2096.18,1954.88,2018.78,2320.06,514.87,325.13,,,,,,,建筑材料,其他建材,其他建材,4.95,4.97,5.0
sh600145,*ST国创,2014-09-29,5.32,5.52,5.32,5.52,5.26,6083927.0,33505666.0,2084821200.0,2084821200.0,-92424610.99,-63495401.04,104092283.61999999,155599863.17,51507579.55,-771206.74,1148.08,1345.86,1133.5,1226.86,628.16,777.84,440.83,0.0,,,,,,,建筑材料,其他建材,其他建材,5.51,5.52,5.52
sh600145,*ST国创,2014-09-30,5.8,5.8,5.46,5.51,5.52,27748431.0,156467922.0,2081044350.0,2081044350.0,-92424610.99,-63495401.04,104092283.61999999,155599863.17,51507579.55,-771206.74,7091.04,6059.66,3374.12,4944.48,5053.59,3536.81,128.02,1105.82,,,,,,,建筑材料,其他建材,其他建材,5.72,5.64,5.62
sh600145,*ST国创,2014-10-08,5.48,5.79,5.43,5.79,5.51,12190174.0,69252843.0,2186796150.0,2186796150.0,-92424610.99,-63495401.04,104092283.61999999,155599863.17,51507579.55,-771206.74,2441.89,3268.96,2154.52,1347.4,1358.71,1730.21,970.16,578.7,,,,,,,建筑材料,其他建材,其他建材,5.62,5.59,5.59
sh600145,*ST国创,2014-10-09,5.79,5.98,5.52,5.71,5.79,23517888.0,136422582.0,2156581350.0,2156581350.0,-92424610.99,-63495401.04,104092283.61999999,155599863.17,51507579.55,-771206.74,6279.2,5930.83,2658.68,4621.66,4233.49,2904.37,470.88,185.38,,,,,,,建筑材料,其他建材,其他建材,5.97,5.87,5.9
sh600145,*ST国创,2014-10-10,5.7,5.7,5.48,5.66,5.71,15215921.0,85033353.0,2137697100.0,2137697100.0,-92424610.99,-63495401.04,104092283.61999999,155599863.17,51507579.55,-771206.74,3707.27,3665.56,1837.74,2425.45,2741.78,2067.1,216.54,345.22,,,,,,,建筑材料,其他建材,其他建材,5.62,5.63,5.6
sh600145,*ST国创,2014-10-13,5.62,5.62,5.38,5.55,5.66,13538283.0,74352260.0,2096151750.0,2096151750.0,-92424610.99,-63495401.04,104092283.61999999,155599863.17,51507579.55,-771206.74,3586.15,3325.67,1687.95,2128.75,2161.12,1674.68,0.0,306.12,,,,,,,建筑材料,其他建材,其他建材,5.56,5.58,5.51
sh600145,*ST国创,2014-10-14,5.64,5.83,5.55,5.68,5.55,16648353.0,95279483.0,2145250800.0,2145250800.0,-92424610.99,-63495401.04,104092283.61999999,155599863.17,51507579.55,-771206.74,3788.77,4048.06,2860.37,2829.59,2092.56,2172.06,786.24,478.22,,,,,,,建筑材料,其他建材,其他建材,5.56,5.82,5.77
sh600145,*ST国创,2014-10-15,5.68,5.77,5.61,5.66,5.68,8238433.0,46742556.0,2137697100.0,2137697100.0,-92424610.99,-63495401.04,104092283.61999999,155599863.17,51507579.55,-771206.74,2299.79,2408.48,727.06,868.25,1647.4,1397.46,0.0,0.06,,,,,,,建筑材料,其他建材,其他建材,5.65,5.73,5.68
sh600145,*ST国创,2014-10-16,5.51,5.64,5.43,5.44,5.66,10780706.0,59847105.0,2054606400.0,2054606400.0,-92424610.99,-63495401.04,104092283.61999999,155599863.17,51507579.55,-771206.74,2810.34,2658.05,997.51,1904.63,1924.24,1417.99,252.61,4.02,,,,,,,建筑材料,其他建材,其他建材,5.59,5.61,5.57
sh600145,*ST国创,2014-10-17,5.37,5.47,5.17,5.22,5.44,16909839.0,88784869.0,1971515700.0,1971515700.0,-92424610.99,-63495401.04,104092283.61999999,155599863.17,51507579.55,-771206.74,4324.46,3278.12,1607.3,2675.32,2843.97,1851.66,102.74,1073.38,,,,,,,建筑材料,其他建材,其他建材,5.44,5.37,5.41
sh600145,*ST国创,2014-10-20,4.96,5.23,4.96,5.19,5.22,11347318.0,57798379.0,1960185150.0,1960185150.0,-92424610.99,-63495401.04,104092283.61999999,155599863.17,51507579.55,-771206.74,2643.74,2717.13,1121.34,1152.27,1890.75,1796.54,124.0,113.88,,,,,,,建筑材料,其他建材,其他建材,5.05,5.03,5.06
sh600145,*ST国创,2014-10-21,5.15,5.36,5.15,5.21,5.19,7485403.0,39289530.0,1967738850.0,1967738850.0,-92424610.99,-63495401.04,104092283.61999999,155599863.17,51507579.55,-771206.74,1752.12,1799.99,620.04,682.76,1556.79,1446.2,0.0,0.0,,,,,,,建筑材料,其他建材,其他建材,5.17,5.25,5.26
sh600145,*ST国创,2014-10-22,5.23,5.3,5.11,5.13,5.21,5675969.0,29597256.0,1937524050.0,1937524050.0,-92424610.99,-63495401.04,104092283.61999999,155599863.17,51507579.55,-771206.74,1706.57,1429.76,121.44,770.25,1131.71,759.71,0.0,0.0,,,,,,,建筑材料,其他建材,其他建材,5.21,5.21,5.25
sh600145,*ST国创,2014-10-23,5.13,5.18,4.87,4.87,5.13,11778894.0,58579287.0,1839325950.0,1839325950.0,-92424610.99,-63495401.04,104092283.61999999,155599863.17,51507579.55,-771206.74,3034.88,2366.29,767.86,1877.54,2055.18,1199.8,0.0,414.29,,,,,,,建筑材料,其他建材,其他建材,5.15,5.17,5.13
sh600145,*ST国创,2014-10-24,4.8,4.94,4.75,4.8,4.87,7554108.0,36368350.0,1812888000.0,1812888000.0,-92424610.99,-63495401.04,104092283.61999999,155599863.17,51507579.55,-771206.74,1699.77,1900.51,544.78,754.94,1390.86,917.44,1.42,63.94,,,,,,,建筑材料,其他建材,其他建材,4.91,4.85,4.88
sh600145,*ST国创,2014-10-27,4.86,5.04,4.81,4.98,4.8,7629932.0,37815200.0,1880871300.0,1880871300.0,-92424610.99,-63495401.04,104092283.61999999,155599863.17,51507579.55,-771206.74,1829.22,1864.64,536.17,469.54,1404.24,1447.34,11.88,0.0,,,,,,,建筑材料,其他建材,其他建材,4.84,4.93,4.9
sh600145,*ST国创,2014-10-28,4.99,5.2,4.99,5.19,4.98,7933694.0,40625002.0,1960185150.0,1960185150.0,-92424610.99,-63495401.04,104092283.61999999,155599863.17,51507579.55,-771206.74,1720.1,1586.31,1071.37,1101.93,1143.98,1263.05,127.05,111.21,,,,,,,建筑材料,其他建材,其他建材,5.12,5.12,5.08
sh600145,*ST国创,2014-10-29,5.16,5.32,5.13,5.18,5.19,10759248.0,56291422.0,1956408300.0,1956408300.0,-94902170.07999998,-59633063.29,101520153.76000002,157246431.86,55726278.1,-2428458.67,2840.56,2433.46,923.97,1402.84,1864.6,1661.1,0.0,131.73,,,,,,,建筑材料,其他建材,其他建材,5.2,5.27,5.24
sh600145,*ST国创,2014-10-30,5.2,5.26,5.1,5.14,5.18,8006253.0,41367354.0,1941300900.0,1941300900.0,-94902170.07999998,-59633063.29,101520153.76000002,157246431.86,55726278.1,-2428458.67,2157.22,1651.01,548.05,1461.26,1431.46,1009.96,0.0,14.51,,,,,,,建筑材料,其他建材,其他建材,5.17,5.19,5.19
sh600145,*ST国创,2014-10-31,5.16,5.24,5.14,5.21,5.14,9634160.0,50071048.0,1967738850.0,1967738850.0,-94902170.07999998,-59633063.29,101520153.76000002,157246431.86,55726278.1,-2428458.67,1808.63,2238.84,1340.27,1258.5,1210.96,1288.49,647.24,221.26,,,,,,,建筑材料,其他建材,其他建材,5.18,5.17,5.21
sh600145,*ST国创,2014-11-03,5.19,5.26,5.15,5.26,5.21,7680647.0,40059390.0,1986623100.0,1986623100.0,-94902170.07999998,-59633063.29,101520153.76000002,157246431.86,55726278.1,-2428458.67,1673.75,1857.04,1085.81,882.6,1141.33,1156.17,105.04,110.12,,,,,,,建筑材料,其他建材,其他建材,5.21,5.21,5.21
sh600145,*ST国创,2014-11-04,5.25,5.25,5.15,5.17,5.26,5840513.0,30311477.0,1952631450.0,1952631450.0,-94902170.07999998,-59633063.29,101520153.76000002,157246431.86,55726278.1,-2428458.67,1468.92,1411.53,399.53,587.61,1162.69,901.81,0.0,130.18,,,,,,,建筑材料,其他建材,其他建材,5.2,5.18,5.2
sh600145,*ST国创,2014-11-05,5.18,5.2,5.07,5.14,5.17,5901149.0,30300746.0,1941300900.0,1941300900.0,-94902170.07999998,-59633063.29,101520153.76000002,157246431.86,55726278.1,-2428458.67,1305.92,1272.27,377.49,758.17,1124.94,885.89,221.72,113.74,,,,,,,建筑材料,其他建材,其他建材,5.19,5.15,5.14
sh600145,*ST国创,2014-11-06,5.13,5.2,5.09,5.17,5.14,5891569.0,30336567.0,1952631450.0,1952631450.0,-94902170.07999998,-59633063.29,101520153.76000002,157246431.86,55726278.1,-2428458.67,1250.4,1381.97,654.21,751.5,846.48,777.06,282.57,123.12,,,,,,,建筑材料,其他建材,其他建材,5.15,5.15,5.16
sh600145,*ST国创,2014-11-07,5.17,5.28,5.12,5.14,5.17,10096456.0,52439672.0,1941300900.0,1941300900.0,-94902170.07999998,-59633063.29,101520153.76000002,157246431.86,55726278.1,-2428458.67,2190.16,2218.33,1111.88,1251.43,1430.5,1449.72,511.43,324.47,,,,,,,建筑材料,其他建材,其他建材,5.15,5.15,5.15
sh600145,*ST国创,2014-11-10,5.17,5.18,5.06,5.09,5.14,6652313.0,34032843.0,1922416650.0,1922416650.0,-94902170.07999998,-59633063.29,101520153.76000002,157246431.86,55726278.1,-2428458.67,1529.27,1748.13,775.59,746.2,1098.42,807.65,0.0,101.3,,,,,,,建筑材料,其他建材,其他建材,5.13,5.07,5.12
sh600145,*ST国创,2014-11-11,4.91,5.05,4.84,4.84,5.09,13868472.0,67639351.0,1827995400.0,1827995400.0,-94902170.07999998,-59633063.29,101520153.76000002,157246431.86,55726278.1,-2428458.67,2766.77,2361.97,1587.76,2665.92,2167.4,988.98,242.0,747.06,,,,,,,建筑材料,其他建材,其他建材,4.96,4.9,4.9
sh600145,*ST国创,2014-11-12,4.62,4.73,4.6,4.71,4.84,18253160.0,84592967.0,1778896350.0,1778896350.0,-94902170.07999998,-59633063.29,101520153.76000002,157246431.86,55726278.1,-2428458.67,3469.27,3327.94,2046.65,2352.48,2805.06,2051.36,138.3,727.51,,,,,,,建筑材料,其他建材,其他建材,4.61,4.6,4.61
sh600145,*ST国创,2014-11-13,4.76,4.85,4.67,4.7,4.71,10376092.0,49227098.0,1775119500.0,1775119500.0,-94902170.07999998,-59633063.29,101520153.76000002,157246431.86,55726278.1,-2428458.67,2286.82,2210.5,1041.74,1255.35,1594.15,1446.73,0.0,10.13,,,,,,,建筑材料,其他建材,其他建材,4.74,4.77,4.8
sh600145,*ST国创,2014-11-14,4.66,4.69,4.55,4.61,4.7,9291433.0,42837917.0,1741127850.0,1741127850.0,-94902170.07999998,-59633063.29,101520153.76000002,157246431.86,55726278.1,-2428458.67,1889.98,1704.63,833.23,1281.5,1434.1,994.96,126.47,302.7,,,,,,,建筑材料,其他建材,其他建材,4.65,4.66,4.63
sh600145,*ST国创,2014-11-17,4.6,4.64,4.38,4.63,4.61,10648837.0,48123394.0,1748681550.0,1748681550.0,-94902170.07999998,-59633063.29,101520153.76000002,157246431.86,55726278.1,-2428458.67,2492.87,2259.31,918.61,1136.02,1395.5,1417.01,5.36,0.0,,,,,,,建筑材料,其他建材,其他建材,4.57,4.41,4.46
sh600145,*ST国创,2014-11-18,4.59,4.8,4.58,4.7,4.63,7483582.0,35302957.0,1775119500.0,1775119500.0,-94902170.07999998,-59633063.29,101520153.76000002,157246431.86,55726278.1,-2428458.67,1478.53,1603.24,891.78,517.61,1119.56,1238.7,40.42,170.75,,,,,,,建筑材料,其他建材,其他建材,4.59,4.72,4.7
sh600145,*ST国创,2014-11-19,4.69,4.77,4.62,4.74,4.7,6216602.0,29279264.0,1790226900.0,1790226900.0,-94902170.07999998,-59633063.29,101520153.76000002,157246431.86,55726278.1,-2428458.67,1218.11,1461.47,601.42,733.28,872.5,712.91,235.89,20.27,,,,,,,建筑材料,其他建材,其他建材,4.69,4.7,4.73
sh600145,*ST国创,2014-11-20,4.7,4.74,4.64,4.72,4.74,4712043.0,22135020.0,1782673200.0,1782673200.0,-94902170.07999998,-59633063.29,101520153.76000002,157246431.86,55726278.1,-2428458.67,1046.5,1016.79,231.19,432.29,935.8,764.41,0.0,0.0,,,,,,,建筑材料,其他建材,其他建材,4.69,4.7,4.7
sh600145,*ST国创,2014-11-21,4.72,4.96,4.71,4.96,4.72,9005209.0,43943082.0,1873317600.0,1873317600.0,-94902170.07999998,-59633063.29,101520153.76000002,157246431.86,55726278.1,-2428458.67,1695.38,1783.4,1523.3,930.83,1073.18,1487.68,102.44,192.4,,,,,,,建筑材料,其他建材,其他建材,4.72,4.74,4.8
sh600145,*ST国创,2014-11-24,5.0,5.1,4.89,4.9,4.96,10853062.0,53803176.0,1850656500.0,1850656500.0,-94902170.07999998,-59633063.29,101520153.76000002,157246431.86,55726278.1,-2428458.67,2434.56,2447.74,1263.47,1615.86,1567.76,1093.88,114.53,222.82,,,,,,,建筑材料,其他建材,其他建材,4.98,4.94,5.01
sh600145,*ST国创,2014-11-25,4.86,5.01,4.86,4.92,4.9,5415319.0,26726568.0,1858210200.0,1858210200.0,-94902170.07999998,-59633063.29,101520153.76000002,157246431.86,55726278.1,-2428458.67,1322.72,1221.27,262.53,460.26,1087.41,922.49,0.0,68.63,,,,,,,建筑材料,其他建材,其他建材,4.93,4.94,4.96
sh600145,*ST国创,2014-11-26,4.92,5.09,4.87,5.04,4.92,6598512.0,32656130.0,1903532400.0,1903532400.0,-94902170.07999998,-59633063.29,101520153.76000002,157246431.86,55726278.1,-2428458.67,1487.45,1592.89,435.79,471.93,1097.27,1198.23,242.54,0.0,,,,,,,建筑材料,其他建材,其他建材,4.89,4.9,4.92
sh600145,*ST国创,2014-11-27,5.03,5.14,4.99,5.09,5.04,8223026.0,41662755.0,1922416650.0,1922416650.0,-94902170.07999998,-59633063.29,101520153.76000002,157246431.86,55726278.1,-2428458.67,1971.01,1588.31,787.91,1252.4,1407.35,1179.41,0.0,146.16,,,,,,,建筑材料,其他建材,其他建材,5.02,5.02,5.04
sh600145,*ST国创,2014-11-28,5.11,5.15,5.0,5.03,5.09,9097797.0,46104311.0,1899755550.0,1899755550.0,-94902170.07999998,-59633063.29,101520153.76000002,157246431.86,55726278.1,-2428458.67,2038.18,1792.58,985.19,938.92,1399.83,1238.22,187.22,640.71,,,,,,,建筑材料,其他建材,其他建材,5.1,5.13,5.09
sh600145,*ST国创,2014-12-01,5.0,5.06,4.93,4.99,5.03,8997913.0,44907156.0,1884648150.0,1884648150.0,-94902170.07999998,-59633063.29,101520153.76000002,157246431.86,55726278.1,-2428458.67,2010.03,1685.9,304.88,960.52,1178.32,1095.3,248.48,0.0,,,,,,,建筑材料,其他建材,其他建材,5.02,4.98,5.02
sh600145,*ST国创,2014-12-02,4.96,5.03,4.95,4.99,4.99,8261294.0,41231696.0,1884648150.0,1884648150.0,-94902170.07999998,-59633063.29,101520153.76000002,157246431.86,55726278.1,-2428458.67,1847.55,1836.09,781.3,1287.74,1087.79,842.97,250.15,0.0,,,,,,,建筑材料,其他建材,其他建材,5.01,5.0,5.0
sh600145,*ST国创,2014-12-03,5.0,5.03,4.74,4.79,4.99,18770012.0,90524767.0,1809111150.0,1809111150.0,-94902170.07999998,-59633063.29,101520153.76000002,157246431.86,55726278.1,-2428458.67,3372.37,2632.5,1550.75,2404.01,2834.8,1670.8,318.62,1369.23,,,,,,,建筑材料,其他建材,其他建材,5.0,4.95,4.88
sh600145,*ST国创,2014-12-04,4.8,4.88,4.78,4.81,4.79,10130894.0,49030096.0,1816664850.0,1816664850.0,-94902170.07999998,-59633063.29,101520153.76000002,157246431.86,55726278.1,-2428458.67,1612.99,1760.37,1239.97,1179.95,1197.67,1148.14,321.73,283.91,,,,,,,建筑材料,其他建材,其他建材,4.8,4.85,4.86
sh600145,*ST国创,2014-12-05,4.8,4.8,4.57,4.57,4.81,15983172.0,73866161.0,1726020450.0,1726020450.0,-94902170.07999998,-59633063.29,101520153.76000002,157246431.86,55726278.1,-2428458.67,2619.32,2343.5,1464.66,1737.48,2367.16,1446.53,0.0,923.63,,,,,,,建筑材料,其他建材,其他建材,4.77,4.7,4.69
sh600145,*ST国创,2014-12-08,4.51,4.63,4.47,4.57,4.57,7603921.0,34611775.0,1726020450.0,1726020450.0,-94902170.07999998,-59633063.29,101520153.76000002,157246431.86,55726278.1,-2428458.67,1446.65,1513.03,655.01,804.51,1359.51,1143.63,0.0,0.0,,,,,,,建筑材料,其他建材,其他建材,4.54,4.5,4.52
sh600145,*ST国创,2014-12-09,4.56,4.61,4.34,4.34,4.57,14955079.0,66146753.0,1639152900.0,1639152900.0,-94902170.07999998,-59633063.29,101520153.76000002,157246431.86,55726278.1,-2428458.67,2978.32,2948.09,1266.05,1598.34,2370.29,1769.01,0.0,299.23,,,,,,,建筑材料,其他建材,其他建材,4.54,4.57,4.5
sh600145,*ST国创,2014-12-10,4.28,4.49,4.18,4.45,4.34,8875025.0,38381506.0,1680698250.0,1680698250.0,-94902170.07999998,-59633063.29,101520153.76000002,157246431.86,55726278.1,-2428458.67,1620.29,1802.96,805.82,618.66,1412.03,1416.53,0.0,0.0,,,,,,,建筑材料,其他建材,其他建材,4.31,4.22,4.19
sh600145,*ST国创,2014-12-11,4.4,4.67,4.4,4.67,4.45,10285053.0,46648084.0,1763788950.0,1763788950.0,-94902170.07999998,-59633063.29,101520153.76000002,157246431.86,55726278.1,-2428458.67,1610.61,1717.63,1341.77,1276.17,1299.73,1530.37,411.76,139.71,,,,,,,建筑材料,其他建材,其他建材,4.4,4.41,4.45
sh600145,*ST国创,2014-12-12,4.55,4.65,4.45,4.55,4.67,13559970.0,61662848.0,1718466750.0,1718466750.0,-94902170.07999998,-59633063.29,101520153.76000002,157246431.86,55726278.1,-2428458.67,2947.64,2916.03,1152.58,1286.3,2063.82,1743.3,2.24,220.64,,,,,,,建筑材料,其他建材,其他建材,4.6,4.57,4.54
sh600145,*ST国创,2014-12-15,4.38,4.52,4.38,4.44,4.55,11428469.0,50852827.0,1676921400.0,1676921400.0,-94902170.07999998,-59633063.29,101520153.76000002,157246431.86,55726278.1,-2428458.67,2434.54,2229.79,955.21,1398.8,1561.29,1456.69,134.23,0.0,,,,,,,建筑材料,其他建材,其他建材,4.45,4.43,4.47
sh600145,*ST国创,2014-12-16,4.45,4.47,4.23,4.25,4.44,17574887.0,75756377.0,1605161250.0,1605161250.0,-94902170.07999998,-59633063.29,101520153.76000002,157246431.86,55726278.1,-2428458.67,3444.01,3257.46,1202.6,1916.49,2738.15,1850.38,190.87,551.29,,,,,,,建筑材料,其他建材,其他建材,4.42,4.41,4.38
sh600145,*ST国创,2014-12-17,4.21,4.24,4.04,4.04,4.25,21608056.0,88174118.0,1525847400.0,1525847400.0,-94902170.07999998,-59633063.29,101520153.76000002,157246431.86,55726278.1,-2428458.67,3795.8,3530.5,1591.62,2539.88,3240.33,2315.58,189.64,431.42,,,,,,,建筑材料,其他建材,其他建材,4.2,4.1,4.12
sh600145,*ST国创,2014-12-23,4.24,4.24,4.24,4.24,4.04,2533456.0,10741853.0,1601384400.0,1601384400.0,-94902170.07999998,-59633063.29,101520153.76000002,157246431.86,55726278.1,-2428458.67,368.46,454.86,383.89,261.16,241.73,358.16,80.1,0.0,,,,,,,建筑材料,其他建材,其他建材,4.24,4.24,4.24
sh600145,*ST国创,2014-12-24,4.45,4.45,4.45,4.45,4.24,491405.0,2186752.0,1680698250.0,1680698250.0,-94902170.07999998,-59633063.29,101520153.76000002,157246431.86,55726278.1,-2428458.67,73.69,79.92,79.88,44.5,32.13,94.25,32.98,0.0,,,,,,,建筑材料,其他建材,其他建材,4.45,4.45,4.45
sh600145,*ST国创,2014-12-25,4.67,4.67,4.67,4.67,4.45,1059820.0,4949359.0,1763788950.0,1763788950.0,-94902170.07999998,-59633063.29,101520153.76000002,157246431.86,55726278.1,-2428458.67,121.2,172.66,177.7,183.7,50.33,138.57,145.7,0.0,,,,,,,建筑材料,其他建材,其他建材,4.67,4.67,4.67
sh600145,*ST国创,2014-12-26,4.79,4.9,4.68,4.9,4.67,30254837.0,146302272.0,1850656500.0,1850656500.0,-94902170.07999998,-59633063.29,101520153.76000002,157246431.86,55726278.1,-2428458.67,6077.65,6007.57,3760.96,3738.51,4063.25,4295.84,728.34,588.27,,,,,,,建筑材料,其他建材,其他建材,4.78,4.85,4.82
sh600145,*ST国创,2014-12-29,5.1,5.1,4.69,4.74,4.9,21742277.0,105942617.0,1790226900.0,1790226900.0,-94902170.07999998,-59633063.29,101520153.76000002,157246431.86,55726278.1,-2428458.67,4554.95,4414.6,1820.6,2505.11,3913.36,2952.12,305.34,722.42,,,,,,,建筑材料,其他建材,其他建材,5.04,4.9,4.97
sh600145,*ST国创,2014-12-30,4.83,4.83,4.5,4.54,4.74,14732283.0,67962831.0,1714689900.0,1714689900.0,-94902170.07999998,-59633063.29,101520153.76000002,157246431.86,55726278.1,-2428458.67,3132.5,3261.25,794.67,1772.36,2639.56,1762.66,229.54,0.0,,,,,,,建筑材料,其他建材,其他建材,4.76,4.73,4.75
sh600145,*ST国创,2014-12-31,4.6,4.67,4.54,4.58,4.54,8566326.0,39575687.0,1729797300.0,1729797300.0,-94902170.07999998,-59633063.29,101520153.76000002,157246431.86,55726278.1,-2428458.67,1886.19,1631.61,581.15,824.63,1490.22,1364.01,0.0,137.31,,,,,,,建筑材料,其他建材,其他建材,4.65,4.63,4.66
sh600145,*ST国创,2015-01-05,4.58,4.61,4.44,4.58,4.58,9730558.0,43947731.0,1729797300.0,1729797300.0,-94902170.07999998,-59633063.29,101520153.76000002,157246431.86,55726278.1,-2428458.67,2153.16,2102.8,455.14,884.76,1605.89,1407.21,180.58,0.0,,,,,,,建筑材料,其他建材,其他建材,4.58,4.49,4.47
sh600145,*ST国创,2015-01-06,4.56,4.65,4.51,4.62,4.58,7826374.0,35961471.0,1744904700.0,1744904700.0,-94902170.07999998,-59633063.29,101520153.76000002,157246431.86,55726278.1,-2428458.67,1811.52,1760.8,631.62,764.9,1153.0,1070.44,0.0,0.0,,,,,,,建筑材料,其他建材,其他建材,4.56,4.63,4.61
sh600145,*ST国创,2015-01-07,4.63,4.8,4.62,4.73,4.62,12187477.0,57530466.0,1786450050.0,1786450050.0,-94902170.07999998,-59633063.29,101520153.76000002,157246431.86,55726278.1,-2428458.67,2304.44,2297.19,1269.1,1576.69,2052.21,1764.32,127.29,114.84,,,,,,,建筑材料,其他建材,其他建材,4.73,4.73,4.71
sh600145,*ST国创,2015-01-08,4.74,4.83,4.72,4.75,4.73,9123353.0,43571817.0,1794003750.0,1794003750.0,-94902170.07999998,-59633063.29,101520153.76000002,157246431.86,55726278.1,-2428458.67,1944.36,2100.31,649.39,709.66,1561.43,1442.05,201.99,105.16,,,,,,,建筑材料,其他建材,其他建材,4.75,4.77,4.78
sh600145,*ST国创,2015-01-09,4.7,4.78,4.67,4.68,4.75,6994400.0,33070335.0,1767565800.0,1767565800.0,-94902170.07999998,-59633063.29,101520153.76000002,157246431.86,55726278.1,-2428458.67,1485.94,1256.75,684.25,981.19,1136.83,913.96,0.0,155.13,,,,,,,建筑材料,其他建材,其他建材,4.75,4.76,4.76
sh600145,*ST国创,2015-01-12,4.66,4.71,4.54,4.57,4.68,6047399.0,27857133.0,1726020450.0,1726020450.0,-94902170.07999998,-59633063.29,101520153.76000002,157246431.86,55726278.1,-2428458.67,1336.02,1129.88,511.32,815.05,938.37,840.78,0.0,0.0,,,,,,,建筑材料,其他建材,其他建材,4.63,4.65,4.62
sh600145,*ST国创,2015-01-13,4.55,4.65,4.55,4.62,4.57,3882544.0,17880512.0,1744904700.0,1744904700.0,-94902170.07999998,-59633063.29,101520153.76000002,157246431.86,55726278.1,-2428458.67,862.21,755.18,342.54,498.32,583.3,506.4,0.0,28.15,,,,,,,建筑材料,其他建材,其他建材,4.59,4.59,4.61
sh600145,*ST国创,2015-01-14,4.62,4.65,4.52,4.53,4.62,4117000.0,18806886.0,1710913050.0,1710913050.0,-94902170.07999998,-59633063.29,101520153.76000002,157246431.86,55726278.1,-2428458.67,861.93,795.24,243.18,505.89,775.57,579.56,0.0,0.0,,,,,,,建筑材料,其他建材,其他建材,4.62,4.6,4.59
sh600145,*ST国创,2015-01-15,4.54,4.59,4.49,4.55,4.53,4052700.0,18418491.0,1718466750.0,1718466750.0,-94902170.07999998,-59633063.29,101520153.76000002,157246431.86,55726278.1,-2428458.67,1001.55,917.25,176.36,373.83,663.94,550.77,0.0,0.0,,,,,,,建筑材料,其他建材,其他建材,4.53,4.54,4.56
sh600145,*ST国创,2015-01-16,4.56,4.61,4.52,4.59,4.55,5400860.0,24608122.0,1733574150.0,1733574150.0,-94902170.07999998,-59633063.29,101520153.76000002,157246431.86,55726278.1,-2428458.67,1201.1,1187.28,530.28,654.98,729.43,618.54,0.0,0.0,,,,,,,建筑材料,其他建材,其他建材,4.54,4.56,4.56
sh600145,*ST国创,2015-01-19,4.5,4.6,4.36,4.36,4.59,10436604.0,46591223.0,1646706600.0,1646706600.0,-94902170.07999998,-59633063.29,101520153.76000002,157246431.86,55726278.1,-2428458.67,1971.04,1401.82,1075.34,1647.55,1423.09,843.9,0.0,576.2,,,,,,,建筑材料,其他建材,其他建材,4.49,4.53,4.52
sh600145,*ST国创,2015-01-20,4.4,4.48,4.38,4.47,4.36,5790627.0,25734682.0,1688251950.0,1688251950.0,-94902170.07999998,-59633063.29,101520153.76000002,157246431.86,55726278.1,-2428458.67,1387.9,1212.74,413.77,622.84,771.79,737.88,0.0,0.0,,,,,,,建筑材料,其他建材,其他建材,4.43,4.42,4.45
sh600145,*ST国创,2015-01-21,4.45,4.68,4.44,4.56,4.47,6669029.0,30496127.0,1722243600.0,1722243600.0,-94902170.07999998,-59633063.29,101520153.76000002,157246431.86,55726278.1,-2428458.67,1438.92,1490.38,459.99,649.71,1030.64,909.51,120.07,0.0,,,,,,,建筑材料,其他建材,其他建材,4.49,4.54,4.61
sh600145,*ST国创,2015-01-22,4.58,4.69,4.54,4.65,4.56,7981714.0,37003951.0,1756235250.0,1756235250.0,-94902170.07999998,-59633063.29,101520153.76000002,157246431.86,55726278.1,-2428458.67,1661.24,1649.2,780.11,907.37,1125.4,1143.82,133.64,0.0,,,,,,,建筑材料,其他建材,其他建材,4.58,4.6,4.59
sh600145,*ST国创,2015-01-23,4.66,4.71,4.64,4.65,4.65,7100720.0,33138286.0,1756235250.0,1756235250.0,-94902170.07999998,-59633063.29,101520153.76000002,157246431.86,55726278.1,-2428458.67,1416.51,1480.44,1027.31,1006.28,870.01,827.1,0.0,0.0,,,,,,,建筑材料,其他建材,其他建材,4.69,4.68,4.67
sh600145,*ST国创,2015-01-26,4.66,4.74,4.62,4.74,4.65,8128696.0,38099661.0,1790226900.0,1790226900.0,-94902170.07999998,-59633063.29,101520153.76000002,157246431.86,55726278.1,-2428458.67,1725.83,1632.95,1092.68,1024.69,991.45,1020.53,0.0,131.79,,,,,,,建筑材料,其他建材,其他建材,4.63,4.65,4.67
sh600145,*ST国创,2015-01-27,4.72,4.86,4.68,4.76,4.74,8393521.0,39938145.0,1797780600.0,1797780600.0,-94902170.07999998,-59633063.29,101520153.76000002,157246431.86,55726278.1,-2428458.67,1881.1,1727.88,545.32,926.64,1567.39,1339.28,0.0,0.0,,,,,,,建筑材料,其他建材,其他建材,4.73,4.74,4.77
sh600145,*ST国创,2015-01-28,4.76,4.84,4.75,4.78,4.76,6515350.0,31273603.0,1805334300.0,1805334300.0,-94902170.07999998,-59633063.29,101520153.76000002,157246431.86,55726278.1,-2428458.67,1416.51,1301.48,695.15,857.18,1015.7,968.7,0.0,0.0,,,,,,,建筑材料,其他建材,其他建材,4.75,4.82,4.8
sh600145,*ST国创,2015-01-29,4.75,4.85,4.72,4.84,4.78,7305848.0,35116056.0,1827995400.0,1827995400.0,-94902170.07999998,-59633063.29,101520153.76000002,157246431.86,55726278.1,-2428458.67,1513.52,1449.87,809.92,912.12,1061.37,1015.41,126.79,134.2,,,,,,,建筑材料,其他建材,其他建材,4.77,4.82,4.81
sh600145,*ST国创,2015-01-30,4.82,4.84,4.72,4.73,4.84,8052849.0,38447754.0,1786450050.0,1786450050.0,-94902170.07999998,-59633063.29,101520153.76000002,157246431.86,55726278.1,-2428458.67,1847.4,1865.95,840.45,1084.42,1156.91,894.4,0.0,0.0,,,,,,,建筑材料,其他建材,其他建材,4.83,4.81,4.79
sh600145,*ST国创,2015-02-02,4.7,4.97,4.62,4.83,4.73,12100551.0,58623841.0,1824218550.0,1824218550.0,-94902170.07999998,-59633063.29,101520153.76000002,157246431.86,55726278.1,-2428458.67,2608.85,2792.16,1456.0,1007.19,1797.52,2063.03,0.0,0.0,,,,,,,建筑材料,其他建材,其他建材,4.65,4.67,4.85
sh600145,*ST国创,2015-02-03,4.84,4.87,4.8,4.81,4.83,5680322.0,27438915.0,1816664850.0,1816664850.0,-94902170.07999998,-59633063.29,101520153.76000002,157246431.86,55726278.1,-2428458.67,1118.41,1113.71,690.18,862.18,790.43,767.99,144.87,0.0,,,,,,,建筑材料,其他建材,其他建材,4.85,4.86,4.83
sh600145,*ST国创,2015-02-04,4.82,4.95,4.82,4.91,4.81,8115677.0,39651970.0,1854433350.0,1854433350.0,-94902170.07999998,-59633063.29,101520153.76000002,157246431.86,55726278.1,-2428458.67,1763.16,1965.82,1012.1,775.02,958.02,1224.34,231.9,0.0,,,,,,,建筑材料,其他建材,其他建材,4.82,4.87,4.87
sh600145,*ST国创,2015-02-05,4.91,4.99,4.81,4.85,4.91,7491097.0,36748012.0,1831772250.0,1831772250.0,-94902170.07999998,-59633063.29,101520153.76000002,157246431.86,55726278.1,-2428458.67,1583.67,1572.77,1036.73,1012.14,1054.39,968.89,0.0,121.0,,,,,,,建筑材料,其他建材,其他建材,4.9,4.92,4.97
sh600145,*ST国创,2015-02-06,4.84,4.84,4.64,4.68,4.85,7103916.0,33780336.0,1767565800.0,1767565800.0,-94902170.07999998,-59633063.29,101520153.76000002,157246431.86,55726278.1,-2428458.67,1487.74,1282.86,761.7,791.41,963.18,781.16,165.41,522.59,,,,,,,建筑材料,其他建材,其他建材,4.82,4.82,4.84
sh600145,*ST国创,2015-02-09,4.66,4.71,4.62,4.63,4.68,4564698.0,21265733.0,1748681550.0,1748681550.0,-94902170.07999998,-59633063.29,101520153.76000002,157246431.86,55726278.1,-2428458.67,971.45,887.45,519.76,560.22,635.36,531.46,0.0,147.44,,,,,,,建筑材料,其他建材,其他建材,4.69,4.66,4.66
sh600145,*ST国创,2015-02-10,4.62,4.69,4.54,4.63,4.63,3939338.0,18227458.0,1748681550.0,1748681550.0,-94902170.07999998,-59633063.29,101520153.76000002,157246431.86,55726278.1,-2428458.67,909.88,927.9,379.4,420.04,533.46,474.8,0.0,0.0,,,,,,,建筑材料,其他建材,其他建材,4.63,4.65,4.68
sh600145,*ST国创,2015-02-11,4.6,4.7,4.56,4.63,4.63,2592600.0,12036480.0,1748681550.0,1748681550.0,-94902170.07999998,-59633063.29,101520153.76000002,157246431.86,55726278.1,-2428458.67,631.48,624.49,132.0,186.16,440.16,393.0,0.0,0.0,,,,,,,建筑材料,其他建材,其他建材,4.63,4.65,4.68
sh600145,*ST国创,2015-02-12,4.64,4.7,4.64,4.67,4.63,5359225.0,25083565.0,1763788950.0,1763788950.0,-94902170.07999998,-59633063.29,101520153.76000002,157246431.86,55726278.1,-2428458.67,1288.96,1053.86,473.49,890.19,638.69,564.3,107.22,0.0,,,,,,,建筑材料,其他建材,其他建材,4.68,4.68,4.69
sh600145,*ST国创,2015-02-13,4.69,4.81,4.69,4.76,4.67,6448473.0,30612373.0,1797780600.0,1797780600.0,-94902170.07999998,-59633063.29,101520153.76000002,157246431.86,55726278.1,-2428458.67,1628.83,1311.94,646.84,1001.83,785.56,747.17,0.0,0.29,,,,,,,建筑材料,其他建材,其他建材,4.72,4.74,4.73
sh600145,*ST国创,2015-02-16,4.76,4.87,4.76,4.85,4.76,7315491.0,35347538.0,1831772250.0,1831772250.0,-94902170.07999998,-59633063.29,101520153.76000002,157246431.86,55726278.1,-2428458.67,1630.12,1438.94,755.08,1108.99,888.91,986.82,260.64,0.0,,,,,,,建筑材料,其他建材,其他建材,4.8,4.83,4.81
sh600145,*ST国创,2015-02-17,4.85,4.88,4.82,4.86,4.85,6026441.0,29240993.0,1835549100.0,1835549100.0,-94902170.07999998,-59633063.29,101520153.76000002,157246431.86,55726278.1,-2428458.67,1359.2,1341.42,610.79,925.39,844.4,657.28,109.71,0.0,,,,,,,建筑材料,其他建材,其他建材,4.86,4.88,4.85
sh600145,*ST国创,2015-02-25,4.88,4.9,4.83,4.84,4.86,5976261.0,29012038.0,1827995400.0,1827995400.0,-94902170.07999998,-59633063.29,101520153.76000002,157246431.86,55726278.1,-2428458.67,1174.82,988.43,916.18,1176.24,810.2,736.53,0.0,0.0,,,,,,,建筑材料,其他建材,其他建材,4.85,4.85,4.86
sh600145,*ST国创,2015-02-26,4.85,4.9,4.82,4.86,4.84,6334708.0,30734026.0,1835549100.0,1835549100.0,-94902170.07999998,-59633063.29,101520153.76000002,157246431.86,55726278.1,-2428458.67,1313.52,1276.88,689.49,867.98,926.23,680.1,144.17,248.43,,,,,,,建筑材料,其他建材,其他建材,4.84,4.85,4.84
sh600145,*ST国创,2015-02-27,4.86,5.06,4.85,4.97,4.86,10849582.0,53696200.0,1877094450.0,1877094450.0,-94902170.07999998,-59633063.29,101520153.76000002,157246431.86,55726278.1,-2428458.67,2251.38,2250.72,1226.43,1470.09,1371.98,1648.8,519.82,0.0,,,,,,,建筑材料,其他建材,其他建材,4.88,4.86,4.86
sh600145,*ST国创,2015-03-02,4.99,5.1,4.96,5.08,4.97,9455726.0,47838422.0,1918639800.0,1918639800.0,-94902170.07999998,-59633063.29,101520153.76000002,157246431.86,55726278.1,-2428458.67,1854.35,2087.35,1121.29,1062.94,1282.59,1344.04,525.6,289.5,,,,,,,建筑材料,其他建材,其他建材,4.97,4.99,5.0
sh600145,*ST国创,2015-03-03,5.06,5.12,5.0,5.01,5.08,8686102.0,43931943.0,1892201850.0,1892201850.0,-94902170.07999998,-59633063.29,101520153.76000002,157246431.86,55726278.1,-2428458.67,2094.23,1854.45,727.44,1240.43,1464.45,1178.88,107.06,119.43,,,,,,,建筑材料,其他建材,其他建材,5.08,5.1,5.07
sh600145,*ST国创,2015-03-04,5.0,5.04,4.91,5.02,5.01,7391417.0,36787986.0,1895978700.0,1895978700.0,-94902170.07999998,-59633063.29,101520153.76000002,157246431.86,55726278.1,-2428458.67,1679.58,1593.15,780.11,1127.33,1219.1,958.32,0.0,0.0,,,,,,,建筑材料,其他建材,其他建材,5.01,4.94,4.92
sh600145,*ST国创,2015-03-05,5.01,5.19,4.99,5.13,5.02,8166001.0,41720780.0,1937524050.0,1937524050.0,-94902170.07999998,-59633063.29,101520153.76000002,157246431.86,55726278.1,-2428458.67,1951.14,1970.83,741.05,708.88,1384.78,1371.22,95.1,121.14,,,,,,,建筑材料,其他建材,其他建材,5.02,5.04,5.05
sh600145,*ST国创,2015-03-06,5.12,5.39,5.11,5.39,5.13,11575054.0,61570864.0,2035722150.0,2035722150.0,-94902170.07999998,-59633063.29,101520153.76000002,157246431.86,55726278.1,-2428458.67,2178.82,2750.11,1431.91,1244.78,1621.46,1977.34,924.88,184.85,,,,,,,建筑材料,其他建材,其他建材,5.12,5.27,5.26
sh600145,*ST国创,2015-03-09,5.46,5.62,5.35,5.4,5.39,15032334.0,82039990.0,2039499000.0,2039499000.0,-94902170.07999998,-59633063.29,101520153.76000002,157246431.86,55726278.1,-2428458.67,4201.86,3584.5,1043.95,1719.88,2958.18,2442.82,0.0,456.79,,,,,,,建筑材料,其他建材,其他建材,5.37,5.42,5.41
sh600145,*ST国创,2015-03-10,5.41,5.55,5.35,5.36,5.4,8663073.0,46977505.0,2024391600.0,2024391600.0,-94902170.07999998,-59633063.29,101520153.76000002,157246431.86,55726278.1,-2428458.67,2196.47,1846.68,840.67,1249.86,1660.6,1440.39,0.0,160.81,,,,,,,建筑材料,其他建材,其他建材,5.42,5.44,5.47
sh600145,*ST国创,2015-03-11,5.35,5.45,5.34,5.36,5.36,6971180.0,37550392.0,2024391600.0,2024391600.0,-94902170.07999998,-59633063.29,101520153.76000002,157246431.86,55726278.1,-2428458.67,1829.32,1497.43,632.29,1191.83,1293.41,1065.77,0.0,0.0,,,,,,,建筑材料,其他建材,其他建材,5.36,5.35,5.37
sh600145,*ST国创,2015-03-12,5.38,5.55,5.22,5.28,5.36,8986943.0,48284121.0,1994176800.0,1994176800.0,-94902170.07999998,-59633063.29,101520153.76000002,157246431.86,55726278.1,-2428458.67,2230.91,2102.47,561.7,1367.75,1934.23,1358.19,101.57,0.0,,,,,,,建筑材料,其他建材,其他建材,5.36,5.39,5.52
sh600145,*ST国创,2015-03-13,5.28,5.37,5.27,5.33,5.28,5918029.0,31472946.0,2013061050.0,2013061050.0,-94902170.07999998,-59633063.29,101520153.76000002,157246431.86,55726278.1,-2428458.67,1463.63,1367.45,639.37,893.29,969.99,812.25,0.0,0.0,,,,,,,建筑材料,其他建材,其他建材,5.32,5.36,5.32
sh600145,*ST国创,2015-03-16,5.35,5.54,5.33,5.49,5.33,10290585.0,56282239.0,2073490650.0,2073490650.0,-94902170.07999998,-59633063.29,101520153.76000002,157246431.86,55726278.1,-2428458.67,2401.43,2461.09,1589.64,1317.78,1413.39,1591.86,223.76,257.48,,,,,,,建筑材料,其他建材,其他建材,5.35,5.42,5.48
sh600145,*ST国创,2015-03-17,5.49,5.65,5.48,5.57,5.49,11935787.0,66323582.0,2103705450.0,2103705450.0,-94902170.07999998,-59633063.29,101520153.76000002,157246431.86,55726278.1,-2428458.67,2831.42,2460.91,1685.16,1595.69,1836.52,1745.17,279.26,830.58,,,,,,,建筑材料,其他建材,其他建材,5.52,5.49,5.49
sh600145,*ST国创,2015-03-18,5.57,5.76,5.57,5.7,5.57,8780434.0,49925588.0,2152804500.0,2152804500.0,-94902170.07999998,-59633063.29,101520153.76000002,157246431.86,55726278.1,-2428458.67,2307.11,2187.17,1075.71,1312.19,1605.6,1493.18,4.12,0.0,,,,,,,建筑材料,其他建材,其他建材,5.58,5.63,5.65
sh600145,*ST国创,2015-03-19,5.7,5.87,5.7,5.83,5.7,9652648.0,56018329.0,2201903550.0,2201903550.0,-94902170.07999998,-59633063.29,101520153.76000002,157246431.86,55726278.1,-2428458.67,2530.81,2672.12,1097.46,1150.36,1815.15,1618.28,115.36,118.03,,,,,,,建筑材料,其他建材,其他建材,5.72,5.82,5.85
sh600145,*ST国创,2015-03-20,5.82,6.12,5.76,6.12,5.83,12318029.0,73149962.0,2311432200.0,2311432200.0,-94902170.07999998,-59633063.29,101520153.76000002,157246431.86,55726278.1,-2428458.67,3200.9,3271.53,1595.35,1748.98,2377.29,2290.37,137.34,0.0,,,,,,,建筑材料,其他建材,其他建材,5.79,5.87,5.89
sh600145,*ST国创,2015-03-23,6.12,6.43,6.12,6.43,6.12,20584363.0,131747965.0,2428514550.0,2428514550.0,-94902170.07999998,-59633063.29,101520153.76000002,157246431.86,55726278.1,-2428458.67,5580.82,5176.61,2914.01,3423.04,3915.31,3584.16,751.84,978.17,,,,,,,建筑材料,其他建材,其他建材,6.32,6.36,6.38
sh600145,*ST国创,2015-03-24,6.53,6.55,6.11,6.17,6.43,25820858.0,161541830.0,2330316450.0,2330316450.0,-94902170.07999998,-59633063.29,101520153.76000002,157246431.86,55726278.1,-2428458.67,6723.09,6266.89,3152.82,4687.2,5740.8,4391.81,511.3,782.12,,,,,,,建筑材料,其他建材,其他建材,6.34,6.43,6.37
sh600145,*ST国创,2015-03-25,6.19,6.39,6.01,6.28,6.17,14321068.0,88881275.0,2371861800.0,2371861800.0,-94902170.07999998,-59633063.29,101520153.76000002,157246431.86,55726278.1,-2428458.67,3996.44,3905.76,2068.99,2008.34,2637.67,2828.22,182.42,143.2,,,,,,,建筑材料,其他建材,其他建材,6.05,6.08,6.12
sh600145,*ST国创,2015-03-26,6.25,6.35,6.07,6.11,6.28,11532098.0,71239883.0,2307655350.0,2307655350.0,-94902170.07999998,-59633063.29,101520153.76000002,157246431.86,55726278.1,-2428458.67,2903.78,2922.23,1487.77,1993.24,2469.42,1803.79,210.8,352.52,,,,,,,建筑材料,其他建材,其他建材,6.12,6.18,6.19
sh600145,*ST国创,2015-03-27,6.13,6.27,6.12,6.24,6.11,8225856.0,50925433.0,2356754400.0,2356754400.0,-94902170.07999998,-59633063.29,101520153.76000002,157246431.86,55726278.1,-2428458.67,2060.38,2198.41,1165.73,1265.67,1561.64,1467.8,304.79,160.66,,,,,,,建筑材料,其他建材,其他建材,6.15,6.17,6.14
sh600145,*ST国创,2015-03-30,5.93,5.93,5.93,5.93,6.24,2968900.0,17605577.0,2239672050.0,2239672050.0,-94902170.07999998,-59633063.29,101520153.76000002,157246431.86,55726278.1,-2428458.67,898.34,748.83,183.97,443.44,677.41,391.93,0.0,175.53,,,,,,,建筑材料,其他建材,其他建材,5.93,5.93,5.93
sh600145,*ST国创,2015-03-31,5.63,6.07,5.63,5.85,5.93,33072065.0,190065288.0,2209457250.0,2209457250.0,-94902170.07999998,-59633063.29,101520153.76000002,157246431.86,55726278.1,-2428458.67,7054.17,7615.55,4287.44,5375.5,5676.83,5199.45,1918.9,746.86,,,,,,,建筑材料,其他建材,其他建材,5.63,5.63,5.63
sh600145,*ST国创,2015-04-01,5.79,5.98,5.76,5.88,5.85,15485438.0,91157619.0,2220787800.0,2220787800.0,-94902170.07999998,-59633063.29,101520153.76000002,157246431.86,55726278.1,-2428458.67,4112.55,3622.04,2479.9,2620.15,2420.34,2339.78,102.96,533.79,,,,,,,建筑材料,其他建材,其他建材,5.9,5.92,5.93
sh600145,*ST国创,2015-04-02,5.89,6.03,5.89,6.01,5.88,11573892.0,69075818.0,2269886850.0,2269886850.0,-94902170.07999998,-59633063.29,101520153.76000002,157246431.86,55726278.1,-2428458.67,2897.53,2754.77,1816.44,2108.95,2160.03,2010.28,0.0,0.0,,,,,,,建筑材料,其他建材,其他建材,5.89,5.97,5.96
sh600145,*ST国创,2015-04-03,6.0,6.31,5.96,6.28,6.01,15906587.0,98067865.0,2371861800.0,2371861800.0,-94902170.07999998,-59633063.29,101520153.76000002,157246431.86,55726278.1,-2428458.67,3213.79,3896.64,2721.66,2222.16,2371.78,2679.82,1499.54,1008.14,,,,,,,建筑材料,其他建材,其他建材,5.99,6.05,6.08
sh600145,*ST国创,2015-04-07,6.29,6.38,6.22,6.34,6.28,15263267.0,95814474.0,2394522900.0,2394522900.0,-94902170.07999998,-59633063.29,101520153.76000002,157246431.86,55726278.1,-2428458.67,3964.91,3860.4,2510.06,3420.33,2638.48,2300.7,467.99,0.0,,,,,,,建筑材料,其他建材,其他建材,6.28,6.33,6.27
sh600145,*ST国创,2015-04-08,6.66,6.66,6.66,6.66,6.34,3026888.0,20159074.0,2515382100.0,2515382100.0,-94902170.07999998,-59633063.29,101520153.76000002,157246431.86,55726278.1,-2428458.67,585.35,940.81,572.54,537.83,320.36,535.94,536.32,0.0,,,,,,,建筑材料,其他建材,其他建材,6.66,6.66,6.66
sh600145,*ST新亿,2015-08-31,6.33,6.33,6.33,6.33,6.66,2234200.0,14142486.0,2166031050.0,2390746050.0,-1538920537.1,-5130237.78,-1446602154.5500002,34794102.1,1481396256.65,-205820.03000000026,455.19,359.92,483.04,630.91,220.73,135.65,255.29,287.76,,,,,,,建筑材料,其他建材,其他建材,6.33,6.33,6.33
sh600145,*ST新亿,2015-09-01,6.01,6.01,6.01,6.01,6.33,176700.0,1061967.0,2056531850.0,2269886850.0,-1538920537.1,-5130237.78,-1446602154.5500002,34794102.1,1481396256.65,-205820.03000000026,20.25,33.9,57.46,57.46,28.49,14.84,0.0,0.0,,,,,,,建筑材料,其他建材,其他建材,6.01,6.01,6.01
sh600145,*ST新亿,2015-09-02,5.71,5.71,5.71,5.71,6.01,201400.0,1149994.0,1953876350.0,2156581350.0,-1538920537.1,-5130237.78,-1446602154.5500002,34794102.1,1481396256.65,-205820.03000000026,34.26,14.73,27.98,39.97,52.76,15.13,0.0,45.17,,,,,,,建筑材料,其他建材,其他建材,5.71,5.71,5.71
sh600145,*ST新亿,2015-09-07,5.42,5.42,5.42,5.42,5.71,1581500.0,8571730.0,1854642700.0,2047052700.0,-1538920537.1,-5130237.78,-1446602154.5500002,34794102.1,1481396256.65,-205820.03000000026,277.5,141.84,95.39,275.93,213.28,57.45,271.0,381.95,,,,,,,建筑材料,其他建材,其他建材,5.42,5.42,5.42
sh600145,*ST新亿,2015-09-08,5.15,5.15,5.15,5.15,5.42,513200.0,2642980.0,1762252750.0,1945077750.0,-1538920537.1,-5130237.78,-1446602154.5500002,34794102.1,1481396256.65,-205820.03000000026,153.88,78.69,0.0,27.5,110.42,45.58,0.0,112.53,,,,,,,建筑材料,其他建材,其他建材,5.15,5.15,5.15
sh600145,*ST新亿,2015-09-09,4.89,5.0,4.89,4.91,5.15,57601709.0,282076175.0,1680128350.0,1854433350.0,-1538920537.1,-5130237.78,-1446602154.5500002,34794102.1,1481396256.65,-205820.03000000026,10110.39,9501.24,7735.47,8102.67,6464.64,5122.36,3897.05,5481.28,,,,,,,建筑材料,其他建材,其他建材,4.91,4.9,4.89
sh600145,*ST新亿,2015-09-10,4.99,5.16,4.92,5.16,4.91,21489419.0,109451970.0,1765674600.0,1948854600.0,-1538920537.1,-5130237.78,-1446602154.5500002,34794102.1,1481396256.65,-205820.03000000026,3016.73,3648.87,3153.48,2788.87,1919.79,2662.24,2855.19,1845.2,,,,,,,建筑材料,其他建材,其他建材,4.98,5.16,5.16
sh600145,*ST新亿,2015-09-11,5.32,5.42,5.15,5.23,5.16,27097290.0,144174924.0,1789627550.0,1975292550.0,-1538920537.1,-5130237.78,-1446602154.5500002,34794102.1,1481396256.65,-205820.03000000026,5575.27,5150.95,3493.23,3996.74,3762.01,3735.24,1586.97,1534.54,,,,,,,建筑材料,其他建材,其他建材,5.42,5.42,5.42
sh600145,*ST新亿,2015-09-14,5.16,5.25,4.97,4.97,5.23,17587052.0,88816185.0,1700659450.0,1877094450.0,-1538920537.1,-5130237.78,-1446602154.5500002,34794102.1,1481396256.65,-205820.03000000026,3410.16,3238.1,2332.08,2473.01,2228.67,1783.09,910.7,1387.4,,,,,,,建筑材料,其他建材,其他建材,5.09,5.13,5.1
sh600145,*ST新亿,2015-09-15,4.76,4.9,4.72,4.72,4.97,10910736.0,51624557.0,1615113200.0,1782673200.0,-1538920537.1,-5130237.78,-1446602154.5500002,34794102.1,1481396256.65,-205820.03000000026,1736.87,1894.12,1432.93,1601.09,1267.52,908.67,725.13,758.57,,,,,,,建筑材料,其他建材,其他建材,4.73,4.73,4.77
sh600145,*ST新亿,2015-09-16,4.66,4.94,4.52,4.8,4.72,15189078.0,71169752.0,1642488000.0,1812888000.0,-1538920537.1,-5130237.78,-1446602154.5500002,34794102.1,1481396256.65,-205820.03000000026,3166.21,3099.52,1869.08,1925.82,2081.67,1945.35,0.0,146.28,,,,,,,建筑材料,其他建材,其他建材,4.62,4.65,4.56
sh600145,*ST新亿,2015-09-17,4.78,5.04,4.75,4.8,4.8,13728065.0,66917906.0,1642488000.0,1812888000.0,-1538920537.1,-5130237.78,-1446602154.5500002,34794102.1,1481396256.65,-205820.03000000026,2628.12,2808.16,2180.83,2128.21,1758.72,1750.7,124.11,4.71,,,,,,,建筑材料,其他建材,其他建材,4.84,4.82,4.81
sh600145,*ST新亿,2015-09-18,4.8,5.04,4.75,5.04,4.8,15654640.0,77610701.0,1724612400.0,1903532400.0,-1538920537.1,-5130237.78,-1446602154.5500002,34794102.1,1481396256.65,-205820.03000000026,2996.82,3236.04,1780.33,1849.45,2093.95,2183.93,889.96,491.64,,,,,,,建筑材料,其他建材,其他建材,4.83,4.81,4.8
sh600145,*ST新亿,2015-09-22,5.01,5.28,5.01,5.08,5.04,15788774.0,80982021.0,1738299800.0,1918639800.0,-1538920537.1,-5130237.78,-1446602154.5500002,34794102.1,1481396256.65,-205820.03000000026,3528.43,3229.35,2140.84,2054.8,2225.92,2094.33,203.01,719.72,,,,,,,建筑材料,其他建材,其他建材,5.07,5.04,5.1
sh600145,*ST新亿,2015-09-23,5.01,5.27,4.96,5.13,5.08,9404145.0,48180467.0,1755409050.0,1937524050.0,-1538920537.1,-5130237.78,-1446602154.5500002,34794102.1,1481396256.65,-205820.03000000026,1679.85,2111.06,981.67,850.32,1701.93,1603.99,454.59,252.67,,,,,,,建筑材料,其他建材,其他建材,5.04,5.08,5.07
sh600145,*ST新亿,2015-09-24,5.16,5.2,5.09,5.15,5.13,6047901.0,31068966.0,1762252750.0,1945077750.0,-1538920537.1,-5130237.78,-1446602154.5500002,34794102.1,1481396256.65,-205820.03000000026,1469.6,1164.15,627.14,934.03,817.05,833.44,193.11,175.28,,,,,,,建筑材料,其他建材,其他建材,5.12,5.15,5.15
sh600145,*ST新亿,2015-09-25,5.15,5.19,4.92,5.07,5.15,7684205.0,38895695.0,1734877950.0,1914862950.0,-1538920537.1,-5130237.78,-1446602154.5500002,34794102.1,1481396256.65,-205820.03000000026,1611.62,1698.58,981.64,1003.05,1188.24,992.7,49.13,136.3,,,,,,,建筑材料,其他建材,其他建材,5.15,5.17,5.17
sh600145,*ST新亿,2015-09-28,5.04,5.11,4.97,5.09,5.07,4440034.0,22381140.0,1741721650.0,1922416650.0,-1538920537.1,-5130237.78,-1446602154.5500002,34794102.1,1481396256.65,-205820.03000000026,1128.43,1038.96,330.75,556.65,778.93,642.51,0.0,0.0,,,,,,,建筑材料,其他建材,其他建材,5.03,4.98,4.98
sh600145,*ST新亿,2015-09-29,5.03,5.25,5.02,5.11,5.09,6545250.0,33715288.0,1748565350.0,1929970350.0,-1538920537.1,-5130237.78,-1446602154.5500002,34794102.1,1481396256.65,-205820.03000000026,1336.49,1211.67,905.94,1083.18,1025.57,1019.39,103.52,57.28,,,,,,,建筑材料,其他建材,其他建材,5.06,5.06,5.06
sh600145,*ST新亿,2015-09-30,5.15,5.21,5.13,5.19,5.11,6842538.0,35397307.0,1775940150.0,1960185150.0,-1538920537.1,-5130237.78,-1446602154.5500002,34794102.1,1481396256.65,-205820.03000000026,1653.27,1829.04,871.52,979.24,802.98,731.44,211.95,0.0,,,,,,,建筑材料,其他建材,其他建材,5.16,5.15,5.19
sh600145,*ST新亿,2015-10-08,5.29,5.35,5.19,5.25,5.19,6867026.0,36089237.0,1796471250.0,1982846250.0,-1538920537.1,-5130237.78,-1446602154.5500002,34794102.1,1481396256.65,-205820.03000000026,1558.03,1437.31,931.24,1237.86,1004.49,920.2,115.17,13.55,,,,,,,建筑材料,其他建材,其他建材,5.25,5.23,5.25
sh600145,*ST新亿,2015-10-09,5.22,5.51,5.22,5.51,5.25,11039945.0,59502513.0,1885439350.0,2081044350.0,-1538920537.1,-5130237.78,-1446602154.5500002,34794102.1,1481396256.65,-205820.03000000026,2641.18,2513.26,1507.74,1290.94,1367.21,1588.36,434.11,557.68,,,,,,,建筑材料,其他建材,其他建材,5.25,5.26,5.27
sh600145,*ST新亿,2015-10-12,5.66,5.69,5.53,5.62,5.51,12092284.0,67893267.0,1923079700.0,2122589700.0,-1538920537.1,-5130237.78,-1446602154.5500002,34794102.1,1481396256.65,-205820.03000000026,2856.82,2837.31,1844.52,2145.8,1837.33,1500.92,250.65,305.29,,,,,,,建筑材料,其他建材,其他建材,5.61,5.64,5.6
sh600145,*ST新亿,2015-10-13,5.55,5.9,5.53,5.9,5.62,7439518.0,42454897.0,2018891500.0,2228341500.0,-1538920537.1,-5130237.78,-1446602154.5500002,34794102.1,1481396256.65,-205820.03000000026,1673.59,2078.81,1204.7,862.48,1061.36,1304.2,305.84,0.0,,,,,,,建筑材料,其他建材,其他建材,5.62,5.63,5.6
sh600145,*ST新亿,2015-10-14,5.86,6.19,5.85,5.89,5.9,11327660.0,67979368.0,2015469650.0,2224564650.0,-1538920537.1,-5130237.78,-1446602154.5500002,34794102.1,1481396256.65,-205820.03000000026,3171.97,2947.85,916.35,1645.05,2589.87,1949.32,119.73,255.7,,,,,,,建筑材料,其他建材,其他建材,5.94,5.95,6.08
sh600145,*ST新亿,2015-10-15,5.89,6.09,5.78,6.07,5.89,7045444.0,42283486.0,2077062950.0,2292547950.0,-1538920537.1,-5130237.78,-1446602154.5500002,34794102.1,1481396256.65,-205820.03000000026,1681.27,2233.45,919.82,607.67,1409.11,1387.22,218.14,0.0,,,,,,,建筑材料,其他建材,其他建材,6.0,5.97,6.0
sh600145,*ST新亿,2015-10-16,6.1,6.17,5.91,6.1,6.07,8820372.0,53383271.0,2087328500.0,2303878500.0,-1538920537.1,-5130237.78,-1446602154.5500002,34794102.1,1481396256.65,-205820.03000000026,2114.65,2303.98,1097.06,1192.44,1865.01,1481.37,261.6,360.53,,,,,,,建筑材料,其他建材,其他建材,6.12,6.13,6.07
sh600145,*ST新亿,2015-10-19,6.08,6.1,5.87,5.98,6.1,8631284.0,51648550.0,2046266300.0,2258556300.0,-1538920537.1,-5130237.78,-1446602154.5500002,34794102.1,1481396256.65,-205820.03000000026,2257.93,2387.93,1053.04,1290.71,1853.88,1486.22,0.0,0.0,,,,,,,建筑材料,其他建材,其他建材,6.05,6.05,6.03
sh600145,*ST新亿,2015-10-20,5.94,6.08,5.92,6.04,5.98,8204871.0,49337794.0,2066797400.0,2281217400.0,-1538920537.1,-5130237.78,-1446602154.5500002,34794102.1,1481396256.65,-205820.03000000026,2047.09,1957.38,1525.07,1615.73,1287.87,1293.3,73.74,67.36,,,,,,,建筑材料,其他建材,其他建材,5.94,6.02,6.0
sh600145,*ST新亿,2015-10-21,6.04,6.34,5.83,5.93,6.04,18574548.0,115054334.0,2029157050.0,2239672050.0,-1538920537.1,-5130237.78,-1446602154.5500002,34794102.1,1481396256.65,-205820.03000000026,4735.47,5326.58,3248.91,2895.74,3062.25,3281.26,456.95,0.0,,,,,,,建筑材料,其他建材,其他建材,6.02,6.34,6.34
sh600145,*ST新亿,2015-10-22,5.92,6.15,5.88,6.1,5.93,9575582.0,57564145.0,2087328500.0,2303878500.0,-1538920537.1,-5130237.78,-1446602154.5500002,34794102.1,1481396256.65,-205820.03000000026,2538.21,2709.77,886.63,1275.62,1817.79,1769.04,513.78,1.97,,,,,,,建筑材料,其他建材,其他建材,5.92,5.92,5.93
sh600145,*ST新亿,2015-10-23,6.1,6.34,6.1,6.24,6.1,7829264.0,48750694.0,2135234400.0,2356754400.0,-1538920537.1,-5130237.78,-1446602154.5500002,34794102.1,1481396256.65,-205820.03000000026,2404.53,2349.41,924.1,1052.65,1546.44,1472.38,0.0,0.63,,,,,,,建筑材料,其他建材,其他建材,6.17,6.34,6.21
sh600145,*ST新亿,2015-10-26,6.26,6.47,6.13,6.31,6.24,8132975.0,50978869.0,2159187350.0,2383192350.0,-1538920537.1,-5130237.78,-1446602154.5500002,34794102.1,1481396256.65,-205820.03000000026,2341.36,2308.42,909.48,1103.57,1847.04,1685.89,0.0,0.0,,,,,,,建筑材料,其他建材,其他建材,6.24,6.21,6.2
sh600145,*ST新亿,2015-10-27,6.28,6.63,6.19,6.63,6.31,12913074.0,83108768.0,2268686550.0,2504051550.0,-1537244093.2299998,-6918900.530000001,-1447332597.5,34389095.95,1481721693.45,-752014.7999999998,3226.28,3847.26,2061.5,1545.01,1917.35,2339.36,1105.73,579.23,,,,,,,建筑材料,其他建材,其他建材,6.26,6.28,6.24
sh600145,*ST新亿,2015-10-28,6.66,6.96,6.58,6.73,6.63,16812393.0,114909718.0,2302905050.0,2541820050.0,-1537244093.2299998,-6918900.530000001,-1447332597.5,34389095.95,1481721693.45,-752014.7999999998,4362.68,5112.95,2666.87,3379.14,3035.93,2987.89,1425.49,10.98,,,,,,,建筑材料,其他建材,其他建材,6.68,6.68,6.69
sh600145,*ST新亿,2015-10-29,6.74,6.84,6.52,6.55,6.73,10484973.0,70089377.0,2241311750.0,2473836750.0,-1537244093.2299998,-6918900.530000001,-1447332597.5,34389095.95,1481721693.45,-752014.7999999998,2916.07,2948.55,1328.31,2264.23,2632.32,1739.32,132.23,56.84,,,,,,,建筑材料,其他建材,其他建材,6.78,6.76,6.76
sh600145,*ST新亿,2015-10-30,6.56,6.63,6.38,6.56,6.55,10023115.0,65207550.0,2244733600.0,2477613600.0,-1537244093.2299998,-6918900.530000001,-1447332597.5,34389095.95,1481721693.45,-752014.7999999998,2894.84,2255.2,1451.89,1955.1,2025.7,1567.57,148.33,742.88,,,,,,,建筑材料,其他建材,其他建材,6.58,6.48,6.44
sh600145,*ST新亿,2015-11-02,6.42,6.56,6.24,6.35,6.56,8365009.0,53701632.0,2172874750.0,2398299750.0,-1537244093.2299998,-6918900.530000001,-1447332597.5,34389095.95,1481721693.45,-752014.7999999998,2504.53,2342.14,830.35,1308.11,2035.28,1480.94,0.0,238.96,,,,,,,建筑材料,其他建材,其他建材,6.42,6.41,6.38
sh600145,*ST新亿,2015-11-03,6.33,6.51,6.33,6.42,6.35,5965875.0,38403207.0,2196827700.0,2424737700.0,-1537244093.2299998,-6918900.530000001,-1447332597.5,34389095.95,1481721693.45,-752014.7999999998,1818.87,1711.1,536.55,872.22,1315.17,1257.0,169.72,0.0,,,,,,,建筑材料,其他建材,其他建材,6.4,6.39,6.43
sh600145,*ST新亿,2015-11-04,6.45,6.63,6.41,6.61,6.42,5851531.0,38455123.0,2261842850.0,2496497850.0,-1537244093.2299998,-6918900.530000001,-1447332597.5,34389095.95,1481721693.45,-752014.7999999998,1861.05,1471.45,915.52,1185.51,1068.95,1188.54,0.0,0.0,,,,,,,建筑材料,其他建材,其他建材,6.5,6.5,6.53
sh600145,*ST新亿,2015-11-05,6.58,6.72,6.55,6.58,6.61,7921357.0,52438743.0,2251577300.0,2485167300.0,-1537244093.2299998,-6918900.530000001,-1447332597.5,34389095.95,1481721693.45,-752014.7999999998,2214.16,2174.92,1248.49,1431.5,1473.31,1375.62,307.91,261.83,,,,,,,建筑材料,其他建材,其他建材,6.68,6.67,6.64
sh600145,*ST新亿,2015-11-06,6.56,6.77,6.56,6.75,6.58,6762788.0,45364335.0,2309748750.0,2549373750.0,-1537244093.2299998,-6918900.530000001,-1447332597.5,34389095.95,1481721693.45,-752014.7999999998,2179.66,2024.57,984.58,847.48,1239.16,1295.27,133.02,369.1,,,,,,,建筑材料,其他建材,其他建材,6.62,6.64,6.69
sh600145,*ST新亿,2015-11-09,7.09,7.09,7.09,7.09,6.75,1635249.0,11593915.0,2426091650.0,2677786650.0,-1537244093.2299998,-6918900.530000001,-1447332597.5,34389095.95,1481721693.45,-752014.7999999998,159.74,408.75,268.64,451.07,76.93,299.57,654.09,0.0,,,,,,,建筑材料,其他建材,其他建材,7.09,7.09,7.09
sh600145,*ST新亿,2015-11-10,7.44,7.44,7.44,7.44,7.09,910517.0,6774246.0,2545856400.0,2809976400.0,-1537244093.2299998,-6918900.530000001,-1447332597.5,34389095.95,1481721693.45,-752014.7999999998,78.86,246.34,179.04,306.53,27.94,124.56,391.58,0.0,,,,,,,建筑材料,其他建材,其他建材,7.44,7.44,7.44
sh600145,*ST新亿,2015-11-11,7.81,7.81,7.45,7.81,7.44,31172552.0,240225687.0,2672464850.0,2949719850.0,-1537244093.2299998,-6918900.530000001,-1447332597.5,34389095.95,1481721693.45,-752014.7999999998,8767.02,7850.4,6704.54,7715.38,6784.29,5136.29,1766.69,3320.47,,,,,,,建筑材料,其他建材,其他建材,7.6,7.78,7.6
sh600145,*ST新亿,2015-11-12,7.67,7.95,7.51,7.8,7.81,19893525.0,152691224.0,2669043000.0,2945943000.0,-1537244093.2299998,-6918900.530000001,-1447332597.5,34389095.95,1481721693.45,-752014.7999999998,5824.58,5529.81,4532.42,5299.73,4635.96,3380.19,276.14,1059.38,,,,,,,建筑材料,其他建材,其他建材,7.79,7.73,7.78
sh600145,*ST新亿,2015-11-13,7.75,7.94,7.55,7.7,7.8,14216483.0,110146463.0,2634824500.0,2908174500.0,-1537244093.2299998,-6918900.530000001,-1447332597.5,34389095.95,1481721693.45,-752014.7999999998,4615.06,3996.02,2552.59,3959.01,3455.53,2683.85,391.45,375.75,,,,,,,建筑材料,其他建材,其他建材,7.74,7.77,7.83
sh600145,*ST新亿,2015-11-16,7.62,8.09,7.62,8.07,7.7,16043457.0,125550392.0,2761432950.0,3047917950.0,-1537244093.2299998,-6918900.530000001,-1447332597.5,34389095.95,1481721693.45,-752014.7999999998,4676.9,4743.05,4116.41,3733.4,2955.07,2959.4,806.66,1119.18,,,,,,,建筑材料,其他建材,其他建材,7.67,7.8,7.8
sh600145,*ST新亿,2015-11-17,8.16,8.46,8.03,8.14,8.07,17282940.0,142335186.0,2785385900.0,3074355900.0,-1537244093.2299998,-6918900.530000001,-1447332597.5,34389095.95,1481721693.45,-752014.7999999998,6044.24,6050.58,3979.51,4407.01,3448.46,2851.93,761.3,923.98,,,,,,,建筑材料,其他建材,其他建材,8.24,8.15,8.07
sh600145,*ST新亿,2015-11-18,8.11,8.5,8.1,8.36,8.14,12526986.0,104299310.0,2860666600.0,3157446600.0,-1537244093.2299998,-6918900.530000001,-1447332597.5,34389095.95,1481721693.45,-752014.7999999998,4582.29,4992.27,2846.73,2532.41,2527.02,2395.42,473.46,509.4,,,,,,,建筑材料,其他建材,其他建材,8.15,8.2,8.2
sh600145,*ST新亿,2015-11-19,8.32,8.5,8.03,8.15,8.36,16251437.0,133420293.0,2788807750.0,3078132750.0,-1537244093.2299998,-6918900.530000001,-1447332597.5,34389095.95,1481721693.45,-752014.7999999998,6357.09,5375.8,3202.34,4502.42,3782.6,2782.52,0.0,681.28,,,,,,,建筑材料,其他建材,其他建材,8.35,8.46,8.44
sh600145,*ST新亿,2015-11-20,8.14,8.26,8.06,8.15,8.15,10639113.0,86746847.0,2788807750.0,3078132750.0,-1537244093.2299998,-6918900.530000001,-1447332597.5,34389095.95,1481721693.45,-752014.7999999998,3983.9,4062.47,2308.08,2506.08,2037.07,1886.89,345.62,219.24,,,,,,,建筑材料,其他建材,其他建材,8.14,8.19,8.26
sh600145,*ST新亿,2015-11-23,8.03,8.24,8.03,8.07,8.15,9202258.0,74783898.0,2761432950.0,3047917950.0,-1537244093.2299998,-6918900.530000001,-1447332597.5,34389095.95,1481721693.45,-752014.7999999998,3583.01,3401.21,1748.1,2166.22,2086.82,1875.95,56.66,31.2,,,,,,,建筑材料,其他建材,其他建材,8.11,8.14,8.18
sh600145,*ST新亿,2015-11-24,8.1,8.13,7.67,7.73,8.07,19138459.0,148913040.0,2645090050.0,2919505050.0,-1537244093.2299998,-6918900.530000001,-1447332597.5,34389095.95,1481721693.45,-752014.7999999998,5887.56,4836.37,4154.93,5681.23,4296.22,2751.68,552.51,1621.93,,,,,,,建筑材料,其他建材,其他建材,8.1,8.02,7.95
sh600145,*ST新亿,2015-11-25,7.34,7.44,7.34,7.34,7.73,18423700.0,135280917.0,2511637900.0,2772207900.0,-1537244093.2299998,-6918900.530000001,-1447332597.5,34389095.95,1481721693.45,-752014.7999999998,3969.41,2576.01,4860.31,3996.55,2685.97,1306.85,2012.39,5648.66,,,,,,,建筑材料,其他建材,其他建材,7.34,7.34,7.34
sh600145,*ST新亿,2015-11-26,6.98,7.33,6.97,7.15,7.34,45198525.0,317518055.0,2446622750.0,2700447750.0,-1537244093.2299998,-6918900.530000001,-1447332597.5,34389095.95,1481721693.45,-752014.7999999998,12032.52,10722.12,9011.48,10200.18,8866.12,6366.56,1841.66,4462.91,,,,,,,建筑材料,其他建材,其他建材,6.97,6.97,7.06
sh600145,*ST新亿,2015-11-27,7.09,7.12,6.79,6.79,7.15,26456358.0,183534423.0,2323436150.0,2564481150.0,-1537244093.2299998,-6918900.530000001,-1447332597.5,34389095.95,1481721693.45,-752014.7999999998,6969.68,5481.03,5006.73,5587.08,5034.97,3132.21,1342.06,4153.11,,,,,,,建筑材料,其他建材,其他建材,7.09,7.03,6.96
sh600145,*ST新亿,2015-11-30,6.61,6.74,6.45,6.45,6.79,27984317.0,181912115.0,2207093250.0,2436068250.0,-1537244093.2299998,-6918900.530000001,-1447332597.5,34389095.95,1481721693.45,-752014.7999999998,7787.5,6143.1,4202.61,6679.03,5033.61,3285.71,1167.46,2083.36,,,,,,,建筑材料,其他建材,其他建材,6.59,6.52,6.62
sh600145,*ST新亿,2015-12-01,6.53,6.77,6.5,6.77,6.45,7809222.0,52131339.0,2316592450.0,2556927450.0,-1537244093.2299998,-6918900.530000001,-1447332597.5,34389095.95,1481721693.45,-752014.7999999998,1581.31,1871.86,1531.88,1553.31,1109.91,1284.36,990.03,503.59,,,,,,,建筑材料,其他建材,其他建材,6.75,6.77,6.77
sh600145,*ST新亿,2015-12-02,7.01,7.11,6.88,6.97,6.77,38163944.0,269954476.0,2385029450.0,2632464450.0,-1537244093.2299998,-6918900.530000001,-1447332597.5,34389095.95,1481721693.45,-752014.7999999998,9399.61,9247.22,8138.85,8824.14,7221.07,6119.99,2232.4,2800.58,,,,,,,建筑材料,其他建材,其他建材,7.11,7.11,7.11
sh600145,*ST新亿,2015-12-03,6.73,7.26,6.73,7.05,6.97,31847586.0,224455232.0,2412404250.0,2662679250.0,-1537244093.2299998,-6918900.530000001,-1447332597.5,34389095.95,1481721693.45,-752014.7999999998,9005.46,8548.29,5943.05,7889.39,6578.0,5791.62,918.99,216.2,,,,,,,建筑材料,其他建材,其他建材,6.97,7.05,7.03
sh600145,*ST新亿,2015-12-04,7.1,7.4,7.1,7.4,7.05,62547384.0,454329208.0,2532169000.0,2794869000.0,-1537244093.2299998,-6918900.530000001,-1447332597.5,34389095.95,1481721693.45,-752014.7999999998,15711.21,14864.91,11634.42,15173.75,16316.09,12416.54,1768.89,2975.42,,,,,,,建筑材料,其他建材,其他建材,7.28,7.15,7.21
sh600145,*ST新亿,2020-06-30,2.71,2.71,2.71,2.71,2.85,318100.0,862051.0,4040882029.8,4040882029.8,-71969119.02,2741287.0,627341241.9499998,1158577007.11,531235765.16,-1848327.67,19.32,0.0,34.15,86.21,32.74,0.0,0.0,0.0,,,,,,,商贸零售,贸易Ⅱ,贸易Ⅲ,2.71,2.71,2.71
sh600145,*ST新亿,2020-07-01,2.57,2.57,2.57,2.57,2.71,44100.0,113337.0,3832127976.6,3832127976.6,-71969119.02,2741287.0,627341241.9499998,1158577007.11,531235765.16,-1848327.67,0.0,6.68,0.0,0.0,11.33,4.65,0.0,0.0,,,,,,,商贸零售,贸易Ⅱ,贸易Ⅲ,2.57,2.57,2.57
sh600145,*ST新亿,2020-07-02,2.44,2.44,2.44,2.44,2.57,80600.0,196664.0,3638284927.2,3638284927.2,-71969119.02,2741287.0,627341241.9499998,1158577007.11,531235765.16,-1848327.67,,,,,,,,,,,,,,,商贸零售,贸易Ⅱ,贸易Ⅲ,2.44,2.44,2.44
sh600145,*ST新亿,2020-07-03,2.32,2.32,2.32,2.32,2.44,62600.0,145232.0,3459352881.6,3459352881.6,-71969119.02,2741287.0,627341241.9499998,1158577007.11,531235765.16,-1848327.67,,,,,,,,,,,,,,,商贸零售,贸易Ⅱ,贸易Ⅲ,2.32,2.32,2.32
sh600145,*ST新亿,2020-07-06,2.2,2.2,2.2,2.2,2.32,136600.0,300520.0,3280420836.0,3280420836.0,-71969119.02,2741287.0,627341241.9499998,1158577007.11,531235765.16,-1848327.67,,,,,,,,,,,,,,,商贸零售,贸易Ⅱ,贸易Ⅲ,2.2,2.2,2.2
sh600145,*ST新亿,2020-07-07,2.09,2.09,2.09,2.09,2.2,81300.0,169917.0,3116399794.2,3116399794.2,-71969119.02,2741287.0,627341241.9499998,1158577007.11,531235765.16,-1848327.67,10.03,8.15,0.0,0.0,2.19,4.08,0.0,0.0,,,,,,,商贸零售,贸易Ⅱ,贸易Ⅲ,2.09,2.09,2.09
sh600145,*ST新亿,2020-07-08,1.99,1.99,1.99,1.99,2.09,60700.0,120793.0,2967289756.2,2967289756.2,-71969119.02,2741287.0,627341241.9499998,1158577007.11,531235765.16,-1848327.67,0.0,12.08,0.0,0.0,12.08,0.0,0.0,0.0,,,,,,,商贸零售,贸易Ⅱ,贸易Ⅲ,1.99,1.99,1.99
sh600145,*ST新亿,2020-07-09,1.89,1.89,1.89,1.89,1.99,436500.0,824985.0,2818179718.2,2818179718.2,-71969119.02,2741287.0,627341241.9499998,1158577007.11,531235765.16,-1848327.67,30.66,6.02,0.0,76.48,51.84,0.0,0.0,0.0,,,,,,,商贸零售,贸易Ⅱ,贸易Ⅲ,1.89,1.89,1.89
sh600145,*ST新亿,2020-07-10,1.8,1.8,1.8,1.8,1.89,650800.0,1171440.0,2683980684.0,2683980684.0,-71969119.02,2741287.0,627341241.9499998,1158577007.11,531235765.16,-1848327.67,43.31,96.5,0.0,0.0,73.84,20.64,0.0,0.0,,,,,,,商贸零售,贸易Ⅱ,贸易Ⅲ,1.8,1.8,1.8
sh600145,*ST新亿,2020-07-13,1.71,1.71,1.71,1.71,1.8,311100.0,531981.0,2549781649.8,2549781649.8,-71969119.02,2741287.0,627341241.9499998,1158577007.11,531235765.16,-1848327.67,12.31,19.98,0.0,28.87,40.89,4.34,0.0,0.0,,,,,,,商贸零售,贸易Ⅱ,贸易Ⅲ,1.71,1.71,1.71
sh600145,*ST新亿,2020-07-14,1.62,1.62,1.62,1.62,1.71,235600.0,381672.0,2415582615.6,2415582615.6,-71969119.02,2741287.0,627341241.9499998,1158577007.11,531235765.16,-1848327.67,9.56,28.83,0.0,0.0,28.61,9.34,0.0,0.0,,,,,,,商贸零售,贸易Ⅱ,贸易Ⅲ,1.62,1.62,1.62
sh600145,*ST新亿,2020-07-15,1.54,1.54,1.54,1.54,1.62,153600.0,236544.0,2296294585.2,2296294585.2,-71969119.02,2741287.0,627341241.9499998,1158577007.11,531235765.16,-1848327.67,0.0,0.0,0.0,0.0,3.4,3.4,0.0,0.0,,,,,,,商贸零售,贸易Ⅱ,贸易Ⅲ,1.54,1.54,1.54
sh600145,*ST新亿,2020-07-16,1.46,1.46,1.46,1.46,1.54,143200.0,209072.0,2177006554.8,2177006554.8,-71969119.02,2741287.0,627341241.9499998,1158577007.11,531235765.16,-1848327.67,,,,,,,,,,,,,,,商贸零售,贸易Ⅱ,贸易Ⅲ,1.46,1.46,1.46
sh600145,*ST新亿,2020-07-17,1.39,1.39,1.39,1.39,1.46,868300.0,1206937.0,2072629528.2,2072629528.2,-71969119.02,2741287.0,627341241.9499998,1158577007.11,531235765.16,-1848327.67,64.26,33.7,0.0,72.06,56.43,14.93,0.0,0.0,,,,,,,商贸零售,贸易Ⅱ,贸易Ⅲ,1.39,1.39,1.39
sh600145,*ST新亿,2020-07-20,1.32,1.32,1.32,1.32,1.39,214600.0,283272.0,1968252501.6,1968252501.6,-71969119.02,2741287.0,627341241.9499998,1158577007.11,531235765.16,-1848327.67,0.0,20.52,0.0,0.0,28.33,7.81,0.0,0.0,,,,,,,商贸零售,贸易Ⅱ,贸易Ⅲ,1.32,1.32,1.32
sh600145,*ST新亿,2020-07-21,1.25,1.25,1.25,1.25,1.32,293500.0,366875.0,1863875475.0,1863875475.0,-71969119.02,2741287.0,627341241.9499998,1158577007.11,531235765.16,-1848327.67,10.09,0.0,0.0,26.85,18.87,2.11,0.0,0.0,,,,,,,商贸零售,贸易Ⅱ,贸易Ⅲ,1.25,1.25,1.25
sh600145,*ST新亿,2020-07-22,1.19,1.31,1.19,1.31,1.25,98286985.0,120889676.0,1953341497.8,1953341497.8,-71969119.02,2741287.0,627341241.9499998,1158577007.11,531235765.16,-1848327.67,4331.92,4206.79,3273.79,3310.31,4483.01,4123.48,0.0,448.14,,,,,,,商贸零售,贸易Ⅱ,贸易Ⅲ,1.19,1.19,1.2
sh600145,*ST新亿,2020-07-23,1.24,1.38,1.24,1.38,1.31,57485942.0,74762332.0,2057718524.4,2057718524.4,-71969119.02,2741287.0,627341241.9499998,1158577007.11,531235765.16,-1848327.67,2803.16,2855.29,2311.5,2006.77,2361.5,2488.09,0.0,126.0,,,,,,,商贸零售,贸易Ⅱ,贸易Ⅲ,1.26,1.27,1.28
sh600145,*ST新亿,2020-07-24,1.45,1.45,1.45,1.45,1.38,3735089.0,5415879.0,2162095551.0,2162095551.0,-71969119.02,2741287.0,627341241.9499998,1158577007.11,531235765.16,-1848327.67,210.83,209.76,179.33,110.77,151.42,221.06,0.0,0.0,,,,,,,商贸零售,贸易Ⅱ,贸易Ⅲ,1.45,1.45,1.45
sh600145,*ST新亿,2020-07-27,1.52,1.52,1.52,1.52,1.45,960339.0,1459715.0,2266472577.6,2266472577.6,-71969119.02,2741287.0,627341241.9499998,1158577007.11,531235765.16,-1848327.67,50.75,70.07,84.38,0.0,10.84,75.9,0.0,0.0,,,,,,,商贸零售,贸易Ⅱ,贸易Ⅲ,1.52,1.52,1.52
sh600145,*ST新亿,2020-07-28,1.6,1.6,1.45,1.48,1.52,67537885.0,103455415.0,2206828562.4,2206828562.4,-71969119.02,2741287.0,627341241.9499998,1158577007.11,531235765.16,-1848327.67,4067.57,4357.32,2542.75,2782.46,3735.11,3103.06,0.0,102.58,,,,,,,商贸零售,贸易Ⅱ,贸易Ⅲ,1.6,1.6,1.6
sh600145,*ST新亿,2020-07-29,1.48,1.55,1.48,1.55,1.48,44431558.0,68168303.0,2311205589.0,2311205589.0,-71969119.02,2741287.0,627341241.9499998,1158577007.11,531235765.16,-1848327.67,2511.49,2895.36,2511.76,1497.38,1793.52,2220.99,0.0,203.05,,,,,,,商贸零售,贸易Ⅱ,贸易Ⅲ,1.55,1.55,1.55
sh600145,*ST新亿,2020-07-30,1.55,1.55,1.47,1.47,1.55,43911470.0,65641840.0,2191917558.6,2191917558.6,-71969119.02,2741287.0,627341241.9499998,1158577007.11,531235765.16,-1848327.67,2510.76,2321.85,1008.77,2585.54,3044.58,1656.72,0.0,0.0,,,,,,,商贸零售,贸易Ⅱ,贸易Ⅲ,1.51,1.52,1.52
sh600145,*ST新亿,2020-07-31,1.46,1.48,1.4,1.42,1.47,28809711.0,41091006.0,2117362539.6,2117362539.6,-71969119.02,2741287.0,627341241.9499998,1158577007.11,531235765.16,-1848327.67,1838.65,1469.99,657.46,1112.46,1612.93,1526.59,0.0,0.0,,,,,,,商贸零售,贸易Ⅱ,贸易Ⅲ,1.42,1.44,1.44
sh600145,*ST新亿,2020-08-03,1.41,1.49,1.35,1.47,1.42,32050584.0,45611096.0,2191917558.6,2191917558.6,-71969119.02,2741287.0,627341241.9499998,1158577007.11,531235765.16,-1848327.67,1900.81,1805.52,1058.13,1060.4,1602.11,1695.14,0.0,0.0,,,,,,,商贸零售,贸易Ⅱ,贸易Ⅲ,1.4,1.38,1.36
sh600145,*ST新亿,2020-08-04,1.47,1.54,1.41,1.54,1.47,32908335.0,49779524.0,2296294585.2,2296294585.2,-71969119.02,2741287.0,627341241.9499998,1158577007.11,531235765.16,-1848327.67,2060.89,2046.96,1548.96,1083.46,1368.06,1719.26,0.0,128.24,,,,,,,商贸零售,贸易Ⅱ,贸易Ⅲ,1.42,1.43,1.45
sh600145,*ST新亿,2020-08-05,1.52,1.59,1.5,1.52,1.54,27422857.0,42130897.0,2266472577.6,2266472577.6,-71969119.02,2741287.0,627341241.9499998,1158577007.11,531235765.16,-1848327.67,1802.1,1758.46,502.9,1260.25,1690.07,976.34,0.0,0.0,,,,,,,商贸零售,贸易Ⅱ,贸易Ⅲ,1.55,1.55,1.52
sh600145,*ST新亿,2020-08-06,1.5,1.55,1.46,1.48,1.52,22220823.0,33359223.0,2206828562.4,2206828562.4,-71969119.02,2741287.0,627341241.9499998,1158577007.11,531235765.16,-1848327.67,1482.11,1642.26,512.32,633.55,1269.62,988.25,0.0,0.0,,,,,,,商贸零售,贸易Ⅱ,贸易Ⅲ,1.51,1.53,1.52
sh600145,*ST新亿,2020-08-07,1.47,1.48,1.41,1.42,1.48,25651719.0,36603338.0,2117362539.6,2117362539.6,-71969119.02,2741287.0,627341241.9499998,1158577007.11,531235765.16,-1848327.67,1591.64,1244.76,633.94,1097.51,1434.73,846.39,0.0,471.65,,,,,,,商贸零售,贸易Ⅱ,贸易Ⅲ,1.45,1.44,1.43
sh600145,*ST新亿,2020-08-10,1.42,1.43,1.38,1.41,1.42,14633432.0,20521429.0,2102451535.8,2102451535.8,-71969119.02,2741287.0,627341241.9499998,1158577007.11,531235765.16,-1848327.67,860.14,1026.07,484.9,383.08,707.09,642.98,0.0,0.0,,,,,,,商贸零售,贸易Ⅱ,贸易Ⅲ,1.4,1.4,1.4
sh600145,*ST新亿,2020-08-11,1.39,1.47,1.38,1.41,1.41,15968178.0,22827894.0,2102451535.8,2102451535.8,-71969119.02,2741287.0,627341241.9499998,1158577007.11,531235765.16,-1848327.67,1031.3,945.45,439.36,584.42,812.11,752.91,0.0,0.0,,,,,,,商贸零售,贸易Ⅱ,贸易Ⅲ,1.39,1.4,1.45
sh600145,*ST新亿,2020-08-12,1.4,1.42,1.37,1.39,1.41,11969273.0,16557694.0,2072629528.2,2072629528.2,-71969119.02,2741287.0,627341241.9499998,1158577007.11,531235765.16,-1848327.67,578.35,669.59,215.72,240.84,529.65,413.3,0.0,0.0,,,,,,,商贸零售,贸易Ⅱ,贸易Ⅲ,1.39,1.37,1.38
sh600145,*ST新亿,2020-08-13,1.39,1.43,1.38,1.4,1.39,10359970.0,14603137.0,2087540532.0,2087540532.0,-71969119.02,2741287.0,627341241.9499998,1158577007.11,531235765.16,-1848327.67,601.99,666.2,311.54,293.05,546.77,501.06,0.0,0.0,,,,,,,商贸零售,贸易Ⅱ,贸易Ⅲ,1.39,1.41,1.42
sh600145,*ST新亿,2020-08-14,1.41,1.44,1.39,1.41,1.4,11896477.0,16810357.0,2102451535.8,2102451535.8,-71969119.02,2741287.0,627341241.9499998,1158577007.11,531235765.16,-1848327.67,857.18,679.36,237.94,511.68,585.9,489.99,0.0,0.0,,,,,,,商贸零售,贸易Ⅱ,贸易Ⅲ,1.41,1.41,1.41
sh600145,*ST新亿,2020-08-17,1.4,1.44,1.4,1.42,1.41,13023935.0,18454076.0,2117362539.6,2117362539.6,-71969119.02,2741287.0,627341241.9499998,1158577007.11,531235765.16,-1848327.67,887.15,885.78,278.48,398.12,679.76,561.49,0.0,0.0,,,,,,,商贸零售,贸易Ⅱ,贸易Ⅲ,1.43,1.43,1.42
sh600145,*ST新亿,2020-08-18,1.41,1.46,1.4,1.45,1.42,17255279.0,24661475.0,2162095551.0,2162095551.0,-71969119.02,2741287.0,627341241.9499998,1158577007.11,531235765.16,-1848327.67,988.75,1185.61,651.78,438.83,825.59,841.68,0.0,0.0,,,,,,,商贸零售,贸易Ⅱ,贸易Ⅲ,1.41,1.41,1.42
sh600145,*ST新亿,2020-08-19,1.43,1.52,1.42,1.52,1.45,13963025.0,20710766.0,2266472577.6,2266472577.6,-71969119.02,2741287.0,627341241.9499998,1158577007.11,531235765.16,-1848327.67,843.79,893.93,773.93,428.25,453.34,748.89,0.0,0.0,,,,,,,商贸零售,贸易Ⅱ,贸易Ⅲ,1.44,1.44,1.45
sh600145,*ST新亿,2020-08-20,1.56,1.6,1.55,1.6,1.52,6331989.0,10041255.0,2385760608.0,2385760608.0,-71969119.02,2741287.0,627341241.9499998,1158577007.11,531235765.16,-1848327.67,390.14,375.54,324.4,242.48,221.59,318.12,0.0,0.0,,,,,,,商贸零售,贸易Ⅱ,贸易Ⅲ,1.6,1.6,1.6
sh600145,*ST新亿,2020-08-21,1.62,1.68,1.54,1.58,1.6,33536440.0,53905904.0,2355938600.4,2355938600.4,-71969119.02,2741287.0,627341241.9499998,1158577007.11,531235765.16,-1848327.67,2551.21,2514.64,599.35,1390.18,2240.0,1485.74,0.0,0.0,,,,,,,商贸零售,贸易Ⅱ,贸易Ⅲ,1.66,1.58,1.59
sh600145,*ST新亿,2020-08-24,1.54,1.57,1.5,1.5,1.58,23675902.0,35811629.0,2236650570.0,2236650570.0,-71969119.02,2741287.0,627341241.9499998,1158577007.11,531235765.16,-1848327.67,1641.47,1557.55,441.61,859.58,1465.42,1131.36,0.0,0.0,,,,,,,商贸零售,贸易Ⅱ,贸易Ⅲ,1.56,1.5,1.5
sh600145,*ST新亿,2020-08-25,1.48,1.58,1.48,1.58,1.5,13596647.0,21031535.0,2355938600.4,2355938600.4,-71969119.02,2741287.0,627341241.9499998,1158577007.11,531235765.16,-1848327.67,690.03,948.41,1050.67,367.69,362.44,787.05,0.0,0.0,,,,,,,商贸零售,贸易Ⅱ,贸易Ⅲ,1.52,1.57,1.58
sh600145,*ST新亿,2020-08-26,1.6,1.66,1.58,1.66,1.58,35845657.0,58844778.0,2475226630.8,2475226630.8,-71969119.02,2741287.0,627341241.9499998,1158577007.11,531235765.16,-1848327.67,1968.49,2255.12,2162.19,1742.77,1753.76,1886.54,0.0,0.0,,,,,,,商贸零售,贸易Ⅱ,贸易Ⅲ,1.66,1.66,1.66
sh600145,*ST新亿,2020-08-27,1.66,1.74,1.6,1.74,1.66,24548534.0,41720165.0,2594514661.2,2594514661.2,-71969119.02,2741287.0,627341241.9499998,1158577007.11,531235765.16,-1848327.67,1991.13,1766.05,986.67,1194.5,1194.2,1211.45,0.0,0.0,,,,,,,商贸零售,贸易Ⅱ,贸易Ⅲ,1.66,1.62,1.66
sh600145,*ST新亿,2020-08-28,1.81,1.83,1.77,1.83,1.74,18587015.0,33818921.0,2728713695.4,2728713695.4,18601559.47,-1727367.19,676424590.72,1113416193.97,436991603.25,-1848327.67,1371.61,1130.07,1211.16,1612.13,799.11,639.68,0.0,0.0,,,,,,,商贸零售,贸易Ⅱ,贸易Ⅲ,1.83,1.83,1.83
sh600145,*ST新亿,2020-08-31,1.92,1.92,1.83,1.92,1.83,11638580.0,22302657.0,2862912729.6,2862912729.6,18601559.47,-1727367.19,676424590.72,1113416193.97,436991603.25,-1848327.67,859.0,903.64,675.91,867.07,695.35,459.54,0.0,0.0,,,,,,,商贸零售,贸易Ⅱ,贸易Ⅲ,1.92,1.92,1.92
sh600145,*ST新亿,2020-09-01,1.93,2.02,1.82,1.83,1.92,56784612.0,109499357.0,2728713695.4,2728713695.4,18601559.47,-1727367.19,676424590.72,1113416193.97,436991603.25,-1848327.67,4182.53,4277.16,2533.12,3774.61,4032.23,2682.98,202.0,215.14,,,,,,,商贸零售,贸易Ⅱ,贸易Ⅲ,2.02,2.02,2.02
sh600145,*ST新亿,2020-09-02,1.75,1.87,1.74,1.86,1.83,37911190.0,67443123.0,2773446706.8,2773446706.8,18601559.47,-1727367.19,676424590.72,1113416193.97,436991603.25,-1848327.67,3042.68,2628.21,1342.47,1966.94,2359.12,1898.81,0.0,250.32,,,,,,,商贸零售,贸易Ⅱ,贸易Ⅲ,1.86,1.78,1.81
sh600145,*ST新亿,2020-09-03,1.85,1.95,1.8,1.95,1.86,22847213.0,43638317.0,2907645741.0000005,2907645741.0000005,18601559.47,-1727367.19,676424590.72,1113416193.97,436991603.25,-1848327.67,1011.03,1327.82,1418.39,703.11,862.46,1260.94,0.0,0.0,,,,,,,商贸零售,贸易Ⅱ,贸易Ⅲ,1.93,1.92,1.89
sh600145,*ST新亿,2020-09-04,2.05,2.05,1.97,2.05,1.95,40818410.0,83181402.0,3056755778.9999995,3056755778.9999995,18601559.47,-1727367.19,676424590.72,1113416193.97,436991603.25,-1848327.67,3027.99,2691.13,2566.8,3431.02,2406.62,1939.01,306.62,246.88,,,,,,,商贸零售,贸易Ⅱ,贸易Ⅲ,2.05,2.04,2.05
sh600145,*ST新亿,2020-09-07,1.95,1.95,1.95,1.95,2.05,6015900.0,11731005.0,2907645741.0000005,2907645741.0000005,18601559.47,-1727367.19,676424590.72,1113416193.97,436991603.25,-1848327.67,440.56,443.83,128.45,576.45,604.09,152.82,0.0,0.0,,,,,,,商贸零售,贸易Ⅱ,贸易Ⅲ,1.95,1.95,1.95
sh600145,*ST新亿,2020-09-08,1.85,1.85,1.85,1.85,1.95,2406100.0,4451285.0,2758535703.0,2758535703.0,18601559.47,-1727367.19,676424590.72,1113416193.97,436991603.25,-1848327.67,75.55,82.85,192.68,341.65,176.9,20.63,0.0,0.0,,,,,,,商贸零售,贸易Ⅱ,贸易Ⅲ,1.85,1.85,1.85
sh600145,*ST新亿,2020-09-09,1.76,1.94,1.76,1.94,1.85,35056212.0,64957230.0,2892734737.2000003,2892734737.2000003,18601559.47,-1727367.19,676424590.72,1113416193.97,436991603.25,-1848327.67,2205.41,2253.52,2727.75,1974.95,1562.53,1942.57,0.0,324.65,,,,,,,商贸零售,贸易Ⅱ,贸易Ⅲ,1.76,1.76,1.76
sh600145,*ST新亿,2020-09-10,1.87,1.94,1.84,1.84,1.94,25104510.0,46846912.0,2743624699.2,2743624699.2,18601559.47,-1727367.19,676424590.72,1113416193.97,436991603.25,-1848327.67,1820.71,1628.07,962.35,1738.98,1901.61,1317.62,0.0,0.0,,,,,,,商贸零售,贸易Ⅱ,贸易Ⅲ,1.93,1.86,1.89
sh600145,*ST新亿,2020-09-11,1.78,1.91,1.75,1.87,1.84,18695679.0,33874240.0,2788357710.6,2788357710.6,18601559.47,-1727367.19,676424590.72,1113416193.97,436991603.25,-1848327.67,1502.11,1703.44,473.6,395.96,1411.69,1288.0,0.0,0.0,,,,,,,商贸零售,贸易Ⅱ,贸易Ⅲ,1.77,1.75,1.75
sh600145,*ST新亿,2020-09-14,1.89,1.91,1.78,1.8,1.87,15959454.0,29037777.0,2683980684.0,2683980684.0,18601559.47,-1727367.19,676424590.72,1113416193.97,436991603.25,-1848327.67,978.5,1335.9,458.92,795.01,1466.34,772.86,0.0,0.0,,,,,,,商贸零售,贸易Ⅱ,贸易Ⅲ,1.9,1.82,1.83
sh600145,*ST新亿,2020-09-15,1.79,1.81,1.72,1.76,1.8,10871708.0,18989602.0,2624336668.8,2624336668.8,18601559.47,-1727367.19,676424590.72,1113416193.97,436991603.25,-1848327.67,790.64,804.68,225.95,366.89,882.35,727.37,0.0,0.0,,,,,,,商贸零售,贸易Ⅱ,贸易Ⅲ,1.77,1.74,1.74
sh600145,*ST新亿,2020-09-16,1.76,1.77,1.7,1.73,1.76,8607678.0,14957130.0,2579603657.4,2579603657.4,18601559.47,-1727367.19,676424590.72,1113416193.97,436991603.25,-1848327.67,621.18,659.69,183.78,209.37,664.7,600.59,0.0,0.0,,,,,,,商贸零售,贸易Ⅱ,贸易Ⅲ,1.72,1.73,1.72
sh600145,*ST新亿,2020-09-17,1.73,1.82,1.72,1.82,1.73,9491453.0,16971923.0,2713802691.6000004,2713802691.6000004,18601559.47,-1727367.19,676424590.72,1113416193.97,436991603.25,-1848327.67,522.6,765.95,797.13,151.27,377.45,779.97,0.0,0.0,,,,,,,商贸零售,贸易Ⅱ,贸易Ⅲ,1.73,1.74,1.75
sh600145,*ST新亿,2020-09-18,1.88,1.91,1.82,1.83,1.82,16857614.0,31564056.0,2728713695.4,2728713695.4,18601559.47,-1727367.19,676424590.72,1113416193.97,436991603.25,-1848327.67,1524.81,1582.43,438.87,481.97,1192.71,1091.99,0.0,0.0,,,,,,,商贸零售,贸易Ⅱ,贸易Ⅲ,1.89,1.85,1.86
sh600145,*ST新亿,2020-09-21,1.92,1.92,1.85,1.88,1.83,11109581.0,21017791.0,2803268714.4,2803268714.4,18601559.47,-1727367.19,676424590.72,1113416193.97,436991603.25,-1848327.67,808.49,1080.33,589.0,196.68,704.28,824.76,0.0,0.0,,,,,,,商贸零售,贸易Ⅱ,贸易Ⅲ,1.9,1.86,1.86
sh600145,*ST新亿,2020-09-22,1.84,1.86,1.79,1.8,1.88,9921397.0,17976478.0,2683980684.0,2683980684.0,18601559.47,-1727367.19,676424590.72,1113416193.97,436991603.25,-1848327.67,734.56,753.51,233.53,529.03,829.55,515.1,0.0,0.0,,,,,,,商贸零售,贸易Ⅱ,贸易Ⅲ,1.81,1.82,1.81
sh600145,*ST新亿,2020-09-23,1.8,1.85,1.75,1.81,1.8,6455444.0,11611778.0,2698891687.8,2698891687.8,18601559.47,-1727367.19,676424590.72,1113416193.97,436991603.25,-1848327.67,541.87,512.29,174.03,252.49,445.27,396.39,0.0,0.0,,,,,,,商贸零售,贸易Ⅱ,贸易Ⅲ,1.83,1.82,1.84
sh600145,*ST新亿,2020-09-24,1.8,1.82,1.72,1.72,1.81,7338490.0,12877729.0,2564692653.6,2564692653.6,18601559.47,-1727367.19,676424590.72,1113416193.97,436991603.25,-1848327.67,620.84,426.41,0.0,437.06,666.92,424.29,0.0,0.0,,,,,,,商贸零售,贸易Ⅱ,贸易Ⅲ,1.78,1.82,1.8
sh600145,*ST新亿,2020-09-25,1.72,1.76,1.67,1.7,1.72,7989161.0,13686870.0,2534870646.0,2534870646.0,18601559.47,-1727367.19,676424590.72,1113416193.97,436991603.25,-1848327.67,604.43,628.17,222.53,184.83,541.72,387.55,0.0,168.14,,,,,,,商贸零售,贸易Ⅱ,贸易Ⅲ,1.71,1.71,1.74
sh600145,*ST新亿,2020-09-28,1.71,1.73,1.62,1.62,1.7,11694670.0,19070825.0,2415582615.6,2415582615.6,18601559.47,-1727367.19,676424590.72,1113416193.97,436991603.25,-1848327.67,869.93,475.99,192.33,983.51,844.81,285.12,0.0,162.45,,,,,,,商贸零售,贸易Ⅱ,贸易Ⅲ,1.68,1.66,1.63
sh600145,*ST新亿,2020-09-29,1.57,1.59,1.54,1.54,1.62,16204371.0,25095426.0,2296294585.2,2296294585.2,18601559.47,-1727367.19,676424590.72,1113416193.97,436991603.25,-1848327.67,891.39,1053.81,736.73,970.25,881.41,485.47,0.0,0.0,,,,,,,商贸零售,贸易Ⅱ,贸易Ⅲ,1.55,1.56,1.57
sh600145,*ST新亿,2020-09-30,1.54,1.57,1.52,1.54,1.54,6747119.0,10412482.0,2296294585.2,2296294585.2,18601559.47,-1727367.19,676424590.72,1113416193.97,436991603.25,-1848327.67,438.53,462.1,182.94,273.18,419.77,305.97,0.0,0.0,,,,,,,商贸零售,贸易Ⅱ,贸易Ⅲ,1.55,1.53,1.55
sh600145,*ST新亿,2020-10-09,1.58,1.62,1.55,1.62,1.54,9082329.0,14585357.0,2415582615.6,2415582615.6,18601559.47,-1727367.19,676424590.72,1113416193.97,436991603.25,-1848327.67,624.04,563.66,541.65,445.11,292.84,449.76,0.0,0.0,,,,,,,商贸零售,贸易Ⅱ,贸易Ⅲ,1.56,1.57,1.57
sh600145,*ST新亿,2020-10-12,1.62,1.66,1.6,1.63,1.62,10484919.0,17072870.0,2430493619.4,2430493619.4,18601559.47,-1727367.19,676424590.72,1113416193.97,436991603.25,-1848327.67,615.29,584.61,201.73,318.43,422.82,336.8,0.0,0.0,,,,,,,商贸零售,贸易Ⅱ,贸易Ⅲ,1.61,1.65,1.63
sh600145,*ST新亿,2020-10-13,1.62,1.63,1.6,1.63,1.63,4562336.0,7379513.0,2430493619.4,2430493619.4,18601559.47,-1727367.19,676424590.72,1113416193.97,436991603.25,-1848327.67,287.57,356.29,189.55,105.17,260.83,276.49,0.0,0.0,,,,,,,商贸零售,贸易Ⅱ,贸易Ⅲ,1.62,1.62,1.61
sh600145,*ST新亿,2020-10-14,1.62,1.63,1.59,1.6,1.63,4378560.0,7021552.0,2385760608.0,2385760608.0,18601559.47,-1727367.19,676424590.72,1113416193.97,436991603.25,-1848327.67,358.16,342.95,27.68,117.67,311.0,236.22,0.0,0.0,,,,,,,商贸零售,贸易Ⅱ,贸易Ⅲ,1.62,1.61,1.61
sh600145,*ST新亿,2020-10-15,1.6,1.63,1.59,1.6,1.6,4751244.0,7637864.0,2385760608.0,2385760608.0,18601559.47,-1727367.19,676424590.72,1113416193.97,436991603.25,-1848327.67,380.38,316.78,110.28,114.35,273.12,332.65,0.0,0.0,,,,,,,商贸零售,贸易Ⅱ,贸易Ⅲ,1.6,1.63,1.61
sh600145,*ST新亿,2020-10-16,1.6,1.61,1.53,1.56,1.6,5296580.0,8276372.0,2326116592.8,2326116592.8,18601559.47,-1727367.19,676424590.72,1113416193.97,436991603.25,-1848327.67,401.3,500.64,23.25,81.26,403.08,245.73,0.0,0.0,,,,,,,商贸零售,贸易Ⅱ,贸易Ⅲ,1.59,1.6,1.59
sh600145,*ST新亿,2020-10-19,1.56,1.63,1.55,1.59,1.56,4140259.0,6590829.0,2370849604.2,2370849604.2,18601559.47,-1727367.19,676424590.72,1113416193.97,436991603.25,-1848327.67,299.53,320.77,56.53,20.43,303.02,317.88,0.0,0.0,,,,,,,商贸零售,贸易Ⅱ,贸易Ⅲ,1.59,1.6,1.61
sh600145,*ST新亿,2020-10-20,1.59,1.59,1.55,1.57,1.59,3236461.0,5083534.0,2341027596.6,2341027596.6,18601559.47,-1727367.19,676424590.72,1113416193.97,436991603.25,-1848327.67,249.12,245.81,21.5,71.04,237.73,191.49,0.0,0.0,,,,,,,商贸零售,贸易Ⅱ,贸易Ⅲ,1.58,1.56,1.57
sh600145,*ST新亿,2020-10-21,1.57,1.57,1.5,1.53,1.57,5181086.0,7943930.0,2281383581.4,2281383581.4,18601559.47,-1727367.19,676424590.72,1113416193.97,436991603.25,-1848327.67,306.1,445.88,57.38,109.84,430.9,238.67,0.0,0.0,,,,,,,商贸零售,贸易Ⅱ,贸易Ⅲ,1.56,1.56,1.56
sh600145,*ST新亿,2020-10-22,1.52,1.57,1.51,1.53,1.53,3249443.0,4983571.0,2281383581.4,2281383581.4,18601559.47,-1727367.19,676424590.72,1113416193.97,436991603.25,-1848327.67,253.52,219.93,24.15,22.28,220.68,256.15,0.0,0.0,,,,,,,商贸零售,贸易Ⅱ,贸易Ⅲ,1.52,1.51,1.52
sh600145,*ST新亿,2020-10-23,1.55,1.61,1.54,1.61,1.53,5135746.0,8186839.0,2400671611.8,2400671611.8,18601559.47,-1727367.19,676424590.72,1113416193.97,436991603.25,-1848327.67,223.99,328.74,331.96,47.99,136.0,315.22,0.0,0.0,,,,,,,商贸零售,贸易Ⅱ,贸易Ⅲ,1.56,1.59,1.61
sh600145,*ST新亿,2020-10-26,1.64,1.65,1.57,1.6,1.61,7954810.0,12854350.0,2385760608.0,2385760608.0,18601559.47,-1727367.19,676424590.72,1113416193.97,436991603.25,-1848327.67,648.92,657.65,155.62,262.22,454.52,339.18,0.0,0.0,,,,,,,商贸零售,贸易Ⅱ,贸易Ⅲ,1.61,1.59,1.6
sh600145,*ST新亿,2020-10-27,1.56,1.6,1.56,1.59,1.6,4069466.0,6433738.0,2370849604.2,2370849604.2,18601559.47,-1727367.19,676424590.72,1113416193.97,436991603.25,-1848327.67,250.83,320.54,74.16,55.48,255.99,204.97,0.0,0.0,,,,,,,商贸零售,贸易Ⅱ,贸易Ⅲ,1.58,1.59,1.59
sh600145,*ST新亿,2020-10-28,1.6,1.67,1.59,1.67,1.59,5242106.0,8672712.0,2490137634.6,2490137634.6,18601559.47,-1727367.19,676424590.72,1113416193.97,436991603.25,-1848327.67,264.6,358.85,320.68,112.74,225.17,338.85,0.0,0.0,,,,,,,商贸零售,贸易Ⅱ,贸易Ⅲ,1.62,1.63,1.67
sh600145,*ST新亿,2020-10-29,1.66,1.75,1.64,1.7,1.67,13229098.0,22693604.0,2534870646.0,2534870646.0,18601559.47,-1727367.19,676424590.72,1113416193.97,436991603.25,-1848327.67,954.21,950.83,438.35,579.96,876.78,738.55,0.0,0.0,,,,,,,商贸零售,贸易Ⅱ,贸易Ⅲ,1.7,1.74,1.73
sh600145,*ST新亿,2020-10-30,1.68,1.69,1.62,1.65,1.7,8045357.0,13244182.0,2460315627.0,2460315627.0,18601559.47,-1727367.19,676424590.72,1113416193.97,436991603.25,-1848327.67,553.28,626.16,139.47,195.49,631.66,502.75,0.0,0.0,,,,,,,商贸零售,贸易Ⅱ,贸易Ⅲ,1.65,1.64,1.64
sh600145,*ST新亿,2020-11-02,1.64,1.66,1.58,1.61,1.65,7638280.0,12296902.0,2400671611.8,2400671611.8,17887701.61,-5853456.11,673902083.1100001,1109427514.4,435525431.29,-2562185.5300000003,584.13,628.36,162.84,202.66,482.71,398.66,0.0,0.0,,,,,,,商贸零售,贸易Ⅱ,贸易Ⅲ,1.63,1.65,1.64
sh600145,*ST新亿,2020-11-03,1.6,1.62,1.58,1.61,1.61,5341766.0,8563863.0,2400671611.8,2400671611.8,17887701.61,-5853456.11,673902083.1100001,1109427514.4,435525431.29,-2562185.5300000003,389.14,450.65,137.75,65.01,329.49,340.72,0.0,0.0,,,,,,,商贸零售,贸易Ⅱ,贸易Ⅲ,1.59,1.6,1.6
sh600145,*ST新亿,2020-11-04,1.62,1.69,1.6,1.69,1.61,9467734.0,15682864.0,2519959642.2,2519959642.2,17887701.61,-5853456.11,673902083.1100001,1109427514.4,435525431.29,-2562185.5300000003,619.82,521.18,473.76,134.08,335.64,604.95,0.0,169.0,,,,,,,商贸零售,贸易Ⅱ,贸易Ⅲ,1.61,1.62,1.61
sh600145,*ST新亿,2020-11-05,1.67,1.71,1.65,1.67,1.69,6979255.0,11727513.0,2490137634.6,2490137634.6,17887701.61,-5853456.11,673902083.1100001,1109427514.4,435525431.29,-2562185.5300000003,569.87,603.43,203.99,266.26,398.89,303.06,0.0,0.0,,,,,,,商贸零售,贸易Ⅱ,贸易Ⅲ,1.68,1.69,1.69
sh600145,*ST新亿,2020-11-06,1.68,1.74,1.67,1.69,1.67,7671354.0,13114859.0,2519959642.2,2519959642.2,17887701.61,-5853456.11,673902083.1100001,1109427514.4,435525431.29,-2562185.5300000003,600.27,555.28,242.43,290.89,468.79,465.32,0.0,0.0,,,,,,,商贸零售,贸易Ⅱ,贸易Ⅲ,1.68,1.71,1.72
sh600145,*ST新亿,2020-11-09,1.71,1.72,1.67,1.69,1.69,5493990.0,9283632.0,2519959642.2,2519959642.2,17887701.61,-5853456.11,673902083.1100001,1109427514.4,435525431.29,-2562185.5300000003,421.07,451.93,93.28,202.75,414.01,273.67,0.0,0.0,,,,,,,商贸零售,贸易Ⅱ,贸易Ⅲ,1.71,1.68,1.69
sh600145,*ST新亿,2020-11-10,1.66,1.66,1.61,1.61,1.69,8526770.0,13888664.0,2400671611.8,2400671611.8,17887701.61,-5853456.11,673902083.1100001,1109427514.4,435525431.29,-2562185.5300000003,625.52,611.52,150.73,460.78,612.6,316.55,0.0,0.0,,,,,,,商贸零售,贸易Ⅱ,贸易Ⅲ,1.63,1.64,1.65
sh600145,*ST新亿,2020-11-11,1.6,1.64,1.56,1.62,1.61,5123025.0,8245373.0,2415582615.6,2415582615.6,17887701.61,-5853456.11,673902083.1100001,1109427514.4,435525431.29,-2562185.5300000003,415.94,439.67,94.06,116.55,314.53,268.31,0.0,0.0,,,,,,,商贸零售,贸易Ⅱ,贸易Ⅲ,1.61,1.61,1.6
sh600145,*ST新亿,2020-11-12,1.62,1.65,1.61,1.63,1.62,3491270.0,5670825.0,2430493619.4,2430493619.4,17887701.61,-5853456.11,673902083.1100001,1109427514.4,435525431.29,-2562185.5300000003,257.8,318.3,54.6,29.54,254.68,219.23,0.0,0.0,,,,,,,商贸零售,贸易Ⅱ,贸易Ⅲ,1.62,1.62,1.61
sh600145,*ST新亿,2020-11-13,1.63,1.69,1.6,1.66,1.63,6227650.0,10293067.0,2475226630.8,2475226630.8,17887701.61,-5853456.11,673902083.1100001,1109427514.4,435525431.29,-2562185.5300000003,389.77,443.97,369.76,174.61,269.78,410.71,0.0,0.0,,,,,,,商贸零售,贸易Ⅱ,贸易Ⅲ,1.63,1.61,1.61
sh600145,*ST新亿,2020-11-16,1.71,1.73,1.66,1.67,1.66,4918505.0,8290024.0,2490137634.6,2490137634.6,17887701.61,-5853456.11,673902083.1100001,1109427514.4,435525431.29,-2562185.5300000003,368.41,448.06,89.34,119.19,371.25,261.75,0.0,0.0,,,,,,,商贸零售,贸易Ⅱ,贸易Ⅲ,1.7,1.7,1.69
sh600145,*ST新亿,2020-11-17,1.65,1.66,1.59,1.62,1.67,7698372.0,12370130.0,2415582615.6,2415582615.6,17887701.61,-5853456.11,673902083.1100001,1109427514.4,435525431.29,-2562185.5300000003,462.66,382.3,104.8,555.82,669.55,210.35,0.0,88.54,,,,,,,商贸零售,贸易Ⅱ,贸易Ⅲ,1.64,1.6,1.61
sh600145,*ST新亿,2020-11-18,1.61,1.65,1.6,1.62,1.62,3509671.0,5695080.0,2415582615.6,2415582615.6,17887701.61,-5853456.11,673902083.1100001,1109427514.4,435525431.29,-2562185.5300000003,244.44,308.1,87.92,0.0,237.14,261.4,0.0,0.0,,,,,,,商贸零售,贸易Ⅱ,贸易Ⅲ,1.6,1.62,1.63
sh600145,*ST新亿,2020-11-19,1.61,1.63,1.6,1.62,1.62,3496971.0,5648009.0,2415582615.6,2415582615.6,17887701.61,-5853456.11,673902083.1100001,1109427514.4,435525431.29,-2562185.5300000003,305.7,261.88,63.01,120.04,196.09,182.88,0.0,0.0,,,,,,,商贸零售,贸易Ⅱ,贸易Ⅲ,1.62,1.63,1.62
sh600145,*ST新亿,2020-11-20,1.62,1.63,1.61,1.62,1.62,3406722.0,5509622.0,2415582615.6,2415582615.6,17887701.61,-5853456.11,673902083.1100001,1109427514.4,435525431.29,-2562185.5300000003,285.49,278.25,40.81,133.34,224.65,139.36,0.0,0.0,,,,,,,商贸零售,贸易Ⅱ,贸易Ⅲ,1.62,1.62,1.63
sh600145,*ST新亿,2020-11-23,1.61,1.64,1.61,1.63,1.62,5031853.0,8175874.0,2430493619.4,2430493619.4,17887701.61,-5853456.11,673902083.1100001,1109427514.4,435525431.29,-2562185.5300000003,447.48,299.47,121.53,256.23,248.56,261.87,0.0,0.0,,,,,,,商贸零售,贸易Ⅱ,贸易Ⅲ,1.62,1.62,1.63
sh600145,*ST新亿,2020-11-24,1.63,1.66,1.62,1.63,1.63,4515730.0,7361072.0,2430493619.4,2430493619.4,17887701.61,-5853456.11,673902083.1100001,1109427514.4,435525431.29,-2562185.5300000003,334.12,284.8,101.11,152.38,180.85,178.91,0.0,0.0,,,,,,,商贸零售,贸易Ⅱ,贸易Ⅲ,1.64,1.63,1.64
sh600145,*ST新亿,2020-11-25,1.62,1.64,1.58,1.59,1.63,4402110.0,7060002.0,2370849604.2,2370849604.2,17887701.61,-5853456.11,673902083.1100001,1109427514.4,435525431.29,-2562185.5300000003,219.48,297.26,83.72,227.29,402.8,181.44,0.0,0.0,,,,,,,商贸零售,贸易Ⅱ,贸易Ⅲ,1.63,1.62,1.61
sh600145,*ST新亿,2020-11-26,1.6,1.6,1.55,1.57,1.59,4146441.0,6498050.0,2341027596.6,2341027596.6,17887701.61,-5853456.11,673902083.1100001,1109427514.4,435525431.29,-2562185.5300000003,309.25,276.78,20.31,186.1,320.23,186.91,0.0,0.0,,,,,,,商贸零售,贸易Ⅱ,贸易Ⅲ,1.58,1.58,1.58
sh600145,*ST新亿,2020-11-27,1.57,1.59,1.55,1.58,1.57,3727136.0,5858219.0,2355938600.4,2355938600.4,17887701.61,-5853456.11,673902083.1100001,1109427514.4,435525431.29,-2562185.5300000003,298.99,324.49,84.67,73.24,202.16,188.09,0.0,0.0,,,,,,,商贸零售,贸易Ⅱ,贸易Ⅲ,1.56,1.58,1.57
sh600145,*ST新亿,2020-11-30,1.59,1.61,1.57,1.58,1.58,4620760.0,7342609.0,2355938600.4,2355938600.4,17887701.61,-5853456.11,673902083.1100001,1109427514.4,435525431.29,-2562185.5300000003,294.3,399.39,177.41,96.12,262.54,238.75,0.0,0.0,,,,,,,商贸零售,贸易Ⅱ,贸易Ⅲ,1.58,1.59,1.59
sh600145,*ST新亿,2020-12-01,1.58,1.59,1.55,1.56,1.58,5798960.0,9085582.0,2326116592.8,2326116592.8,17887701.61,-5853456.11,673902083.1100001,1109427514.4,435525431.29,-2562185.5300000003,435.65,227.14,63.32,440.53,409.59,240.88,0.0,0.0,,,,,,,商贸零售,贸易Ⅱ,贸易Ⅲ,1.57,1.57,1.57
sh600145,*ST新亿,2020-12-02,1.56,1.62,1.55,1.59,1.56,5487476.0,8685504.0,2370849604.2,2370849604.2,17887701.61,-5853456.11,673902083.1100001,1109427514.4,435525431.29,-2562185.5300000003,240.62,466.3,318.49,0.0,309.43,402.25,0.0,0.0,,,,,,,商贸零售,贸易Ⅱ,贸易Ⅲ,1.56,1.57,1.56
sh600145,*ST新亿,2020-12-03,1.58,1.6,1.56,1.58,1.59,3794450.0,5980589.0,2355938600.4,2355938600.4,17887701.61,-5853456.11,673902083.1100001,1109427514.4,435525431.29,-2562185.5300000003,293.39,292.26,45.08,97.31,259.58,208.49,0.0,0.0,,,,,,,商贸零售,贸易Ⅱ,贸易Ⅲ,1.59,1.57,1.57
sh600145,*ST新亿,2020-12-04,1.58,1.59,1.56,1.57,1.58,2948540.0,4641107.0,2341027596.6,2341027596.6,17887701.61,-5853456.11,673902083.1100001,1109427514.4,435525431.29,-2562185.5300000003,169.23,249.01,52.66,31.22,242.22,183.88,0.0,0.0,,,,,,,商贸零售,贸易Ⅱ,贸易Ⅲ,1.57,1.57,1.56
sh600145,*ST新亿,2020-12-07,1.57,1.57,1.54,1.54,1.57,4492450.0,6978763.0,2296294585.2,2296294585.2,17887701.61,-5853456.11,673902083.1100001,1109427514.4,435525431.29,-2562185.5300000003,253.14,381.2,112.57,157.67,332.16,159.0,0.0,0.0,,,,,,,商贸零售,贸易Ⅱ,贸易Ⅲ,1.55,1.56,1.56
sh600145,*ST新亿,2020-12-08,1.54,1.58,1.53,1.56,1.54,4419490.0,6879134.0,2326116592.8,2326116592.8,17887701.61,-5853456.11,673902083.1100001,1109427514.4,435525431.29,-2562185.5300000003,254.38,367.47,195.58,115.07,221.23,188.66,0.0,0.0,,,,,,,商贸零售,贸易Ⅱ,贸易Ⅲ,1.54,1.56,1.56
sh600145,*ST新亿,2020-12-09,1.57,1.57,1.52,1.53,1.56,3583680.0,5542148.0,2281383581.4,2281383581.4,17887701.61,-5853456.11,673902083.1100001,1109427514.4,435525431.29,-2562185.5300000003,252.2,286.17,77.75,90.82,224.27,177.23,0.0,0.0,,,,,,,商贸零售,贸易Ⅱ,贸易Ⅲ,1.56,1.54,1.56
sh600145,*ST新亿,2020-12-10,1.53,1.56,1.52,1.55,1.53,2702520.0,4164726.0,2311205589.0,2311205589.0,17887701.61,-5853456.11,673902083.1100001,1109427514.4,435525431.29,-2562185.5300000003,198.68,193.26,43.6,0.0,137.22,186.25,0.0,0.0,,,,,,,商贸零售,贸易Ⅱ,贸易Ⅲ,1.52,1.54,1.55
sh600145,*ST新亿,2020-12-11,1.54,1.54,1.47,1.48,1.55,7610070.0,11369741.0,2206828562.4,2206828562.4,17887701.61,-5853456.11,673902083.1100001,1109427514.4,435525431.29,-2562185.5300000003,332.12,452.61,359.06,414.0,445.79,270.37,0.0,0.0,,,,,,,商贸零售,贸易Ⅱ,贸易Ⅲ,1.53,1.54,1.53
sh600145,*ST新亿,2020-12-14,1.46,1.48,1.41,1.45,1.48,7104490.0,10214484.0,2162095551.0,2162095551.0,17887701.61,-5853456.11,673902083.1100001,1109427514.4,435525431.29,-2562185.5300000003,469.3,341.68,191.61,334.2,271.87,256.89,0.0,0.0,,,,,,,商贸零售,贸易Ⅱ,贸易Ⅲ,1.46,1.46,1.46
sh600145,*ST新亿,2020-12-15,1.43,1.44,1.38,1.38,1.45,7649411.0,10653337.0,2057718524.4,2057718524.4,17887701.61,-5853456.11,673902083.1100001,1109427514.4,435525431.29,-2562185.5300000003,408.06,450.0,128.89,224.16,483.27,346.07,0.0,0.0,,,,,,,商贸零售,贸易Ⅱ,贸易Ⅲ,1.42,1.39,1.39
sh600145,*ST新亿,2020-12-16,1.32,1.39,1.31,1.31,1.38,7760260.0,10256965.0,1953341497.8,1953341497.8,17887701.61,-5853456.11,673902083.1100001,1109427514.4,435525431.29,-2562185.5300000003,354.13,273.83,174.92,328.56,496.65,291.69,0.0,131.62,,,,,,,商贸零售,贸易Ⅱ,贸易Ⅲ,1.35,1.35,1.33
sh600145,*ST新亿,2020-12-17,1.25,1.27,1.24,1.24,1.31,5921090.0,7382497.0,1848964471.2,1848964471.2,17887701.61,-5853456.11,673902083.1100001,1109427514.4,435525431.29,-2562185.5300000003,294.1,354.14,118.03,163.03,326.11,221.08,0.0,0.0,,,,,,,商贸零售,贸易Ⅱ,贸易Ⅲ,1.24,1.24,1.24
sh600145,*ST新亿,2020-12-18,1.24,1.3,1.23,1.3,1.24,5921098.0,7618839.0,1938430494.0,1938430494.0,17887701.61,-5853456.11,673902083.1100001,1109427514.4,435525431.29,-2562185.5300000003,247.42,290.74,328.51,172.4,185.95,298.74,0.0,0.0,,,,,,,商贸零售,贸易Ⅱ,贸易Ⅲ,1.3,1.29,1.3
sh600145,*ST新亿,2020-12-21,1.37,1.37,1.34,1.37,1.3,7767551.0,10619052.0,2042807520.6,2042807520.6,17887701.61,-5853456.11,673902083.1100001,1109427514.4,435525431.29,-2562185.5300000003,402.35,358.19,434.73,444.54,215.24,249.6,0.0,0.0,,,,,,,商贸零售,贸易Ⅱ,贸易Ⅲ,1.35,1.36,1.37
sh600145,*ST新亿,2020-12-22,1.38,1.39,1.3,1.3,1.37,9489591.0,12668323.0,1938430494.0,1938430494.0,17887701.61,-5853456.11,673902083.1100001,1109427514.4,435525431.29,-2562185.5300000003,522.97,581.9,198.15,350.5,545.72,334.43,0.0,0.0,,,,,,,商贸零售,贸易Ⅱ,贸易Ⅲ,1.37,1.37,1.32
sh600145,*ST新亿,2020-12-23,1.3,1.37,1.3,1.37,1.3,8240754.0,11258930.0,2042807520.6,2042807520.6,17887701.61,-5853456.11,673902083.1100001,1109427514.4,435525431.29,-2562185.5300000003,484.62,524.9,374.64,192.73,266.63,408.27,0.0,0.0,,,,,,,商贸零售,贸易Ⅱ,贸易Ⅲ,1.37,1.37,1.37
sh600145,*ST新亿,2020-12-24,1.37,1.41,1.31,1.35,1.37,8550960.0,11596045.0,2012985513.0,2012985513.0,17887701.61,-5853456.11,673902083.1100001,1109427514.4,435525431.29,-2562185.5300000003,455.02,544.03,213.72,300.9,490.86,314.68,0.0,0.0,,,,,,,商贸零售,贸易Ⅱ,贸易Ⅲ,1.37,1.37,1.35
sh600145,*ST新亿,2020-12-25,1.34,1.34,1.29,1.31,1.35,5776536.0,7580320.0,1953341497.8,1953341497.8,17887701.61,-5853456.11,673902083.1100001,1109427514.4,435525431.29,-2562185.5300000003,283.56,336.28,141.75,100.77,332.72,216.18,0.0,104.8,,,,,,,商贸零售,贸易Ⅱ,贸易Ⅲ,1.3,1.3,1.3
sh600145,*ST新亿,2020-12-28,1.32,1.34,1.28,1.3,1.31,3776263.0,4919264.0,1938430494.0,1938430494.0,17887701.61,-5853456.11,673902083.1100001,1109427514.4,435525431.29,-2562185.5300000003,172.99,237.96,0.0,53.59,318.94,200.37,0.0,0.0,,,,,,,商贸零售,贸易Ⅱ,贸易Ⅲ,1.33,1.3,1.31
sh600145,*ST新亿,2020-12-29,1.31,1.34,1.29,1.29,1.3,3497413.0,4567036.0,1923519490.2,1923519490.2,17887701.61,-5853456.11,673902083.1100001,1109427514.4,435525431.29,-2562185.5300000003,183.68,235.83,29.97,49.79,243.05,171.08,0.0,0.0,,,,,,,商贸零售,贸易Ⅱ,贸易Ⅲ,1.31,1.31,1.31
sh600145,*ST新亿,2020-12-30,1.3,1.3,1.24,1.29,1.29,4867264.0,6175462.0,1923519490.2,1923519490.2,17887701.61,-5853456.11,673902083.1100001,1109427514.4,435525431.29,-2562185.5300000003,208.57,280.67,131.95,79.39,277.03,257.49,0.0,0.0,,,,,,,商贸零售,贸易Ⅱ,贸易Ⅲ,1.29,1.29,1.29
sh600145,*ST新亿,2020-12-31,1.29,1.29,1.26,1.26,1.29,4408023.0,5608184.0,1878786478.8,1878786478.8,17887701.61,-5853456.11,673902083.1100001,1109427514.4,435525431.29,-2562185.5300000003,168.96,179.11,141.29,226.55,250.56,155.16,0.0,0.0,,,,,,,商贸零售,贸易Ⅱ,贸易Ⅲ,1.28,1.29,1.27
sh600145,*ST新亿,2021-01-04,1.25,1.27,1.24,1.26,1.26,3804146.0,4785816.0,1878786478.8,1878786478.8,17887701.61,-5853456.11,673902083.1100001,1109427514.4,435525431.29,-2562185.5300000003,152.32,206.13,86.94,61.74,231.31,202.7,0.0,0.0,,,,,,,商贸零售,贸易Ⅱ,贸易Ⅲ,1.26,1.27,1.27
sh600145,*ST新亿,2021-01-05,1.26,1.26,1.2,1.21,1.26,7961354.0,9688479.0,1804231459.8,1804231459.8,17887701.61,-5853456.11,673902083.1100001,1109427514.4,435525431.29,-2562185.5300000003,233.77,314.23,202.89,258.24,509.94,374.14,0.0,0.0,,,,,,,商贸零售,贸易Ⅱ,贸易Ⅲ,1.24,1.25,1.24
sh600145,*ST新亿,2021-01-06,1.2,1.2,1.15,1.15,1.21,9599090.0,11089403.0,1714765437.0,1714765437.0,17887701.61,-5853456.11,673902083.1100001,1109427514.4,435525431.29,-2562185.5300000003,418.23,440.99,118.24,330.65,572.46,337.3,0.0,0.0,,,,,,,商贸零售,贸易Ⅱ,贸易Ⅲ,1.18,1.16,1.15
sh600145,*ST新亿,2021-01-07,1.12,1.12,1.09,1.09,1.15,7628405.0,8333991.0,1625299414.1999998,1625299414.1999998,17887701.61,-5853456.11,673902083.1100001,1109427514.4,435525431.29,-2562185.5300000003,444.83,438.76,51.81,84.04,336.76,310.61,0.0,0.0,,,,,,,商贸零售,贸易Ⅱ,贸易Ⅲ,1.1,1.09,1.09
sh600145,*ST新亿,2021-01-08,1.05,1.14,1.05,1.14,1.09,7182206.0,7959832.0,1699854433.1999998,1699854433.1999998,17887701.61,-5853456.11,673902083.1100001,1109427514.4,435525431.29,-2562185.5300000003,313.83,340.78,273.04,199.36,209.11,255.84,0.0,0.0,,,,,,,商贸零售,贸易Ⅱ,贸易Ⅲ,1.14,1.14,1.14
sh600145,*ST新亿,2021-01-11,1.15,1.19,1.08,1.08,1.14,10848998.0,11966810.0,1610388410.4,1610388410.4,17887701.61,-5853456.11,673902083.1100001,1109427514.4,435525431.29,-2562185.5300000003,490.43,529.68,173.9,340.2,532.36,326.8,0.0,0.0,,,,,,,商贸零售,贸易Ⅱ,贸易Ⅲ,1.13,1.08,1.11
sh600145,*ST新亿,2021-01-12,1.06,1.13,1.03,1.11,1.08,6541252.0,7097596.0,1655121421.8,1655121421.8,17887701.61,-5853456.11,673902083.1100001,1109427514.4,435525431.29,-2562185.5300000003,369.1,298.22,0.0,20.8,340.66,390.74,0.0,0.0,,,,,,,商贸零售,贸易Ⅱ,贸易Ⅲ,1.04,1.04,1.04
sh600145,*ST新亿,2021-01-13,1.09,1.11,1.07,1.09,1.11,5117350.0,5563724.0,1625299414.1999998,1625299414.1999998,17887701.61,-5853456.11,673902083.1100001,1109427514.4,435525431.29,-2562185.5300000003,217.02,276.17,117.44,79.22,221.91,200.98,0.0,0.0,,,,,,,商贸零售,贸易Ⅱ,贸易Ⅲ,1.08,1.09,1.1
sh600145,*ST新亿,2021-01-14,1.08,1.1,1.06,1.08,1.09,3776543.0,4080723.0,1610388410.4,1610388410.4,17887701.61,-5853456.11,673902083.1100001,1109427514.4,435525431.29,-2562185.5300000003,102.65,198.74,51.68,32.4,224.34,147.53,0.0,0.0,,,,,,,商贸零售,贸易Ⅱ,贸易Ⅲ,1.07,1.07,1.1
sh600145,*ST新亿,2021-01-15,1.08,1.1,1.06,1.1,1.08,4332343.0,4704571.0,1640210418.0,1640210418.0,17887701.61,-5853456.11,673902083.1100001,1109427514.4,435525431.29,-2562185.5300000003,198.51,209.04,91.38,78.77,180.57,182.65,0.0,0.0,,,,,,,商贸零售,贸易Ⅱ,贸易Ⅲ,1.07,1.09,1.08
sh600145,*ST新亿,2021-01-18,1.09,1.16,1.08,1.16,1.1,3971264.0,4537758.0,1729676440.8,1729676440.8,17887701.61,-5853456.11,673902083.1100001,1109427514.4,435525431.29,-2562185.5300000003,190.84,201.48,148.03,0.0,114.91,252.29,0.0,0.0,,,,,,,商贸零售,贸易Ⅱ,贸易Ⅲ,1.12,1.13,1.14
sh600145,*ST新亿,2021-01-19,1.18,1.22,1.15,1.17,1.16,9271230.0,10999751.0,1744587444.6,1744587444.6,17887701.61,-5853456.11,673902083.1100001,1109427514.4,435525431.29,-2562185.5300000003,464.6,573.46,195.37,234.36,440.0,292.15,0.0,0.0,,,,,,,商贸零售,贸易Ⅱ,贸易Ⅲ,1.19,1.16,1.17
sh600145,*ST新亿,2021-01-20,1.11,1.13,1.11,1.11,1.17,9603270.0,10681304.0,1655121421.8,1655121421.8,17887701.61,-5853456.11,673902083.1100001,1109427514.4,435525431.29,-2562185.5300000003,432.41,571.48,131.75,233.48,503.98,263.17,0.0,0.0,,,,,,,商贸零售,贸易Ⅱ,贸易Ⅲ,1.12,1.12,1.12
sh600145,*ST新亿,2021-01-21,1.1,1.11,1.05,1.08,1.11,5972444.0,6445944.0,1610388410.4,1610388410.4,17887701.61,-5853456.11,673902083.1100001,1109427514.4,435525431.29,-2562185.5300000003,239.9,281.81,70.55,63.1,334.15,299.69,0.0,0.0,,,,,,,商贸零售,贸易Ⅱ,贸易Ⅲ,1.1,1.08,1.08
sh600145,*ST新亿,2021-01-22,1.08,1.08,1.03,1.06,1.08,6287220.0,6619512.0,1580566402.8,1580566402.8,17887701.61,-5853456.11,673902083.1100001,1109427514.4,435525431.29,-2562185.5300000003,275.06,282.96,40.98,163.77,345.91,215.22,0.0,0.0,,,,,,,商贸零售,贸易Ⅱ,贸易Ⅲ,1.07,1.06,1.06
sh600145,*ST新亿,2021-01-25,1.06,1.06,1.01,1.03,1.06,9009390.0,9230222.0,1535833391.4,1535833391.4,17887701.61,-5853456.11,673902083.1100001,1109427514.4,435525431.29,-2562185.5300000003,362.45,294.19,127.22,327.46,433.36,301.37,0.0,0.0,,,,,,,商贸零售,贸易Ⅱ,贸易Ⅲ,1.05,1.04,1.03
sh600145,*ST新亿,2021-01-26,1.01,1.01,0.98,0.99,1.03,12037270.0,11868696.0,1476189376.2,1476189376.2,17887701.61,-5853456.11,673902083.1100001,1109427514.4,435525431.29,-2562185.5300000003,455.49,481.09,137.19,324.84,594.19,380.93,0.0,0.0,,,,,,,商贸零售,贸易Ⅱ,贸易Ⅲ,1.0,0.99,0.98
sh600145,*ST新亿,2021-01-27,0.95,0.99,0.94,0.94,0.99,13076483.0,12475102.0,1401634357.2,1401634357.2,17887701.61,-5853456.11,673902083.1100001,1109427514.4,435525431.29,-2562185.5300000003,588.33,491.8,48.0,252.67,573.14,465.01,0.0,0.0,,,,,,,商贸零售,贸易Ⅱ,贸易Ⅲ,0.96,0.97,0.99
sh600145,*ST新亿,2021-01-28,0.89,0.89,0.89,0.89,0.94,2891700.0,2573613.0,1327079338.2,1327079338.2,17887701.61,-5853456.11,673902083.1100001,1109427514.4,435525431.29,-2562185.5300000003,62.91,18.77,35.6,157.87,92.63,14.5,0.0,0.0,,,,,,,商贸零售,贸易Ⅱ,贸易Ⅲ,0.89,0.89,0.89
sh600145,*ST新亿,2021-01-29,0.85,0.93,0.85,0.93,0.89,22044671.0,19528635.0,1386723353.4,1386723353.4,17887701.61,-5853456.11,673902083.1100001,1109427514.4,435525431.29,-2562185.5300000003,891.46,926.89,461.69,307.15,589.81,708.92,0.0,0.0,,,,,,,商贸零售,贸易Ⅱ,贸易Ⅲ,0.87,0.85,0.88
sh600145,*ST新亿,2021-02-01,0.88,0.95,0.88,0.89,0.93,15736641.0,14183255.0,1327079338.2,1327079338.2,17887701.61,-5853456.11,673902083.1100001,1109427514.4,435525431.29,-2562185.5300000003,711.7,689.56,167.66,247.57,538.96,481.2,0.0,0.0,,,,,,,商贸零售,贸易Ⅱ,贸易Ⅲ,0.91,0.91,0.94
sh600145,*ST新亿,2021-02-02,0.87,0.93,0.85,0.9,0.89,19969140.0,17266691.0,1341990342.0,1341990342.0,17887701.61,-5853456.11,673902083.1100001,1109427514.4,435525431.29,-2562185.5300000003,810.46,808.79,251.81,320.4,664.4,597.48,0.0,0.0,,,,,,,商贸零售,贸易Ⅱ,贸易Ⅲ,0.85,0.86,0.85
sh600145,*ST新亿,2021-02-03,0.95,0.95,0.95,0.95,0.9,3741753.0,3554665.0,1416545361.0,1416545361.0,17887701.61,-5853456.11,673902083.1100001,1109427514.4,435525431.29,-2562185.5300000003,62.04,130.68,286.07,73.84,0.5,144.1,0.0,0.0,,,,,,,商贸零售,贸易Ⅱ,贸易Ⅲ,0.95,0.95,0.95
sh600145,*ST新亿,2021-02-04,0.97,1.0,0.95,0.98,0.95,27501709.0,27140568.0,1461278372.4,1461278372.4,17887701.61,-5853456.11,673902083.1100001,1109427514.4,435525431.29,-2562185.5300000003,1284.6,1032.75,603.83,950.23,825.63,731.08,0.0,0.0,,,,,,,商贸零售,贸易Ⅱ,贸易Ⅲ,0.98,0.99,1.0
sh600145,*ST新亿,2021-02-05,0.94,0.98,0.93,0.93,0.98,17413762.0,16437160.0,1386723353.4,1386723353.4,17887701.61,-5853456.11,673902083.1100001,1109427514.4,435525431.29,-2562185.5300000003,793.54,795.31,174.59,361.59,675.58,486.81,0.0,0.0,,,,,,,商贸零售,贸易Ⅱ,贸易Ⅲ,0.95,0.96,0.96
sh600145,*ST新亿,2021-02-08,0.94,0.98,0.94,0.98,0.93,8191658.0,7938967.0,1461278372.4,1461278372.4,17887701.61,-5853456.11,673902083.1100001,1109427514.4,435525431.29,-2562185.5300000003,286.76,366.99,360.51,97.8,146.62,329.1,0.0,0.0,,,,,,,商贸零售,贸易Ⅱ,贸易Ⅲ,0.95,0.98,0.98
sh600145,*ST新亿,2021-02-09,1.02,1.02,0.99,1.01,0.98,25791784.0,25908568.0,1506011383.8,1506011383.8,17887701.61,-5853456.11,673902083.1100001,1109427514.4,435525431.29,-2562185.5300000003,244.29,1020.59,1040.9,891.05,299.67,679.22,1006.0,0.0,,,,,,,商贸零售,贸易Ⅱ,贸易Ⅲ,1.0,1.0,1.0
sh600145,*ST新亿,2021-02-10,1.0,1.06,0.98,1.06,1.01,12438187.0,12789940.0,1580566402.8,1580566402.8,17887701.61,-5853456.11,673902083.1100001,1109427514.4,435525431.29,-2562185.5300000003,537.04,560.87,439.12,181.78,302.83,536.34,0.0,0.0,,,,,,,商贸零售,贸易Ⅱ,贸易Ⅲ,0.99,1.01,1.0
sh600145,*ST新亿,2021-02-18,1.11,1.11,1.08,1.11,1.06,7805095.0,8638918.0,1655121421.8,1655121421.8,17887701.61,-5853456.11,673902083.1100001,1109427514.4,435525431.29,-2562185.5300000003,187.14,404.0,515.5,237.89,157.28,218.03,0.0,0.0,,,,,,,商贸零售,贸易Ⅱ,贸易Ⅲ,1.11,1.11,1.11
sh600145,*ST新亿,2021-02-19,1.14,1.17,1.13,1.17,1.11,2771477.0,3214384.0,1744587444.6,1744587444.6,17887701.61,-5853456.11,673902083.1100001,1109427514.4,435525431.29,-2562185.5300000003,198.34,110.92,0.0,75.42,76.3,88.3,0.0,0.0,,,,,,,商贸零售,贸易Ⅱ,贸易Ⅲ,1.17,1.17,1.17
sh600145,*ST新亿,2021-02-22,1.11,1.22,1.11,1.2,1.17,29143381.0,33435855.0,1789320456.0000005,1789320456.0000005,17887701.61,-5853456.11,673902083.1100001,1109427514.4,435525431.29,-2562185.5300000003,1783.4,1190.56,865.85,1171.16,694.33,870.87,0.0,111.0,,,,,,,商贸零售,贸易Ⅱ,贸易Ⅲ,1.11,1.11,1.11
sh600145,*ST新亿,2021-02-23,1.16,1.25,1.15,1.24,1.2,15896370.0,18943119.0,1848964471.2,1848964471.2,17887701.61,-5853456.11,673902083.1100001,1109427514.4,435525431.29,-2562185.5300000003,1152.57,797.21,249.36,522.6,492.39,574.5,0.0,0.0,,,,,,,商贸零售,贸易Ⅱ,贸易Ⅲ,1.16,1.18,1.18
sh600145,*ST新亿,2021-02-24,1.23,1.27,1.18,1.19,1.24,10712095.0,12903322.0,1774409452.2,1774409452.2,17887701.61,-5853456.11,673902083.1100001,1109427514.4,435525431.29,-2562185.5300000003,536.61,468.87,185.65,426.98,568.08,394.48,0.0,0.0,,,,,,,商贸零售,贸易Ⅱ,贸易Ⅲ,1.26,1.25,1.26
sh600145,*ST新亿,2021-02-25,1.16,1.21,1.15,1.19,1.19,5765400.0,6822001.0,1774409452.2,1774409452.2,17887701.61,-5853456.11,673902083.1100001,1109427514.4,435525431.29,-2562185.5300000003,354.18,332.37,123.0,73.66,205.02,276.17,0.0,0.0,,,,,,,商贸零售,贸易Ⅱ,贸易Ⅲ,1.18,1.18,1.17
sh600145,*ST新亿,2021-02-26,1.18,1.24,1.18,1.22,1.19,6824681.0,8341341.0,1819142463.6,1819142463.6,17887701.61,-5853456.11,673902083.1100001,1109427514.4,435525431.29,-2562185.5300000003,384.51,363.01,139.07,198.09,310.56,273.03,0.0,0.0,,,,,,,商贸零售,贸易Ⅱ,贸易Ⅲ,1.19,1.24,1.23
sh600145,*ST新亿,2021-03-01,1.24,1.24,1.18,1.21,1.22,5062786.0,6147346.0,1804231459.8,1804231459.8,17887701.61,-5853456.11,673902083.1100001,1109427514.4,435525431.29,-2562185.5300000003,300.97,307.09,24.6,69.43,289.17,238.22,0.0,0.0,,,,,,,商贸零售,贸易Ⅱ,贸易Ⅲ,1.19,1.2,1.21
sh600145,*ST新亿,2021-03-02,1.2,1.23,1.18,1.19,1.21,4200110.0,5031963.0,1774409452.2,1774409452.2,17887701.61,-5853456.11,673902083.1100001,1109427514.4,435525431.29,-2562185.5300000003,288.21,204.95,35.11,81.09,179.88,217.16,0.0,0.0,,,,,,,商贸零售,贸易Ⅱ,贸易Ⅲ,1.21,1.21,1.22
sh600145,*ST新亿,2021-03-03,1.19,1.25,1.19,1.25,1.19,3765006.0,4671819.0,1863875475.0,1863875475.0,17887701.61,-5853456.11,673902083.1100001,1109427514.4,435525431.29,-2562185.5300000003,167.47,175.12,185.71,36.88,68.51,209.69,0.0,0.0,,,,,,,商贸零售,贸易Ⅱ,贸易Ⅲ,1.21,1.25,1.25
sh600145,*ST新亿,2021-03-04,1.3,1.31,1.29,1.31,1.25,2767093.0,3615678.0,1953341497.8,1953341497.8,17887701.61,-5853456.11,673902083.1100001,1109427514.4,435525431.29,-2562185.5300000003,165.56,190.68,46.77,39.3,149.24,131.59,0.0,0.0,,,,,,,商贸零售,贸易Ⅱ,贸易Ⅲ,1.31,1.31,1.31
sh600145,*ST新亿,2021-03-05,1.37,1.38,1.33,1.38,1.31,19266673.0,26468997.0,2057718524.4,2057718524.4,17887701.61,-5853456.11,673902083.1100001,1109427514.4,435525431.29,-2562185.5300000003,1101.08,1059.95,570.56,955.35,860.7,517.04,0.0,0.0,,,,,,,商贸零售,贸易Ⅱ,贸易Ⅲ,1.38,1.38,1.38
sh600145,*ST新亿,2021-03-08,1.32,1.45,1.31,1.45,1.38,17350349.0,23810204.0,2162095551.0,2162095551.0,17887701.61,-5853456.11,673902083.1100001,1109427514.4,435525431.29,-2562185.5300000003,1042.67,1060.0,335.24,395.79,1003.1,925.23,0.0,0.0,,,,,,,商贸零售,贸易Ⅱ,贸易Ⅲ,1.32,1.32,1.33
sh600145,*ST新亿,2021-03-09,1.43,1.43,1.38,1.38,1.45,11989551.0,16667748.0,2057718524.4,2057718524.4,17887701.61,-5853456.11,673902083.1100001,1109427514.4,435525431.29,-2562185.5300000003,578.21,916.83,297.56,215.87,791.0,534.08,0.0,0.0,,,,,,,商贸零售,贸易Ⅱ,贸易Ⅲ,1.41,1.39,1.39
sh600145,*ST新亿,2021-03-10,1.37,1.41,1.31,1.39,1.38,7703236.0,10442567.0,2072629528.2,2072629528.2,17887701.61,-5853456.11,673902083.1100001,1109427514.4,435525431.29,-2562185.5300000003,540.04,338.63,50.26,200.05,453.96,505.58,0.0,0.0,,,,,,,商贸零售,贸易Ⅱ,贸易Ⅲ,1.32,1.34,1.32
sh600145,*ST新亿,2021-03-11,1.38,1.41,1.33,1.34,1.39,5765167.0,7783959.0,1998074509.2,1998074509.2,17887701.61,-5853456.11,673902083.1100001,1109427514.4,435525431.29,-2562185.5300000003,356.81,341.73,94.84,157.27,326.74,279.4,0.0,0.0,,,,,,,商贸零售,贸易Ⅱ,贸易Ⅲ,1.38,1.33,1.36
sh600145,*ST新亿,2021-03-12,1.34,1.38,1.34,1.36,1.34,3196807.0,4343173.0,2027896516.8,2027896516.8,17887701.61,-5853456.11,673902083.1100001,1109427514.4,435525431.29,-2562185.5300000003,197.2,184.63,49.66,27.2,187.46,222.49,0.0,0.0,,,,,,,商贸零售,贸易Ⅱ,贸易Ⅲ,1.36,1.35,1.36
sh600145,*ST新亿,2021-03-15,1.34,1.38,1.3,1.3,1.36,5200054.0,6900039.0,1938430494.0,1938430494.0,17887701.61,-5853456.11,673902083.1100001,1109427514.4,435525431.29,-2562185.5300000003,310.18,344.01,48.93,96.4,330.89,249.59,0.0,0.0,,,,,,,商贸零售,贸易Ⅱ,贸易Ⅲ,1.35,1.36,1.36
sh600145,*ST新亿,2021-03-16,1.33,1.37,1.3,1.37,1.3,4541960.0,6153703.0,2042807520.6,2042807520.6,17887701.61,-5853456.11,673902083.1100001,1109427514.4,435525431.29,-2562185.5300000003,273.18,342.68,169.46,20.55,148.31,227.72,0.0,0.0,,,,,,,商贸零售,贸易Ⅱ,贸易Ⅲ,1.32,1.36,1.36
sh600145,*ST新亿,2021-03-17,1.39,1.44,1.39,1.44,1.37,3970502.0,5664810.0,2147184547.2,2147184547.2,17887701.61,-5853456.11,673902083.1100001,1109427514.4,435525431.29,-2562185.5300000003,222.16,204.23,145.52,93.6,138.18,208.03,0.0,0.0,,,,,,,商贸零售,贸易Ⅱ,贸易Ⅲ,1.44,1.44,1.44
sh600145,*ST新亿,2021-03-18,1.46,1.51,1.42,1.5,1.44,14464737.0,21440237.0,2236650570.0,2236650570.0,17887701.61,-5853456.11,673902083.1100001,1109427514.4,435525431.29,-2562185.5300000003,941.79,1045.53,332.24,428.37,795.55,595.68,0.0,0.0,,,,,,,商贸零售,贸易Ⅱ,贸易Ⅲ,1.49,1.48,1.49
sh600145,*ST新亿,2021-03-19,1.47,1.56,1.44,1.47,1.5,10079216.0,15090676.0,2191917558.6,2191917558.6,17887701.61,-5853456.11,673902083.1100001,1109427514.4,435525431.29,-2562185.5300000003,709.25,660.24,232.01,347.21,567.8,501.62,0.0,0.0,,,,,,,商贸零售,贸易Ⅱ,贸易Ⅲ,1.46,1.49,1.53
sh600145,*ST新亿,2021-03-22,1.46,1.49,1.44,1.47,1.47,5644685.0,8276012.0,2191917558.6,2191917558.6,17887701.61,-5853456.11,673902083.1100001,1109427514.4,435525431.29,-2562185.5300000003,426.39,327.59,141.15,170.4,260.06,329.61,0.0,0.0,,,,,,,商贸零售,贸易Ⅱ,贸易Ⅲ,1.46,1.48,1.48
sh600145,*ST新亿,2021-03-23,1.5,1.54,1.49,1.54,1.47,9896685.0,15169264.0,2296294585.2,2296294585.2,17887701.61,-5853456.11,673902083.1100001,1109427514.4,435525431.29,-2562185.5300000003,587.16,701.32,548.17,354.64,381.6,460.96,0.0,0.0,,,,,,,商贸零售,贸易Ⅱ,贸易Ⅲ,1.53,1.53,1.53
sh600145,*ST新亿,2021-03-24,1.52,1.62,1.51,1.61,1.54,18500152.0,29385012.0,2400671611.8,2400671611.8,17887701.61,-5853456.11,673902083.1100001,1109427514.4,435525431.29,-2562185.5300000003,1212.47,1320.74,690.75,669.81,1035.28,785.94,0.0,162.0,,,,,,,商贸零售,贸易Ⅱ,贸易Ⅲ,1.55,1.54,1.55
sh600145,*ST新亿,2021-03-25,1.59,1.6,1.53,1.53,1.61,14028779.0,21609702.0,2281383581.4,2281383581.4,17887701.61,-5853456.11,673902083.1100001,1109427514.4,435525431.29,-2562185.5300000003,1099.44,763.82,248.27,919.6,813.27,477.55,0.0,0.0,,,,,,,商贸零售,贸易Ⅱ,贸易Ⅲ,1.58,1.54,1.53
sh600145,*ST新亿,2021-03-26,1.5,1.57,1.46,1.53,1.53,8196440.0,12443522.0,2281383581.4,2281383581.4,17887701.61,-5853456.11,673902083.1100001,1109427514.4,435525431.29,-2562185.5300000003,546.61,545.17,208.11,174.21,489.63,524.97,0.0,0.0,,,,,,,商贸零售,贸易Ⅱ,贸易Ⅲ,1.46,1.49,1.53
sh600145,*ST新亿,2021-03-29,1.53,1.56,1.5,1.5,1.53,4868389.0,7416592.0,2236650570.0,2236650570.0,17887701.61,-5853456.11,673902083.1100001,1109427514.4,435525431.29,-2562185.5300000003,385.73,246.89,0.0,212.05,355.92,282.72,0.0,0.0,,,,,,,商贸零售,贸易Ⅱ,贸易Ⅲ,1.52,1.51,1.54
sh600145,*ST新亿,2021-03-30,1.51,1.51,1.44,1.5,1.5,6010752.0,8843595.0,2236650570.0,2236650570.0,17887701.61,-5853456.11,673902083.1100001,1109427514.4,435525431.29,-2562185.5300000003,457.68,385.09,130.14,160.02,296.54,339.25,0.0,0.0,,,,,,,商贸零售,贸易Ⅱ,贸易Ⅲ,1.49,1.48,1.45
sh600145,*ST新亿,2021-03-31,1.51,1.58,1.51,1.53,1.5,7319081.0,11327031.0,2281383581.4,2281383581.4,17887701.61,-5853456.11,673902083.1100001,1109427514.4,435525431.29,-2562185.5300000003,504.94,487.22,185.13,189.99,366.66,379.52,0.0,0.0,,,,,,,商贸零售,贸易Ⅱ,贸易Ⅲ,1.54,1.56,1.56
sh600145,*ST新亿,2021-04-01,1.5,1.55,1.5,1.53,1.53,5021698.0,7674664.0,2281383581.4,2281383581.4,17887701.61,-5853456.11,673902083.1100001,1109427514.4,435525431.29,-2562185.5300000003,405.88,480.21,73.85,0.0,287.74,287.25,0.0,0.0,,,,,,,商贸零售,贸易Ⅱ,贸易Ⅲ,1.5,1.52,1.53
sh600145,*ST新亿,2021-04-02,1.53,1.55,1.51,1.52,1.53,4283183.0,6522390.0,2266472577.6,2266472577.6,17887701.61,-5853456.11,673902083.1100001,1109427514.4,435525431.29,-2562185.5300000003,343.5,346.33,102.03,73.02,206.7,232.89,0.0,0.0,,,,,,,商贸零售,贸易Ⅱ,贸易Ⅲ,1.54,1.52,1.52
sh600145,*ST新亿,2021-04-06,1.52,1.56,1.52,1.53,1.52,2250158.0,3452171.0,2281383581.4,2281383581.4,17887701.61,-5853456.11,673902083.1100001,1109427514.4,435525431.29,-2562185.5300000003,183.68,183.57,21.79,0.0,139.75,161.65,0.0,0.0,,,,,,,商贸零售,贸易Ⅱ,贸易Ⅲ,1.53,1.53,1.54
sh600145,*ST新亿,2021-04-07,1.53,1.54,1.48,1.49,1.53,5251924.0,7913858.0,2221739566.2000003,2221739566.2000003,17887701.61,-5853456.11,673902083.1100001,1109427514.4,435525431.29,-2562185.5300000003,238.82,147.61,239.7,259.33,312.87,238.55,0.0,145.89,,,,,,,商贸零售,贸易Ⅱ,贸易Ⅲ,1.53,1.53,1.53
sh600145,*ST新亿,2021-04-08,1.49,1.49,1.42,1.44,1.49,4580560.0,6656988.0,2147184547.2,2147184547.2,17887701.61,-5853456.11,673902083.1100001,1109427514.4,435525431.29,-2562185.5300000003,301.09,360.42,29.0,26.38,307.39,250.67,0.0,0.0,,,,,,,商贸零售,贸易Ⅱ,贸易Ⅲ,1.48,1.48,1.47
sh600145,*ST新亿,2021-04-09,1.45,1.45,1.41,1.42,1.44,2418181.0,3447798.0,2117362539.6,2117362539.6,17887701.61,-5853456.11,673902083.1100001,1109427514.4,435525431.29,-2562185.5300000003,157.47,189.32,0.0,0.0,187.31,155.46,0.0,0.0,,,,,,,商贸零售,贸易Ⅱ,贸易Ⅲ,1.43,1.42,1.42
sh600145,*ST新亿,2021-04-12,1.45,1.49,1.45,1.49,1.42,6080695.0,9039105.0,2221739566.2000003,2221739566.2000003,17887701.61,-5853456.11,673902083.1100001,1109427514.4,435525431.29,-2562185.5300000003,416.7,306.97,249.39,162.22,219.88,267.79,0.0,149.0,,,,,,,商贸零售,贸易Ⅱ,贸易Ⅲ,1.47,1.49,1.49
sh600145,*ST新亿,2021-04-13,1.48,1.48,1.42,1.43,1.49,5335572.0,7692877.0,2132273543.4,2132273543.4,17887701.61,-5853456.11,673902083.1100001,1109427514.4,435525431.29,-2562185.5300000003,292.27,513.02,75.01,61.16,402.0,195.11,0.0,0.0,,,,,,,商贸零售,贸易Ⅱ,贸易Ⅲ,1.44,1.45,1.45
sh600145,*ST新亿,2021-04-14,1.42,1.45,1.41,1.44,1.43,3397446.0,4859988.0,2147184547.2,2147184547.2,17887701.61,-5853456.11,673902083.1100001,1109427514.4,435525431.29,-2562185.5300000003,233.27,197.54,24.21,78.06,215.24,197.12,0.0,0.0,,,,,,,商贸零售,贸易Ⅱ,贸易Ⅲ,1.43,1.43,1.45
sh600145,*ST新亿,2021-04-15,1.44,1.45,1.41,1.42,1.44,2580154.0,3666502.0,2117362539.6,2117362539.6,17887701.61,-5853456.11,673902083.1100001,1109427514.4,435525431.29,-2562185.5300000003,143.01,177.46,53.99,28.8,169.65,160.39,0.0,0.0,,,,,,,商贸零售,贸易Ⅱ,贸易Ⅲ,1.43,1.43,1.43
sh600145,*ST新亿,2021-04-16,1.41,1.44,1.4,1.43,1.42,2663979.0,3788485.0,2132273543.4,2132273543.4,17887701.61,-5853456.11,673902083.1100001,1109427514.4,435525431.29,-2562185.5300000003,192.63,219.21,41.76,25.71,144.46,133.94,0.0,0.0,,,,,,,商贸零售,贸易Ⅱ,贸易Ⅲ,1.41,1.4,1.4
sh600145,*ST新亿,2021-04-19,1.46,1.47,1.43,1.44,1.43,2674270.0,3863860.0,2147184547.2,2147184547.2,17887701.61,-5853456.11,673902083.1100001,1109427514.4,435525431.29,-2562185.5300000003,223.95,128.35,24.44,104.1,138.0,153.94,0.0,0.0,,,,,,,商贸零售,贸易Ⅱ,贸易Ⅲ,1.45,1.45,1.45
sh600145,*ST新亿,2021-04-20,1.44,1.45,1.41,1.41,1.44,2490416.0,3570394.0,2102451535.8,2102451535.8,17887701.61,-5853456.11,673902083.1100001,1109427514.4,435525431.29,-2562185.5300000003,134.65,152.16,56.45,80.97,165.95,123.91,0.0,0.0,,,,,,,商贸零售,贸易Ⅱ,贸易Ⅲ,1.43,1.43,1.43
sh600145,*ST新亿,2021-04-21,1.42,1.42,1.39,1.41,1.41,1934040.0,2721313.0,2102451535.8,2102451535.8,17887701.61,-5853456.11,673902083.1100001,1109427514.4,435525431.29,-2562185.5300000003,95.69,128.84,68.77,40.89,107.67,102.4,0.0,0.0,,,,,,,商贸零售,贸易Ⅱ,贸易Ⅲ,1.41,1.4,1.4
sh600145,*ST新亿,2021-04-22,1.4,1.47,1.4,1.43,1.41,3167450.0,4572812.0,2132273543.4,2132273543.4,17887701.61,-5853456.11,673902083.1100001,1109427514.4,435525431.29,-2562185.5300000003,249.08,262.32,53.68,0.0,154.52,194.96,0.0,0.0,,,,,,,商贸零售,贸易Ⅱ,贸易Ⅲ,1.41,1.41,1.41
sh600145,*ST新亿,2021-04-23,1.43,1.5,1.43,1.5,1.43,9846402.0,14711761.0,2236650570.0,2236650570.0,17887701.61,-5853456.11,673902083.1100001,1109427514.4,435525431.29,-2562185.5300000003,628.36,629.49,459.42,390.37,383.4,451.32,0.0,0.0,,,,,,,商贸零售,贸易Ⅱ,贸易Ⅲ,1.43,1.44,1.49
sh600145,*ST新亿,2021-04-26,1.5,1.5,1.43,1.43,1.5,8649344.0,12460419.0,2132273543.4,2132273543.4,17887701.61,-5853456.11,673902083.1100001,1109427514.4,435525431.29,-2562185.5300000003,590.01,525.94,113.27,416.9,542.77,303.2,0.0,0.0,,,,,,,商贸零售,贸易Ⅱ,贸易Ⅲ,1.46,1.44,1.44
sh600145,*ST新亿,2021-04-27,1.43,1.46,1.39,1.41,1.43,3427491.0,4870954.0,2102451535.8,2102451535.8,-118395074.24,35056250.13,553248941.41,1040836499.42,487587558.01,13041485.01,225.58,198.04,0.0,66.93,261.52,222.13,0.0,0.0,,,,,,,商贸零售,贸易Ⅱ,贸易Ⅲ,1.45,1.43,1.41
sh600145,*ST新亿,2021-04-28,1.41,1.45,1.38,1.43,1.41,3531099.0,4994187.0,2132273543.4,2132273543.4,-118395074.24,35056250.13,553248941.41,1040836499.42,487587558.01,13041485.01,212.58,247.54,143.63,57.47,143.21,194.41,0.0,0.0,,,,,,,商贸零售,贸易Ⅱ,贸易Ⅲ,1.39,1.4,1.4
sh600145,*ST新亿,2021-04-29,1.42,1.46,1.41,1.44,1.43,2388673.0,3425788.0,2147184547.2,2147184547.2,-118395074.24,35056250.13,553248941.41,1040836499.42,487587558.01,13041485.01,179.35,175.0,43.05,21.47,120.18,146.1,0.0,0.0,,,,,,,商贸零售,贸易Ⅱ,贸易Ⅲ,1.42,1.42,1.43
sh600145,*ST新亿,2021-04-30,1.45,1.45,1.4,1.41,1.44,2055680.0,2925708.0,2102451535.8,2102451535.8,-118395074.24,35056250.13,553248941.41,1040836499.42,487587558.01,13041485.01,120.39,133.44,20.01,28.4,152.17,130.73,0.0,0.0,,,,,,,商贸零售,贸易Ⅱ,贸易Ⅲ,1.45,1.44,1.44
sh600145,*ST新亿,2021-05-06,1.41,1.42,1.36,1.38,1.41,4226949.0,5845739.0,2057718524.4,2057718524.4,-118395074.24,35056250.13,553248941.41,1040836499.42,487587558.01,13041485.01,299.62,267.36,56.02,163.48,228.93,153.74,0.0,0.0,,,,,,,商贸零售,贸易Ⅱ,贸易Ⅲ,1.41,1.42,1.39
sh600145,*ST新亿,2021-05-07,1.38,1.4,1.36,1.39,1.38,2305190.0,3181407.0,2072629528.2,2072629528.2,-118395074.24,35056250.13,553248941.41,1040836499.42,487587558.01,13041485.01,155.43,161.49,25.02,20.89,137.69,135.76,0.0,0.0,,,,,,,商贸零售,贸易Ⅱ,贸易Ⅲ,1.37,1.37,1.37
sh600145,*ST新亿,2021-05-10,1.38,1.39,1.35,1.35,1.39,5405776.0,7393093.0,2012985513.0,2012985513.0,-118395074.24,35056250.13,553248941.41,1040836499.42,487587558.01,13041485.01,264.47,171.16,177.84,41.1,297.0,527.05,0.0,0.0,,,,,,,商贸零售,贸易Ⅱ,贸易Ⅲ,1.38,1.37,1.37
sh600145,*ST新亿,2021-05-11,1.35,1.36,1.28,1.31,1.35,9508496.0,12460865.0,1953341497.8,1953341497.8,-118395074.24,35056250.13,553248941.41,1040836499.42,487587558.01,13041485.01,573.79,337.45,147.31,209.77,524.98,698.87,0.0,0.0,,,,,,,商贸零售,贸易Ⅱ,贸易Ⅲ,1.34,1.33,1.33
sh600145,*ST新亿,2021-05-12,1.3,1.34,1.29,1.32,1.31,11926203.0,15606617.0,1968252501.6,1968252501.6,-118395074.24,35056250.13,553248941.41,1040836499.42,487587558.01,13041485.01,568.22,445.98,433.5,247.0,558.94,867.67,0.0,0.0,,,,,,,商贸零售,贸易Ⅱ,贸易Ⅲ,1.31,1.3,1.31
sh600145,*ST新亿,2021-05-13,1.31,1.33,1.29,1.29,1.32,14710081.0,19102948.0,1923519490.2,1923519490.2,-118395074.24,35056250.13,553248941.41,1040836499.42,487587558.01,13041485.01,978.68,509.17,176.18,185.96,755.44,1215.16,0.0,0.0,,,,,,,商贸零售,贸易Ⅱ,贸易Ⅲ,1.3,1.3,1.3
sh600145,*ST新亿,2021-05-14,1.29,1.3,1.26,1.29,1.29,16935199.0,21699401.0,1923519490.2,1923519490.2,-118395074.24,35056250.13,553248941.41,1040836499.42,487587558.01,13041485.01,880.96,671.29,426.36,266.84,786.61,1155.79,0.0,0.0,,,,,,,商贸零售,贸易Ⅱ,贸易Ⅲ,1.29,1.29,1.29
sh600145,*ST新亿,2021-05-17,1.29,1.29,1.23,1.23,1.29,9835230.0,12158763.0,1834053467.4,1834053467.4,-118395074.24,35056250.13,553248941.41,1040836499.42,487587558.01,13041485.01,457.35,412.09,145.95,524.03,612.58,279.76,0.0,0.0,,,,,,,商贸零售,贸易Ⅱ,贸易Ⅲ,1.24,1.23,1.24
sh600145,*ST新亿,2021-05-18,1.17,1.21,1.17,1.18,1.23,16676326.0,19694979.0,1759498448.4,1759498448.4,-118395074.24,35056250.13,553248941.41,1040836499.42,487587558.01,13041485.01,757.78,739.58,173.01,652.65,1038.7,577.27,0.0,0.0,,,,,,,商贸零售,贸易Ⅱ,贸易Ⅲ,1.18,1.19,1.19
sh600145,*ST新亿,2021-05-19,1.16,1.21,1.12,1.17,1.18,29590653.0,34154974.0,1744587444.6,1744587444.6,-118395074.24,35056250.13,553248941.41,1040836499.42,487587558.01,13041485.01,1525.94,1138.75,428.0,522.55,1461.56,1754.19,0.0,0.0,,,,,,,商贸零售,贸易Ⅱ,贸易Ⅲ,1.15,1.15,1.15
sh600145,*ST新亿,2021-05-20,1.16,1.16,1.12,1.12,1.17,17585106.0,19926023.0,1670032425.6,1670032425.6,-118395074.24,35056250.13,553248941.41,1040836499.42,487587558.01,13041485.01,940.55,715.04,250.73,447.34,801.32,830.22,0.0,0.0,,,,,,,商贸零售,贸易Ⅱ,贸易Ⅲ,1.14,1.15,1.14
sh600145,*ST新亿,2021-05-21,1.09,1.14,1.06,1.13,1.12,27272996.0,29655495.0,1684943429.4,1684943429.4,-118395074.24,35056250.13,553248941.41,1040836499.42,487587558.01,13041485.01,1068.48,1127.6,688.19,542.84,1208.87,1295.11,0.0,0.0,,,,,,,商贸零售,贸易Ⅱ,贸易Ⅲ,1.09,1.08,1.08
sh600145,*ST新亿,2021-05-24,1.1,1.12,1.08,1.09,1.13,21548760.0,23578292.0,1625299414.1999998,1625299414.1999998,-118395074.24,35056250.13,553248941.41,1040836499.42,487587558.01,13041485.01,1024.2,612.04,217.89,335.92,1115.74,1409.87,0.0,0.0,,,,,,,商贸零售,贸易Ⅱ,贸易Ⅲ,1.11,1.1,1.1
sh600145,*ST新亿,2021-05-25,1.07,1.14,1.05,1.14,1.09,27416724.0,30409346.0,1699854433.1999998,1699854433.1999998,-118395074.24,35056250.13,553248941.41,1040836499.42,487587558.01,13041485.01,1276.43,1250.21,814.49,798.73,950.01,992.0,0.0,0.0,,,,,,,商贸零售,贸易Ⅱ,贸易Ⅲ,1.08,1.07,1.08
sh600145,*ST新亿,2021-05-26,1.15,1.2,1.13,1.2,1.14,54201059.0,64320822.0,1789320456.0000005,1789320456.0000005,-118395074.24,35056250.13,553248941.41,1040836499.42,487587558.01,13041485.01,2370.98,3735.71,1846.34,782.67,2214.77,1793.96,0.0,119.74,,,,,,,商贸零售,贸易Ⅱ,贸易Ⅲ,1.15,1.17,1.19
sh600145,*ST新亿,2021-05-27,1.14,1.2,1.14,1.16,1.2,34587548.0,40346074.0,1729676440.8,1729676440.8,-118395074.24,35056250.13,553248941.41,1040836499.42,487587558.01,13041485.01,1682.87,1655.67,724.93,1240.53,1626.8,1138.41,0.0,0.0,,,,,,,商贸零售,贸易Ⅱ,贸易Ⅲ,1.18,1.19,1.17
sh600145,*ST新亿,2021-05-28,1.15,1.22,1.12,1.22,1.16,33088954.0,39093582.0,1819142463.6,1819142463.6,-118395074.24,35056250.13,553248941.41,1040836499.42,487587558.01,13041485.01,1575.69,1600.5,1093.22,861.23,1162.39,1369.57,0.0,0.0,,,,,,,商贸零售,贸易Ⅱ,贸易Ⅲ,1.14,1.15,1.14
sh600145,*ST新亿,2021-05-31,1.24,1.28,1.23,1.28,1.22,16810527.0,21345890.0,1908608486.4,1908608486.4,-118395074.24,35056250.13,553248941.41,1040836499.42,487587558.01,13041485.01,888.87,854.29,662.5,461.15,583.22,819.16,0.0,0.0,,,,,,,商贸零售,贸易Ⅱ,贸易Ⅲ,1.28,1.28,1.28
sh600145,*ST新亿,2021-06-01,1.31,1.34,1.23,1.31,1.28,37147896.0,47863775.0,1953341497.8,1953341497.8,-118395074.24,35056250.13,553248941.41,1040836499.42,487587558.01,13041485.01,1877.45,1981.68,516.02,772.46,2392.9,2032.24,0.0,0.0,,,,,,,商贸零售,贸易Ⅱ,贸易Ⅲ,1.26,1.27,1.26
sh600145,*ST新亿,2021-06-02,1.29,1.38,1.26,1.38,1.31,37468493.0,50661675.0,2057718524.4,2057718524.4,-118395074.24,35056250.13,553248941.41,1040836499.42,487587558.01,13041485.01,1975.58,2314.65,963.32,577.38,2127.26,2174.13,0.0,0.0,,,,,,,商贸零售,贸易Ⅱ,贸易Ⅲ,1.29,1.29,1.29
sh600145,*ST新亿,2021-06-03,1.4,1.45,1.37,1.45,1.38,32074620.0,45862595.0,2162095551.0,2162095551.0,-118395074.24,35056250.13,553248941.41,1040836499.42,487587558.01,13041485.01,1791.75,1945.83,1104.9,1121.81,1689.6,1518.62,0.0,0.0,,,,,,,商贸零售,贸易Ⅱ,贸易Ⅲ,1.4,1.43,1.42
sh600145,*ST新亿,2021-06-04,1.45,1.51,1.38,1.38,1.45,46350409.0,66680570.0,2057718524.4,2057718524.4,-118395074.24,35056250.13,553248941.41,1040836499.42,487587558.01,13041485.01,2798.25,2997.33,653.86,904.3,3215.95,2717.55,0.0,48.88,,,,,,,商贸零售,贸易Ⅱ,贸易Ⅲ,1.44,1.46,1.48
sh600145,*ST新亿,2021-06-07,1.37,1.45,1.37,1.45,1.38,15517587.0,22193454.0,2162095551.0,2162095551.0,-118395074.24,35056250.13,553248941.41,1040836499.42,487587558.01,13041485.01,841.45,1066.27,695.14,175.2,682.77,977.9,0.0,0.0,,,,,,,商贸零售,贸易Ⅱ,贸易Ⅲ,1.42,1.45,1.45
sh600145,*ST新亿,2021-06-08,1.38,1.47,1.38,1.4,1.45,42275101.0,59366130.0,2087540532.0,2087540532.0,-118395074.24,35056250.13,553248941.41,1040836499.42,487587558.01,13041485.01,2474.01,2601.53,765.65,1102.45,2696.95,2232.64,0.0,0.0,,,,,,,商贸零售,贸易Ⅱ,贸易Ⅲ,1.4,1.39,1.4
sh600145,*ST新亿,2021-06-09,1.41,1.47,1.35,1.47,1.4,44828178.0,63889332.0,2191917558.6,2191917558.6,-118395074.24,35056250.13,553248941.41,1040836499.42,487587558.01,13041485.01,2868.79,2691.41,1084.72,960.32,2435.42,2622.91,0.0,114.29,,,,,,,商贸零售,贸易Ⅱ,贸易Ⅲ,1.39,1.4,1.39
sh600145,*ST新亿,2021-06-10,1.48,1.5,1.4,1.41,1.47,31030650.0,44833715.0,2102451535.8,2102451535.8,-118395074.24,35056250.13,553248941.41,1040836499.42,487587558.01,13041485.01,1811.17,1970.45,583.88,634.75,2088.32,1878.16,0.0,0.0,,,,,,,商贸零售,贸易Ⅱ,贸易Ⅲ,1.46,1.46,1.46
sh600145,*ST新亿,2021-06-11,1.37,1.44,1.35,1.39,1.41,22772683.0,31701449.0,2072629528.2,2072629528.2,-118395074.24,35056250.13,553248941.41,1040836499.42,487587558.01,13041485.01,1242.73,1266.23,462.97,427.61,1464.45,1476.3,0.0,0.0,,,,,,,商贸零售,贸易Ⅱ,贸易Ⅲ,1.37,1.38,1.4
sh600145,*ST新亿,2021-06-15,1.39,1.41,1.32,1.33,1.39,19254359.0,26082513.0,1983163505.4,1983163505.4,-118395074.24,35056250.13,553248941.41,1040836499.42,487587558.01,13041485.01,851.43,1000.86,308.23,191.35,1448.6,1416.04,0.0,0.0,,,,,,,商贸零售,贸易Ⅱ,贸易Ⅲ,1.38,1.38,1.38
sh600145,*ST新亿,2021-06-16,1.33,1.4,1.31,1.38,1.33,20150004.0,27540185.0,2057718524.4,2057718524.4,-118395074.24,35056250.13,553248941.41,1040836499.42,487587558.01,13041485.01,1133.66,1161.97,297.61,277.27,1322.75,1314.78,0.0,0.0,,,,,,,商贸零售,贸易Ⅱ,贸易Ⅲ,1.32,1.32,1.33
sh600145,*ST新亿,2021-06-17,1.36,1.41,1.35,1.38,1.38,14395134.0,19859614.0,2057718524.4,2057718524.4,-118395074.24,35056250.13,553248941.41,1040836499.42,487587558.01,13041485.01,797.13,810.98,164.77,206.03,1024.06,968.95,0.0,0.0,,,,,,,商贸零售,贸易Ⅱ,贸易Ⅲ,1.36,1.39,1.41
sh600145,*ST新亿,2021-06-18,1.37,1.38,1.34,1.36,1.38,11282702.0,15329998.0,2027896516.8,2027896516.8,-118395074.24,35056250.13,553248941.41,1040836499.42,487587558.01,13041485.01,523.88,539.86,33.89,164.13,975.23,829.01,0.0,0.0,,,,,,,商贸零售,贸易Ⅱ,贸易Ⅲ,1.37,1.36,1.36
sh600145,*ST新亿,2021-06-21,1.36,1.36,1.33,1.35,1.36,12069469.0,16211427.0,2012985513.0,2012985513.0,-118395074.24,35056250.13,553248941.41,1040836499.42,487587558.01,13041485.01,692.21,708.42,150.0,91.92,778.94,820.8,0.0,0.0,,,,,,,商贸零售,贸易Ⅱ,贸易Ⅲ,1.35,1.35,1.34
sh600145,*ST新亿,2021-06-22,1.35,1.42,1.34,1.42,1.35,15689730.0,21982697.0,2117362539.6,2117362539.6,-118395074.24,35056250.13,553248941.41,1040836499.42,487587558.01,13041485.01,847.65,962.07,775.45,291.41,575.16,944.8,0.0,0.0,,,,,,,商贸零售,贸易Ⅱ,贸易Ⅲ,1.35,1.39,1.41
sh600145,*ST新亿,2021-06-23,1.45,1.49,1.44,1.49,1.42,18642836.0,27640289.0,2221739566.2000003,2221739566.2000003,-118395074.24,35056250.13,553248941.41,1040836499.42,487587558.01,13041485.01,1087.3,1237.21,800.35,644.02,876.38,882.8,0.0,0.0,,,,,,,商贸零售,贸易Ⅱ,贸易Ⅲ,1.49,1.49,1.49
sh600145,*ST新亿,2021-06-24,1.56,1.56,1.53,1.56,1.49,18316836.0,28511034.0,2326116592.8,2326116592.8,-118395074.24,35056250.13,553248941.41,1040836499.42,487587558.01,13041485.01,1039.06,973.61,860.45,927.66,951.59,811.31,0.0,138.53,,,,,,,商贸零售,贸易Ⅱ,贸易Ⅲ,1.53,1.56,1.56
sh600145,*ST新亿,2021-06-25,1.64,1.64,1.64,1.64,1.56,4950761.0,8119248.0,2445404623.2,2445404623.2,-118395074.24,35056250.13,553248941.41,1040836499.42,487587558.01,13041485.01,326.32,364.62,238.11,211.72,247.49,235.58,0.0,0.0,,,,,,,商贸零售,贸易Ⅱ,贸易Ⅲ,1.64,1.64,1.64
sh600145,*ST新亿,2021-06-28,1.72,1.72,1.57,1.71,1.64,59751984.0,100335241.0,2549781649.8,2549781649.8,-118395074.24,35056250.13,553248941.41,1040836499.42,487587558.01,13041485.01,4225.5,4089.79,1277.38,2508.92,4530.64,3307.48,0.0,127.33,,,,,,,商贸零售,贸易Ⅱ,贸易Ⅲ,1.72,1.72,1.7
sh600145,*ST新亿,2021-06-29,1.68,1.75,1.62,1.62,1.71,47753180.0,79513799.0,2415582615.6,2415582615.6,-118395074.24,35056250.13,553248941.41,1040836499.42,487587558.01,13041485.01,3376.68,3393.44,1167.3,1371.47,3407.41,3186.47,0.0,0.0,,,,,,,商贸零售,贸易Ⅱ,贸易Ⅲ,1.64,1.64,1.64
sh600145,*ST新亿,2021-06-30,1.55,1.6,1.54,1.54,1.62,28514689.0,44259547.0,2296294585.2,2296294585.2,-118395074.24,35056250.13,553248941.41,1040836499.42,487587558.01,13041485.01,2084.75,1822.36,252.96,957.94,2088.25,1524.59,0.0,121.06,,,,,,,商贸零售,贸易Ⅱ,贸易Ⅲ,1.55,1.56,1.57
sh600145,*ST新亿,2021-07-01,1.5,1.54,1.46,1.47,1.54,44715607.0,66360149.0,2191917558.6,2191917558.6,-118395074.24,35056250.13,553248941.41,1040836499.42,487587558.01,13041485.01,2902.18,2844.72,1277.84,1225.33,2456.0,2446.92,0.0,119.04,,,,,,,商贸零售,贸易Ⅱ,贸易Ⅲ,1.48,1.49,1.51
sh600145,*ST新亿,2021-07-02,1.46,1.52,1.41,1.5,1.47,30642356.0,44886836.0,2236650570.0,2236650570.0,-118395074.24,35056250.13,553248941.41,1040836499.42,487587558.01,13041485.01,1900.18,2133.39,803.94,712.31,1784.56,1642.99,0.0,0.0,,,,,,,商贸零售,贸易Ⅱ,贸易Ⅲ,1.45,1.44,1.46
sh600145,*ST新亿,2021-07-05,1.49,1.49,1.43,1.46,1.5,30239995.0,43971873.0,2177006554.8,2177006554.8,-118395074.24,35056250.13,553248941.41,1040836499.42,487587558.01,13041485.01,2024.91,2006.04,414.06,812.87,1958.21,1578.28,0.0,0.0,,,,,,,商贸零售,贸易Ⅱ,贸易Ⅲ,1.43,1.46,1.44
sh600145,*ST新亿,2021-07-06,1.46,1.53,1.41,1.53,1.46,25564703.0,37649100.0,2281383581.4,2281383581.4,-118395074.24,35056250.13,553248941.41,1040836499.42,487587558.01,13041485.01,1381.9,1542.18,1023.67,821.91,1359.34,1400.82,0.0,0.0,,,,,,,商贸零售,贸易Ⅱ,贸易Ⅲ,1.42,1.44,1.45
sh600145,*ST新亿,2021-07-07,1.55,1.61,1.52,1.56,1.53,54457029.0,86606363.0,2326116592.8,2326116592.8,-118395074.24,35056250.13,553248941.41,1040836499.42,487587558.01,13041485.01,3831.94,4111.75,1451.06,1795.98,3377.63,2752.91,0.0,0.0,,,,,,,商贸零售,贸易Ⅱ,贸易Ⅲ,1.55,1.6,1.61
sh600145,*ST新亿,2021-07-08,1.52,1.55,1.48,1.54,1.56,38528377.0,58361304.0,2296294585.2,2296294585.2,-118395074.24,35056250.13,553248941.41,1040836499.42,487587558.01,13041485.01,2401.22,2397.32,937.74,1189.9,2497.17,2248.91,0.0,0.0,,,,,,,商贸零售,贸易Ⅱ,贸易Ⅲ,1.5,1.52,1.51
sh600145,*ST新亿,2021-07-09,1.52,1.54,1.46,1.49,1.54,31618400.0,47460448.0,2221739566.2000003,2221739566.2000003,-118395074.24,35056250.13,553248941.41,1040836499.42,487587558.01,13041485.01,2059.91,2245.77,585.88,663.91,2100.26,1836.37,0.0,0.0,,,,,,,商贸零售,贸易Ⅱ,贸易Ⅲ,1.5,1.53,1.52
sh600145,*ST新亿,2021-07-12,1.48,1.52,1.47,1.48,1.49,23044790.0,34364917.0,2206828562.4,2206828562.4,-118395074.24,35056250.13,553248941.41,1040836499.42,487587558.01,13041485.01,1553.35,1365.79,476.93,758.13,1406.22,1312.58,0.0,0.0,,,,,,,商贸零售,贸易Ⅱ,贸易Ⅲ,1.49,1.52,1.5
sh600145,*ST新亿,2021-07-13,1.47,1.55,1.47,1.55,1.48,35536580.0,54522024.0,2311205589.0,2311205589.0,-118395074.24,35056250.13,553248941.41,1040836499.42,487587558.01,13041485.01,1926.31,1880.51,2309.34,1542.75,1216.55,1503.31,0.0,525.64,,,,,,,商贸零售,贸易Ⅱ,贸易Ⅲ,1.49,1.54,1.53
sh600145,*ST新亿,2021-07-14,1.6,1.62,1.48,1.5,1.55,41062963.0,63225241.0,2236650570.0,2236650570.0,-118395074.24,35056250.13,553248941.41,1040836499.42,487587558.01,13041485.01,2481.57,2773.13,1287.37,1437.49,2553.59,2111.91,0.0,0.0,,,,,,,商贸零售,贸易Ⅱ,贸易Ⅲ,1.57,1.55,1.53
sh600145,*ST新亿,2021-07-15,1.48,1.48,1.43,1.45,1.5,34759633.0,50157381.0,2162095551.0,2162095551.0,-118395074.24,35056250.13,553248941.41,1040836499.42,487587558.01,13041485.01,1882.8,2260.53,957.81,1020.16,2175.13,1565.77,0.0,169.28,,,,,,,商贸零售,贸易Ⅱ,贸易Ⅲ,1.45,1.43,1.43
sh600145,*ST新亿,2021-07-16,1.44,1.47,1.43,1.45,1.45,21088673.0,30667891.0,2162095551.0,2162095551.0,-118395074.24,35056250.13,553248941.41,1040836499.42,487587558.01,13041485.01,1519.34,1291.87,290.56,641.11,1256.88,1133.8,0.0,0.0,,,,,,,商贸零售,贸易Ⅱ,贸易Ⅲ,1.46,1.45,1.45
sh600145,*ST新亿,2021-07-19,1.44,1.45,1.38,1.38,1.45,30307760.0,42356010.0,2057718524.4,2057718524.4,-118395074.24,35056250.13,553248941.41,1040836499.42,487587558.01,13041485.01,1566.91,1759.87,894.32,1253.73,1725.9,1173.53,0.0,0.0,,,,,,,商贸零售,贸易Ⅱ,贸易Ⅲ,1.43,1.41,1.41
sh600145,*ST新亿,2021-07-20,1.35,1.4,1.31,1.38,1.38,27172931.0,36510365.0,2057718524.4,2057718524.4,-118395074.24,35056250.13,553248941.41,1040836499.42,487587558.01,13041485.01,1527.15,1722.52,405.03,606.6,1718.85,1321.92,0.0,0.0,,,,,,,商贸零售,贸易Ⅱ,贸易Ⅲ,1.33,1.34,1.33
sh600145,*ST新亿,2021-07-21,1.37,1.45,1.36,1.45,1.38,25142294.0,35957042.0,2162095551.0,2162095551.0,-118395074.24,35056250.13,553248941.41,1040836499.42,487587558.01,13041485.01,1396.29,1404.35,1269.94,782.37,929.48,1408.98,0.0,0.0,,,,,,,商贸零售,贸易Ⅱ,贸易Ⅲ,1.4,1.42,1.45
sh600145,*ST新亿,2021-07-22,1.49,1.5,1.43,1.43,1.45,32013384.0,46830211.0,2132273543.4,2132273543.4,-118395074.24,35056250.13,553248941.41,1040836499.42,487587558.01,13041485.01,1911.68,1995.7,780.94,1059.28,1990.4,1628.04,0.0,0.0,,,,,,,商贸零售,贸易Ⅱ,贸易Ⅲ,1.48,1.47,1.46
sh600145,*ST新亿,2021-07-23,1.43,1.5,1.4,1.5,1.43,35304711.0,51822058.0,2236650570.0,2236650570.0,-118395074.24,35056250.13,553248941.41,1040836499.42,487587558.01,13041485.01,2216.38,2455.7,934.09,573.65,2031.74,2152.85,0.0,0.0,,,,,,,商贸零售,贸易Ⅱ,贸易Ⅲ,1.43,1.45,1.43
sh600145,*ST新亿,2021-07-26,1.51,1.58,1.47,1.58,1.5,53748763.0,82848710.0,2355938600.4,2355938600.4,-118395074.24,35056250.13,553248941.41,1040836499.42,487587558.01,13041485.01,3638.55,3678.5,1510.07,1704.65,3136.25,2796.64,0.0,105.08,,,,,,,商贸零售,贸易Ⅱ,贸易Ⅲ,1.5,1.48,1.54
sh600145,*ST新亿,2021-07-27,1.57,1.66,1.53,1.6,1.58,43242869.0,69582071.0,2385760608.0,2385760608.0,-118395074.24,35056250.13,553248941.41,1040836499.42,487587558.01,13041485.01,2993.27,3144.05,1064.98,1080.72,2899.96,2733.44,0.0,0.0,,,,,,,商贸零售,贸易Ⅱ,贸易Ⅲ,1.55,1.62,1.6
sh600145,*ST新亿,2021-07-28,1.56,1.59,1.52,1.52,1.6,33271364.0,50944346.0,2266472577.6,2266472577.6,-118395074.24,35056250.13,553248941.41,1040836499.42,487587558.01,13041485.01,2181.46,2154.85,761.74,1227.71,2151.38,1712.03,0.0,0.0,,,,,,,商贸零售,贸易Ⅱ,贸易Ⅲ,1.53,1.52,1.52
sh600145,*ST新亿,2021-07-29,1.48,1.58,1.46,1.5,1.52,29501720.0,44737461.0,2236650570.0,2236650570.0,-118395074.24,35056250.13,553248941.41,1040836499.42,487587558.01,13041485.01,2008.91,2000.43,684.0,583.9,1780.84,1889.42,0.0,0.0,,,,,,,商贸零售,贸易Ⅱ,贸易Ⅲ,1.48,1.47,1.49
sh600145,*ST新亿,2021-07-30,1.46,1.5,1.43,1.44,1.5,29440304.0,42826202.0,2147184547.2,2147184547.2,-118395074.24,35056250.13,553248941.41,1040836499.42,487587558.01,13041485.01,1982.33,1874.67,535.81,997.87,1764.48,1410.08,0.0,0.0,,,,,,,商贸零售,贸易Ⅱ,贸易Ⅲ,1.45,1.49,1.48
sh600145,*ST新亿,2021-08-02,1.43,1.51,1.41,1.51,1.44,20176173.0,29794829.0,2251561573.8,2251561573.8,-118395074.24,35056250.13,553248941.41,1040836499.42,487587558.01,13041485.01,1335.2,1224.03,606.92,328.85,1037.37,1426.61,0.0,0.0,,,,,,,商贸零售,贸易Ⅱ,贸易Ⅲ,1.44,1.44,1.46
sh600145,*ST新亿,2021-08-03,1.5,1.58,1.49,1.53,1.51,25005509.0,38455239.0,2281383581.4,2281383581.4,-118395074.24,35056250.13,553248941.41,1040836499.42,487587558.01,13041485.01,1740.7,1938.77,714.8,405.37,1390.02,1501.38,0.0,0.0,,,,,,,商贸零售,贸易Ⅱ,贸易Ⅲ,1.52,1.5,1.52
sh600145,*ST新亿,2021-08-04,1.53,1.59,1.51,1.54,1.53,21791079.0,33970572.0,2296294585.2,2296294585.2,-118395074.24,35056250.13,553248941.41,1040836499.42,487587558.01,13041485.01,1534.82,1649.62,565.0,520.85,1297.24,1226.59,0.0,0.0,,,,,,,商贸零售,贸易Ⅱ,贸易Ⅲ,1.56,1.57,1.57
sh600145,*ST新亿,2021-08-05,1.53,1.57,1.47,1.52,1.54,21450760.0,32699562.0,2266472577.6,2266472577.6,-118395074.24,35056250.13,553248941.41,1040836499.42,487587558.01,13041485.01,1428.77,1440.55,519.69,475.87,1321.5,1353.54,0.0,0.0,,,,,,,商贸零售,贸易Ⅱ,贸易Ⅲ,1.55,1.55,1.54
sh600145,*ST新亿,2021-08-06,1.51,1.52,1.47,1.5,1.52,12955533.0,19347049.0,2236650570.0,2236650570.0,-118395074.24,35056250.13,553248941.41,1040836499.42,487587558.01,13041485.01,842.09,920.67,298.58,121.7,794.04,892.34,0.0,0.0,,,,,,,商贸零售,贸易Ⅱ,贸易Ⅲ,1.5,1.48,1.49
sh600145,*ST新亿,2021-08-09,1.5,1.57,1.48,1.54,1.5,16709291.0,25681142.0,2296294585.2,2296294585.2,-118395074.24,35056250.13,553248941.41,1040836499.42,487587558.01,13041485.01,1094.48,1274.71,404.86,217.33,1068.78,1076.07,0.0,0.0,,,,,,,商贸零售,贸易Ⅱ,贸易Ⅲ,1.53,1.53,1.51
sh600145,*ST新亿,2021-08-10,1.55,1.61,1.53,1.58,1.54,24416421.0,38512594.0,2355938600.4,2355938600.4,-118395074.24,35056250.13,553248941.41,1040836499.42,487587558.01,13041485.01,1800.03,1847.16,730.12,564.6,1321.11,1439.49,0.0,0.0,,,,,,,商贸零售,贸易Ⅱ,贸易Ⅲ,1.55,1.56,1.57
sh600145,*ST新亿,2021-08-11,1.57,1.62,1.54,1.54,1.58,20059812.0,31515793.0,2296294585.2,2296294585.2,-118395074.24,35056250.13,553248941.41,1040836499.42,487587558.01,13041485.01,1572.16,1524.85,322.37,387.34,1257.06,1239.38,0.0,0.0,,,,,,,商贸零售,贸易Ⅱ,贸易Ⅲ,1.6,1.6,1.6
sh600145,*ST新亿,2021-08-12,1.53,1.6,1.53,1.6,1.54,19045270.0,29814469.0,2385760608.0,2385760608.0,-118395074.24,35056250.13,553248941.41,1040836499.42,487587558.01,13041485.01,1399.78,1302.61,509.21,543.21,1072.46,1135.62,0.0,0.0,,,,,,,商贸零售,贸易Ⅱ,贸易Ⅲ,1.54,1.55,1.55
sh600145,*ST新亿,2021-08-13,1.61,1.66,1.58,1.65,1.6,27508067.0,44506900.0,2460315627.0,2460315627.0,-118395074.24,35056250.13,553248941.41,1040836499.42,487587558.01,13041485.01,2175.24,1951.82,549.37,1060.91,1726.08,1437.97,0.0,0.0,,,,,,,商贸零售,贸易Ⅱ,贸易Ⅲ,1.62,1.59,1.6
sh600145,*ST新亿,2021-08-16,1.64,1.73,1.63,1.73,1.65,37006441.0,63415581.0,2579603657.4,2579603657.4,-118395074.24,35056250.13,553248941.41,1040836499.42,487587558.01,13041485.01,2065.13,2265.46,3272.09,2685.21,1004.34,1167.43,0.0,223.46,,,,,,,商贸零售,贸易Ⅱ,贸易Ⅲ,1.65,1.71,1.73
sh600145,*ST新亿,2021-08-17,1.74,1.77,1.64,1.64,1.73,53943175.0,91221176.0,2445404623.2,2445404623.2,-118395074.24,35056250.13,553248941.41,1040836499.42,487587558.01,13041485.01,4096.92,3508.88,1582.03,3220.02,3443.16,2359.49,0.0,33.73,,,,,,,商贸零售,贸易Ⅱ,贸易Ⅲ,1.74,1.69,1.71
sh600145,*ST新亿,2021-08-18,1.62,1.72,1.62,1.72,1.64,22160048.0,37379330.0,2564692653.6,2564692653.6,-118395074.24,35056250.13,553248941.41,1040836499.42,487587558.01,13041485.01,1472.2,1729.25,1304.8,581.91,960.94,1426.77,0.0,0.0,,,,,,,商贸零售,贸易Ⅱ,贸易Ⅲ,1.65,1.63,1.66
sh600145,*ST新亿,2021-08-19,1.74,1.81,1.74,1.81,1.72,10402855.0,18606620.0,2698891687.8,2698891687.8,-118395074.24,35056250.13,553248941.41,1040836499.42,487587558.01,13041485.01,696.7,765.91,708.56,607.12,455.4,487.63,0.0,0.0,,,,,,,商贸零售,贸易Ⅱ,贸易Ⅲ,1.81,1.81,1.81
sh600145,*ST新亿,2021-08-20,1.9,1.9,1.78,1.89,1.81,68971633.0,128389018.0,2818179718.2,2818179718.2,-118395074.24,35056250.13,553248941.41,1040836499.42,487587558.01,13041485.01,5445.78,5306.4,2359.2,3861.86,5033.93,3516.02,0.0,154.62,,,,,,,商贸零售,贸易Ⅱ,贸易Ⅲ,1.9,1.84,1.86
sh600145,*ST新亿,2021-08-23,1.86,1.98,1.82,1.98,1.89,43631858.0,83932923.0,2952378752.4,2952378752.4,-118395074.24,35056250.13,553248941.41,1040836499.42,487587558.01,13041485.01,3464.83,3499.66,2286.88,1889.61,2641.58,2643.51,0.0,360.51,,,,,,,商贸零售,贸易Ⅱ,贸易Ⅲ,1.84,1.9,1.9
sh600145,*ST新亿,2021-08-24,1.99,2.08,1.9,1.94,1.98,76620359.0,155384013.0,2892734737.2000003,2892734737.2000003,-118395074.24,35056250.13,553248941.41,1040836499.42,487587558.01,13041485.01,6518.67,6252.9,3630.97,4509.7,5388.75,4221.7,0.0,554.09,,,,,,,商贸零售,贸易Ⅱ,贸易Ⅲ,2.05,2.08,2.08
sh600145,*ST新亿,2021-08-25,1.92,1.95,1.85,1.91,1.94,42233919.0,80063424.0,2848001725.8,2848001725.8,-118395074.24,35056250.13,553248941.41,1040836499.42,487587558.01,13041485.01,3610.89,3423.7,1061.67,1581.05,3333.78,3001.59,0.0,0.0,,,,,,,商贸零售,贸易Ⅱ,贸易Ⅲ,1.9,1.89,1.86
sh600145,*ST新亿,2021-08-26,1.89,2.01,1.88,2.01,1.91,23396021.0,46314586.0,2997111763.8,2997111763.8,-118395074.24,35056250.13,553248941.41,1040836499.42,487587558.01,13041485.01,1920.51,2036.27,1371.17,967.73,1294.15,1627.46,45.63,0.0,,,,,,,商贸零售,贸易Ⅱ,贸易Ⅲ,1.89,2.0,2.01
sh600145,*ST新亿,2021-08-27,2.07,2.11,1.98,2.0,2.01,46045836.0,95061290.0,2982200760.0,2982200760.0,-118395074.24,35056250.13,553248941.41,1040836499.42,487587558.01,13041485.01,4401.67,3971.36,1554.31,2588.73,3236.01,2872.35,314.14,73.68,,,,,,,商贸零售,贸易Ⅱ,贸易Ⅲ,2.11,2.11,2.11
sh600145,*ST新亿,2021-08-30,2.0,2.09,1.97,2.02,2.0,34672770.0,70313434.0,3012022767.6,3012022767.6,-118395074.24,35056250.13,553248941.41,1040836499.42,487587558.01,13041485.01,3008.44,3249.61,1293.13,1199.12,2729.77,2459.24,0.0,123.38,,,,,,,商贸零售,贸易Ⅱ,贸易Ⅲ,2.09,2.06,2.04
sh600145,*ST新亿,2021-08-31,2.12,2.12,2.12,2.12,2.02,8051574.0,17069337.0,3161132805.6,3161132805.6,-112808974.22,6383145.059999999,583537546.6299999,1187969406.84,604431860.21,6150506.119999999,385.06,691.76,740.15,535.53,157.75,479.64,423.98,0.0,,,,,,,商贸零售,贸易Ⅱ,贸易Ⅲ,2.12,2.12,2.12
sh600145,*ST新亿,2021-09-01,2.23,2.23,2.23,2.23,2.12,2475913.0,5521286.0,3325153847.4,3325153847.4,-112808974.22,6383145.059999999,583537546.6299999,1187969406.84,604431860.21,6150506.119999999,127.14,204.05,33.45,113.69,58.81,126.65,332.74,107.75,,,,,,,商贸零售,贸易Ⅱ,贸易Ⅲ,2.23,2.23,2.23
sh600145,*ST新亿,2021-09-02,2.24,2.34,2.12,2.34,2.23,62737838.0,142945710.0,3489174889.2,3489174889.2,-112808974.22,6383145.059999999,583537546.6299999,1187969406.84,604431860.21,6150506.119999999,6488.11,5692.98,3210.41,4345.1,4574.36,3249.31,21.7,1007.18,,,,,,,商贸零售,贸易Ⅱ,贸易Ⅲ,2.19,2.3,2.28
sh600145,*ST新亿,2021-09-03,2.34,2.46,2.3,2.46,2.34,50534670.0,122652424.0,3668106934.8,3668106934.8,-112808974.22,6383145.059999999,583537546.6299999,1187969406.84,604431860.21,6150506.119999999,4805.78,4774.52,2888.67,3377.38,3733.14,3509.94,837.66,603.41,,,,,,,商贸零售,贸易Ⅱ,贸易Ⅲ,2.41,2.4,2.44
sh600145,*ST新亿,2021-09-06,2.37,2.46,2.34,2.34,2.46,57474291.0,136246669.0,3489174889.2,3489174889.2,-112808974.22,6383145.059999999,583537546.6299999,1187969406.84,604431860.21,6150506.119999999,5519.05,4958.02,3114.34,3977.27,4869.29,3807.32,121.99,882.05,,,,,,,商贸零售,贸易Ⅱ,贸易Ⅲ,2.41,2.34,2.37
sh600145,*ST新亿,2021-09-07,2.31,2.31,2.22,2.22,2.34,46750498.0,104818505.0,3310242843.6,3310242843.6,-112808974.22,6383145.059999999,583537546.6299999,1187969406.84,604431860.21,6150506.119999999,3848.07,3988.96,2739.34,3204.83,3453.14,3024.81,441.3,263.25,,,,,,,商贸零售,贸易Ⅱ,贸易Ⅲ,2.27,2.23,2.24
sh600145,*ST新亿,2021-09-08,2.18,2.32,2.17,2.23,2.22,32971506.0,74112360.0,3325153847.4,3325153847.4,-112808974.22,6383145.059999999,583537546.6299999,1187969406.84,604431860.21,6150506.119999999,3031.23,2955.0,2147.27,2161.77,2178.32,2031.13,54.42,263.33,,,,,,,商贸零售,贸易Ⅱ,贸易Ⅲ,2.26,2.25,2.27
sh600145,*ST新亿,2021-09-09,2.28,2.28,2.12,2.12,2.23,39852600.0,86336744.0,3161132805.6,3161132805.6,-112808974.22,6383145.059999999,583537546.6299999,1187969406.84,604431860.21,6150506.119999999,3342.24,3292.88,1829.39,2464.9,3333.84,2603.37,105.69,250.01,,,,,,,商贸零售,贸易Ⅱ,贸易Ⅲ,2.26,2.24,2.2
sh600145,*ST新亿,2021-09-10,2.18,2.23,2.14,2.23,2.12,30169309.0,66269030.0,3325153847.4,3325153847.4,-112808974.22,6383145.059999999,583537546.6299999,1187969406.84,604431860.21,6150506.119999999,2362.91,2641.29,2456.43,1366.16,1651.24,2453.74,156.33,165.71,,,,,,,商贸零售,贸易Ⅱ,贸易Ⅲ,2.18,2.18,2.19
sh600145,*ST新亿,2021-09-13,2.23,2.34,2.21,2.34,2.23,28492877.0,66064748.0,3489174889.2,3489174889.2,-112808974.22,6383145.059999999,583537546.6299999,1187969406.84,604431860.21,6150506.119999999,2234.08,2593.68,2702.55,2184.62,1593.02,1627.53,76.82,200.65,,,,,,,商贸零售,贸易Ⅱ,贸易Ⅲ,2.32,2.34,2.34
sh600145,*ST新亿,2021-09-14,2.37,2.46,2.36,2.46,2.34,31645843.0,77479326.0,3668106934.8,3668106934.8,-112808974.22,6383145.059999999,583537546.6299999,1187969406.84,604431860.21,6150506.119999999,3047.37,2797.27,2322.63,2717.62,1913.52,1888.52,464.41,344.53,,,,,,,商贸零售,贸易Ⅱ,贸易Ⅲ,2.42,2.46,2.46
sh600145,*ST新亿,2021-09-15,2.47,2.54,2.35,2.54,2.46,46365311.0,113868409.0,3787394965.2,3787394965.2,-112808974.22,6383145.059999999,583537546.6299999,1187969406.84,604431860.21,6150506.119999999,4961.54,5109.7,2611.56,2879.04,3690.24,3302.7,123.5,95.4,,,,,,,商贸零售,贸易Ⅱ,贸易Ⅲ,2.49,2.41,2.44
sh600145,*ST新亿,2021-09-16,2.57,2.65,2.46,2.54,2.54,37696892.0,96260968.0,3787394965.2,3787394965.2,-112808974.22,6383145.059999999,583537546.6299999,1187969406.84,604431860.21,6150506.119999999,4151.54,3817.97,2049.21,2268.44,3425.35,3300.66,0.0,239.03,,,,,,,商贸零售,贸易Ⅱ,贸易Ⅲ,2.47,2.51,2.5
sh600145,*ST新亿,2021-09-17,2.51,2.51,2.41,2.41,2.54,34686800.0,84783151.0,3593551915.8,3593551915.8,-112808974.22,6383145.059999999,583537546.6299999,1187969406.84,604431860.21,6150506.119999999,3774.17,3817.5,1415.88,2254.39,3178.74,2321.24,109.52,85.18,,,,,,,商贸零售,贸易Ⅱ,贸易Ⅲ,2.47,2.46,2.49
sh600145,*ST新亿,2021-09-22,2.48,2.53,2.42,2.53,2.41,13558669.0,33834051.0,3772483961.4,3772483961.4,-112808974.22,6383145.059999999,583537546.6299999,1187969406.84,604431860.21,6150506.119999999,924.02,1646.47,1459.36,687.56,763.48,1049.38,236.56,0.0,,,,,,,商贸零售,贸易Ⅱ,贸易Ⅲ,2.49,2.49,2.53
sh600145,*ST新亿,2021-09-23,2.55,2.64,2.44,2.46,2.53,32259594.0,81811926.0,3668106934.8,3668106934.8,-112808974.22,6383145.059999999,583537546.6299999,1187969406.84,604431860.21,6150506.119999999,3628.2,3623.86,1500.5,2421.48,3053.27,2136.63,0.0,0.0,,,,,,,商贸零售,贸易Ⅱ,贸易Ⅲ,2.57,2.59,2.56
sh600145,*ST新亿,2021-09-24,2.41,2.44,2.34,2.35,2.46,23315262.0,55152710.0,3504085893.0,3504085893.0,-112808974.22,6383145.059999999,583537546.6299999,1187969406.84,604431860.21,6150506.119999999,2363.68,2074.98,906.72,1245.13,2244.87,2127.17,0.0,68.0,,,,,,,商贸零售,贸易Ⅱ,贸易Ⅲ,2.42,2.36,2.37
sh600145,*ST新亿,2021-09-27,2.36,2.37,2.23,2.23,2.35,17540761.0,39627509.0,3325153847.4,3325153847.4,-112808974.22,6383145.059999999,583537546.6299999,1187969406.84,604431860.21,6150506.119999999,1837.76,1644.31,683.49,1045.51,1423.34,1272.93,18.16,0.0,,,,,,,商贸零售,贸易Ⅱ,贸易Ⅲ,2.32,2.32,2.24
sh600145,*ST新亿,2021-09-28,2.19,2.33,2.12,2.3,2.23,20134712.0,44325394.0,3429530874.0,3429530874.0,-112808974.22,6383145.059999999,583537546.6299999,1187969406.84,604431860.21,6150506.119999999,1867.88,1864.97,625.56,727.69,1832.6,1710.25,106.5,129.64,,,,,,,商贸零售,贸易Ⅱ,贸易Ⅲ,2.13,2.13,2.15
sh600145,*ST新亿,2021-09-29,2.26,2.28,2.19,2.19,2.3,16114937.0,35545813.0,3265509832.2,3265509832.2,-112808974.22,6383145.059999999,583537546.6299999,1187969406.84,604431860.21,6150506.119999999,1430.69,1394.26,482.56,915.8,1531.83,1136.82,109.5,107.7,,,,,,,商贸零售,贸易Ⅱ,贸易Ⅲ,2.23,2.22,2.21
sh600145,*ST新亿,2021-09-30,2.16,2.17,2.08,2.1,2.19,17444731.0,36858508.0,3131310798.0,3131310798.0,-112808974.22,6383145.059999999,583537546.6299999,1187969406.84,604431860.21,6150506.119999999,1599.35,1615.92,452.19,661.06,1634.31,1286.04,0.0,122.84,,,,,,,商贸零售,贸易Ⅱ,贸易Ⅲ,2.14,2.1,2.13
sh600145,*ST新亿,2021-10-08,2.12,2.2,2.07,2.19,2.1,15866266.0,34170136.0,3265509832.2,3265509832.2,-112808974.22,6383145.059999999,583537546.6299999,1187969406.84,604431860.21,6150506.119999999,1640.01,1642.54,748.82,666.6,1028.19,1001.38,0.0,106.5,,,,,,,商贸零售,贸易Ⅱ,贸易Ⅲ,2.12,2.1,2.12
sh600145,*ST新亿,2021-10-11,2.18,2.3,2.16,2.3,2.19,16902152.0,38214784.0,3429530874.0,3429530874.0,-112808974.22,6383145.059999999,583537546.6299999,1187969406.84,604431860.21,6150506.119999999,1591.64,1628.03,810.42,772.46,1215.16,1273.23,204.26,147.76,,,,,,,商贸零售,贸易Ⅱ,贸易Ⅲ,2.22,2.24,2.21
sh600145,*ST新亿,2021-10-12,2.32,2.36,2.19,2.2,2.3,23334956.0,52382342.0,3280420836.0,3280420836.0,-112808974.22,6383145.059999999,583537546.6299999,1187969406.84,604431860.21,6150506.119999999,2241.37,2711.63,747.96,821.15,2130.43,1639.98,118.48,65.47,,,,,,,商贸零售,贸易Ⅱ,贸易Ⅲ,2.34,2.3,2.31
sh600145,*ST新亿,2021-10-13,2.17,2.19,2.09,2.09,2.2,20649621.0,43787568.0,3116399794.2,3116399794.2,-112808974.22,6383145.059999999,583537546.6299999,1187969406.84,604431860.21,6150506.119999999,1882.27,2236.29,681.56,473.39,1814.92,1509.8,0.0,159.26,,,,,,,商贸零售,贸易Ⅱ,贸易Ⅲ,2.14,2.16,2.17
sh600145,*ST新亿,2021-10-14,2.08,2.19,2.05,2.19,2.09,20801716.0,45040573.0,3265509832.2,3265509832.2,-112808974.22,6383145.059999999,583537546.6299999,1187969406.84,604431860.21,6150506.119999999,1642.43,2162.87,1706.27,622.07,1155.36,1719.12,0.0,0.0,,,,,,,商贸零售,贸易Ⅱ,贸易Ⅲ,2.08,2.16,2.16
sh600145,*ST新亿,2021-10-15,2.16,2.19,2.08,2.09,2.19,24962440.0,52695007.0,3116399794.2,3116399794.2,-112808974.22,6383145.059999999,583537546.6299999,1187969406.84,604431860.21,6150506.119999999,2228.71,2595.09,1048.16,1099.68,1884.63,1574.73,108.0,0.0,,,,,,,商贸零售,贸易Ⅱ,贸易Ⅲ,2.14,2.17,2.14
sh600145,*ST新亿,2021-10-18,2.16,2.19,2.15,2.19,2.09,7866660.0,17165846.0,3265509832.2,3265509832.2,-112808974.22,6383145.059999999,583537546.6299999,1187969406.84,604431860.21,6150506.119999999,409.64,729.92,854.06,455.31,265.68,452.96,108.81,0.0,,,,,,,商贸零售,贸易Ⅱ,贸易Ⅲ,2.19,2.19,2.19
sh600145,*ST新亿,2021-10-19,2.21,2.26,2.13,2.21,2.19,21269670.0,46886420.0,3295331839.8,3295331839.8,-112808974.22,6383145.059999999,583537546.6299999,1187969406.84,604431860.21,6150506.119999999,2106.41,1969.92,993.08,1287.18,1589.15,1431.54,0.0,0.0,,,,,,,商贸零售,贸易Ⅱ,贸易Ⅲ,2.23,2.2,2.15
sh600145,*ST新亿,2021-10-20,2.16,2.25,2.15,2.19,2.21,11366497.0,24930829.0,3265509832.2,3265509832.2,-112808974.22,6383145.059999999,583537546.6299999,1187969406.84,604431860.21,6150506.119999999,1044.69,1203.11,594.8,305.74,849.14,958.19,4.45,26.04,,,,,,,商贸零售,贸易Ⅱ,贸易Ⅲ,2.2,2.19,2.19
sh600145,*ST新亿,2021-10-21,2.19,2.2,2.13,2.15,2.19,14042243.0,30212662.0,3205865817.0,3205865817.0,-112808974.22,6383145.059999999,583537546.6299999,1187969406.84,604431860.21,6150506.119999999,1487.96,1372.17,428.81,628.94,1104.5,1020.16,0.0,0.0,,,,,,,商贸零售,贸易Ⅱ,贸易Ⅲ,2.17,2.17,2.16
sh600145,*ST新亿,2021-10-22,2.15,2.19,2.1,2.14,2.15,19694619.0,42223342.0,3190954813.2000003,3190954813.2000003,-112808974.22,6383145.059999999,583537546.6299999,1187969406.84,604431860.21,6150506.119999999,2035.87,2454.33,919.33,579.95,1267.13,1188.06,0.0,0.0,,,,,,,商贸零售,贸易Ⅱ,贸易Ⅲ,2.15,2.16,2.19
sh600145,*ST新亿,2021-10-25,2.03,2.03,2.03,2.03,2.14,5427700.0,11018231.0,3026933771.4,3026933771.4,-112808974.22,6383145.059999999,583537546.6299999,1187969406.84,604431860.21,6150506.119999999,370.29,123.16,348.65,663.0,382.88,17.58,0.0,298.08,,,,,,,商贸零售,贸易Ⅱ,贸易Ⅲ,2.03,2.03,2.03
sh600145,*ST新亿,2021-10-26,1.93,1.93,1.93,1.93,2.03,2299400.0,4437842.0,2877823733.4,2877823733.4,-112808974.22,6383145.059999999,583537546.6299999,1187969406.84,604431860.21,6150506.119999999,168.1,25.67,96.48,218.23,179.2,6.89,0.0,193.0,,,,,,,商贸零售,贸易Ⅱ,贸易Ⅲ,1.93,1.93,1.93
sh600145,*ST新亿,2021-10-27,1.83,1.83,1.83,1.83,1.93,1481500.0,2711145.0,2728713695.4,2728713695.4,-112808974.22,6383145.059999999,583537546.6299999,1187969406.84,604431860.21,6150506.119999999,85.88,54.5,71.37,60.76,113.86,2.96,0.0,152.9,,,,,,,商贸零售,贸易Ⅱ,贸易Ⅲ,1.83,1.83,1.83
sh600145,*ST新亿,2021-10-28,1.74,1.74,1.74,1.74,1.83,1094500.0,1904430.0,2594514661.2,2594514661.2,-112808974.22,6383145.059999999,583537546.6299999,1187969406.84,604431860.21,6150506.119999999,88.44,0.0,0.0,27.87,102.0,0.52,0.0,162.05,,,,,,,商贸零售,贸易Ⅱ,贸易Ⅲ,1.74,1.74,1.74
sh600145,*ST新亿,2021-10-29,1.65,1.65,1.65,1.65,1.74,2223200.0,3668280.0,2460315627.0,2460315627.0,-112808974.22,6383145.059999999,583537546.6299999,1187969406.84,604431860.21,6150506.119999999,117.94,75.04,117.63,113.82,131.26,12.96,0.0,165.0,,,,,,,商贸零售,贸易Ⅱ,贸易Ⅲ,1.65,1.65,1.65
sh600145,*ST新亿,2021-11-01,1.57,1.57,1.57,1.57,1.65,508600.0,798502.0,2341027596.6,2341027596.6,-126634791.69,27257461.49,593069161.5799999,1212947125.58,619877964.0,-16388003.0,15.26,18.53,0.0,52.52,64.59,8.81,0.0,0.0,,,,,,,商贸零售,贸易Ⅱ,贸易Ⅲ,1.57,1.57,1.57
sh600145,*ST新亿,2021-11-02,1.49,1.49,1.49,1.49,1.57,339700.0,506153.0,2221739566.2000003,2221739566.2000003,-126634791.69,27257461.49,593069161.5799999,1212947125.58,619877964.0,-16388003.0,14.72,12.5,0.0,38.11,35.89,0.0,0.0,0.0,,,,,,,商贸零售,贸易Ⅱ,贸易Ⅲ,1.49,1.49,1.49
sh600145,*ST新亿,2021-11-03,1.42,1.42,1.42,1.42,1.49,328600.0,466612.0,2117362539.6,2117362539.6,-126634791.69,27257461.49,593069161.5799999,1212947125.58,619877964.0,-16388003.0,7.09,0.0,0.0,46.66,39.58,0.0,0.0,0.0,,,,,,,商贸零售,贸易Ⅱ,贸易Ⅲ,1.42,1.42,1.42
sh600145,*ST新亿,2021-11-04,1.35,1.49,1.35,1.44,1.42,107746492.0,150377328.0,2147184547.2,2147184547.2,-126634791.69,27257461.49,593069161.5799999,1212947125.58,619877964.0,-16388003.0,5361.9,4742.83,4432.16,5771.89,5243.67,3040.93,0.0,1482.09,,,,,,,商贸零售,贸易Ⅱ,贸易Ⅲ,1.35,1.35,1.35
sh600145,*ST新亿,2021-11-05,1.37,1.4,1.37,1.37,1.44,55998208.0,76865722.0,2042807520.6,2042807520.6,-126634791.69,27257461.49,593069161.5799999,1212947125.58,619877964.0,-16388003.0,3156.03,2477.83,1167.89,3310.12,3362.65,1722.62,0.0,176.0,,,,,,,商贸零售,贸易Ⅱ,贸易Ⅲ,1.37,1.37,1.37
sh600145,*ST新亿,2021-11-08,1.31,1.4,1.3,1.33,1.37,86082447.0,113559601.0,1983163505.4,1983163505.4,-126634791.69,27257461.49,593069161.5799999,1212947125.58,619877964.0,-16388003.0,4556.72,3970.13,1651.71,3104.03,5147.52,3624.7,0.0,657.1,,,,,,,商贸零售,贸易Ⅱ,贸易Ⅲ,1.31,1.3,1.3
sh600145,*ST新亿,2021-11-09,1.31,1.4,1.3,1.4,1.33,71672806.0,98179687.0,2087540532.0,2087540532.0,-126634791.69,27257461.49,593069161.5799999,1212947125.58,619877964.0,-16388003.0,3548.08,4373.41,2769.02,1871.61,3500.86,3524.29,0.0,48.65,,,,,,,商贸零售,贸易Ⅱ,贸易Ⅲ,1.32,1.37,1.39
sh600145,*ST新亿,2021-11-10,1.41,1.47,1.4,1.47,1.4,42973208.0,62268636.0,2191917558.6,2191917558.6,-126634791.69,27257461.49,593069161.5799999,1212947125.58,619877964.0,-16388003.0,2714.0,2480.88,1160.45,1846.18,2352.42,1871.63,0.0,28.17,,,,,,,商贸零售,贸易Ⅱ,贸易Ⅲ,1.46,1.46,1.47
sh600145,*ST新亿,2021-11-11,1.54,1.54,1.49,1.54,1.47,24216028.0,37114557.0,2296294585.2,2296294585.2,-126634791.69,27257461.49,593069161.5799999,1212947125.58,619877964.0,-16388003.0,1394.6,1430.69,1033.33,1381.34,1283.52,899.42,0.0,0.0,,,,,,,商贸零售,贸易Ⅱ,贸易Ⅲ,1.54,1.54,1.54
sh600145,*ST新亿,2021-11-12,1.6,1.62,1.47,1.53,1.54,102501455.0,160090216.0,2281383581.4,2281383581.4,-126634791.69,27257461.49,593069161.5799999,1212947125.58,619877964.0,-16388003.0,6166.83,5956.52,2255.88,4570.26,7586.3,5482.25,0.0,0.0,,,,,,,商贸零售,贸易Ⅱ,贸易Ⅲ,1.62,1.62,1.62
sh600145,*ST新亿,2021-11-15,1.48,1.53,1.45,1.45,1.53,51924669.0,76042171.0,2162095551.0,2162095551.0,-126634791.69,27257461.49,593069161.5799999,1212947125.58,619877964.0,-16388003.0,2936.61,2955.39,1116.19,1377.45,3551.41,3271.38,0.0,0.0,,,,,,,商贸零售,贸易Ⅱ,贸易Ⅲ,1.45,1.49,1.47
sh600145,*ST新亿,2021-11-16,1.43,1.51,1.38,1.5,1.45,70510886.0,101235103.0,2236650570.0,2236650570.0,-126634791.69,27257461.49,593069161.5799999,1212947125.58,619877964.0,-16388003.0,3918.78,4007.17,1480.07,1383.58,4724.66,4646.32,0.0,86.44,,,,,,,商贸零售,贸易Ⅱ,贸易Ⅲ,1.41,1.4,1.38
sh600145,*ST新亿,2021-11-17,1.45,1.49,1.43,1.43,1.5,54141396.0,78719971.0,2132273543.4,2132273543.4,-126634791.69,27257461.49,593069161.5799999,1212947125.58,619877964.0,-16388003.0,3097.75,3136.02,962.91,1718.93,3811.34,2996.17,0.0,20.88,,,,,,,商贸零售,贸易Ⅱ,贸易Ⅲ,1.46,1.49,1.48
sh600145,*ST新亿,2021-11-18,1.41,1.46,1.38,1.4,1.43,37869141.0,53407382.0,2087540532.0,2087540532.0,-126634791.69,27257461.49,593069161.5799999,1212947125.58,619877964.0,-16388003.0,2209.15,2228.89,400.18,360.19,2731.41,2751.66,0.0,0.0,,,,,,,商贸零售,贸易Ⅱ,贸易Ⅲ,1.42,1.4,1.4
sh600145,*ST新亿,2021-11-19,1.47,1.47,1.47,1.47,1.4,8222182.0,12086608.0,2191917558.6,2191917558.6,-126634791.69,27257461.49,593069161.5799999,1212947125.58,619877964.0,-16388003.0,436.66,433.62,564.54,242.8,207.46,532.24,0.0,0.0,,,,,,,商贸零售,贸易Ⅱ,贸易Ⅲ,1.47,1.47,1.47
sh600145,*ST新亿,2021-11-22,1.47,1.54,1.42,1.51,1.47,60893877.0,90590321.0,2251561573.8,2251561573.8,-126634791.69,27257461.49,593069161.5799999,1212947125.58,619877964.0,-16388003.0,3770.09,3566.21,1347.98,1669.07,3940.96,3823.75,0.0,0.0,,,,,,,商贸零售,贸易Ⅱ,贸易Ⅲ,1.46,1.45,1.46
sh600145,*ST新亿,2021-11-23,1.55,1.55,1.46,1.52,1.51,49254165.0,74312323.0,2266472577.6,2266472577.6,-126634791.69,27257461.49,593069161.5799999,1212947125.58,619877964.0,-16388003.0,3047.0,2853.66,796.76,1502.19,3587.47,3043.16,0.0,32.22,,,,,,,商贸零售,贸易Ⅱ,贸易Ⅲ,1.52,1.53,1.5
sh600145,*ST新亿,2021-11-24,1.5,1.51,1.46,1.46,1.52,35917677.0,52932162.0,2177006554.8,2177006554.8,-126634791.69,27257461.49,593069161.5799999,1212947125.58,619877964.0,-16388003.0,2148.0,2239.11,575.84,775.89,2569.38,2278.22,0.0,0.0,,,,,,,商贸零售,贸易Ⅱ,贸易Ⅲ,1.49,1.49,1.48
sh600145,*ST新亿,2021-11-25,1.42,1.48,1.4,1.45,1.46,36831752.0,53043765.0,2162095551.0,2162095551.0,-126634791.69,27257461.49,593069161.5799999,1212947125.58,619877964.0,-16388003.0,2475.34,2374.02,199.67,646.36,2629.37,2283.99,0.0,0.0,,,,,,,商贸零售,贸易Ⅱ,贸易Ⅲ,1.44,1.42,1.41
sh600145,*ST新亿,2021-11-26,1.42,1.46,1.41,1.42,1.45,31028220.0,44252255.0,2117362539.6,2117362539.6,-126634791.69,27257461.49,593069161.5799999,1212947125.58,619877964.0,-16388003.0,1770.51,2158.64,606.86,417.32,2047.86,1849.27,0.0,0.0,,,,,,,商贸零售,贸易Ⅱ,贸易Ⅲ,1.44,1.43,1.44
sh600145,*ST新亿,2021-11-29,1.42,1.44,1.39,1.42,1.42,24624019.0,34949831.0,2117362539.6,2117362539.6,-126634791.69,27257461.49,593069161.5799999,1212947125.58,619877964.0,-16388003.0,1644.66,1424.84,406.29,434.02,1444.04,1636.12,0.0,0.0,,,,,,,商贸零售,贸易Ⅱ,贸易Ⅲ,1.41,1.43,1.43
sh600145,*ST新亿,2021-11-30,1.41,1.43,1.39,1.4,1.42,31049053.0,43609252.0,2087540532.0,2087540532.0,-126634791.69,27257461.49,593069161.5799999,1212947125.58,619877964.0,-16388003.0,1794.97,1892.47,666.43,509.5,1899.53,1958.96,0.0,0.0,,,,,,,商贸零售,贸易Ⅱ,贸易Ⅲ,1.39,1.41,1.41
sh600145,*ST新亿,2021-12-01,1.4,1.41,1.35,1.41,1.4,33126508.0,45785198.0,2102451535.8,2102451535.8,-126634791.69,27257461.49,593069161.5799999,1212947125.58,619877964.0,-16388003.0,1947.71,1971.22,404.57,599.87,2226.24,2007.43,0.0,0.0,,,,,,,商贸零售,贸易Ⅱ,贸易Ⅲ,1.38,1.39,1.38
sh600145,*ST新亿,2021-12-02,1.4,1.48,1.38,1.48,1.41,48942644.0,71130750.0,2206828562.4,2206828562.4,-126634791.69,27257461.49,593069161.5799999,1212947125.58,619877964.0,-16388003.0,3002.51,3107.72,1137.92,1116.49,2972.64,2888.86,0.0,0.0,,,,,,,商贸零售,贸易Ⅱ,贸易Ⅲ,1.39,1.4,1.43
sh600145,*ST新亿,2021-12-03,1.47,1.55,1.45,1.55,1.48,81464993.0,124062683.0,2311205589.0,2311205589.0,-126634791.69,27257461.49,593069161.5799999,1212947125.58,619877964.0,-16388003.0,5141.91,4906.14,1552.98,3290.48,5711.38,4209.65,0.0,0.0,,,,,,,商贸零售,贸易Ⅱ,贸易Ⅲ,1.51,1.53,1.51
sh600145,*ST新亿,2021-12-06,1.51,1.62,1.47,1.53,1.55,93103615.0,142954441.0,2281383581.4,2281383581.4,-126634791.69,27257461.49,593069161.5799999,1212947125.58,619877964.0,-16388003.0,5514.12,6033.36,1787.85,2704.17,6993.47,5557.91,0.0,0.0,,,,,,,商贸零售,贸易Ⅱ,贸易Ⅲ,1.47,1.51,1.51
sh600145,*ST新亿,2021-12-07,1.52,1.61,1.49,1.61,1.53,77846473.0,122835831.0,2400671611.8,2400671611.8,-126634791.69,27257461.49,593069161.5799999,1212947125.58,619877964.0,-16388003.0,4704.37,5077.39,2975.03,2027.15,4604.18,5069.44,0.0,109.6,,,,,,,商贸零售,贸易Ⅱ,贸易Ⅲ,1.55,1.53,1.53
sh600145,*ST新亿,2021-12-08,1.62,1.69,1.55,1.57,1.61,127578822.0,207707716.0,2341027596.6,2341027596.6,-126634791.69,27257461.49,593069161.5799999,1212947125.58,619877964.0,-16388003.0,8502.69,8096.51,2456.01,5841.67,9812.08,6713.65,0.0,118.94,,,,,,,商贸零售,贸易Ⅱ,贸易Ⅲ,1.61,1.6,1.64
sh600145,*ST新亿,2021-12-09,1.5,1.54,1.49,1.51,1.57,89712858.0,134526450.0,2251561573.8,2251561573.8,-126634791.69,27257461.49,593069161.5799999,1212947125.58,619877964.0,-16388003.0,4770.92,5123.83,1426.68,2657.37,7255.04,5671.44,0.0,0.0,,,,,,,商贸零售,贸易Ⅱ,贸易Ⅲ,1.49,1.5,1.49
sh600145,*ST新亿,2021-12-10,1.49,1.53,1.46,1.47,1.51,54584848.0,81502725.0,2191917558.6,2191917558.6,-126634791.69,27257461.49,593069161.5799999,1212947125.58,619877964.0,-16388003.0,3265.63,2968.9,1100.49,1521.41,3784.15,3659.97,0.0,0.0,,,,,,,商贸零售,贸易Ⅱ,贸易Ⅲ,1.49,1.52,1.51
sh600145,*ST新亿,2021-12-13,1.43,1.45,1.4,1.4,1.47,66507270.0,93661719.0,2087540532.0,2087540532.0,-126634791.69,27257461.49,593069161.5799999,1212947125.58,619877964.0,-16388003.0,3173.89,3581.81,1339.08,1704.71,4853.2,3828.25,0.0,251.4,,,,,,,商贸零售,贸易Ⅱ,贸易Ⅲ,1.41,1.41,1.41
sh600145,*ST新亿,2021-12-14,1.38,1.45,1.37,1.41,1.4,48061982.0,67853692.0,2102451535.8,2102451535.8,-126634791.69,27257461.49,593069161.5799999,1212947125.58,619877964.0,-16388003.0,2759.31,2436.13,814.93,1570.01,3211.12,2715.03,0.0,64.21,,,,,,,商贸零售,贸易Ⅱ,贸易Ⅲ,1.38,1.41,1.4
sh600145,*ST新亿,2021-12-15,1.4,1.42,1.36,1.37,1.41,50379145.0,69877681.0,2042807520.6,2042807520.6,-126634791.69,27257461.49,593069161.5799999,1212947125.58,619877964.0,-16388003.0,2629.5,2850.74,713.54,1505.87,3644.72,2620.4,0.0,10.75,,,,,,,商贸零售,贸易Ⅱ,贸易Ⅲ,1.4,1.4,1.4
sh600145,*ST新亿,2021-12-16,1.35,1.38,1.3,1.36,1.37,48168646.0,64889329.0,2027896516.8,2027896516.8,-126634791.69,27257461.49,593069161.5799999,1212947125.58,619877964.0,-16388003.0,2254.3,2447.5,805.51,1152.33,3429.12,2786.63,0.0,102.47,,,,,,,商贸零售,贸易Ⅱ,贸易Ⅲ,1.38,1.36,1.33
sh600145,*ST新亿,2021-12-17,1.35,1.38,1.33,1.35,1.36,36367757.0,49185940.0,2012985513.0,2012985513.0,-126634791.69,27257461.49,593069161.5799999,1212947125.58,619877964.0,-16388003.0,1767.52,2192.97,876.71,490.12,2274.36,2235.5,0.0,0.0,,,,,,,商贸零售,贸易Ⅱ,贸易Ⅲ,1.34,1.35,1.38
sh600145,*ST新亿,2021-12-20,1.33,1.34,1.28,1.28,1.35,53953370.0,69809924.0,1908608486.4,1908608486.4,-126634791.69,27257461.49,593069161.5799999,1212947125.58,619877964.0,-16388003.0,2379.22,2459.78,914.23,1465.3,3687.55,2927.91,0.0,128.0,,,,,,,商贸零售,贸易Ⅱ,贸易Ⅲ,1.32,1.31,1.3
sh600145,*ST新亿,2021-12-21,1.22,1.26,1.22,1.24,1.28,64137721.0,78872557.0,1848964471.2,1848964471.2,-126634791.69,27257461.49,593069161.5799999,1212947125.58,619877964.0,-16388003.0,2773.73,2990.94,893.27,1307.14,4220.26,3589.17,0.0,0.0,,,,,,,商贸零售,贸易Ⅱ,贸易Ⅲ,1.22,1.22,1.22
sh600145,*ST新亿,2021-12-22,1.26,1.3,1.25,1.3,1.24,29488081.0,37992772.0,1938430494.0,1938430494.0,-126634791.69,27257461.49,593069161.5799999,1212947125.58,619877964.0,-16388003.0,1376.26,1483.79,1473.26,728.06,949.75,1587.43,0.0,0.0,,,,,,,商贸零售,贸易Ⅱ,贸易Ⅲ,1.3,1.3,1.3
sh600145,*ST新亿,2021-12-23,1.35,1.37,1.33,1.37,1.3,55194533.0,75324097.0,2042807520.6,2042807520.6,-126634791.69,27257461.49,593069161.5799999,1212947125.58,619877964.0,-16388003.0,3307.56,2911.49,1841.89,2160.5,2382.96,2460.42,0.0,0.0,,,,,,,商贸零售,贸易Ⅱ,贸易Ⅲ,1.37,1.37,1.37
sh600145,*ST新亿,2021-12-24,1.37,1.37,1.3,1.3,1.37,56548961.0,74647050.0,1938430494.0,1938430494.0,-126634791.69,27257461.49,593069161.5799999,1212947125.58,619877964.0,-16388003.0,2705.65,3194.32,858.75,1632.85,3900.3,2637.53,0.0,0.0,,,,,,,商贸零售,贸易Ⅱ,贸易Ⅲ,1.32,1.32,1.31
sh600145,*ST新亿,2021-12-27,1.25,1.35,1.24,1.32,1.3,58654860.0,74171634.0,1968252501.6,1968252501.6,-126634791.69,27257461.49,593069161.5799999,1212947125.58,619877964.0,-16388003.0,2844.6,2885.09,796.16,1173.59,3776.4,3358.48,0.0,0.0,,,,,,,商贸零售,贸易Ⅱ,贸易Ⅲ,1.24,1.25,1.24
sh600145,*ST新亿,2021-12-28,1.31,1.32,1.27,1.27,1.32,30006640.0,38630865.0,1893697482.6,1893697482.6,-126634791.69,27257461.49,593069161.5799999,1212947125.58,619877964.0,-16388003.0,1381.83,1594.81,452.31,469.72,2028.94,1790.66,0.0,7.89,,,,,,,商贸零售,贸易Ⅱ,贸易Ⅲ,1.31,1.29,1.29
sh600145,*ST新亿,2021-12-29,1.26,1.29,1.24,1.25,1.27,24578543.0,31079271.0,1863875475.0,1863875475.0,-126634791.69,27257461.49,593069161.5799999,1212947125.58,619877964.0,-16388003.0,1221.37,1156.49,400.09,459.6,1486.47,1491.83,0.0,0.0,,,,,,,商贸零售,贸易Ⅱ,贸易Ⅲ,1.25,1.26,1.27
sh600145,*ST新亿,2021-12-30,1.24,1.27,1.21,1.23,1.25,33681775.0,41696151.0,1834053467.4,1834053467.4,-126634791.69,27257461.49,593069161.5799999,1212947125.58,619877964.0,-16388003.0,1517.82,1439.27,499.79,876.82,2152.0,1747.37,0.0,106.15,,,,,,,商贸零售,贸易Ⅱ,贸易Ⅲ,1.23,1.25,1.24
sh600145,*ST新亿,2021-12-31,1.23,1.25,1.18,1.21,1.23,51133881.0,61838420.0,1804231459.8,1804231459.8,-126634791.69,27257461.49,593069161.5799999,1212947125.58,619877964.0,-16388003.0,2256.89,2311.26,503.98,976.28,3422.98,2896.3,0.0,0.0,,,,,,,商贸零售,贸易Ⅱ,贸易Ⅲ,1.22,1.21,1.22
sh600145,*ST新亿,2022-01-04,1.18,1.21,1.16,1.18,1.21,48839851.0,57740311.0,1759498448.4,1759498448.4,-126634791.69,27257461.49,593069161.5799999,1212947125.58,619877964.0,-16388003.0,2206.34,2297.54,592.5,897.96,2975.2,2443.68,0.0,134.85,,,,,,,商贸零售,贸易Ⅱ,贸易Ⅲ,1.19,1.19,1.16
sh600145,*ST新亿,2022-01-05,1.18,1.24,1.16,1.24,1.18,62067625.0,75586704.0,1848964471.2,1848964471.2,-126634791.69,27257461.49,593069161.5799999,1212947125.58,619877964.0,-16388003.0,2719.87,3014.41,1216.11,1018.31,3622.69,3435.88,0.0,90.07,,,,,,,商贸零售,贸易Ⅱ,贸易Ⅲ,1.17,1.2,1.22
sh600145,*ST新亿,2022-01-06,1.24,1.27,1.21,1.23,1.24,48503878.0,60027579.0,1834053467.4,1834053467.4,-126634791.69,27257461.49,593069161.5799999,1212947125.58,619877964.0,-16388003.0,2387.63,2584.31,662.29,829.76,2952.84,2588.69,0.0,0.0,,,,,,,商贸零售,贸易Ⅱ,贸易Ⅲ,1.24,1.25,1.24
sh600145,*ST新亿,2022-01-07,1.22,1.22,1.18,1.19,1.23,38283268.0,45719929.0,1774409452.2,1774409452.2,-126634791.69,27257461.49,593069161.5799999,1212947125.58,619877964.0,-16388003.0,1754.92,1862.23,326.38,447.56,2490.69,2262.2,0.0,0.0,,,,,,,商贸零售,贸易Ⅱ,贸易Ⅲ,1.2,1.21,1.2
sh600145,*ST新亿,2022-01-10,1.13,1.17,1.13,1.15,1.19,55188535.0,63074508.0,1714765437.0,1714765437.0,-126634791.69,27257461.49,593069161.5799999,1212947125.58,619877964.0,-16388003.0,2444.42,2798.59,612.07,1105.69,3250.96,2290.17,0.0,113.0,,,,,,,商贸零售,贸易Ⅱ,贸易Ⅲ,1.13,1.13,1.13
sh600145,*ST新亿,2022-01-11,1.14,1.18,1.12,1.16,1.15,37488968.0,43079574.0,1729676440.8,1729676440.8,-126634791.69,27257461.49,593069161.5799999,1212947125.58,619877964.0,-16388003.0,1443.85,1752.98,612.48,577.2,2251.63,1977.77,0.0,0.0,,,,,,,商贸零售,贸易Ⅱ,贸易Ⅲ,1.13,1.14,1.15
sh600145,*ST新亿,2022-01-12,1.15,1.16,1.12,1.14,1.16,41564420.0,47224487.0,1699854433.1999998,1699854433.1999998,-126634791.69,27257461.49,593069161.5799999,1212947125.58,619877964.0,-16388003.0,1824.99,1881.91,533.45,847.4,2364.01,1993.14,0.0,0.0,,,,,,,商贸零售,贸易Ⅱ,贸易Ⅲ,1.14,1.15,1.14
sh600145,*ST新亿,2022-01-13,1.14,1.15,1.12,1.13,1.14,26707056.0,30293931.0,1684943429.4,1684943429.4,-126634791.69,27257461.49,593069161.5799999,1212947125.58,619877964.0,-16388003.0,1111.38,1273.07,390.17,367.21,1527.84,1389.12,0.0,0.0,,,,,,,商贸零售,贸易Ⅱ,贸易Ⅲ,1.12,1.14,1.13
sh600145,*ST新亿,2022-01-14,1.08,1.1,1.07,1.07,1.13,68835019.0,74008346.0,1595477406.6,1595477406.6,-126634791.69,27257461.49,593069161.5799999,1212947125.58,619877964.0,-16388003.0,2562.3,2234.78,752.12,2533.57,4086.42,1710.05,0.0,922.44,,,,,,,商贸零售,贸易Ⅱ,贸易Ⅲ,1.09,1.08,1.09
sh600145,*ST新亿,2022-01-17,1.02,1.02,1.02,1.02,1.07,5638200.0,5750964.0,1520922387.6,1520922387.6,-126634791.69,27257461.49,593069161.5799999,1212947125.58,619877964.0,-16388003.0,139.83,256.7,0.0,209.37,435.26,109.02,0.0,0.0,,,,,,,商贸零售,贸易Ⅱ,贸易Ⅲ,1.02,1.02,1.02
sh600145,*ST新亿,2022-01-18,0.97,0.97,0.97,0.97,1.02,6439400.0,6246218.0,1446367368.6,1446367368.6,-126634791.69,27257461.49,593069161.5799999,1212947125.58,619877964.0,-16388003.0,172.1,201.48,48.5,300.56,404.02,122.58,0.0,0.0,,,,,,,商贸零售,贸易Ⅱ,贸易Ⅲ,0.97,0.97,0.97
sh600145,*ST新亿,2022-01-19,0.92,1.02,0.92,0.95,0.97,107785866.0,103508885.0,1416545361.0,1416545361.0,-126634791.69,27257461.49,593069161.5799999,1212947125.58,619877964.0,-16388003.0,3769.85,4123.7,1221.57,1882.48,5359.47,4344.71,0.0,0.0,,,,,,,商贸零售,贸易Ⅱ,贸易Ⅲ,0.95,0.99,0.96
sh600145,*ST新亿,2022-01-20,0.93,0.95,0.9,0.9,0.95,86892920.0,79162693.0,1341990342.0,1341990342.0,-126634791.69,27257461.49,593069161.5799999,1212947125.58,619877964.0,-16388003.0,2620.98,2986.11,776.0,1247.13,4519.28,3683.03,0.0,0.0,,,,,,,商贸零售,贸易Ⅱ,贸易Ⅲ,0.93,0.92,0.91
sh600145,*ST新亿,2022-01-21,0.89,0.95,0.88,0.95,0.9,83034082.0,76568428.0,1416545361.0,1416545361.0,-126634791.69,27257461.49,593069161.5799999,1212947125.58,619877964.0,-16388003.0,2887.06,2885.77,1071.63,986.41,3698.15,3784.66,0.0,0.0,,,,,,,商贸零售,贸易Ⅱ,贸易Ⅲ,0.92,0.92,0.9
sh600145,*ST新亿,2022-01-24,0.93,1.0,0.92,1.0,0.95,75564474.0,74230803.0,1491100380.0,1491100380.0,-126634791.69,27257461.49,593069161.5799999,1212947125.58,619877964.0,-16388003.0,2855.66,2907.09,915.61,1314.69,3651.81,3201.3,0.0,0.0,,,,,,,商贸零售,贸易Ⅱ,贸易Ⅲ,0.97,0.98,0.99
sh600145,*ST新亿,2022-01-25,1.03,1.05,1.0,1.05,1.0,58865574.0,61320235.0,1565655399.0,1565655399.0,-126634791.69,27257461.49,593069161.5799999,1212947125.58,619877964.0,-16388003.0,2569.12,2254.91,975.54,1337.96,2587.37,2535.45,0.0,3.7,,,,,,,商贸零售,贸易Ⅱ,贸易Ⅲ,1.04,1.05,1.05
sh600145,*ST新亿,2022-01-26,1.08,1.1,1.06,1.1,1.05,26367140.0,28782382.0,1640210418.0,1640210418.0,-126634791.69,27257461.49,593069161.5799999,1212947125.58,619877964.0,-16388003.0,1054.6,1078.7,517.22,708.63,1306.41,1090.91,0.0,0.0,,,,,,,商贸零售,贸易Ⅱ,贸易Ⅲ,1.1,1.1,1.1
sh600145,*ST新亿,2022-01-27,1.16,1.16,1.05,1.05,1.1,117340543.0,127794741.0,1565655399.0,1565655399.0,-126634791.69,27257461.49,593069161.5799999,1212947125.58,619877964.0,-16388003.0,4631.28,4867.94,1231.44,2330.23,6916.75,5505.98,0.0,75.32,,,,,,,商贸零售,贸易Ⅱ,贸易Ⅲ,1.16,1.06,1.09
sh600145,*ST新亿,2022-01-28,1.0,1.04,1.0,1.0,1.05,81590508.0,82025531.0,1491100380.0,1491100380.0,-126634791.69,27257461.49,593069161.5799999,1212947125.58,619877964.0,-16388003.0,2946.59,3229.87,999.36,1044.78,4256.6,3927.91,0.0,0.0,,,,,,,商贸零售,贸易Ⅱ,贸易Ⅲ,1.01,1.01,1.01
sh600145,*ST新亿,2022-02-07,0.96,1.01,0.95,0.98,1.0,66846554.0,64399472.0,1461278372.4,1461278372.4,-126634791.69,27257461.49,593069161.5799999,1212947125.58,619877964.0,-16388003.0,2190.09,2361.25,626.72,772.11,3623.13,3306.59,0.0,0.0,,,,,,,商贸零售,贸易Ⅱ,贸易Ⅲ,0.96,0.97,0.95
sh600145,*ST新亿,2022-02-08,0.97,1.03,0.96,1.03,0.98,62082135.0,62630627.0,1535833391.4,1535833391.4,-126634791.69,27257461.49,593069161.5799999,1212947125.58,619877964.0,-16388003.0,2475.99,2297.09,960.51,606.04,2826.57,3256.93,0.0,103.0,,,,,,,商贸零售,贸易Ⅱ,贸易Ⅲ,0.97,0.99,0.98
sh600145,*ST新亿,2022-02-09,1.03,1.03,0.99,1.01,1.03,53853767.0,54275212.0,1506011383.8,1506011383.8,-126634791.69,27257461.49,593069161.5799999,1212947125.58,619877964.0,-16388003.0,2021.26,2133.04,641.29,1144.93,2764.96,2149.55,0.0,0.0,,,,,,,商贸零售,贸易Ⅱ,贸易Ⅲ,1.01,1.0,1.0
sh600145,*ST新亿,2022-02-10,1.0,1.06,0.99,1.06,1.01,68887059.0,71082893.0,1580566402.8,1580566402.8,-126634791.69,27257461.49,593069161.5799999,1212947125.58,619877964.0,-16388003.0,3011.9,2709.59,888.8,1177.22,3207.59,3221.47,0.0,0.0,,,,,,,商贸零售,贸易Ⅱ,贸易Ⅲ,1.02,1.02,1.01
sh600145,*ST新亿,2022-02-11,1.07,1.11,1.05,1.11,1.06,85221210.0,93432571.0,1655121421.8,1655121421.8,-126634791.69,27257461.49,593069161.5799999,1212947125.58,619877964.0,-16388003.0,3720.12,3820.59,1128.78,1294.59,4494.36,4228.08,0.0,0.0,,,,,,,商贸零售,贸易Ⅱ,贸易Ⅲ,1.09,1.09,1.09
sh600145,*ST新亿,2022-02-14,1.07,1.08,1.05,1.05,1.11,66839660.0,70575726.0,1565655399.0,1565655399.0,-126634791.69,27257461.49,593069161.5799999,1212947125.58,619877964.0,-16388003.0,2568.77,2932.64,569.54,1083.26,3919.26,2935.67,0.0,106.0,,,,,,,商贸零售,贸易Ⅱ,贸易Ⅲ,1.05,1.07,1.06
sh600145,*ST新亿,2022-02-15,1.02,1.08,1.0,1.04,1.05,51552023.0,53424708.0,1550744395.2,1550744395.2,-126634791.69,27257461.49,593069161.5799999,1212947125.58,619877964.0,-16388003.0,2036.19,2078.88,479.27,760.72,2827.01,2502.87,0.0,0.0,,,,,,,商贸零售,贸易Ⅱ,贸易Ⅲ,1.01,1.01,1.01
sh600145,*ST新亿,2022-02-16,1.04,1.07,1.03,1.05,1.04,34248890.0,35811788.0,1565655399.0,1565655399.0,-126634791.69,27257461.49,593069161.5799999,1212947125.58,619877964.0,-16388003.0,1581.62,1374.91,336.55,477.12,1663.01,1729.14,0.0,0.0,,,,,,,商贸零售,贸易Ⅱ,贸易Ⅲ,1.06,1.05,1.04
sh600145,*ST新亿,2022-02-17,1.04,1.05,1.01,1.03,1.05,39925343.0,40963126.0,1535833391.4,1535833391.4,-126634791.69,27257461.49,593069161.5799999,1212947125.58,619877964.0,-16388003.0,1502.8,1556.23,205.12,522.25,2388.39,2017.83,0.0,0.0,,,,,,,商贸零售,贸易Ⅱ,贸易Ⅲ,1.03,1.03,1.03
sh600145,*ST新亿,2022-02-18,1.02,1.07,1.02,1.06,1.03,44577384.0,46888958.0,1580566402.8,1580566402.8,-126634791.69,27257461.49,593069161.5799999,1212947125.58,619877964.0,-16388003.0,1837.64,1726.46,501.6,517.67,2349.66,2444.77,0.0,0.0,,,,,,,商贸零售,贸易Ⅱ,贸易Ⅲ,1.02,1.04,1.05
sh600145,*ST新亿,2022-02-21,1.03,1.06,1.03,1.04,1.06,38825352.0,40388243.0,1550744395.2,1550744395.2,-126634791.69,27257461.49,593069161.5799999,1212947125.58,619877964.0,-16388003.0,1481.59,1575.52,517.06,514.27,2040.17,1949.03,0.0,0.0,,,,,,,商贸零售,贸易Ⅱ,贸易Ⅲ,1.05,1.04,1.04
sh600145,*ST新亿,2022-02-22,1.03,1.04,1.02,1.03,1.04,29464376.0,30328557.0,1535833391.4,1535833391.4,-126634791.69,27257461.49,593069161.5799999,1212947125.58,619877964.0,-16388003.0,1154.58,1100.86,371.32,545.82,1506.96,1386.18,0.0,0.0,,,,,,,商贸零售,贸易Ⅱ,贸易Ⅲ,1.03,1.03,1.03
sh600145,*ST新亿,2022-02-23,1.03,1.04,1.01,1.03,1.03,28595370.0,29247401.0,1535833391.4,1535833391.4,-126634791.69,27257461.49,593069161.5799999,1212947125.58,619877964.0,-16388003.0,1179.54,1077.59,219.16,459.81,1526.04,1387.34,0.0,0.0,,,,,,,商贸零售,贸易Ⅱ,贸易Ⅲ,1.03,1.03,1.02
sh600145,*ST新亿,2022-02-24,1.02,1.07,1.01,1.05,1.03,55097939.0,57430709.0,1565655399.0,1565655399.0,-126634791.69,27257461.49,593069161.5799999,1212947125.58,619877964.0,-16388003.0,2333.23,2243.14,759.64,646.25,2650.2,2853.68,0.0,0.0,,,,,,,商贸零售,贸易Ⅱ,贸易Ⅲ,1.03,1.02,1.02
sh600145,*ST新亿,2022-02-25,1.04,1.05,1.02,1.03,1.05,33204392.0,34371268.0,1535833391.4,1535833391.4,-126634791.69,27257461.49,593069161.5799999,1212947125.58,619877964.0,-16388003.0,1340.42,1311.11,316.36,594.73,1780.35,1531.29,0.0,0.0,,,,,,,商贸零售,贸易Ⅱ,贸易Ⅲ,1.04,1.02,1.03
sh600145,*ST新亿,2022-02-28,1.03,1.04,1.0,1.02,1.03,35532670.0,36180506.0,1520922387.6,1520922387.6,-126634791.69,27257461.49,593069161.5799999,1212947125.58,619877964.0,-16388003.0,1351.66,1426.15,248.79,393.06,2017.6,1798.83,0.0,0.0,,,,,,,商贸零售,贸易Ⅱ,贸易Ⅲ,1.02,1.01,1.01
sh600145,*ST新亿,2022-03-01,1.02,1.05,1.01,1.04,1.02,41606047.0,42779393.0,1550744395.2,1550744395.2,-126634791.69,27257461.49,593069161.5799999,1212947125.58,619877964.0,-16388003.0,1620.09,1732.24,568.68,558.42,2089.17,1987.28,0.0,0.0,,,,,,,商贸零售,贸易Ⅱ,贸易Ⅲ,1.01,1.03,1.03
sh600145,*ST新亿,2022-03-02,1.03,1.04,1.02,1.03,1.04,26618450.0,27413064.0,1535833391.4,1535833391.4,-126634791.69,27257461.49,593069161.5799999,1212947125.58,619877964.0,-16388003.0,1057.64,1112.13,301.53,410.16,1382.14,1219.02,0.0,0.0,,,,,,,商贸零售,贸易Ⅱ,贸易Ⅲ,1.03,1.03,1.04
sh600145,退市新亿,2022-03-30,0.29,0.35,0.26,0.28,1.03,268624174.0,78232758.0,417508106.4,417508106.4,-126634791.69,27257461.49,593069161.5799999,1212947125.58,619877964.0,-16388003.0,3227.71,2601.78,1595.36,264.48,3000.2,4957.02,0.0,0.0,,,,,,,商贸零售,贸易Ⅱ,贸易Ⅲ,0.29,0.28,0.29
sh600145,退市新亿,2022-03-31,0.28,0.31,0.27,0.31,0.28,140882113.0,41935289.0,462241117.8,462241117.8,-126634791.69,27257461.49,593069161.5799999,1212947125.58,619877964.0,-16388003.0,2127.81,1957.75,1011.82,670.82,1053.9,1564.95,0.0,0.0,,,,,,,商贸零售,贸易Ⅱ,贸易Ⅲ,0.3,0.29,0.28
sh600145,退市新亿,2022-04-01,0.32,0.33,0.29,0.3,0.31,96390807.0,29617631.0,447330114.00000006,447330114.00000006,-126634791.69,27257461.49,593069161.5799999,1212947125.58,619877964.0,-16388003.0,1386.01,1433.68,533.45,686.99,1042.3,841.1,0.0,0.0,,,,,,,商贸零售,贸易Ⅱ,贸易Ⅲ,0.31,0.3,0.3
sh600145,退市新亿,2022-04-06,0.3,0.32,0.29,0.3,0.3,71665850.0,21623543.0,447330114.00000006,447330114.00000006,-126634791.69,27257461.49,593069161.5799999,1212947125.58,619877964.0,-16388003.0,1070.63,1147.54,366.1,229.6,725.62,785.22,0.0,0.0,,,,,,,商贸零售,贸易Ⅱ,贸易Ⅲ,0.3,0.3,0.3
sh600145,退市新亿,2022-04-07,0.3,0.31,0.28,0.29,0.3,71685871.0,21038027.0,432419110.2,432419110.2,-126634791.69,27257461.49,593069161.5799999,1212947125.58,619877964.0,-16388003.0,879.47,881.96,414.42,622.64,809.92,599.21,0.0,0.0,,,,,,,商贸零售,贸易Ⅱ,贸易Ⅲ,0.29,0.3,0.3
sh600145,退市新亿,2022-04-08,0.29,0.3,0.28,0.28,0.29,30409993.0,8722873.0,417508106.4,417508106.4,-126634791.69,27257461.49,593069161.5799999,1212947125.58,619877964.0,-16388003.0,450.97,463.87,51.55,193.19,369.77,215.23,0.0,0.0,,,,,,,商贸零售,贸易Ⅱ,贸易Ⅲ,0.28,0.28,0.29
sh600145,退市新亿,2022-04-11,0.28,0.29,0.28,0.29,0.28,30679332.0,8739092.0,432419110.2,432419110.2,-126634791.69,27257461.49,593069161.5799999,1212947125.58,619877964.0,-16388003.0,222.27,303.75,439.22,318.0,212.42,252.16,0.0,0.0,,,,,,,商贸零售,贸易Ⅱ,贸易Ⅲ,0.28,0.28,0.28
sh600145,退市新亿,2022-04-12,0.29,0.31,0.28,0.31,0.29,93705926.0,28176037.0,462241117.8,462241117.8,-126634791.69,27257461.49,593069161.5799999,1212947125.58,619877964.0,-16388003.0,1407.81,1274.5,646.19,529.97,763.6,1013.14,0.0,0.0,,,,,,,商贸零售,贸易Ⅱ,贸易Ⅲ,0.3,0.3,0.3
sh600145,退市新亿,2022-04-13,0.31,0.32,0.3,0.31,0.31,35271160.0,10833038.0,462241117.8,462241117.8,-126634791.69,27257461.49,593069161.5799999,1212947125.58,619877964.0,-16388003.0,648.8,601.31,131.28,229.78,303.22,252.21,0.0,0.0,,,,,,,商贸零售,贸易Ⅱ,贸易Ⅲ,0.31,0.32,0.31
sh600145,退市新亿,2022-04-14,0.3,0.31,0.3,0.3,0.31,23305082.0,7079597.0,447330114.00000006,447330114.00000006,-126634791.69,27257461.49,593069161.5799999,1212947125.58,619877964.0,-16388003.0,250.65,255.77,278.94,258.17,178.37,194.02,0.0,0.0,,,,,,,商贸零售,贸易Ⅱ,贸易Ⅲ,0.31,0.31,0.3
sh600145,退市新亿,2022-04-15,0.31,0.31,0.3,0.3,0.3,22733224.0,6950382.0,447330114.00000006,447330114.00000006,-126634791.69,27257461.49,593069161.5799999,1212947125.58,619877964.0,-16388003.0,289.06,212.58,176.91,206.5,229.07,275.96,0.0,0.0,,,,,,,商贸零售,贸易Ⅱ,贸易Ⅲ,0.3,0.31,0.3
sh600145,退市新亿,2022-04-18,0.31,0.31,0.3,0.3,0.3,39069408.0,11833123.0,447330114.00000006,447330114.00000006,-126634791.69,27257461.49,593069161.5799999,1212947125.58,619877964.0,-16388003.0,455.69,405.62,376.74,356.69,350.88,421.01,0.0,0.0,,,,,,,商贸零售,贸易Ⅱ,贸易Ⅲ,0.31,0.3,0.3
sh600145,退市新亿,2022-04-19,0.3,0.31,0.29,0.31,0.3,59480305.0,17856273.0,462241117.8,462241117.8,-126634791.69,27257461.49,593069161.5799999,1212947125.58,619877964.0,-16388003.0,821.27,762.65,173.71,451.76,790.65,571.23,0.0,0.0,,,,,,,商贸零售,贸易Ⅱ,贸易Ⅲ,0.29,0.3,0.29
sh600145,退市新亿,2022-04-20,0.3,0.34,0.3,0.34,0.31,97781836.0,31941379.0,506974129.2000001,506974129.2000001,-126634791.69,27257461.49,593069161.5799999,1212947125.58,619877964.0,-16388003.0,1352.23,1494.36,495.95,374.32,1345.96,1325.47,0.0,0.0,,,,,,,商贸零售,贸易Ⅱ,贸易Ⅲ,0.31,0.32,0.32
sh600145,退市新亿,2022-04-21,0.35,0.35,0.32,0.34,0.34,82090851.0,27848821.0,506974129.2000001,506974129.2000001,-126634791.69,27257461.49,593069161.5799999,1212947125.58,619877964.0,-16388003.0,1021.75,1193.09,196.64,510.98,1566.49,1080.81,0.0,0.0,,,,,,,商贸零售,贸易Ⅱ,贸易Ⅲ,0.33,0.34,0.35
