本数据策略分享会专用，由邢不行整理，微信：xbx6660
股票代码,股票名称,交易日期,开盘价,最高价,最低价,收盘价,前收盘价,成交量,成交额,流通市值,总市值,净利润TTM,现金流TTM,净资产,总资产,总负债,净利润(当季),中户资金买入额,中户资金卖出额,大户资金买入额,大户资金卖出额,散户资金买入额,散户资金卖出额,机构资金买入额,机构资金卖出额,沪深300成分股,上证50成分股,中证500成分股,中证1000成分股,中证2000成分股,创业板指成分股,新版申万一级行业名称,新版申万二级行业名称,新版申万三级行业名称,09:35收盘价,09:45收盘价,09:55收盘价
sh688129,N东来,2020-10-23,35.0,38.47,32.3,34.0,15.22,19723769.0,682750983.0,928146484.0,4080000000.0,,,415184700.0,415184700.0,0.0,,17487.55,19627.97,20558.81,55.58,8731.98,36795.18,9700.39,0.0,,,,,,,基础化工,化学制品,涂料油漆油墨制造,33.0,34.13,32.99
sh688129,东来技术,2020-10-26,30.6,31.25,27.58,27.78,34.0,13591179.0,389187478.0,758350274.28,3333600000.0,,,415184700.0,415184700.0,0.0,,15245.18,14757.71,12172.26,14023.67,9488.84,6507.32,1403.24,3020.83,,,,,,,基础化工,化学制品,涂料油漆油墨制造,29.4,29.0,28.48
sh688129,东来技术,2020-10-27,27.22,28.89,27.01,28.06,27.78,9794245.0,273291362.0,765993833.5600001,3367200000.0,,,415184700.0,415184700.0,0.0,,10771.8,10120.08,9725.2,9933.91,5298.34,5212.55,1071.45,1600.26,,,,,,,基础化工,化学制品,涂料油漆油墨制造,27.93,27.79,27.85
sh688129,东来技术,2020-10-28,27.7,27.92,26.08,26.26,28.06,8535623.0,228053955.0,716856666.76,3151200000.0,,,415184700.0,415184700.0,0.0,,7149.71,6153.68,5142.03,7406.33,5136.05,2618.02,242.77,1492.53,,,,,,,基础化工,化学制品,涂料油漆油墨制造,27.55,27.7,26.76
sh688129,东来技术,2020-10-29,25.6,26.47,25.06,25.53,26.26,6030887.0,154775137.0,696928815.78,3063600000.0,,,415184700.0,415184700.0,0.0,,5715.68,4606.69,3176.36,4297.55,3913.06,3250.69,139.74,789.91,,,,,,,基础化工,化学制品,涂料油漆油墨制造,25.51,25.82,25.34
sh688129,东来技术,2020-10-30,25.36,26.27,24.8,24.8,25.53,4560112.0,116738231.0,677000964.8,2976000000.0,,,415184700.0,415184700.0,0.0,,4735.53,4843.1,3368.26,3414.32,3136.94,3108.58,432.96,307.7,,,,,,,基础化工,化学制品,涂料油漆油墨制造,25.65,25.92,26.08
sh688129,东来技术,2020-11-02,24.98,26.19,24.66,26.07,24.8,5478236.0,139195107.0,711669965.82,3128400000.0,,,359237227.21,439576241.53,80339014.32,23708063.340000004,5588.78,5754.16,4540.79,3588.4,2862.61,4474.85,927.21,101.97,,,,,,,基础化工,化学制品,涂料油漆油墨制造,25.11,25.35,25.41
sh688129,东来技术,2020-11-03,25.8,26.57,25.56,25.83,26.07,4602015.0,119075346.0,705118343.5799999,3099600000.0,,,359237227.21,439576241.53,80339014.32,23708063.340000004,5529.89,4555.95,2728.35,4276.28,3409.63,2505.87,239.55,569.33,,,,,,,基础化工,化学制品,涂料油漆油墨制造,26.39,26.02,25.68
sh688129,东来技术,2020-11-04,25.9,26.69,25.45,26.32,25.83,5294201.0,138585526.0,718494572.32,3158400000.0,,,359237227.21,439576241.53,80339014.32,23708063.340000004,5837.33,5542.91,3496.47,3484.88,2945.61,3500.79,351.01,101.84,,,,,,,基础化工,化学制品,涂料油漆油墨制造,26.09,25.78,25.98
sh688129,东来技术,2020-11-05,26.25,26.95,26.1,26.59,26.32,4457368.0,118291418.0,725865147.3399999,3190800000.0,,,359237227.21,439576241.53,80339014.32,23708063.340000004,5477.31,5124.65,3201.99,3823.73,2901.63,2471.35,248.11,409.31,,,,,,,基础化工,化学制品,涂料油漆油墨制造,26.23,26.36,26.53
sh688129,东来技术,2020-11-06,26.48,26.74,25.31,25.56,26.59,4164249.0,107153783.0,697747768.56,3067200000.0,,,359237227.21,439576241.53,80339014.32,23708063.340000004,5056.76,4534.69,2334.49,3780.3,3324.05,1970.51,0.0,429.78,,,,,,,基础化工,化学制品,涂料油漆油墨制造,26.5,26.4,25.87
sh688129,东来技术,2020-11-09,25.5,26.83,25.5,26.56,25.56,4468271.0,117859949.0,725046194.5600001,3187200000.0,,,359237227.21,439576241.53,80339014.32,23708063.340000004,5085.84,5022.54,3146.54,3251.9,3293.46,2995.94,260.04,515.5,,,,,,,基础化工,化学制品,涂料油漆油墨制造,26.17,26.16,26.13
sh688129,东来技术,2020-11-10,26.54,28.49,26.16,27.5,26.56,6680693.0,184754137.0,750706715.0,3300000000.0,,,359237227.21,439576241.53,80339014.32,23708063.340000004,8156.53,8077.09,4953.6,5350.9,4161.0,4206.78,1204.13,840.49,,,,,,,基础化工,化学制品,涂料油漆油墨制造,26.18,26.3,26.75
sh688129,东来技术,2020-11-11,27.25,27.9,26.74,26.82,27.5,3814034.0,104180865.0,732143785.32,3218400000.0,,,359237227.21,439576241.53,80339014.32,23708063.340000004,4134.71,4451.79,2839.29,3714.92,3102.3,2035.17,341.68,216.1,,,,,,,基础化工,化学制品,涂料油漆油墨制造,27.28,27.8,27.65
sh688129,东来技术,2020-11-12,26.92,27.25,25.22,25.26,26.82,4238479.0,109686080.0,689558240.76,3031200000.0,,,359237227.21,439576241.53,80339014.32,23708063.340000004,4989.55,3857.25,1795.68,4601.88,4081.24,2080.21,102.02,429.15,,,,,,,基础化工,化学制品,涂料油漆油墨制造,26.68,26.28,26.56
sh688129,东来技术,2020-11-13,25.38,26.48,25.25,26.19,25.26,3356186.0,87025056.0,714945776.94,3142800000.0,,,359237227.21,439576241.53,80339014.32,23708063.340000004,3813.8,3888.17,2021.11,1766.81,2330.52,2269.73,0.0,240.71,,,,,,,基础化工,化学制品,涂料油漆油墨制造,25.37,25.54,25.5
sh688129,东来技术,2020-11-16,26.12,26.6,25.66,25.95,26.19,2910189.0,75787064.0,708394154.7,3114000000.0,,,359237227.21,439576241.53,80339014.32,23708063.340000004,3267.29,2909.25,1702.77,2138.98,2329.27,1664.71,279.29,865.7,,,,,,,基础化工,化学制品,涂料油漆油墨制造,26.44,26.32,26.21
sh688129,东来技术,2020-11-17,26.12,28.18,26.05,27.87,25.95,7399418.0,203776424.0,760807132.62,3344400000.0,,,359237227.21,439576241.53,80339014.32,23708063.340000004,8195.5,9479.97,7751.9,5542.6,3854.42,4988.41,575.65,366.48,,,,,,,基础化工,化学制品,涂料油漆油墨制造,26.36,26.65,26.7
sh688129,东来技术,2020-11-18,27.8,33.44,27.8,31.96,27.87,15110171.0,472069752.0,872457694.9599999,3835200000.0,,,359237227.21,439576241.53,80339014.32,23708063.340000004,14707.07,16524.41,17750.71,15694.3,7169.43,11496.54,7579.46,3491.42,,,,,,,基础化工,化学制品,涂料油漆油墨制造,28.55,29.41,30.25
sh688129,东来技术,2020-11-19,31.08,31.49,29.03,29.67,31.96,9188677.0,276387601.0,809944299.4200001,3560400000.0,,,359237227.21,439576241.53,80339014.32,23708063.340000004,9195.63,8784.74,9573.1,10628.63,7255.86,4017.55,1613.96,4207.63,,,,,,,基础化工,化学制品,涂料油漆油墨制造,30.7,29.87,29.63
sh688129,东来技术,2020-11-20,29.99,30.67,28.45,29.52,29.67,5924085.0,173905681.0,805849535.5200001,3542400000.0,,,359237227.21,439576241.53,80339014.32,23708063.340000004,6532.24,5407.39,5677.66,7751.74,4565.34,3170.81,615.19,1060.5,,,,,,,基础化工,化学制品,涂料油漆油墨制造,29.88,29.68,29.42
sh688129,东来技术,2020-11-23,29.6,31.09,29.12,29.13,29.52,5950663.0,178404034.0,795203149.38,3495600000.0,,,359237227.21,439576241.53,80339014.32,23708063.340000004,7464.52,6382.21,5661.22,6860.08,3876.44,3778.75,838.08,819.21,,,,,,,基础化工,化学制品,涂料油漆油墨制造,29.8,30.43,30.96
sh688129,东来技术,2020-11-24,28.71,29.19,27.77,28.48,29.13,4417033.0,124895003.0,777459172.48,3417600000.0,,,359237227.21,439576241.53,80339014.32,23708063.340000004,4299.87,3774.72,2233.24,3707.32,3471.34,1717.4,0.0,805.01,,,,,,,基础化工,化学制品,涂料油漆油墨制造,28.55,28.45,28.28
sh688129,东来技术,2020-11-25,28.31,30.77,27.93,29.27,28.48,6046898.0,178507571.0,799024929.02,3512400000.0,,,359237227.21,439576241.53,80339014.32,23708063.340000004,6784.71,7054.72,5156.19,4724.76,5594.26,5848.32,315.33,222.7,,,,,,,基础化工,化学制品,涂料油漆油墨制造,28.01,28.08,28.07
sh688129,东来技术,2020-11-26,29.11,30.3,28.43,28.59,29.27,3802372.0,111203421.0,780461999.34,3430800000.0,,,359237227.21,439576241.53,80339014.32,23708063.340000004,4829.15,4667.6,2819.14,3109.82,3198.59,3211.87,273.34,130.94,,,,,,,基础化工,化学制品,涂料油漆油墨制造,28.88,29.0,29.05
sh688129,东来技术,2020-11-27,28.46,28.78,26.86,26.97,28.59,3624113.0,99880916.0,736238549.22,3236400000.0,,,359237227.21,439576241.53,80339014.32,23708063.340000004,4134.58,3680.95,2082.31,4501.71,3524.9,1705.14,246.21,100.19,,,,,,,基础化工,化学制品,涂料油漆油墨制造,28.26,28.12,28.12
sh688129,东来技术,2020-11-30,27.19,27.79,27.0,27.03,26.97,1772826.0,48390574.0,737876454.7800001,3243600000.0,,,359237227.21,439576241.53,80339014.32,23708063.340000004,1997.28,1892.84,1225.34,1240.3,1477.53,1597.22,138.84,108.63,,,,,,,基础化工,化学制品,涂料油漆油墨制造,27.21,27.38,27.56
sh688129,东来技术,2020-12-01,27.26,27.74,27.09,27.28,27.03,2163604.0,59312653.0,744701061.28,3273600000.0,,,359237227.21,439576241.53,80339014.32,23708063.340000004,2474.3,1976.2,1413.79,1782.27,2043.07,2172.68,0.0,0.0,,,,,,,基础化工,化学制品,涂料油漆油墨制造,27.21,27.18,27.22
sh688129,东来技术,2020-12-02,27.33,27.44,26.6,26.7,27.28,2588707.0,69554872.0,728867974.2,3204000000.0,,,359237227.21,439576241.53,80339014.32,23708063.340000004,3129.68,2490.86,1123.66,2154.21,2702.02,2019.02,0.0,291.26,,,,,,,基础化工,化学制品,涂料油漆油墨制造,27.21,27.28,27.22
sh688129,东来技术,2020-12-03,26.64,26.88,26.15,26.32,26.7,1527740.0,40393347.0,718494572.32,3158400000.0,,,359237227.21,439576241.53,80339014.32,23708063.340000004,1752.39,1890.31,836.58,1161.53,1450.32,987.44,0.0,0.0,,,,,,,基础化工,化学制品,涂料油漆油墨制造,26.83,26.65,26.5
sh688129,东来技术,2020-12-04,26.35,26.8,26.18,26.8,26.32,1713726.0,45529874.0,731597816.8,3216000000.0,,,359237227.21,439576241.53,80339014.32,23708063.340000004,2025.14,1939.47,977.27,755.37,1550.49,1858.05,0.0,0.0,,,,,,,基础化工,化学制品,涂料油漆油墨制造,26.4,26.34,26.32
sh688129,东来技术,2020-12-07,26.65,27.15,26.65,26.89,26.8,1643869.0,44147247.0,734054675.14,3226800000.0,,,359237227.21,439576241.53,80339014.32,23708063.340000004,1885.23,1806.32,1016.44,862.46,1512.97,1745.85,0.0,0.0,,,,,,,基础化工,化学制品,涂料油漆油墨制造,27.05,26.82,26.77
sh688129,东来技术,2020-12-08,26.99,27.04,26.3,26.31,26.89,1367887.0,36273976.0,718221588.0600001,3157200000.0,,,359237227.21,439576241.53,80339014.32,23708063.340000004,1355.4,1261.04,479.85,800.3,1502.7,1253.53,0.0,23.08,,,,,,,基础化工,化学制品,涂料油漆油墨制造,26.77,26.84,26.79
sh688129,东来技术,2020-12-09,26.6,26.6,25.43,25.54,26.31,1872200.0,48473907.0,697201800.04,3064800000.0,,,359237227.21,439576241.53,80339014.32,23708063.340000004,2137.67,2019.39,750.65,1451.42,1959.07,1376.58,0.0,0.0,,,,,,,基础化工,化学制品,涂料油漆油墨制造,26.29,26.29,26.13
sh688129,东来技术,2020-12-10,25.51,26.25,25.11,25.8,25.54,1384446.0,35773901.0,704299390.8,3096000000.0,,,359237227.21,439576241.53,80339014.32,23708063.340000004,1410.65,1494.03,643.84,769.52,1165.17,1139.1,183.01,0.0,,,,,,,基础化工,化学制品,涂料油漆油墨制造,25.31,25.36,25.75
sh688129,东来技术,2020-12-11,26.15,26.15,24.89,25.22,25.8,1334017.0,33557194.0,688466303.72,3026400000.0,,,359237227.21,439576241.53,80339014.32,23708063.340000004,1439.8,1170.5,587.67,959.33,1128.03,974.68,200.22,251.21,,,,,,,基础化工,化学制品,涂料油漆油墨制造,25.68,25.59,25.37
sh688129,东来技术,2020-12-14,25.1,25.29,24.82,25.09,25.22,953952.0,23917236.0,684917508.34,3010800000.0,,,359237227.21,439576241.53,80339014.32,23708063.340000004,1004.62,943.99,361.69,670.52,972.83,724.63,0.0,0.0,,,,,,,基础化工,化学制品,涂料油漆油墨制造,25.0,25.0,24.99
sh688129,东来技术,2020-12-15,25.1,25.37,24.86,25.25,25.09,901435.0,22668831.0,689285256.5,3030000000.0,,,359237227.21,439576241.53,80339014.32,23708063.340000004,889.62,860.68,437.94,469.66,733.75,703.08,102.75,130.63,,,,,,,基础化工,化学制品,涂料油漆油墨制造,24.86,24.99,24.9
sh688129,东来技术,2020-12-16,25.13,25.3,24.31,24.4,25.25,1225938.0,30192727.0,666081594.4,2928000000.0,,,359237227.21,439576241.53,80339014.32,23708063.340000004,1270.37,1414.29,635.45,582.14,1113.45,779.31,0.0,243.53,,,,,,,基础化工,化学制品,涂料油漆油墨制造,25.3,25.03,24.89
sh688129,东来技术,2020-12-17,24.35,24.45,23.3,24.15,24.4,1583597.0,37725512.0,659256987.9,2898000000.0,,,359237227.21,439576241.53,80339014.32,23708063.340000004,1608.91,1569.76,654.51,918.45,1389.53,1165.46,119.6,118.88,,,,,,,基础化工,化学制品,涂料油漆油墨制造,24.24,24.19,24.09
sh688129,东来技术,2020-12-18,24.09,24.46,23.73,24.02,24.15,1234101.0,29722961.0,655708192.52,2882400000.0,,,359237227.21,439576241.53,80339014.32,23708063.340000004,1355.29,1419.46,507.47,530.2,1097.82,1010.93,0.0,0.0,,,,,,,基础化工,化学制品,涂料油漆油墨制造,23.88,23.9,24.09
sh688129,东来技术,2020-12-21,23.99,24.45,23.57,24.35,24.02,1048868.0,25186660.0,664716673.1,2922000000.0,,,359237227.21,439576241.53,80339014.32,23708063.340000004,1011.36,990.65,372.54,385.95,1134.76,1142.07,0.0,0.0,,,,,,,基础化工,化学制品,涂料油漆油墨制造,23.73,23.73,23.72
sh688129,东来技术,2020-12-22,24.28,24.28,23.36,23.38,24.35,1298354.0,30788535.0,638237199.88,2805600000.0,,,359237227.21,439576241.53,80339014.32,23708063.340000004,1392.84,1078.59,375.98,536.21,1198.54,1464.05,111.5,0.0,,,,,,,基础化工,化学制品,涂料油漆油墨制造,24.17,24.0,23.89
sh688129,东来技术,2020-12-23,23.28,23.5,22.0,22.9,23.38,1871757.0,42985765.0,625133955.4,2748000000.0,,,359237227.21,439576241.53,80339014.32,23708063.340000004,1528.08,1549.01,729.73,1042.2,1893.63,1475.57,147.13,231.8,,,,,,,基础化工,化学制品,涂料油漆油墨制造,23.28,23.39,23.39
sh688129,东来技术,2020-12-24,22.75,22.89,22.02,22.02,22.9,1568713.0,34854456.0,601111340.52,2642400000.0,,,359237227.21,439576241.53,80339014.32,23708063.340000004,1343.59,1170.09,471.98,763.07,1669.88,1552.28,0.0,0.0,,,,,,,基础化工,化学制品,涂料油漆油墨制造,22.53,22.4,22.3
sh688129,东来技术,2020-12-25,22.02,22.18,21.4,21.4,22.02,1470634.0,32030663.0,584186316.4,2568000000.0,,,359237227.21,439576241.53,80339014.32,23708063.340000004,1296.33,1306.43,514.27,851.3,1292.01,902.46,100.46,142.87,,,,,,,基础化工,化学制品,涂料油漆油墨制造,22.03,22.05,21.77
sh688129,东来技术,2020-12-28,21.1,21.34,19.69,19.86,21.4,2056645.0,41722386.0,542146740.36,2383200000.0,,,359237227.21,439576241.53,80339014.32,23708063.340000004,1306.21,1562.41,788.22,1011.68,2077.81,1472.57,0.0,125.58,,,,,,,基础化工,化学制品,涂料油漆油墨制造,21.0,20.9,20.74
sh688129,东来技术,2020-12-29,19.76,20.54,19.66,19.73,19.86,1220166.0,24505796.0,538597944.98,2367600000.0,,,359237227.21,439576241.53,80339014.32,23708063.340000004,968.61,950.37,230.0,345.19,1251.97,1155.02,0.0,0.0,,,,,,,基础化工,化学制品,涂料油漆油墨制造,20.17,20.19,20.34
sh688129,东来技术,2020-12-30,19.82,20.0,19.5,19.71,19.73,971554.0,19190032.0,538051976.46,2365200000.0,,,359237227.21,439576241.53,80339014.32,23708063.340000004,592.17,666.84,150.18,442.16,1176.66,810.0,0.0,0.0,,,,,,,基础化工,化学制品,涂料油漆油墨制造,19.62,19.79,19.73
sh688129,东来技术,2020-12-31,20.0,20.26,19.72,20.11,19.71,950956.0,19091150.0,548971346.86,2413200000.0,,,359237227.21,439576241.53,80339014.32,23708063.340000004,954.64,671.26,212.07,236.71,742.4,1001.14,0.0,0.0,,,,,,,基础化工,化学制品,涂料油漆油墨制造,19.86,19.97,19.98
sh688129,东来技术,2021-01-04,20.21,21.97,20.18,21.52,20.11,2063695.0,43692249.0,587462127.52,2582400000.0,,,359237227.21,439576241.53,80339014.32,23708063.340000004,1567.55,1518.24,1136.33,937.54,1464.21,1712.31,0.0,0.0,,,,,,,基础化工,化学制品,涂料油漆油墨制造,20.23,20.46,20.33
sh688129,东来技术,2021-01-05,21.61,21.61,20.75,20.81,21.52,1151039.0,24248412.0,568080245.0600001,2497200000.0,,,359237227.21,439576241.53,80339014.32,23708063.340000004,1128.75,1053.29,282.37,369.28,929.73,777.43,0.0,140.85,,,,,,,基础化工,化学制品,涂料油漆油墨制造,21.46,21.29,21.24
sh688129,东来技术,2021-01-06,20.71,21.69,20.71,21.05,20.81,1067583.0,22526793.0,574631867.3000001,2526000000.0,,,359237227.21,439576241.53,80339014.32,23708063.340000004,1114.27,995.3,451.58,388.88,686.82,868.5,0.0,0.0,,,,,,,基础化工,化学制品,涂料油漆油墨制造,21.11,21.63,21.25
sh688129,东来技术,2021-01-07,20.8,20.88,19.12,19.5,21.05,1822459.0,36313277.0,532319307.0,2340000000.0,,,359237227.21,439576241.53,80339014.32,23708063.340000004,1590.11,1255.81,401.8,1076.03,1639.42,1299.49,0.0,0.0,,,,,,,基础化工,化学制品,涂料油漆油墨制造,20.71,20.4,20.17
sh688129,东来技术,2021-01-08,19.49,19.9,18.51,19.86,19.5,1260282.0,24308337.0,542146740.36,2383200000.0,,,359237227.21,439576241.53,80339014.32,23708063.340000004,923.27,845.61,425.08,270.06,1082.48,1180.43,0.0,134.73,,,,,,,基础化工,化学制品,涂料油漆油墨制造,18.83,18.84,19.0
sh688129,东来技术,2021-01-11,19.78,20.24,18.9,19.11,19.86,1519436.0,29782084.0,521672920.86,2293200000.0,,,359237227.21,439576241.53,80339014.32,23708063.340000004,1247.08,1286.25,354.81,446.58,1376.31,1245.38,0.0,0.0,,,,,,,基础化工,化学制品,涂料油漆油墨制造,20.13,20.08,20.15
sh688129,东来技术,2021-01-12,19.04,19.39,18.95,19.03,19.11,1333629.0,25506842.0,519489046.78,2283600000.0,,,359237227.21,439576241.53,80339014.32,23708063.340000004,1082.73,896.19,395.48,273.64,1072.47,1380.85,0.0,0.0,,,,,,,基础化工,化学制品,涂料油漆油墨制造,19.13,19.14,19.21
sh688129,东来技术,2021-01-13,19.07,19.07,17.91,17.91,19.03,1855415.0,33828095.0,488914809.66,2149200000.0,,,359237227.21,439576241.53,80339014.32,23708063.340000004,1329.64,1206.96,388.03,922.27,1665.14,1132.95,0.0,120.64,,,,,,,基础化工,化学制品,涂料油漆油墨制造,18.71,18.32,18.44
sh688129,东来技术,2021-01-14,17.96,18.71,17.54,18.15,17.91,1428170.0,26107437.0,495466431.9,2178000000.0,,,359237227.21,439576241.53,80339014.32,23708063.340000004,934.98,856.7,442.37,336.26,1193.5,1377.88,0.0,0.0,,,,,,,基础化工,化学制品,涂料油漆油墨制造,17.88,17.75,17.85
sh688129,东来技术,2021-01-15,18.1,19.06,18.1,18.61,18.15,1658230.0,31055626.0,508023707.86,2233200000.0,,,359237227.21,439576241.53,80339014.32,23708063.340000004,1203.43,1110.39,394.94,378.09,1321.39,1431.29,185.8,185.8,,,,,,,基础化工,化学制品,涂料油漆油墨制造,18.38,18.5,18.52
sh688129,东来技术,2021-01-18,18.61,19.1,18.21,18.5,18.61,1561505.0,28939198.0,505020881.0,2220000000.0,,,359237227.21,439576241.53,80339014.32,23708063.340000004,1364.59,924.05,278.61,506.75,1250.72,1463.12,0.0,0.0,,,,,,,基础化工,化学制品,涂料油漆油墨制造,18.89,18.72,18.75
sh688129,东来技术,2021-01-19,18.94,19.21,18.62,18.84,18.5,2376981.0,44972960.0,514302345.84,2260800000.0,,,359237227.21,439576241.53,80339014.32,23708063.340000004,1854.96,1547.99,969.8,734.11,1672.54,2215.2,0.0,0.0,,,,,,,基础化工,化学制品,涂料油漆油墨制造,18.77,18.66,18.95
sh688129,东来技术,2021-01-20,18.81,19.19,18.5,18.96,18.84,1902748.0,35846826.0,517578156.96,2275200000.0,,,359237227.21,439576241.53,80339014.32,23708063.340000004,1595.29,1123.39,722.85,936.99,1266.54,1524.3,0.0,0.0,,,,,,,基础化工,化学制品,涂料油漆油墨制造,19.03,18.87,18.76
sh688129,东来技术,2021-01-21,18.97,19.2,18.63,18.65,18.96,2327037.0,43811652.0,509115644.9,2238000000.0,,,359237227.21,439576241.53,80339014.32,23708063.340000004,2081.24,1384.06,756.82,1229.82,1543.1,1652.66,0.0,114.62,,,,,,,基础化工,化学制品,涂料油漆油墨制造,18.89,18.93,18.8
sh688129,东来技术,2021-01-22,18.55,18.78,17.93,18.03,18.65,1725313.0,31379334.0,492190620.78,2163600000.0,,,359237227.21,439576241.53,80339014.32,23708063.340000004,1544.11,1009.47,264.99,437.95,1328.83,1690.51,0.0,0.0,,,,,,,基础化工,化学制品,涂料油漆油墨制造,18.68,18.5,18.34
sh688129,东来技术,2021-01-25,18.03,18.18,17.63,17.77,18.03,1201026.0,21300979.0,485093030.02,2132400000.0,,,359237227.21,439576241.53,80339014.32,23708063.340000004,1315.66,892.55,143.73,481.68,670.71,755.86,0.0,0.0,,,,,,,基础化工,化学制品,涂料油漆油墨制造,17.81,17.79,17.68
sh688129,东来技术,2021-01-26,17.88,18.32,17.67,18.21,17.77,1305688.0,23624385.0,497104337.46,2185200000.0,,,359237227.21,439576241.53,80339014.32,23708063.340000004,913.5,1011.21,714.03,383.86,734.9,861.23,0.0,106.14,,,,,,,基础化工,化学制品,涂料油漆油墨制造,17.84,18.0,18.2
sh688129,东来技术,2021-01-27,18.22,18.22,17.87,18.13,18.21,810544.0,14608649.0,494920463.38,2175600000.0,,,359237227.21,439576241.53,80339014.32,23708063.340000004,521.76,538.36,304.59,256.4,544.67,576.26,0.0,0.0,,,,,,,基础化工,化学制品,涂料油漆油墨制造,18.09,18.12,17.92
sh688129,东来技术,2021-01-28,18.0,18.42,17.8,17.88,18.13,772028.0,14013381.0,488095856.88,2145600000.0,,,359237227.21,439576241.53,80339014.32,23708063.340000004,649.98,604.42,131.24,210.33,560.91,527.39,0.0,0.0,,,,,,,基础化工,化学制品,涂料油漆油墨制造,17.88,18.04,18.35
sh688129,东来技术,2021-01-29,17.96,18.25,17.58,17.93,17.88,1017353.0,18191411.0,489460778.18,2151600000.0,,,359237227.21,439576241.53,80339014.32,23708063.340000004,803.17,883.44,99.56,120.68,911.34,809.96,0.0,0.0,,,,,,,基础化工,化学制品,涂料油漆油墨制造,17.9,17.84,18.11
sh688129,东来技术,2021-02-01,18.02,18.7,17.69,18.56,17.93,1434716.0,26357823.0,506658786.56,2227200000.0,,,359237227.21,439576241.53,80339014.32,23708063.340000004,1106.52,1096.38,387.93,408.91,1141.33,1027.63,0.0,102.86,,,,,,,基础化工,化学制品,涂料油漆油墨制造,17.93,18.2,18.19
sh688129,东来技术,2021-02-02,18.52,19.28,18.26,18.92,18.56,1777909.0,33645527.0,516486219.92,2270400000.0,,,359237227.21,439576241.53,80339014.32,23708063.340000004,1294.98,1445.04,534.3,527.48,1535.27,1291.83,0.0,100.2,,,,,,,基础化工,化学制品,涂料油漆油墨制造,18.41,18.29,18.74
sh688129,东来技术,2021-02-03,18.74,19.17,18.5,18.51,18.92,1021011.0,19159862.0,505293865.2600001,2221200000.0,,,359237227.21,439576241.53,80339014.32,23708063.340000004,686.04,794.56,369.06,317.91,860.89,803.51,0.0,0.0,,,,,,,基础化工,化学制品,涂料油漆油墨制造,18.88,19.06,18.65
sh688129,东来技术,2021-02-04,18.32,19.0,18.12,18.31,18.51,1229654.0,22827941.0,499834180.06,2197200000.0,,,359237227.21,439576241.53,80339014.32,23708063.340000004,1118.46,1046.34,374.33,367.95,790.01,868.51,0.0,0.0,,,,,,,基础化工,化学制品,涂料油漆油墨制造,18.36,18.57,18.63
sh688129,东来技术,2021-02-05,18.67,18.67,17.07,17.41,18.31,1197582.0,21696052.0,475265596.66,2089200000.0,,,359237227.21,439576241.53,80339014.32,23708063.340000004,1019.93,1045.22,334.31,572.12,815.36,552.27,0.0,0.0,,,,,,,基础化工,化学制品,涂料油漆油墨制造,18.49,18.59,18.52
sh688129,东来技术,2021-02-08,17.58,17.94,16.9,16.96,17.41,1037355.0,17993033.0,462981304.96,2035200000.0,,,359237227.21,439576241.53,80339014.32,23708063.340000004,774.21,759.58,211.6,504.56,813.49,535.16,0.0,0.0,,,,,,,基础化工,化学制品,涂料油漆油墨制造,17.4,17.28,17.46
sh688129,东来技术,2021-02-09,16.87,17.25,16.76,17.2,16.96,848982.0,14417744.0,469532927.2,2064000000.0,,,359237227.21,439576241.53,80339014.32,23708063.340000004,603.55,733.78,113.77,116.99,724.46,591.0,0.0,0.0,,,,,,,基础化工,化学制品,涂料油漆油墨制造,16.94,17.18,17.08
sh688129,东来技术,2021-02-10,17.2,17.38,16.87,16.9,17.2,1007344.0,17174341.0,461343399.4,2028000000.0,,,359237227.21,439576241.53,80339014.32,23708063.340000004,719.18,793.69,133.16,282.33,865.1,641.42,0.0,0.0,,,,,,,基础化工,化学制品,涂料油漆油墨制造,17.12,17.1,17.26
sh688129,东来技术,2021-02-18,17.2,17.75,17.2,17.68,16.9,1118129.0,19569666.0,482636171.68,2121600000.0,,,359237227.21,439576241.53,80339014.32,23708063.340000004,874.07,875.03,345.32,331.61,737.57,750.33,0.0,0.0,,,,,,,基础化工,化学制品,涂料油漆油墨制造,17.31,17.23,17.29
sh688129,东来技术,2021-02-19,17.66,20.91,17.64,19.95,17.68,3061849.0,59559589.0,544603598.7,2394000000.0,,,359237227.21,439576241.53,80339014.32,23708063.340000004,2031.54,2242.27,1471.57,949.69,1881.95,2276.96,212.08,128.22,,,,,,,基础化工,化学制品,涂料油漆油墨制造,17.99,18.17,18.41
sh688129,东来技术,2021-02-22,20.22,20.22,19.49,19.6,19.95,2477080.0,49205182.0,535049149.6,2352000000.0,,,359237227.21,439576241.53,80339014.32,23708063.340000004,2260.17,1932.85,667.01,1572.91,1993.33,1152.12,0.0,262.63,,,,,,,基础化工,化学制品,涂料油漆油墨制造,19.99,19.96,19.95
sh688129,东来技术,2021-02-23,19.44,19.66,19.0,19.15,19.6,1325604.0,25535991.0,522764857.9,2298000000.0,,,359237227.21,439576241.53,80339014.32,23708063.340000004,1092.79,1087.42,255.55,609.73,1205.26,856.45,0.0,0.0,,,,,,,基础化工,化学制品,涂料油漆油墨制造,19.58,19.31,19.14
sh688129,东来技术,2021-02-24,19.3,19.81,19.03,19.5,19.15,1146417.0,22312812.0,532319307.0,2340000000.0,,,359237227.21,439576241.53,80339014.32,23708063.340000004,923.47,832.19,389.8,322.77,918.01,1076.32,0.0,0.0,,,,,,,基础化工,化学制品,涂料油漆油墨制造,19.37,19.53,19.71
sh688129,东来技术,2021-02-25,19.5,19.65,18.92,19.03,19.5,996728.0,19144466.0,519489046.78,2283600000.0,,,359237227.21,439576241.53,80339014.32,23708063.340000004,904.64,791.48,198.91,339.01,810.9,783.96,0.0,0.0,,,,,,,基础化工,化学制品,涂料油漆油墨制造,19.43,19.22,19.32
sh688129,东来技术,2021-02-26,18.85,19.29,18.72,19.25,19.03,905997.0,17268676.0,525494700.50000006,2310000000.0,,,359237227.21,439576241.53,80339014.32,23708063.340000004,618.28,701.48,227.07,345.78,774.75,679.61,106.76,0.0,,,,,,,基础化工,化学制品,涂料油漆油墨制造,18.89,18.82,18.85
sh688129,东来技术,2021-03-01,19.37,19.8,19.37,19.8,19.25,961480.0,18873283.0,540508834.8,2376000000.0,,,359237227.21,439576241.53,80339014.32,23708063.340000004,697.75,838.0,281.67,207.96,907.91,841.37,0.0,0.0,,,,,,,基础化工,化学制品,涂料油漆油墨制造,19.66,19.5,19.58
sh688129,东来技术,2021-03-02,20.84,20.84,19.71,19.93,19.8,1232190.0,24701646.0,544057630.18,2391600000.0,,,359237227.21,439576241.53,80339014.32,23708063.340000004,805.26,893.16,277.18,307.63,1079.32,1156.39,308.4,112.98,,,,,,,基础化工,化学制品,涂料油漆油墨制造,20.08,19.91,20.09
sh688129,东来技术,2021-03-03,19.65,20.15,19.65,20.15,19.93,940347.0,18804246.0,550063283.9,2418000000.0,,,359237227.21,439576241.53,80339014.32,23708063.340000004,705.22,707.23,194.73,459.97,793.7,660.95,134.5,0.0,,,,,,,基础化工,化学制品,涂料油漆油墨制造,20.0,19.76,19.71
sh688129,东来技术,2021-03-04,20.2,20.28,19.7,19.85,20.15,854363.0,17102747.0,541873756.1,2382000000.0,,,359237227.21,439576241.53,80339014.32,23708063.340000004,795.72,713.56,184.66,442.22,729.9,554.49,0.0,0.0,,,,,,,基础化工,化学制品,涂料油漆油墨制造,20.2,20.11,20.14
sh688129,东来技术,2021-03-05,19.9,19.99,19.69,19.85,19.85,662785.0,13145869.0,541873756.1,2382000000.0,,,359237227.21,439576241.53,80339014.32,23708063.340000004,545.44,477.81,241.59,246.57,469.73,532.38,0.0,0.0,,,,,,,基础化工,化学制品,涂料油漆油墨制造,19.85,19.88,19.9
sh688129,东来技术,2021-03-08,19.85,20.3,19.41,19.47,19.85,896140.0,17827992.0,531500354.22,2336400000.0,,,359237227.21,439576241.53,80339014.32,23708063.340000004,684.08,878.66,427.4,340.53,671.32,563.61,0.0,0.0,,,,,,,基础化工,化学制品,涂料油漆油墨制造,20.0,20.13,20.1
sh688129,东来技术,2021-03-09,19.58,19.58,18.6,18.6,19.47,871016.0,16482145.0,507750723.6,2232000000.0,,,359237227.21,439576241.53,80339014.32,23708063.340000004,561.45,780.91,303.47,237.96,783.29,629.35,0.0,0.0,,,,,,,基础化工,化学制品,涂料油漆油墨制造,19.47,19.13,18.85
sh688129,东来技术,2021-03-10,18.51,18.96,18.18,18.37,18.6,481886.0,8856144.0,501472085.62,2204400000.0,,,359237227.21,439576241.53,80339014.32,23708063.340000004,277.0,384.67,104.42,53.41,504.2,447.53,0.0,0.0,,,,,,,基础化工,化学制品,涂料油漆油墨制造,18.46,18.5,18.44
sh688129,东来技术,2021-03-11,18.5,18.68,18.01,18.42,18.37,520886.0,9522588.0,502837006.92,2210400000.0,,,359237227.21,439576241.53,80339014.32,23708063.340000004,336.74,334.85,143.05,41.04,472.48,576.37,0.0,0.0,,,,,,,基础化工,化学制品,涂料油漆油墨制造,18.08,18.2,18.17
sh688129,东来技术,2021-03-12,18.42,18.42,17.85,17.94,18.42,885075.0,15957521.0,489733762.44,2152800000.0,,,359237227.21,439576241.53,80339014.32,23708063.340000004,718.84,642.04,182.57,236.39,694.34,717.32,0.0,0.0,,,,,,,基础化工,化学制品,涂料油漆油墨制造,18.27,18.15,18.06
sh688129,东来技术,2021-03-15,18.06,18.06,17.62,17.83,17.94,532802.0,9471288.0,486730935.58,2139600000.0,,,359237227.21,439576241.53,80339014.32,23708063.340000004,398.69,291.33,26.61,183.4,521.83,472.4,0.0,0.0,,,,,,,基础化工,化学制品,涂料油漆油墨制造,17.78,17.78,17.85
sh688129,东来技术,2021-03-16,17.79,18.09,17.79,18.0,17.83,304001.0,5456788.0,491371668.0,2160000000.0,,,359237227.21,439576241.53,80339014.32,23708063.340000004,189.35,247.87,22.32,0.0,321.61,285.41,0.0,0.0,,,,,,,基础化工,化学制品,涂料油漆油墨制造,17.91,17.89,17.91
sh688129,东来技术,2021-03-17,18.0,18.18,17.81,18.08,18.0,535996.0,9673476.0,493555542.08,2169600000.0,,,359237227.21,439576241.53,80339014.32,23708063.340000004,425.78,305.7,36.27,120.03,453.66,489.98,0.0,0.0,,,,,,,基础化工,化学制品,涂料油漆油墨制造,18.01,17.9,17.92
sh688129,东来技术,2021-03-18,18.02,18.65,17.96,18.41,18.08,715659.0,13170767.0,502564022.66,2209200000.0,,,359237227.21,439576241.53,80339014.32,23708063.340000004,720.14,481.72,48.0,105.55,452.02,632.89,0.0,0.0,,,,,,,基础化工,化学制品,涂料油漆油墨制造,18.26,18.36,18.51
sh688129,东来技术,2021-03-19,18.48,18.66,18.12,18.45,18.41,601795.0,11122100.0,503655959.7000001,2214000000.0,,,359237227.21,439576241.53,80339014.32,23708063.340000004,448.9,477.82,108.09,89.25,555.21,545.14,0.0,0.0,,,,,,,基础化工,化学制品,涂料油漆油墨制造,18.44,18.44,18.39
sh688129,东来技术,2021-03-22,18.48,18.59,18.27,18.5,18.45,751919.0,13884396.0,505020881.0,2220000000.0,,,359237227.21,439576241.53,80339014.32,23708063.340000004,475.99,627.72,143.5,117.76,665.63,471.45,103.32,171.51,,,,,,,基础化工,化学制品,涂料油漆油墨制造,18.43,18.31,18.36
sh688129,东来技术,2021-03-23,18.5,18.55,18.04,18.18,18.5,538240.0,9836125.0,496285384.68,2181600000.0,,,359237227.21,439576241.53,80339014.32,23708063.340000004,474.22,524.46,23.09,124.63,486.31,334.52,0.0,0.0,,,,,,,基础化工,化学制品,涂料油漆油墨制造,18.43,18.43,18.3
sh688129,东来技术,2021-03-24,18.12,18.13,17.75,17.79,18.18,521775.0,9345738.0,485638998.54,2134800000.0,,,359237227.21,439576241.53,80339014.32,23708063.340000004,348.56,372.84,106.86,197.28,479.15,364.45,0.0,0.0,,,,,,,基础化工,化学制品,涂料油漆油墨制造,18.02,18.06,18.12
sh688129,东来技术,2021-03-25,17.73,17.85,17.4,17.5,17.79,475049.0,8360572.0,477722455.0,2100000000.0,,,359237227.21,439576241.53,80339014.32,23708063.340000004,350.08,452.09,45.61,0.0,440.37,383.97,0.0,0.0,,,,,,,基础化工,化学制品,涂料油漆油墨制造,17.66,17.59,17.58
sh688129,东来技术,2021-03-26,17.31,17.74,17.31,17.63,17.5,345417.0,6082786.0,481271250.38,2115600000.0,,,359237227.21,439576241.53,80339014.32,23708063.340000004,161.0,199.37,154.99,95.09,292.3,313.82,0.0,0.0,,,,,,,基础化工,化学制品,涂料油漆油墨制造,17.54,17.55,17.52
sh688129,东来技术,2021-03-29,17.55,17.8,17.36,17.55,17.63,562193.0,9850788.0,479087376.3,2106000000.0,,,359237227.21,439576241.53,80339014.32,23708063.340000004,375.48,367.79,118.69,253.58,490.91,363.7,0.0,0.0,,,,,,,基础化工,化学制品,涂料油漆油墨制造,17.61,17.64,17.63
sh688129,东来技术,2021-03-30,17.56,17.56,17.17,17.38,17.55,372575.0,6467401.0,474446643.88,2085600000.0,,,359237227.21,439576241.53,80339014.32,23708063.340000004,227.79,207.21,90.67,29.59,328.27,409.95,0.0,0.0,,,,,,,基础化工,化学制品,涂料油漆油墨制造,17.45,17.41,17.29
sh688129,东来技术,2021-03-31,17.56,17.57,17.25,17.4,17.38,394175.0,6850671.0,474992612.4,2088000000.0,,,359237227.21,439576241.53,80339014.32,23708063.340000004,267.59,198.23,38.95,108.86,297.14,296.59,0.0,0.0,,,,,,,基础化工,化学制品,涂料油漆油墨制造,17.47,17.38,17.36
sh688129,东来技术,2021-04-01,17.23,17.5,17.23,17.34,17.4,464631.0,8073826.0,473354706.84,2080800000.0,,,359237227.21,439576241.53,80339014.32,23708063.340000004,366.31,285.57,71.2,143.0,369.86,378.82,0.0,0.0,,,,,,,基础化工,化学制品,涂料油漆油墨制造,17.35,17.29,17.27
sh688129,东来技术,2021-04-02,17.47,17.84,17.34,17.75,17.34,685969.0,12105360.0,484547061.5,2130000000.0,,,359237227.21,439576241.53,80339014.32,23708063.340000004,558.95,493.87,123.42,35.16,528.16,681.5,0.0,0.0,,,,,,,基础化工,化学制品,涂料油漆油墨制造,17.4,17.39,17.39
sh688129,东来技术,2021-04-06,17.67,17.87,17.64,17.83,17.75,450559.0,8017944.0,486730935.58,2139600000.0,,,359237227.21,439576241.53,80339014.32,23708063.340000004,315.5,310.65,26.13,54.8,460.16,436.34,0.0,0.0,,,,,,,基础化工,化学制品,涂料油漆油墨制造,17.73,17.71,17.74
sh688129,东来技术,2021-04-07,17.9,18.23,17.71,18.17,17.83,584672.0,10518470.0,496012400.42,2180400000.0,,,359237227.21,439576241.53,80339014.32,23708063.340000004,449.07,482.21,99.03,0.0,503.75,569.63,0.0,0.0,,,,,,,基础化工,化学制品,涂料油漆油墨制造,17.8,17.74,17.8
sh688129,东来技术,2021-04-08,18.12,18.35,17.83,17.94,18.17,696576.0,12612116.0,489733762.44,2152800000.0,,,359237227.21,439576241.53,80339014.32,23708063.340000004,446.57,537.61,164.69,170.27,618.46,521.84,0.0,0.0,,,,,,,基础化工,化学制品,涂料油漆油墨制造,18.19,18.15,18.12
sh688129,东来技术,2021-04-09,17.89,18.09,17.81,18.02,17.94,334302.0,5998858.0,491917636.52,2162400000.0,,,359237227.21,439576241.53,80339014.32,23708063.340000004,211.48,244.93,21.59,0.0,366.81,354.95,0.0,0.0,,,,,,,基础化工,化学制品,涂料油漆油墨制造,17.9,17.84,18.01
sh688129,东来技术,2021-04-12,18.12,18.26,17.6,17.99,18.02,647246.0,11690009.0,491098683.74,2158800000.0,78353311.24,93292045.96,790527255.14,886212578.79,95685323.65,23544047.89999999,689.38,543.96,49.68,127.36,429.95,497.67,0.0,0.0,,,,,,,基础化工,化学制品,涂料油漆油墨制造,18.2,18.09,18.2
sh688129,东来技术,2021-04-13,18.06,18.06,17.5,17.61,17.99,390675.0,6904196.0,480725281.86,2113200000.0,78353311.24,93292045.96,790527255.14,886212578.79,95685323.65,23544047.89999999,214.76,328.76,22.85,0.0,407.82,316.67,0.0,0.0,,,,,,,基础化工,化学制品,涂料油漆油墨制造,17.98,17.88,17.83
sh688129,东来技术,2021-04-14,17.68,17.82,17.55,17.77,17.61,231867.0,4106886.0,485093030.02,2132400000.0,78353311.24,93292045.96,790527255.14,886212578.79,95685323.65,23544047.89999999,177.07,186.6,0.0,0.0,211.0,201.46,0.0,0.0,,,,,,,基础化工,化学制品,涂料油漆油墨制造,17.65,17.64,17.61
sh688129,东来技术,2021-04-15,17.71,17.88,17.62,17.7,17.77,312210.0,5530282.0,483182140.2,2124000000.0,78353311.24,93292045.96,790527255.14,886212578.79,95685323.65,23544047.89999999,259.1,198.24,44.7,83.07,249.23,271.71,0.0,0.0,,,,,,,基础化工,化学制品,涂料油漆油墨制造,17.79,17.77,17.85
sh688129,东来技术,2021-04-16,17.78,18.79,17.6,18.48,17.7,1296060.0,23852887.0,504474912.48,2217600000.0,78353311.24,93292045.96,790527255.14,886212578.79,95685323.65,23544047.89999999,1149.16,1030.44,293.82,214.5,942.3,1140.35,0.0,0.0,,,,,,,基础化工,化学制品,涂料油漆油墨制造,17.7,17.99,18.21
sh688129,东来技术,2021-04-19,18.7,19.27,18.28,19.16,18.48,1703859.0,32128467.0,523037842.16,2299200000.0,78353311.24,93292045.96,790527255.14,886212578.79,95685323.65,23544047.89999999,1591.01,1446.21,423.71,249.47,1045.88,1517.16,152.25,0.0,,,,,,,基础化工,化学制品,涂料油漆油墨制造,18.59,18.35,18.31
sh688129,东来技术,2021-04-20,19.13,19.28,18.51,18.52,19.16,1249316.0,23564566.0,505566849.52,2222400000.0,78353311.24,93292045.96,790527255.14,886212578.79,95685323.65,23544047.89999999,1121.77,1144.12,145.48,297.77,1089.21,914.56,0.0,0.0,,,,,,,基础化工,化学制品,涂料油漆油墨制造,19.19,19.15,19.05
sh688129,东来技术,2021-04-21,18.78,18.85,18.3,18.42,18.52,718834.0,13369704.0,502837006.92,2210400000.0,78353311.24,93292045.96,790527255.14,886212578.79,95685323.65,23544047.89999999,579.18,535.21,175.13,221.93,582.66,579.84,0.0,0.0,,,,,,,基础化工,化学制品,涂料油漆油墨制造,18.59,18.69,18.64
sh688129,东来技术,2021-04-22,18.6,18.73,18.16,18.29,18.42,839611.0,15450711.0,499288211.54,2194800000.0,78353311.24,93292045.96,790527255.14,886212578.79,95685323.65,23544047.89999999,731.17,589.51,134.86,279.63,679.04,675.94,0.0,0.0,,,,,,,基础化工,化学制品,涂料油漆油墨制造,18.64,18.56,18.47
sh688129,东来技术,2021-04-23,18.19,18.74,18.01,18.16,18.29,1245652.0,22910439.0,517560000.0,2179200000.0,78353311.24,93292045.96,790527255.14,886212578.79,95685323.65,23544047.89999999,1060.27,1052.61,107.88,76.39,1122.9,1162.05,0.0,0.0,,,,,,,基础化工,化学制品,涂料油漆油墨制造,18.7,18.3,18.34
sh688129,东来技术,2021-04-26,18.03,18.35,17.99,18.03,18.16,643778.0,11673463.0,513855000.0,2163600000.0,78353311.24,93292045.96,790527255.14,886212578.79,95685323.65,23544047.89999999,458.42,534.68,21.74,50.49,687.18,582.17,0.0,0.0,,,,,,,基础化工,化学制品,涂料油漆油墨制造,18.26,18.27,18.16
sh688129,东来技术,2021-04-27,18.19,18.2,17.17,17.33,18.03,1190413.0,20795503.0,493905000.0,2079600000.0,78353311.24,93292045.96,790527255.14,886212578.79,95685323.65,23544047.89999999,842.48,864.36,100.68,351.16,999.27,864.03,137.11,0.0,,,,,,,基础化工,化学制品,涂料油漆油墨制造,18.06,17.85,17.53
sh688129,东来技术,2021-04-28,17.2,17.43,17.2,17.32,17.33,626242.0,10842490.0,493620000.0,2078400000.0,78353311.24,93292045.96,790527255.14,886212578.79,95685323.65,23544047.89999999,515.72,527.72,221.29,211.35,347.24,345.18,0.0,0.0,,,,,,,基础化工,化学制品,涂料油漆油墨制造,17.31,17.33,17.35
sh688129,东来技术,2021-04-29,17.28,17.49,17.26,17.3,17.32,510445.0,8854512.0,493050000.0,2076000000.0,78353311.24,93292045.96,790527255.14,886212578.79,95685323.65,23544047.89999999,432.43,544.55,147.84,109.03,305.18,231.88,0.0,0.0,,,,,,,基础化工,化学制品,涂料油漆油墨制造,17.32,17.39,17.45
sh688129,东来技术,2021-04-30,17.48,17.6,17.17,17.28,17.3,724864.0,12549749.0,492480000.0,2073600000.0,78353311.24,93292045.96,810054977.74,894615144.01,84560166.27,18733747.82,565.87,451.01,254.45,370.52,434.66,433.45,0.0,0.0,,,,,,,基础化工,化学制品,涂料油漆油墨制造,17.22,17.44,17.44
sh688129,东来技术,2021-05-06,17.43,17.53,17.21,17.44,17.28,352585.0,6128190.0,497040000.0,2092800000.0,78353311.24,93292045.96,810054977.74,894615144.01,84560166.27,18733747.82,212.79,318.44,95.06,0.0,304.97,294.38,0.0,0.0,,,,,,,基础化工,化学制品,涂料油漆油墨制造,17.3,17.26,17.32
sh688129,东来技术,2021-05-07,17.53,17.53,17.14,17.25,17.44,401039.0,6931864.0,491625000.0,2070000000.0,78353311.24,93292045.96,810054977.74,894615144.01,84560166.27,18733747.82,266.03,280.82,34.72,24.64,392.44,387.73,0.0,0.0,,,,,,,基础化工,化学制品,涂料油漆油墨制造,17.43,17.32,17.29
sh688129,东来技术,2021-05-10,17.4,17.41,16.85,17.15,17.25,680573.0,11676489.0,488775000.0,2058000000.0,78353311.24,93292045.96,810054977.74,894615144.01,84560166.27,18733747.82,569.42,547.45,122.21,162.34,476.02,457.86,0.0,0.0,,,,,,,基础化工,化学制品,涂料油漆油墨制造,17.23,17.39,17.4
sh688129,东来技术,2021-05-11,17.1,17.34,16.94,17.34,17.15,542855.0,9283440.0,494190000.0,2080800000.0,78353311.24,93292045.96,810054977.74,894615144.01,84560166.27,18733747.82,518.8,344.99,41.89,119.56,367.65,463.79,0.0,0.0,,,,,,,基础化工,化学制品,涂料油漆油墨制造,17.19,17.22,17.1
sh688129,东来技术,2021-05-12,17.32,17.75,17.23,17.6,17.34,625601.0,10976476.0,501600000.0,2112000000.0,78353311.24,93292045.96,810054977.74,894615144.01,84560166.27,18733747.82,623.86,473.51,103.51,68.98,370.28,555.15,0.0,0.0,,,,,,,基础化工,化学制品,涂料油漆油墨制造,17.3,17.3,17.35
sh688129,东来技术,2021-05-13,17.52,17.63,17.31,17.31,17.6,558051.0,9744092.0,493335000.0,2077200000.0,78353311.24,93292045.96,810054977.74,894615144.01,84560166.27,18733747.82,425.12,500.19,119.83,156.8,429.45,317.42,0.0,0.0,,,,,,,基础化工,化学制品,涂料油漆油墨制造,17.49,17.54,17.52
sh688129,东来技术,2021-05-14,17.37,17.56,17.28,17.48,17.31,807766.0,14084810.0,498180000.0,2097600000.0,78353311.24,93292045.96,810054977.74,894615144.01,84560166.27,18733747.82,496.12,626.38,281.37,214.38,494.1,430.83,0.0,0.0,,,,,,,基础化工,化学制品,涂料油漆油墨制造,17.36,17.34,17.28
sh688129,东来技术,2021-05-17,17.48,17.66,17.38,17.5,17.48,466675.0,8159531.0,498750000.0,2100000000.0,78353311.24,93292045.96,810054977.74,894615144.01,84560166.27,18733747.82,487.91,394.53,66.52,63.89,261.52,357.53,0.0,0.0,,,,,,,基础化工,化学制品,涂料油漆油墨制造,17.46,17.41,17.4
sh688129,东来技术,2021-05-18,17.42,17.73,17.39,17.68,17.5,632145.0,11109346.0,503880000.0,2121600000.0,78353311.24,93292045.96,810054977.74,894615144.01,84560166.27,18733747.82,551.88,544.52,141.17,110.04,417.88,456.37,0.0,0.0,,,,,,,基础化工,化学制品,涂料油漆油墨制造,17.39,17.46,17.46
sh688129,东来技术,2021-05-19,17.67,17.79,17.42,17.45,17.68,572308.0,10042426.0,497325000.0,2094000000.0,78353311.24,93292045.96,810054977.74,894615144.01,84560166.27,18733747.82,477.49,506.96,124.07,178.27,402.68,319.01,0.0,0.0,,,,,,,基础化工,化学制品,涂料油漆油墨制造,17.69,17.65,17.6
sh688129,东来技术,2021-05-20,17.5,17.51,17.16,17.17,17.45,674604.0,11650215.0,489345000.0,2060400000.0,78353311.24,93292045.96,810054977.74,894615144.01,84560166.27,18733747.82,488.81,508.15,69.59,276.65,606.62,380.23,0.0,0.0,,,,,,,基础化工,化学制品,涂料油漆油墨制造,17.47,17.38,17.34
sh688129,东来技术,2021-05-21,17.16,17.35,17.16,17.22,17.17,342055.0,5908999.0,490770000.0,2066400000.0,78353311.24,93292045.96,810054977.74,894615144.01,84560166.27,18733747.82,237.24,289.77,59.46,54.66,294.2,246.47,0.0,0.0,,,,,,,基础化工,化学制品,涂料油漆油墨制造,17.2,17.22,17.28
sh688129,东来技术,2021-05-24,17.16,17.5,17.16,17.36,17.22,396273.0,6871017.0,494760000.0,2083200000.0,78353311.24,93292045.96,810054977.74,894615144.01,84560166.27,18733747.82,337.09,320.18,64.89,56.53,285.12,310.39,0.0,0.0,,,,,,,基础化工,化学制品,涂料油漆油墨制造,17.2,17.22,17.26
sh688129,东来技术,2021-05-25,17.4,17.64,17.4,17.55,17.36,523886.0,9178777.0,500175000.0,2106000000.0,78353311.24,93292045.96,810054977.74,894615144.01,84560166.27,18733747.82,419.32,482.61,36.55,59.94,462.01,375.33,0.0,0.0,,,,,,,基础化工,化学制品,涂料油漆油墨制造,17.47,17.47,17.43
sh688129,东来技术,2021-05-26,17.57,18.05,17.57,17.85,17.55,975554.0,17389245.0,508725000.0,2142000000.0,78353311.24,93292045.96,810054977.74,894615144.01,84560166.27,18733747.82,889.46,837.68,211.92,209.24,637.54,692.01,0.0,0.0,,,,,,,基础化工,化学制品,涂料油漆油墨制造,17.63,17.67,17.8
sh688129,东来技术,2021-05-27,17.86,19.12,17.86,18.83,17.85,2862648.0,53449918.0,536655000.0,2259600000.0,78353311.24,93292045.96,810054977.74,894615144.01,84560166.27,18733747.82,2279.27,2457.17,1344.03,982.97,1610.77,1904.85,110.93,0.0,,,,,,,基础化工,化学制品,涂料油漆油墨制造,17.92,18.03,18.06
sh688129,东来技术,2021-05-28,18.8,18.85,18.18,18.3,18.83,1243834.0,22959827.0,521550000.0,2196000000.0,78353311.24,93292045.96,810054977.74,894615144.01,84560166.27,18733747.82,1039.96,1109.0,202.45,479.94,900.13,553.6,0.0,0.0,,,,,,,基础化工,化学制品,涂料油漆油墨制造,18.66,18.67,18.61
sh688129,东来技术,2021-05-31,18.44,18.68,18.11,18.6,18.3,1220763.0,22518772.0,530100000.0,2232000000.0,78353311.24,93292045.96,810054977.74,894615144.01,84560166.27,18733747.82,989.99,844.96,237.55,195.14,1024.34,1211.78,0.0,0.0,,,,,,,基础化工,化学制品,涂料油漆油墨制造,18.21,18.33,18.31
sh688129,东来技术,2021-06-01,18.65,20.16,18.65,19.79,18.6,2992106.0,58741524.0,564015000.0,2374800000.0,78353311.24,93292045.96,810054977.74,894615144.01,84560166.27,18733747.82,2399.35,2345.44,1044.06,791.71,2430.74,2737.0,0.0,0.0,,,,,,,基础化工,化学制品,涂料油漆油墨制造,19.4,19.47,19.27
sh688129,东来技术,2021-06-02,19.6,20.8,19.6,20.3,19.79,3008038.0,61221051.0,578550000.0,2436000000.0,78353311.24,93292045.96,810054977.74,894615144.01,84560166.27,18733747.82,2248.64,2673.16,912.77,795.31,2902.49,2620.83,58.21,32.81,,,,,,,基础化工,化学制品,涂料油漆油墨制造,20.28,20.14,20.0
sh688129,东来技术,2021-06-03,20.08,20.18,19.4,19.49,20.3,2305589.0,45378748.0,555465000.0,2338800000.0,78353311.24,93292045.96,810054977.74,894615144.01,84560166.27,18733747.82,1820.43,1786.86,390.02,950.17,2310.84,1600.45,16.58,200.39,,,,,,,基础化工,化学制品,涂料油漆油墨制造,19.99,19.6,19.67
sh688129,东来技术,2021-06-04,19.32,19.91,19.18,19.35,19.49,1354232.0,26456496.0,551475000.0,2322000000.0,78353311.24,93292045.96,810054977.74,894615144.01,84560166.27,18733747.82,932.75,1207.74,312.03,258.94,1400.87,1178.97,0.0,0.0,,,,,,,基础化工,化学制品,涂料油漆油墨制造,19.9,19.77,19.65
sh688129,东来技术,2021-06-07,19.48,19.62,19.02,19.18,19.35,992221.0,19135632.0,546630000.0,2301600000.0,78353311.24,93292045.96,810054977.74,894615144.01,84560166.27,18733747.82,729.17,658.17,137.06,210.93,1030.51,1027.64,0.0,0.0,,,,,,,基础化工,化学制品,涂料油漆油墨制造,19.46,19.38,19.54
sh688129,东来技术,2021-06-08,19.27,19.47,19.09,19.19,19.18,802646.0,15436230.0,546915000.0,2302800000.0,78353311.24,93292045.96,810054977.74,894615144.01,84560166.27,18733747.82,572.17,668.03,63.97,74.32,907.49,801.27,0.0,0.0,,,,,,,基础化工,化学制品,涂料油漆油墨制造,19.18,19.21,19.2
sh688129,东来技术,2021-06-09,19.21,19.21,18.71,18.75,19.19,969313.0,18306444.0,534375000.0,2250000000.0,78353311.24,93292045.96,810054977.74,894615144.01,84560166.27,18733747.82,743.83,858.62,27.16,121.5,1057.97,850.52,1.68,0.0,,,,,,,基础化工,化学制品,涂料油漆油墨制造,18.73,19.0,19.08
sh688129,东来技术,2021-06-10,18.81,18.95,18.72,18.8,18.75,1390718.0,26159227.0,535800000.0,2256000000.0,78353311.24,93292045.96,810054977.74,894615144.01,84560166.27,18733747.82,1293.05,1468.03,216.44,285.74,1072.86,862.14,33.58,0.0,,,,,,,基础化工,化学制品,涂料油漆油墨制造,18.81,18.72,18.85
sh688129,东来技术,2021-06-11,18.93,19.33,18.51,18.56,18.8,1263045.0,23988747.0,528960000.0,2227200000.0,78353311.24,93292045.96,810054977.74,894615144.01,84560166.27,18733747.82,946.36,722.56,177.19,210.61,1274.94,1465.71,0.38,0.0,,,,,,,基础化工,化学制品,涂料油漆油墨制造,19.09,19.2,19.16
sh688129,东来技术,2021-06-15,18.95,19.19,18.19,18.99,18.56,1349210.0,25340523.0,541215000.0,2278800000.0,78353311.24,93292045.96,810054977.74,894615144.01,84560166.27,18733747.82,906.11,878.83,279.54,333.88,1267.96,1321.34,80.45,0.0,,,,,,,基础化工,化学制品,涂料油漆油墨制造,18.65,18.52,18.69
sh688129,东来技术,2021-06-16,18.76,19.16,18.65,18.69,18.99,989143.0,18670301.0,532665000.0,2242800000.0,78353311.24,93292045.96,810054977.74,894615144.01,84560166.27,18733747.82,695.01,599.68,147.06,119.95,959.56,1147.41,65.41,0.0,,,,,,,基础化工,化学制品,涂料油漆油墨制造,19.02,18.7,18.8
sh688129,东来技术,2021-06-17,18.61,18.8,18.23,18.46,18.69,936705.0,17292113.0,526110000.0,2215200000.0,78353311.24,93292045.96,810054977.74,894615144.01,84560166.27,18733747.82,605.05,626.36,137.84,164.81,986.32,938.04,0.0,0.0,,,,,,,基础化工,化学制品,涂料油漆油墨制造,18.78,18.74,18.71
sh688129,东来技术,2021-06-18,18.49,18.8,18.41,18.72,18.46,694355.0,12924106.0,533520000.0,2246400000.0,78353311.24,93292045.96,810054977.74,894615144.01,84560166.27,18733747.82,530.51,489.79,95.57,125.15,660.57,677.47,5.76,0.0,,,,,,,基础化工,化学制品,涂料油漆油墨制造,18.41,18.52,18.55
sh688129,XD东来技,2021-06-21,18.6,19.0,18.5,18.89,18.52,992546.0,18630212.0,538365000.0,2266800000.0,78353311.24,93292045.96,810054977.74,894615144.01,84560166.27,18733747.82,764.71,673.59,225.84,344.16,870.43,845.28,2.04,0.0,,,,,,,基础化工,化学制品,涂料油漆油墨制造,18.77,18.63,18.59
sh688129,东来技术,2021-06-22,18.9,19.09,18.68,18.93,18.89,1026743.0,19436919.0,539505000.0,2271600000.0,78353311.24,93292045.96,810054977.74,894615144.01,84560166.27,18733747.82,644.61,675.47,468.98,446.07,830.09,822.15,0.0,0.0,,,,,,,基础化工,化学制品,涂料油漆油墨制造,18.94,19.0,18.91
sh688129,东来技术,2021-06-23,18.92,18.97,18.67,18.85,18.93,857585.0,16100450.0,537225000.0,2262000000.0,78353311.24,93292045.96,810054977.74,894615144.01,84560166.27,18733747.82,816.18,730.1,64.41,161.05,729.45,718.89,0.0,0.0,,,,,,,基础化工,化学制品,涂料油漆油墨制造,18.85,18.74,18.7
sh688129,东来技术,2021-06-24,19.12,19.12,18.7,18.88,18.85,651201.0,12289701.0,538080000.0,2265600000.0,78353311.24,93292045.96,810054977.74,894615144.01,84560166.27,18733747.82,493.47,506.02,97.95,60.03,637.55,662.92,0.0,0.0,,,,,,,基础化工,化学制品,涂料油漆油墨制造,18.81,18.76,18.88
sh688129,东来技术,2021-06-25,18.92,18.92,18.38,18.4,18.88,1013089.0,18765970.0,524400000.0,2208000000.0,78353311.24,93292045.96,810054977.74,894615144.01,84560166.27,18733747.82,944.31,862.22,56.78,166.62,875.5,847.77,0.0,0.0,,,,,,,基础化工,化学制品,涂料油漆油墨制造,18.86,18.7,18.71
sh688129,东来技术,2021-06-28,18.4,18.61,18.39,18.51,18.4,715457.0,13242798.0,527535000.0,2221200000.0,78353311.24,93292045.96,810054977.74,894615144.01,84560166.27,18733747.82,498.87,633.18,44.88,85.66,780.53,605.43,0.0,0.0,,,,,,,基础化工,化学制品,涂料油漆油墨制造,18.4,18.39,18.42
sh688129,东来技术,2021-06-29,18.53,18.63,18.06,18.1,18.51,952187.0,17372016.0,515850000.0,2172000000.0,78353311.24,93292045.96,810054977.74,894615144.01,84560166.27,18733747.82,769.36,769.27,197.88,187.82,769.96,780.11,0.0,0.0,,,,,,,基础化工,化学制品,涂料油漆油墨制造,18.61,18.54,18.47
sh688129,东来技术,2021-06-30,18.1,18.75,18.1,18.75,18.1,1130270.0,20943446.0,534375000.0,2250000000.0,78353311.24,93292045.96,810054977.74,894615144.01,84560166.27,18733747.82,758.65,1000.49,260.97,62.36,1074.72,1031.49,0.0,0.0,,,,,,,基础化工,化学制品,涂料油漆油墨制造,18.2,18.26,18.44
sh688129,东来技术,2021-07-01,18.62,19.46,18.62,18.73,18.75,2006459.0,38240073.0,533805000.0,2247600000.0,78353311.24,93292045.96,810054977.74,894615144.01,84560166.27,18733747.82,1566.89,1764.08,592.68,382.34,1508.23,1666.34,156.21,11.25,,,,,,,基础化工,化学制品,涂料油漆油墨制造,19.28,18.99,19.25
sh688129,东来技术,2021-07-02,18.73,18.96,18.4,18.5,18.73,1016552.0,18952207.0,527250000.0,2220000000.0,78353311.24,93292045.96,810054977.74,894615144.01,84560166.27,18733747.82,695.99,746.79,197.44,171.27,1001.79,977.17,0.0,0.0,,,,,,,基础化工,化学制品,涂料油漆油墨制造,18.78,18.89,18.94
sh688129,东来技术,2021-07-05,18.5,19.48,18.34,19.4,18.5,1840731.0,35222527.0,552900000.0,2328000000.0,78353311.24,93292045.96,810054977.74,894615144.01,84560166.27,18733747.82,1424.93,1426.29,391.55,451.66,1705.77,1519.77,0.0,124.54,,,,,,,基础化工,化学制品,涂料油漆油墨制造,18.51,18.69,18.71
sh688129,东来技术,2021-07-06,19.4,19.55,19.11,19.43,19.4,1420458.0,27483924.0,553755000.0,2331600000.0,78353311.24,93292045.96,810054977.74,894615144.01,84560166.27,18733747.82,1279.04,1101.96,409.2,315.75,1061.12,1219.25,0.0,112.42,,,,,,,基础化工,化学制品,涂料油漆油墨制造,19.4,19.31,19.28
sh688129,东来技术,2021-07-07,19.48,20.46,19.48,20.25,19.43,2648617.0,53146142.0,577125000.0,2430000000.0,78353311.24,93292045.96,810054977.74,894615144.01,84560166.27,18733747.82,2462.58,2512.18,710.89,394.65,2131.47,2407.79,9.67,0.0,,,,,,,基础化工,化学制品,涂料油漆油墨制造,19.55,19.61,19.84
sh688129,东来技术,2021-07-08,20.1,20.25,19.69,19.84,20.25,1891688.0,37570953.0,565440000.0,2380800000.0,78353311.24,93292045.96,810054977.74,894615144.01,84560166.27,18733747.82,1662.99,1512.09,311.33,709.67,1600.99,1423.98,181.79,111.35,,,,,,,基础化工,化学制品,涂料油漆油墨制造,20.09,19.99,19.97
sh688129,东来技术,2021-07-09,19.83,19.92,19.51,19.82,19.84,1187873.0,23452775.0,564870000.0,2378400000.0,78353311.24,93292045.96,810054977.74,894615144.01,84560166.27,18733747.82,1090.66,976.78,89.59,90.1,1165.02,1278.39,0.0,0.0,,,,,,,基础化工,化学制品,涂料油漆油墨制造,19.8,19.75,19.61
sh688129,东来技术,2021-07-12,19.93,20.39,19.68,19.84,19.82,1829555.0,36521550.0,565440000.0,2380800000.0,78353311.24,93292045.96,810054977.74,894615144.01,84560166.27,18733747.82,1646.01,1527.58,245.95,732.41,1522.02,1364.86,238.18,27.32,,,,,,,基础化工,化学制品,涂料油漆油墨制造,20.18,20.18,19.93
sh688129,东来技术,2021-07-13,19.9,19.9,19.48,19.62,19.84,926794.0,18192553.0,559170000.0,2354400000.0,78353311.24,93292045.96,810054977.74,894615144.01,84560166.27,18733747.82,836.78,705.08,39.06,223.77,943.03,890.41,0.39,0.0,,,,,,,基础化工,化学制品,涂料油漆油墨制造,19.78,19.8,19.7
sh688129,东来技术,2021-07-14,19.43,19.5,19.05,19.1,19.62,1308969.0,25156413.0,544350000.0,2292000000.0,78353311.24,93292045.96,810054977.74,894615144.01,84560166.27,18733747.82,1010.96,1237.79,385.79,242.48,1118.89,1035.38,0.0,0.0,,,,,,,基础化工,化学制品,涂料油漆油墨制造,19.2,19.17,19.25
sh688129,东来技术,2021-07-15,19.3,19.3,18.37,18.7,19.1,1331034.0,24858930.0,532950000.0,2244000000.0,78353311.24,93292045.96,810054977.74,894615144.01,84560166.27,18733747.82,936.52,862.77,255.51,119.01,1293.86,1504.12,0.0,0.0,,,,,,,基础化工,化学制品,涂料油漆油墨制造,19.07,18.89,18.79
sh688129,东来技术,2021-07-16,18.75,18.93,18.49,18.6,18.7,945682.0,17678708.0,530100000.0,2232000000.0,78353311.24,93292045.96,810054977.74,894615144.01,84560166.27,18733747.82,767.34,718.38,190.37,173.56,806.48,875.93,3.69,0.0,,,,,,,基础化工,化学制品,涂料油漆油墨制造,18.78,18.74,18.68
sh688129,东来技术,2021-07-19,18.56,19.14,18.15,18.77,18.6,1272817.0,23602247.0,534945000.0,2252400000.0,78353311.24,93292045.96,810054977.74,894615144.01,84560166.27,18733747.82,946.09,730.5,357.58,330.53,970.52,1213.16,0.0,0.0,,,,,,,基础化工,化学制品,涂料油漆油墨制造,18.49,18.23,18.22
sh688129,东来技术,2021-07-20,18.77,18.88,18.52,18.67,18.77,863301.0,16138986.0,532095000.0,2240400000.0,78353311.24,93292045.96,810054977.74,894615144.01,84560166.27,18733747.82,846.71,776.44,51.8,71.03,715.39,766.42,0.0,0.0,,,,,,,基础化工,化学制品,涂料油漆油墨制造,18.63,18.68,18.78
sh688129,东来技术,2021-07-21,18.7,19.65,18.7,19.4,18.67,1930392.0,37473447.0,552900000.0,2328000000.0,78353311.24,93292045.96,810054977.74,894615144.01,84560166.27,18733747.82,1608.23,1670.29,383.86,396.11,1755.25,1549.77,0.0,131.18,,,,,,,基础化工,化学制品,涂料油漆油墨制造,19.05,19.55,19.64
sh688129,东来技术,2021-07-22,19.68,19.86,19.28,19.75,19.4,1740510.0,34142681.0,562875000.0,2370000000.0,78353311.24,93292045.96,810054977.74,894615144.01,84560166.27,18733747.82,1135.67,1578.1,327.72,329.57,1782.61,1394.38,168.27,112.21,,,,,,,基础化工,化学制品,涂料油漆油墨制造,19.44,19.41,19.36
sh688129,东来技术,2021-07-23,19.75,20.48,19.43,19.63,19.75,2021327.0,40208576.0,559455000.0,2355600000.0,78353311.24,93292045.96,810054977.74,894615144.01,84560166.27,18733747.82,1966.31,1581.54,264.14,208.68,1723.89,2230.63,66.51,0.0,,,,,,,基础化工,化学制品,涂料油漆油墨制造,20.13,20.3,19.95
sh688129,东来技术,2021-07-26,19.65,20.45,19.63,20.21,19.63,3343594.0,67074485.0,575985000.0,2425200000.0,78353311.24,93292045.96,810054977.74,894615144.01,84560166.27,18733747.82,3352.26,2531.59,747.0,1117.39,2609.2,2837.59,0.0,221.9,,,,,,,基础化工,化学制品,涂料油漆油墨制造,19.7,20.1,20.31
sh688129,东来技术,2021-07-27,20.45,21.56,20.12,20.84,20.21,5193864.0,109072056.0,593940000.0,2500800000.0,78353311.24,93292045.96,810054977.74,894615144.01,84560166.27,18733747.82,4566.13,5108.37,2824.31,1373.62,3483.94,4262.91,32.83,162.32,,,,,,,基础化工,化学制品,涂料油漆油墨制造,20.34,20.57,21.05
sh688129,东来技术,2021-07-28,20.99,20.99,18.91,19.65,20.84,2859234.0,56604532.0,560025000.0,2358000000.0,78353311.24,93292045.96,810054977.74,894615144.01,84560166.27,18733747.82,2177.36,2628.98,587.05,683.39,2896.39,2348.43,0.0,0.0,,,,,,,基础化工,化学制品,涂料油漆油墨制造,19.9,19.7,19.69
sh688129,东来技术,2021-07-29,19.85,22.25,19.71,22.05,19.65,4956364.0,105057904.0,628425000.0,2646000000.0,78353311.24,93292045.96,810054977.74,894615144.01,84560166.27,18733747.82,3798.14,4435.8,1718.44,1792.6,4806.46,3998.99,184.02,279.67,,,,,,,基础化工,化学制品,涂料油漆油墨制造,20.34,20.74,20.77
sh688129,东来技术,2021-07-30,22.6,22.97,22.08,22.4,22.05,4285643.0,96637987.0,638400000.0,2688000000.0,78353311.24,93292045.96,810054977.74,894615144.01,84560166.27,18733747.82,3865.78,4669.29,1672.56,1420.33,4125.46,3574.17,0.0,0.0,,,,,,,基础化工,化学制品,涂料油墨,22.28,22.33,22.32
sh688129,东来技术,2021-08-02,22.11,22.64,21.79,22.51,22.4,2421286.0,53886067.0,641535000.0,2701200000.0,78353311.24,93292045.96,810054977.74,894615144.01,84560166.27,18733747.82,2520.79,2367.13,579.43,897.61,2198.4,2123.87,89.99,0.0,,,,,,,基础化工,化学制品,涂料油墨,22.39,22.19,22.26
sh688129,东来技术,2021-08-03,22.5,23.88,21.32,21.54,22.51,3958913.0,88582305.0,613890000.0,2584800000.0,78353311.24,93292045.96,810054977.74,894615144.01,84560166.27,18733747.82,4004.65,3521.04,998.58,1491.93,3760.32,3799.97,94.69,45.3,,,,,,,基础化工,化学制品,涂料油墨,23.15,23.29,23.42
sh688129,东来技术,2021-08-04,21.4,22.03,21.13,21.85,21.54,2153770.0,46440536.0,622725000.0,2622000000.0,78353311.24,93292045.96,810054977.74,894615144.01,84560166.27,18733747.82,1834.07,1907.7,608.25,815.15,2192.86,1921.2,8.88,0.0,,,,,,,基础化工,化学制品,涂料油墨,21.26,21.51,21.19
sh688129,东来技术,2021-08-05,21.83,21.83,21.1,21.15,21.85,1971099.0,41992868.0,602775000.0,2538000000.0,78353311.24,93292045.96,810054977.74,894615144.01,84560166.27,18733747.82,1568.24,1792.35,856.84,679.16,1691.86,1555.98,82.34,171.8,,,,,,,基础化工,化学制品,涂料油墨,21.46,21.57,21.36
sh688129,东来技术,2021-08-06,21.46,21.97,20.74,20.92,21.15,2099922.0,44493298.0,596220000.0,2510400000.0,78353311.24,93292045.96,810054977.74,894615144.01,84560166.27,18733747.82,1938.06,1758.22,601.06,551.9,1910.21,2139.2,0.0,0.0,,,,,,,基础化工,化学制品,涂料油墨,21.29,21.27,21.66
sh688129,东来技术,2021-08-09,20.88,21.32,20.84,21.15,20.92,1163483.0,24580536.0,602775000.0,2538000000.0,78353311.24,93292045.96,810054977.74,894615144.01,84560166.27,18733747.82,987.84,1173.69,297.24,328.72,1174.24,956.91,0.0,0.0,,,,,,,基础化工,化学制品,涂料油墨,21.11,21.12,20.94
sh688129,东来技术,2021-08-10,21.15,22.43,21.03,21.73,21.15,2139540.0,46883573.0,619305000.0,2607600000.0,78353311.24,93292045.96,810054977.74,894615144.01,84560166.27,18733747.82,2112.01,1707.62,539.58,1009.26,1950.73,1884.2,86.03,87.28,,,,,,,基础化工,化学制品,涂料油墨,21.49,21.86,22.0
sh688129,东来技术,2021-08-11,21.73,22.3,21.3,21.9,21.73,1899173.0,41240658.0,624150000.0,2628000000.0,78353311.24,93292045.96,810054977.74,894615144.01,84560166.27,18733747.82,1599.44,1580.19,621.95,766.05,1900.58,1777.82,2.1,0.0,,,,,,,基础化工,化学制品,涂料油墨,21.4,21.69,21.56
sh688129,东来技术,2021-08-12,22.09,22.91,21.67,22.78,21.9,2334621.0,52228657.0,649230000.0,2733600000.0,78353311.24,93292045.96,810054977.74,894615144.01,84560166.27,18733747.82,2534.18,2052.29,359.58,540.58,2329.1,2630.0,0.0,0.0,,,,,,,基础化工,化学制品,涂料油墨,22.23,22.05,22.02
sh688129,东来技术,2021-08-13,22.73,25.08,22.5,23.71,22.78,4172641.0,99577394.0,675735000.0,2845200000.0,78353311.24,93292045.96,810054977.74,894615144.01,84560166.27,18733747.82,4643.29,4258.94,2123.09,1454.44,3186.47,4116.22,4.89,128.14,,,,,,,基础化工,化学制品,涂料油墨,23.25,24.48,24.3
sh688129,东来技术,2021-08-16,23.02,23.8,22.57,22.67,23.71,2242203.0,51328464.0,646095000.0,2720400000.0,78353311.24,93292045.96,810054977.74,894615144.01,84560166.27,18733747.82,2347.66,2297.33,541.62,711.7,2138.75,2015.71,104.81,108.1,,,,,,,基础化工,化学制品,涂料油墨,23.2,23.07,22.61
sh688129,东来技术,2021-08-17,22.72,22.74,21.85,22.0,22.67,1520227.0,33856154.0,627000000.0,2640000000.0,78353311.24,93292045.96,810054977.74,894615144.01,84560166.27,18733747.82,1134.28,1322.2,313.48,509.14,1693.85,1419.88,244.0,134.4,,,,,,,基础化工,化学制品,涂料油墨,22.4,22.6,22.5
sh688129,东来技术,2021-08-18,21.88,22.31,21.58,22.25,22.0,1349081.0,29634190.0,634125000.0,2670000000.0,78353311.24,93292045.96,810054977.74,894615144.01,84560166.27,18733747.82,1142.32,1134.3,212.05,370.77,1439.58,1344.46,169.46,113.88,,,,,,,基础化工,化学制品,涂料油墨,22.24,22.0,22.13
sh688129,东来技术,2021-08-19,22.17,22.3,21.77,21.93,22.25,1046384.0,23003713.0,625005000.0,2631600000.0,78353311.24,93292045.96,810054977.74,894615144.01,84560166.27,18733747.82,1212.06,938.57,187.83,389.92,900.47,971.88,0.0,0.0,,,,,,,基础化工,化学制品,涂料油墨,22.23,22.04,22.07
sh688129,东来技术,2021-08-20,21.84,21.92,20.8,21.22,21.93,1624537.0,34320253.0,604770000.0,2546400000.0,78353311.24,93292045.96,810054977.74,894615144.01,84560166.27,18733747.82,1229.35,1390.73,508.93,423.11,1693.74,1513.26,0.0,104.93,,,,,,,基础化工,化学制品,涂料油墨,21.4,21.29,21.23
sh688129,东来技术,2021-08-23,21.01,22.22,21.01,22.15,21.22,1341167.0,29303796.0,631275000.0,2658000000.0,78353311.24,93292045.96,810054977.74,894615144.01,84560166.27,18733747.82,1361.33,1327.64,185.75,497.6,1383.3,1105.14,0.0,0.0,,,,,,,基础化工,化学制品,涂料油墨,21.38,21.45,21.43
sh688129,东来技术,2021-08-24,22.02,22.48,21.7,22.08,22.15,1137105.0,25097987.0,629280000.0,2649600000.0,78353311.24,93292045.96,810054977.74,894615144.01,84560166.27,18733747.82,1156.21,1233.48,213.23,197.08,1140.36,1079.23,0.0,0.0,,,,,,,基础化工,化学制品,涂料油墨,22.39,22.3,22.18
sh688129,东来技术,2021-08-25,21.98,22.81,21.65,22.79,22.08,1347931.0,30195968.0,649515000.0,2734800000.0,78353311.24,93292045.96,810054977.74,894615144.01,84560166.27,18733747.82,1384.76,1491.56,330.02,260.02,1280.01,1268.02,24.8,0.0,,,,,,,基础化工,化学制品,涂料油墨,21.78,21.76,21.95
sh688129,东来技术,2021-08-26,22.46,22.92,21.58,21.6,22.79,1684748.0,37231182.0,623166480.0,2592000000.0,90771523.5,74523697.07,811448996.73,909519789.59,98070792.86,24785664.439999998,1863.42,1571.42,480.36,738.18,1379.34,1413.52,0.0,0.0,,,,,,,基础化工,化学制品,涂料油墨,22.32,22.39,22.45
sh688129,东来技术,2021-08-27,21.6,21.69,20.57,21.0,21.6,1543720.0,32577150.0,605856300.0,2520000000.0,90771523.5,74523697.07,811448996.73,909519789.59,98070792.86,24785664.439999998,1233.22,1169.18,510.57,660.03,1513.93,1428.5,0.0,0.0,,,,,,,基础化工,化学制品,涂料油墨,21.45,21.46,21.25
sh688129,东来技术,2021-08-30,21.26,21.97,20.85,21.13,21.0,970513.0,20798578.0,609606839.0,2535600000.0,90771523.5,74523697.07,811448996.73,909519789.59,98070792.86,24785664.439999998,785.77,699.97,280.4,246.68,1013.68,1133.21,0.0,0.0,,,,,,,基础化工,化学制品,涂料油墨,21.49,21.48,21.21
sh688129,东来技术,2021-08-31,21.14,21.14,20.3,20.49,21.13,1296000.0,26650943.0,591142647.0,2458800000.0,90771523.5,74523697.07,811448996.73,909519789.59,98070792.86,24785664.439999998,1311.92,1041.29,192.93,311.31,1159.63,1246.7,0.61,65.8,,,,,,,基础化工,化学制品,涂料油墨,20.59,20.93,20.88
sh688129,东来技术,2021-09-01,20.49,20.59,19.71,20.26,20.49,1248627.0,25143006.0,584507078.0,2431200000.0,90771523.5,74523697.07,811448996.73,909519789.59,98070792.86,24785664.439999998,1037.49,1100.35,306.71,266.59,1170.1,1147.37,0.0,0.0,,,,,,,基础化工,化学制品,涂料油墨,20.5,20.42,20.43
sh688129,东来技术,2021-09-02,20.26,20.3,19.76,20.24,20.26,797068.0,15983354.0,583930072.0,2428800000.0,90771523.5,74523697.07,811448996.73,909519789.59,98070792.86,24785664.439999998,677.27,600.63,193.76,89.73,727.3,907.98,0.0,0.0,,,,,,,基础化工,化学制品,涂料油墨,20.06,19.85,19.95
sh688129,东来技术,2021-09-03,20.2,20.91,20.2,20.76,20.24,1239703.0,25626732.0,598932228.0,2491200000.0,90771523.5,74523697.07,811448996.73,909519789.59,98070792.86,24785664.439999998,1193.96,994.04,366.34,333.81,1002.37,1041.77,0.0,193.05,,,,,,,基础化工,化学制品,涂料油墨,20.24,20.46,20.57
sh688129,东来技术,2021-09-06,20.76,20.99,20.02,20.2,20.76,1704643.0,34747497.0,582776060.0,2424000000.0,90771523.5,74523697.07,811448996.73,909519789.59,98070792.86,24785664.439999998,1642.26,1238.67,510.64,1107.54,1321.85,1128.54,0.0,0.0,,,,,,,基础化工,化学制品,涂料油墨,20.79,20.73,20.62
sh688129,东来技术,2021-09-07,20.2,21.0,20.2,20.88,20.2,1404169.0,29161953.0,602394264.0,2505600000.0,90771523.5,74523697.07,811448996.73,909519789.59,98070792.86,24785664.439999998,1080.36,1225.3,273.93,287.61,1561.91,1403.28,0.0,0.0,,,,,,,基础化工,化学制品,涂料油墨,20.32,20.72,20.76
sh688129,东来技术,2021-09-08,20.81,21.01,20.38,20.71,20.88,1166117.0,23991075.0,597489713.0,2485200000.0,90771523.5,74523697.07,811448996.73,909519789.59,98070792.86,24785664.439999998,879.26,801.08,342.42,393.67,1087.9,1198.06,89.53,6.3,,,,,,,基础化工,化学制品,涂料油墨,20.71,20.67,20.64
sh688129,东来技术,2021-09-09,20.71,20.73,20.11,20.17,20.71,1207471.0,24500875.0,581910551.0,2420400000.0,90771523.5,74523697.07,811448996.73,909519789.59,98070792.86,24785664.439999998,1112.37,1100.29,270.69,195.2,1061.77,1040.11,0.0,109.23,,,,,,,基础化工,化学制品,涂料油墨,20.68,20.53,20.53
sh688129,东来技术,2021-09-10,20.3,20.3,19.65,19.69,20.17,1277801.0,25318998.0,568062407.0,2362800000.0,90771523.5,74523697.07,811448996.73,909519789.59,98070792.86,24785664.439999998,1084.48,999.46,204.48,290.66,1242.93,1241.78,0.0,0.0,,,,,,,基础化工,化学制品,涂料油墨,20.21,20.17,20.05
sh688129,东来技术,2021-09-13,19.67,20.12,19.67,19.79,19.69,1021267.0,20319234.0,570947437.0,2374800000.0,90771523.5,74523697.07,811448996.73,909519789.59,98070792.86,24785664.439999998,731.71,880.32,118.11,284.61,1045.37,867.0,136.74,0.0,,,,,,,基础化工,化学制品,涂料油墨,19.84,19.77,19.89
sh688129,东来技术,2021-09-14,19.8,19.91,18.96,19.11,19.79,1562071.0,30298943.0,551329233.0,2293200000.0,90771523.5,74523697.07,811448996.73,909519789.59,98070792.86,24785664.439999998,1248.56,1218.15,314.76,228.7,1466.57,1507.55,0.0,75.5,,,,,,,基础化工,化学制品,涂料油墨,19.69,19.78,19.76
sh688129,东来技术,2021-09-15,19.11,19.28,19.02,19.18,19.11,612486.0,11719504.0,553348754.0,2301600000.0,90771523.5,74523697.07,811448996.73,909519789.59,98070792.86,24785664.439999998,373.23,460.86,146.11,146.66,652.61,564.43,0.0,0.0,,,,,,,基础化工,化学制品,涂料油墨,19.18,19.18,19.1
sh688129,东来技术,2021-09-16,19.29,19.37,18.53,18.55,19.18,1146258.0,21689133.0,535173065.0,2226000000.0,90771523.5,74523697.07,811448996.73,909519789.59,98070792.86,24785664.439999998,846.52,961.32,193.04,229.77,1129.35,977.83,0.0,0.0,,,,,,,基础化工,化学制品,涂料油墨,19.23,19.29,19.24
sh688129,东来技术,2021-09-17,18.67,18.67,18.11,18.3,18.55,763329.0,14018881.0,527960490.0,2196000000.0,90771523.5,74523697.07,811448996.73,909519789.59,98070792.86,24785664.439999998,519.61,517.21,114.55,114.76,767.73,769.92,0.0,0.0,,,,,,,基础化工,化学制品,涂料油墨,18.63,18.66,18.53
sh688129,东来技术,2021-09-22,18.16,18.5,18.07,18.24,18.3,621716.0,11393927.0,526229472.0,2188800000.0,90771523.5,74523697.07,811448996.73,909519789.59,98070792.86,24785664.439999998,454.31,446.74,55.19,58.93,629.9,633.72,0.0,0.0,,,,,,,基础化工,化学制品,涂料油墨,18.36,18.35,18.37
sh688129,东来技术,2021-09-23,18.32,18.65,18.25,18.41,18.24,490934.0,9025992.0,531134023.0,2209200000.0,90771523.5,74523697.07,811448996.73,909519789.59,98070792.86,24785664.439999998,358.28,266.64,50.92,44.66,493.76,591.66,0.0,0.0,,,,,,,基础化工,化学制品,涂料油墨,18.36,18.37,18.49
sh688129,东来技术,2021-09-24,18.42,18.42,17.8,17.92,18.41,749171.0,13542939.0,516997376.0,2150400000.0,90771523.5,74523697.07,811448996.73,909519789.59,98070792.86,24785664.439999998,581.53,422.96,92.17,53.65,680.59,877.68,0.0,0.0,,,,,,,基础化工,化学制品,涂料油墨,18.33,18.19,18.22
sh688129,东来技术,2021-09-27,17.95,17.98,17.06,17.22,17.92,901880.0,15696090.0,496802166.0,2066400000.0,90771523.5,74523697.07,811448996.73,909519789.59,98070792.86,24785664.439999998,632.81,605.93,107.74,154.66,829.05,809.01,0.0,0.0,,,,,,,基础化工,化学制品,涂料油墨,17.74,17.55,17.55
sh688129,东来技术,2021-09-28,17.22,17.44,17.12,17.23,17.22,393520.0,6786973.0,497090669.0,2067600000.0,90771523.5,74523697.07,811448996.73,909519789.59,98070792.86,24785664.439999998,329.77,249.59,0.0,0.0,348.92,429.11,0.0,0.0,,,,,,,基础化工,化学制品,涂料油墨,17.22,17.25,17.19
sh688129,东来技术,2021-09-29,17.3,17.4,16.91,17.02,17.23,515470.0,8814913.0,491032106.0,2042400000.0,90771523.5,74523697.07,811448996.73,909519789.59,98070792.86,24785664.439999998,219.86,145.48,0.0,65.31,661.64,670.7,0.0,0.0,,,,,,,基础化工,化学制品,涂料油墨,17.14,17.21,17.18
sh688129,东来技术,2021-09-30,17.19,17.31,17.05,17.14,17.02,366027.0,6286275.0,494494142.0,2056800000.0,90771523.5,74523697.07,811448996.73,909519789.59,98070792.86,24785664.439999998,244.01,219.87,0.99,34.4,382.45,374.36,1.18,0.0,,,,,,,基础化工,化学制品,涂料油墨,17.28,17.16,17.11
sh688129,东来技术,2021-10-08,17.19,17.56,17.18,17.4,17.14,317634.0,5536997.0,501995220.0,2088000000.0,90771523.5,74523697.07,811448996.73,909519789.59,98070792.86,24785664.439999998,160.47,201.76,70.49,20.24,322.74,331.7,0.0,0.0,,,,,,,基础化工,化学制品,涂料油墨,17.34,17.4,17.42
sh688129,东来技术,2021-10-11,17.56,17.6,17.22,17.6,17.4,307263.0,5351452.0,507765280.0,2112000000.0,90771523.5,74523697.07,811448996.73,909519789.59,98070792.86,24785664.439999998,167.32,120.87,24.98,0.0,342.44,414.28,0.41,0.0,,,,,,,基础化工,化学制品,涂料油墨,17.34,17.32,17.25
sh688129,东来技术,2021-10-12,17.7,17.7,17.0,17.27,17.6,537778.0,9309060.0,498244681.0,2072400000.0,90771523.5,74523697.07,811448996.73,909519789.59,98070792.86,24785664.439999998,324.27,259.77,100.92,0.0,505.72,671.14,0.0,0.0,,,,,,,基础化工,化学制品,涂料油墨,17.56,17.48,17.43
sh688129,东来技术,2021-10-13,17.21,17.56,17.02,17.42,17.27,420208.0,7273415.0,502572226.0,2090400000.0,90771523.5,74523697.07,811448996.73,909519789.59,98070792.86,24785664.439999998,260.25,355.8,100.66,0.0,366.43,371.54,0.0,0.0,,,,,,,基础化工,化学制品,涂料油墨,17.31,17.2,17.21
sh688129,东来技术,2021-10-14,17.28,17.56,17.26,17.46,17.42,322952.0,5628374.0,503726238.0,2095200000.0,90771523.5,74523697.07,811448996.73,909519789.59,98070792.86,24785664.439999998,264.92,259.41,25.33,0.0,272.59,303.43,0.0,0.0,,,,,,,基础化工,化学制品,涂料油墨,17.35,17.28,17.31
sh688129,东来技术,2021-10-15,17.4,17.56,17.31,17.31,17.46,407296.0,7088325.0,499398693.0,2077200000.0,90771523.5,74523697.07,811448996.73,909519789.59,98070792.86,24785664.439999998,291.51,237.56,22.75,73.08,394.58,398.19,0.0,0.0,,,,,,,基础化工,化学制品,涂料油墨,17.56,17.43,17.41
sh688129,东来技术,2021-10-18,17.14,17.49,17.14,17.23,17.31,378902.0,6545530.0,497090669.0,2067600000.0,90771523.5,74523697.07,811448996.73,909519789.59,98070792.86,24785664.439999998,288.17,188.57,43.68,148.27,298.05,293.04,0.0,0.0,,,,,,,基础化工,化学制品,涂料油墨,17.28,17.3,17.18
sh688129,东来技术,2021-10-19,17.21,17.42,17.11,17.12,17.23,457746.0,7871299.0,493917136.0,2054400000.0,90771523.5,74523697.07,811448996.73,909519789.59,98070792.86,24785664.439999998,303.64,330.64,130.27,45.61,323.54,410.88,29.68,0.0,,,,,,,基础化工,化学制品,涂料油墨,17.27,17.37,17.25
sh688129,东来技术,2021-10-20,17.28,17.28,16.86,16.93,17.12,499712.0,8468365.0,488435579.0,2031600000.0,90771523.5,74523697.07,811448996.73,909519789.59,98070792.86,24785664.439999998,311.96,280.65,56.61,21.66,477.76,544.53,0.51,0.0,,,,,,,基础化工,化学制品,涂料油墨,17.09,17.11,17.03
sh688129,东来技术,2021-10-21,16.84,16.96,16.6,16.63,16.93,600890.0,10060874.0,479780489.0,1995600000.0,90771523.5,74523697.07,811448996.73,909519789.59,98070792.86,24785664.439999998,412.74,358.91,84.44,92.47,491.81,554.71,17.1,0.0,,,,,,,基础化工,化学制品,涂料油墨,16.91,16.93,16.88
sh688129,东来技术,2021-10-22,16.67,16.95,16.56,16.63,16.63,429368.0,7201906.0,479780489.0,1995600000.0,90771523.5,74523697.07,811448996.73,909519789.59,98070792.86,24785664.439999998,186.56,175.56,59.4,136.25,474.23,408.38,0.0,0.0,,,,,,,基础化工,化学制品,涂料油墨,16.72,16.83,16.84
sh688129,东来技术,2021-10-25,16.78,16.79,16.56,16.57,16.63,462196.0,7677233.0,667444571.0,1988400000.0,90771523.5,74523697.07,811448996.73,909519789.59,98070792.86,24785664.439999998,245.58,216.68,152.51,109.1,369.63,441.94,0.0,0.0,,,,,,,基础化工,化学制品,涂料油墨,16.67,16.77,16.72
sh688129,东来技术,2021-10-26,16.51,16.75,16.51,16.66,16.57,345464.0,5755999.0,671069798.0,1999200000.0,90771523.5,74523697.07,811448996.73,909519789.59,98070792.86,24785664.439999998,169.3,201.38,0.0,47.59,406.3,326.63,0.0,0.0,,,,,,,基础化工,化学制品,涂料油墨,16.68,16.69,16.69
sh688129,东来技术,2021-10-27,16.67,16.86,16.19,16.25,16.66,572162.0,9351627.0,648862500.0,1950000000.0,90771523.5,74523697.07,811448996.73,909519789.59,98070792.86,24785664.439999998,302.32,297.98,108.98,42.43,523.87,594.75,0.0,0.0,,,,,,,基础化工,化学制品,涂料油墨,16.63,16.53,16.49
sh688129,东来技术,2021-10-28,16.25,16.27,15.76,15.82,16.25,612161.0,9760377.0,637234346.0,1898400000.0,90771523.5,74523697.07,811448996.73,909519789.59,98070792.86,24785664.439999998,465.41,426.39,56.03,124.62,454.6,425.04,0.0,0.0,,,,,,,基础化工,化学制品,涂料油墨,16.22,16.27,16.24
sh688129,东来技术,2021-10-29,15.88,16.24,15.82,16.23,15.82,744153.0,11951013.0,653749269.0,1947600000.0,90771523.5,74523697.07,811448996.73,909519789.59,98070792.86,24785664.439999998,377.76,332.44,342.1,248.7,468.06,454.86,7.19,159.1,,,,,,,基础化工,化学制品,涂料油墨,15.91,16.0,15.86
sh688129,东来技术,2021-11-01,16.44,16.44,16.02,16.37,16.23,517764.0,8416735.0,659388511.0,1964400000.0,87648369.21000001,66318477.789999984,832690684.71,928153505.1,95462820.39,20584909.050000004,300.07,289.45,123.42,181.36,411.29,370.86,6.89,0.0,,,,,,,基础化工,化学制品,涂料油墨,16.11,16.06,16.09
sh688129,东来技术,2021-11-02,16.39,16.65,16.1,16.16,16.37,536562.0,8785277.0,650929648.0,1939200000.0,87648369.21000001,66318477.789999984,832690684.71,928153505.1,95462820.39,20584909.050000004,346.78,335.6,26.96,4.12,504.79,538.81,0.0,0.0,,,,,,,基础化工,化学制品,涂料油墨,16.5,16.55,16.6
sh688129,东来技术,2021-11-03,16.36,16.37,16.16,16.28,16.16,241129.0,3921486.0,655763284.0,1953600000.0,87648369.21000001,66318477.789999984,832690684.71,928153505.1,95462820.39,20584909.050000004,139.27,155.26,0.0,0.0,252.88,236.89,0.0,0.0,,,,,,,基础化工,化学制品,涂料油墨,16.28,16.32,16.31
sh688129,东来技术,2021-11-04,16.49,16.65,16.31,16.65,16.28,604470.0,9989328.0,670666995.0,1998000000.0,87648369.21000001,66318477.789999984,832690684.71,928153505.1,95462820.39,20584909.050000004,453.65,402.66,47.27,122.63,498.02,473.65,0.0,0.0,,,,,,,基础化工,化学制品,涂料油墨,16.31,16.41,16.35
sh688129,东来技术,2021-11-05,16.65,17.63,16.52,17.2,16.65,1904388.0,32806593.0,692821160.0,2064000000.0,87648369.21000001,66318477.789999984,832690684.71,928153505.1,95462820.39,20584909.050000004,1381.03,1479.64,459.88,318.86,1439.75,1482.16,0.0,0.0,,,,,,,基础化工,化学制品,涂料油墨,16.69,16.73,16.85
sh688129,东来技术,2021-11-08,17.07,18.25,17.07,17.66,17.2,1893697.0,33684671.0,711350098.0,2119200000.0,87648369.21000001,66318477.789999984,832690684.71,928153505.1,95462820.39,20584909.050000004,1439.62,1347.32,562.35,315.46,1366.49,1705.68,0.0,0.0,,,,,,,基础化工,化学制品,涂料油墨,17.38,17.09,17.33
sh688129,东来技术,2021-11-09,17.61,18.7,17.61,18.6,17.66,1986669.0,36404697.0,749213579.9999999,2232000000.0,87648369.21000001,66318477.789999984,832690684.71,928153505.1,95462820.39,20584909.050000004,1252.17,1624.74,893.31,470.65,1392.95,1441.53,102.05,103.55,,,,,,,基础化工,化学制品,涂料油墨,18.17,18.25,18.29
sh688129,东来技术,2021-11-10,18.6,18.75,18.1,18.28,18.6,1179314.0,21551718.0,736323884.0,2193600000.0,87648369.21000001,66318477.789999984,832690684.71,928153505.1,95462820.39,20584909.050000004,1038.62,950.57,286.27,345.33,830.28,859.27,0.0,0.0,,,,,,,基础化工,化学制品,涂料油墨,18.43,18.32,18.2
sh688129,东来技术,2021-11-11,18.49,18.68,18.13,18.29,18.28,1123099.0,20562622.0,736726687.0,2194800000.0,87648369.21000001,66318477.789999984,832690684.71,928153505.1,95462820.39,20584909.050000004,701.34,779.04,288.77,306.93,1066.15,844.02,0.0,126.27,,,,,,,基础化工,化学制品,涂料油墨,18.55,18.4,18.34
sh688129,东来技术,2021-11-12,18.27,18.74,18.11,18.59,18.29,1016635.0,18747015.0,748810777.0,2230800000.0,87648369.21000001,66318477.789999984,832690684.71,928153505.1,95462820.39,20584909.050000004,558.8,674.67,204.46,220.03,953.74,869.97,157.71,110.04,,,,,,,基础化工,化学制品,涂料油墨,18.25,18.27,18.2
sh688129,东来技术,2021-11-15,18.5,19.28,18.5,19.03,18.59,1081568.0,20575813.0,766534109.0,2283600000.0,87648369.21000001,66318477.789999984,832690684.71,928153505.1,95462820.39,20584909.050000004,874.96,752.39,137.03,241.69,1045.59,1063.5,0.0,0.0,,,,,,,基础化工,化学制品,涂料油墨,18.68,18.76,19.09
sh688129,东来技术,2021-11-16,19.2,19.2,18.29,18.35,19.03,865067.0,16088059.0,739143505.0,2202000000.0,87648369.21000001,66318477.789999984,832690684.71,928153505.1,95462820.39,20584909.050000004,617.0,651.71,25.32,144.94,932.79,812.16,33.7,0.0,,,,,,,基础化工,化学制品,涂料油墨,19.0,18.74,18.76
sh688129,东来技术,2021-11-17,18.35,18.67,18.28,18.4,18.35,612863.0,11327788.0,741157519.9999999,2208000000.0,87648369.21000001,66318477.789999984,832690684.71,928153505.1,95462820.39,20584909.050000004,383.63,366.92,62.41,121.27,686.74,644.59,0.0,0.0,,,,,,,基础化工,化学制品,涂料油墨,18.42,18.57,18.57
sh688129,东来技术,2021-11-18,18.5,18.58,17.95,17.97,18.4,724750.0,13220955.0,723836991.0,2156400000.0,87648369.21000001,66318477.789999984,832690684.71,928153505.1,95462820.39,20584909.050000004,414.81,514.47,177.11,162.12,730.18,594.8,0.0,50.7,,,,,,,基础化工,化学制品,涂料油墨,18.47,18.34,18.35
sh688129,东来技术,2021-11-19,18.5,18.5,18.02,18.3,17.97,886036.0,16238107.0,737129489.9999999,2196000000.0,87648369.21000001,66318477.789999984,832690684.71,928153505.1,95462820.39,20584909.050000004,415.17,706.48,0.0,43.47,1208.64,873.86,0.0,0.0,,,,,,,基础化工,化学制品,涂料油墨,18.22,18.05,18.12
sh688129,东来技术,2021-11-22,18.51,18.77,17.97,18.77,18.3,2080975.0,38127898.0,756061231.0,2252400000.0,87648369.21000001,66318477.789999984,832690684.71,928153505.1,95462820.39,20584909.050000004,1571.47,1339.69,467.97,670.32,1773.35,1475.97,0.0,326.81,,,,,,,基础化工,化学制品,涂料油墨,18.21,18.13,18.08
sh688129,东来技术,2021-11-23,18.66,18.88,18.54,18.79,18.77,955553.0,17888633.0,756866837.0,2254800000.0,87648369.21000001,66318477.789999984,832690684.71,928153505.1,95462820.39,20584909.050000004,673.95,762.66,181.12,104.53,933.79,921.68,0.0,0.0,,,,,,,基础化工,化学制品,涂料油墨,18.82,18.71,18.7
sh688129,东来技术,2021-11-24,18.89,19.4,18.51,19.38,18.79,1578089.0,30050433.0,780632214.0,2325600000.0,87648369.21000001,66318477.789999984,832690684.71,928153505.1,95462820.39,20584909.050000004,1277.49,1068.14,396.8,369.25,1330.75,1567.66,0.0,0.0,,,,,,,基础化工,化学制品,涂料油墨,18.66,18.7,18.6
sh688129,东来技术,2021-11-25,19.5,19.85,19.26,19.32,19.38,1651937.0,32357115.0,778215396.0,2318400000.0,87648369.21000001,66318477.789999984,832690684.71,928153505.1,95462820.39,20584909.050000004,1391.65,1309.17,333.36,134.2,1365.95,1655.22,144.75,137.13,,,,,,,基础化工,化学制品,涂料油墨,19.55,19.77,19.62
sh688129,东来技术,2021-11-26,19.32,19.52,19.02,19.26,19.32,980337.0,18858434.0,775798578.0,2311200000.0,87648369.21000001,66318477.789999984,832690684.71,928153505.1,95462820.39,20584909.050000004,752.98,647.19,136.06,278.66,996.8,959.99,0.0,0.0,,,,,,,基础化工,化学制品,涂料油墨,19.16,19.31,19.21
sh688129,东来技术,2021-11-29,18.81,19.37,18.81,19.11,19.26,934989.0,17897476.0,769756533.0,2293200000.0,87648369.21000001,66318477.789999984,832690684.71,928153505.1,95462820.39,20584909.050000004,673.1,651.07,214.05,493.93,902.6,644.75,0.0,0.0,,,,,,,基础化工,化学制品,涂料油墨,18.85,19.08,19.22
sh688129,东来技术,2021-11-30,19.17,19.47,18.85,19.0,19.11,958846.0,18414869.0,765325700.0000001,2280000000.0,87648369.21000001,66318477.789999984,832690684.71,928153505.1,95462820.39,20584909.050000004,478.1,549.3,328.12,468.11,1035.27,824.07,0.0,0.0,,,,,,,基础化工,化学制品,涂料油墨,19.33,19.41,19.28
sh688129,东来技术,2021-12-01,19.08,19.42,18.95,19.36,19.0,830689.0,16001980.0,779826608.0,2323200000.0,87648369.21000001,66318477.789999984,832690684.71,928153505.1,95462820.39,20584909.050000004,694.21,752.76,123.56,172.79,782.42,674.65,0.0,0.0,,,,,,,基础化工,化学制品,涂料油墨,19.01,19.07,19.22
sh688129,东来技术,2021-12-02,19.44,19.44,18.78,18.78,19.36,812413.0,15427924.0,756464034.0,2253600000.0,87648369.21000001,66318477.789999984,832690684.71,928153505.1,95462820.39,20584909.050000004,517.67,416.75,167.68,198.62,857.45,927.42,0.0,0.0,,,,,,,基础化工,化学制品,涂料油墨,19.36,19.18,19.15
sh688129,东来技术,2021-12-03,18.78,19.11,18.75,18.83,18.78,612672.0,11545502.0,758478049.0,2259600000.0,87648369.21000001,66318477.789999984,832690684.71,928153505.1,95462820.39,20584909.050000004,389.45,424.0,120.72,184.17,644.39,546.38,0.0,0.0,,,,,,,基础化工,化学制品,涂料油墨,18.91,18.85,18.78
sh688129,东来技术,2021-12-06,18.89,18.89,18.1,18.2,18.83,1034400.0,18908475.0,733101459.9999999,2184000000.0,87648369.21000001,66318477.789999984,832690684.71,928153505.1,95462820.39,20584909.050000004,740.26,663.8,300.6,284.66,849.98,942.39,0.0,0.0,,,,,,,基础化工,化学制品,涂料油墨,18.57,18.21,18.12
sh688129,东来技术,2021-12-07,18.19,18.5,17.7,17.85,18.2,1074002.0,19258562.0,719003355.0,2142000000.0,87648369.21000001,66318477.789999984,832690684.71,928153505.1,95462820.39,20584909.050000004,793.46,892.04,425.93,247.99,706.46,663.07,0.0,122.75,,,,,,,基础化工,化学制品,涂料油墨,18.3,18.25,18.23
sh688129,东来技术,2021-12-08,17.75,18.15,17.71,18.0,17.85,424216.0,7630945.0,725045399.9999999,2160000000.0,87648369.21000001,66318477.789999984,832690684.71,928153505.1,95462820.39,20584909.050000004,223.96,311.09,90.85,26.04,448.28,425.96,0.0,0.0,,,,,,,基础化工,化学制品,涂料油墨,17.98,17.88,17.93
sh688129,东来技术,2021-12-09,18.02,18.25,17.9,18.0,18.0,690485.0,12474546.0,725045399.9999999,2160000000.0,87648369.21000001,66318477.789999984,832690684.71,928153505.1,95462820.39,20584909.050000004,499.61,364.32,204.22,399.53,543.62,483.6,0.0,0.0,,,,,,,基础化工,化学制品,涂料油墨,17.9,17.95,18.2
sh688129,东来技术,2021-12-10,18.01,18.15,17.8,18.14,18.0,473394.0,8542678.0,730684642.0,2176800000.0,87648369.21000001,66318477.789999984,832690684.71,928153505.1,95462820.39,20584909.050000004,303.11,302.86,122.89,134.55,428.27,416.86,0.0,0.0,,,,,,,基础化工,化学制品,涂料油墨,17.93,17.91,18.02
sh688129,东来技术,2021-12-13,18.17,18.27,17.93,17.96,18.14,601010.0,10870898.0,723434188.0,2155200000.0,87648369.21000001,66318477.789999984,832690684.71,928153505.1,95462820.39,20584909.050000004,456.37,483.95,121.62,132.46,499.55,470.69,9.55,0.0,,,,,,,基础化工,化学制品,涂料油墨,18.14,18.2,18.11
sh688129,东来技术,2021-12-14,18.1,18.23,17.86,18.16,17.96,576498.0,10423184.0,731490248.0,2179200000.0,87648369.21000001,66318477.789999984,832690684.71,928153505.1,95462820.39,20584909.050000004,515.03,436.98,55.78,119.75,471.5,485.59,0.0,0.0,,,,,,,基础化工,化学制品,涂料油墨,17.94,18.0,18.05
sh688129,东来技术,2021-12-15,18.1,18.35,18.09,18.15,18.16,655452.0,11946417.0,731087445.0,2178000000.0,87648369.21000001,66318477.789999984,832690684.71,928153505.1,95462820.39,20584909.050000004,505.92,519.96,175.31,188.35,458.78,486.33,54.63,0.0,,,,,,,基础化工,化学制品,涂料油墨,18.18,18.17,18.22
sh688129,东来技术,2021-12-16,18.18,18.4,18.16,18.35,18.15,570587.0,10436510.0,739143505.0,2202000000.0,87648369.21000001,66318477.789999984,832690684.71,928153505.1,95462820.39,20584909.050000004,379.86,429.46,234.39,190.52,429.4,423.66,0.0,0.0,,,,,,,基础化工,化学制品,涂料油墨,18.17,18.28,18.25
sh688129,东来技术,2021-12-17,18.34,18.34,17.94,17.95,18.35,587497.0,10636016.0,723031385.0,2154000000.0,87648369.21000001,66318477.789999984,832690684.71,928153505.1,95462820.39,20584909.050000004,381.72,392.53,90.55,120.47,591.32,550.61,0.0,0.0,,,,,,,基础化工,化学制品,涂料油墨,18.3,18.21,18.16
sh688129,东来技术,2021-12-20,17.92,18.12,17.79,17.82,17.95,571368.0,10251039.0,717794946.0,2138400000.0,87648369.21000001,66318477.789999984,832690684.71,928153505.1,95462820.39,20584909.050000004,276.61,396.88,164.37,123.26,481.85,504.97,102.28,0.0,,,,,,,基础化工,化学制品,涂料油墨,17.88,17.98,17.88
sh688129,东来技术,2021-12-21,17.94,18.08,17.8,18.04,17.82,468249.0,8389881.0,726656612.0,2164800000.0,87648369.21000001,66318477.789999984,832690684.71,928153505.1,95462820.39,20584909.050000004,278.25,324.93,154.93,138.13,405.81,375.93,0.0,0.0,,,,,,,基础化工,化学制品,涂料油墨,17.87,17.85,17.89
sh688129,东来技术,2021-12-22,18.2,18.2,17.92,17.97,18.04,449865.0,8119271.0,723836991.0,2156400000.0,87648369.21000001,66318477.789999984,832690684.71,928153505.1,95462820.39,20584909.050000004,305.34,201.09,101.32,222.46,405.26,388.38,0.0,0.0,,,,,,,基础化工,化学制品,涂料油墨,18.05,18.13,18.07
sh688129,东来技术,2021-12-23,18.03,18.04,17.62,17.67,17.97,815729.0,14499120.0,711752901.0,2120400000.0,87648369.21000001,66318477.789999984,832690684.71,928153505.1,95462820.39,20584909.050000004,470.91,480.34,352.68,250.42,626.32,719.15,0.0,0.0,,,,,,,基础化工,化学制品,涂料油墨,17.93,17.86,17.83
sh688129,东来技术,2021-12-24,17.68,17.7,17.06,17.21,17.67,1241930.0,21431011.0,693223962.9999999,2065200000.0,87648369.21000001,66318477.789999984,832690684.71,928153505.1,95462820.39,20584909.050000004,795.72,819.86,596.82,353.42,750.56,969.82,0.0,0.0,,,,,,,基础化工,化学制品,涂料油墨,17.6,17.42,17.22
sh688129,东来技术,2021-12-27,17.17,17.39,17.11,17.23,17.21,542545.0,9364866.0,694029569.0,2067600000.0,87648369.21000001,66318477.789999984,832690684.71,928153505.1,95462820.39,20584909.050000004,314.91,320.23,96.92,133.85,524.66,482.41,0.0,0.0,,,,,,,基础化工,化学制品,涂料油墨,17.21,17.12,17.22
sh688129,东来技术,2021-12-28,17.36,17.88,17.23,17.75,17.23,736442.0,12993375.0,714975325.0,2130000000.0,87648369.21000001,66318477.789999984,832690684.71,928153505.1,95462820.39,20584909.050000004,365.02,545.06,177.28,138.33,757.03,615.95,0.0,0.0,,,,,,,基础化工,化学制品,涂料油墨,17.27,17.44,17.44
sh688129,东来技术,2021-12-29,17.75,17.8,17.53,17.71,17.75,317320.0,5613767.0,713364113.0000001,2125200000.0,87648369.21000001,66318477.789999984,832690684.71,928153505.1,95462820.39,20584909.050000004,218.35,182.05,0.0,0.0,343.02,379.33,0.0,0.0,,,,,,,基础化工,化学制品,涂料油墨,17.72,17.57,17.63
sh688129,东来技术,2021-12-30,17.77,18.06,17.66,17.97,17.71,508518.0,9107471.0,723836991.0,2156400000.0,87648369.21000001,66318477.789999984,832690684.71,928153505.1,95462820.39,20584909.050000004,329.32,364.04,142.4,103.47,439.02,443.24,0.0,0.0,,,,,,,基础化工,化学制品,涂料油墨,17.76,17.82,17.8
sh688129,东来技术,2021-12-31,17.82,18.03,17.76,17.89,17.97,821128.0,14686513.0,720614567.0,2146800000.0,87648369.21000001,66318477.789999984,832690684.71,928153505.1,95462820.39,20584909.050000004,708.15,478.35,126.56,497.28,633.94,493.02,0.0,0.0,,,,,,,基础化工,化学制品,涂料油墨,17.9,17.9,18.0
sh688129,东来技术,2022-01-04,17.97,18.25,17.97,18.1,17.89,618479.0,11193868.0,729073429.9999999,2172000000.0,87648369.21000001,66318477.789999984,832690684.71,928153505.1,95462820.39,20584909.050000004,462.91,519.1,26.97,93.77,629.51,506.52,0.0,0.0,,,,,,,基础化工,化学制品,涂料油墨,18.02,18.08,18.04
sh688129,东来技术,2022-01-05,18.11,18.2,17.72,17.96,18.1,681546.0,12215708.0,723434188.0,2155200000.0,87648369.21000001,66318477.789999984,832690684.71,928153505.1,95462820.39,20584909.050000004,435.67,472.24,140.26,104.31,645.64,645.02,0.0,0.0,,,,,,,基础化工,化学制品,涂料油墨,18.12,18.1,18.02
sh688129,东来技术,2022-01-06,17.97,18.52,17.91,18.37,17.96,1099826.0,20144459.0,739949111.0,2204400000.0,87648369.21000001,66318477.789999984,832690684.71,928153505.1,95462820.39,20584909.050000004,919.84,784.24,104.61,229.9,990.0,1000.31,0.0,0.0,,,,,,,基础化工,化学制品,涂料油墨,18.19,18.31,18.24
sh688129,东来技术,2022-01-07,18.17,18.49,18.0,18.24,18.37,904683.0,16542303.0,734712672.0,2188800000.0,87648369.21000001,66318477.789999984,832690684.71,928153505.1,95462820.39,20584909.050000004,731.53,588.03,253.21,329.83,669.49,625.25,0.0,111.13,,,,,,,基础化工,化学制品,涂料油墨,18.34,18.29,18.4
sh688129,东来技术,2022-01-10,18.29,18.36,17.89,18.25,18.24,543257.0,9893481.0,735115475.0,2190000000.0,87648369.21000001,66318477.789999984,832690684.71,928153505.1,95462820.39,20584909.050000004,374.43,354.94,122.66,90.89,492.26,543.52,0.0,0.0,,,,,,,基础化工,化学制品,涂料油墨,18.08,18.01,18.12
sh688129,东来技术,2022-01-11,18.34,18.44,18.14,18.29,18.25,620606.0,11338200.0,736726687.0,2194800000.0,87648369.21000001,66318477.789999984,832690684.71,928153505.1,95462820.39,20584909.050000004,322.54,328.09,128.14,112.73,683.14,693.0,0.0,0.0,,,,,,,基础化工,化学制品,涂料油墨,18.37,18.28,18.21
sh688129,东来技术,2022-01-12,18.42,18.93,18.14,18.65,18.29,1139911.0,21212166.0,751227595.0,2238000000.0,87648369.21000001,66318477.789999984,832690684.71,928153505.1,95462820.39,20584909.050000004,774.96,732.37,464.38,439.35,881.87,824.85,0.0,124.65,,,,,,,基础化工,化学制品,涂料油墨,18.33,18.42,18.42
sh688129,东来技术,2022-01-13,18.51,18.83,18.51,18.67,18.65,658073.0,12287017.0,752033201.0,2240400000.0,87648369.21000001,66318477.789999984,832690684.71,928153505.1,95462820.39,20584909.050000004,463.71,425.04,162.95,219.7,602.04,583.96,0.0,0.0,,,,,,,基础化工,化学制品,涂料油墨,18.65,18.78,18.65
sh688129,东来技术,2022-01-14,18.6,18.89,18.18,18.26,18.67,926305.0,17115407.0,735518278.0,2191200000.0,87648369.21000001,66318477.789999984,832690684.71,928153505.1,95462820.39,20584909.050000004,635.0,746.43,310.75,223.93,765.8,741.19,0.0,0.0,,,,,,,基础化工,化学制品,涂料油墨,18.85,18.72,18.73
sh688129,东来技术,2022-01-17,18.24,18.75,18.2,18.64,18.26,823032.0,15206889.0,750824792.0,2236800000.0,87648369.21000001,66318477.789999984,832690684.71,928153505.1,95462820.39,20584909.050000004,577.8,581.49,133.74,166.93,809.15,772.27,0.0,0.0,,,,,,,基础化工,化学制品,涂料油墨,18.4,18.34,18.32
sh688129,东来技术,2022-01-18,18.64,18.75,18.3,18.33,18.64,815130.0,15047176.0,738337899.0,2199600000.0,87648369.21000001,66318477.789999984,832690684.71,928153505.1,95462820.39,20584909.050000004,531.17,523.86,303.34,257.14,670.21,723.72,0.0,0.0,,,,,,,基础化工,化学制品,涂料油墨,18.73,18.59,18.52
sh688129,东来技术,2022-01-19,18.38,18.51,18.24,18.34,18.33,544977.0,10002716.0,738740702.0,2200800000.0,87648369.21000001,66318477.789999984,832690684.71,928153505.1,95462820.39,20584909.050000004,362.97,455.53,220.62,165.12,416.69,379.62,0.0,0.0,,,,,,,基础化工,化学制品,涂料油墨,18.31,18.39,18.42
sh688129,东来技术,2022-01-20,18.42,18.44,17.4,17.48,18.34,1328936.0,23515816.0,704099644.0,2097600000.0,87648369.21000001,66318477.789999984,832690684.71,928153505.1,95462820.39,20584909.050000004,965.2,907.05,127.09,203.11,1253.56,1241.42,5.73,0.0,,,,,,,基础化工,化学制品,涂料油墨,18.22,18.11,17.93
sh688129,东来技术,2022-01-21,17.63,17.63,17.28,17.42,17.48,520007.0,9058662.0,701682826.0,2090400000.0,87648369.21000001,66318477.789999984,832690684.71,928153505.1,95462820.39,20584909.050000004,306.15,311.02,44.13,82.43,555.59,512.42,0.0,0.0,,,,,,,基础化工,化学制品,涂料油墨,17.58,17.45,17.5
sh688129,东来技术,2022-01-24,17.48,17.67,17.19,17.23,17.42,538012.0,9369761.0,694029569.0,2067600000.0,87648369.21000001,66318477.789999984,832690684.71,928153505.1,95462820.39,20584909.050000004,303.57,318.61,23.57,144.77,609.83,473.6,0.0,0.0,,,,,,,基础化工,化学制品,涂料油墨,17.43,17.34,17.42
sh688129,东来技术,2022-01-25,17.23,17.39,16.58,16.58,17.23,700333.0,11794525.0,667847374.0,1989600000.0,87648369.21000001,66318477.789999984,832690684.71,928153505.1,95462820.39,20584909.050000004,382.97,342.13,0.0,142.31,796.48,695.02,0.0,0.0,,,,,,,基础化工,化学制品,涂料油墨,17.39,17.12,16.96
sh688129,东来技术,2022-01-26,16.74,17.05,16.57,16.86,16.58,549590.0,9223382.0,679125858.0,2023200000.0,87648369.21000001,66318477.789999984,832690684.71,928153505.1,95462820.39,20584909.050000004,253.22,257.6,169.58,175.57,432.67,489.17,66.87,0.0,,,,,,,基础化工,化学制品,涂料油墨,16.77,16.59,16.6
sh688129,东来技术,2022-01-27,16.86,16.91,16.46,16.63,16.86,817078.0,13595422.0,669861389.0,1995600000.0,87648369.21000001,66318477.789999984,832690684.71,928153505.1,95462820.39,20584909.050000004,398.75,439.3,333.82,203.64,526.83,716.6,100.14,0.0,,,,,,,基础化工,化学制品,涂料油墨,16.86,16.71,16.72
sh688129,东来技术,2022-01-28,16.57,17.17,16.57,16.89,16.63,496500.0,8371681.0,680334267.0,2026800000.0,87648369.21000001,66318477.789999984,832690684.71,928153505.1,95462820.39,20584909.050000004,337.45,261.42,63.67,106.44,436.04,469.31,0.0,0.0,,,,,,,基础化工,化学制品,涂料油墨,16.79,16.82,16.76
sh688129,东来技术,2022-02-07,17.0,17.35,16.92,17.35,16.89,517106.0,8897999.0,698863205.0,2082000000.0,87648369.21000001,66318477.789999984,832690684.71,928153505.1,95462820.39,20584909.050000004,393.74,313.21,32.97,29.27,463.1,547.31,0.0,0.0,,,,,,,基础化工,化学制品,涂料油墨,17.09,17.02,17.21
sh688129,东来技术,2022-02-08,17.35,17.58,17.16,17.57,17.35,516278.0,8979883.0,707724871.0,2108400000.0,87648369.21000001,66318477.789999984,832690684.71,928153505.1,95462820.39,20584909.050000004,322.51,268.28,34.56,69.8,540.92,559.91,0.0,0.0,,,,,,,基础化工,化学制品,涂料油墨,17.22,17.28,17.39
sh688129,东来技术,2022-02-09,17.64,17.64,17.47,17.57,17.57,609763.0,10690365.0,707724871.0,2108400000.0,87648369.21000001,66318477.789999984,832690684.71,928153505.1,95462820.39,20584909.050000004,198.65,164.92,203.75,189.36,493.47,539.76,173.17,175.0,,,,,,,基础化工,化学制品,涂料油墨,17.59,17.55,17.52
sh688129,东来技术,2022-02-10,17.48,17.55,17.29,17.42,17.57,404366.0,7029014.0,701682826.0,2090400000.0,87648369.21000001,66318477.789999984,832690684.71,928153505.1,95462820.39,20584909.050000004,234.75,239.46,193.34,110.39,274.81,353.05,0.0,0.0,,,,,,,基础化工,化学制品,涂料油墨,17.51,17.53,17.39
sh688129,东来技术,2022-02-11,17.42,17.49,17.06,17.19,17.42,286275.0,4906129.0,692418357.0,2062800000.0,87648369.21000001,66318477.789999984,832690684.71,928153505.1,95462820.39,20584909.050000004,198.38,123.91,4.97,0.0,287.26,366.71,0.0,0.0,,,,,,,基础化工,化学制品,涂料油墨,17.32,17.19,17.2
sh688129,东来技术,2022-02-14,17.05,17.27,17.0,17.23,17.19,197648.0,3390867.0,694029569.0,2067600000.0,87648369.21000001,66318477.789999984,832690684.71,928153505.1,95462820.39,20584909.050000004,141.28,99.7,5.25,2.92,192.55,236.47,0.0,0.0,,,,,,,基础化工,化学制品,涂料油墨,17.06,17.15,17.18
sh688129,东来技术,2022-02-15,17.23,17.28,17.07,17.19,17.23,395307.0,6786630.0,692418357.0,2062800000.0,87648369.21000001,66318477.789999984,832690684.71,928153505.1,95462820.39,20584909.050000004,262.06,189.8,112.46,110.73,304.15,378.14,0.0,0.0,,,,,,,基础化工,化学制品,涂料油墨,17.26,17.11,17.13
sh688129,东来技术,2022-02-16,17.22,17.4,17.16,17.3,17.19,200488.0,3466028.0,696849190.0,2076000000.0,87648369.21000001,66318477.789999984,832690684.71,928153505.1,95462820.39,20584909.050000004,124.43,134.85,0.0,0.0,222.17,211.75,0.0,0.0,,,,,,,基础化工,化学制品,涂料油墨,17.21,17.24,17.25
sh688129,东来技术,2022-02-17,17.3,17.6,17.21,17.29,17.3,567896.0,9900323.0,696446387.0,2074800000.0,87648369.21000001,66318477.789999984,832690684.71,928153505.1,95462820.39,20584909.050000004,293.34,262.03,225.73,115.35,470.97,439.74,0.0,172.91,,,,,,,基础化工,化学制品,涂料油墨,17.35,17.34,17.45
sh688129,东来技术,2022-02-18,17.2,17.35,17.07,17.34,17.29,650965.0,11190455.0,698460402.0,2080800000.0,87648369.21000001,66318477.789999984,832690684.71,928153505.1,95462820.39,20584909.050000004,334.37,200.45,282.07,215.84,502.61,473.36,0.0,229.4,,,,,,,基础化工,化学制品,涂料油墨,17.15,17.12,17.14
sh688129,东来技术,2022-02-21,17.6,18.15,17.59,18.0,17.34,1413349.0,25385498.0,725045399.9999999,2160000000.0,87648369.21000001,66318477.789999984,832690684.71,928153505.1,95462820.39,20584909.050000004,689.35,903.88,110.63,386.16,1738.57,1248.51,0.0,0.0,,,,,,,基础化工,化学制品,涂料油墨,17.76,17.83,17.88
sh688129,东来技术,2022-02-22,17.91,18.12,17.7,17.83,18.0,642403.0,11452012.0,718197749.0,2139600000.0,87648369.21000001,66318477.789999984,832690684.71,928153505.1,95462820.39,20584909.050000004,293.82,401.41,0.0,144.28,851.38,599.51,0.0,0.0,,,,,,,基础化工,化学制品,涂料油墨,18.0,17.87,17.81
sh688129,东来技术,2022-02-23,17.89,18.09,17.84,18.03,17.83,917381.0,16509951.0,726253809.0,2163600000.0,87648369.21000001,66318477.789999984,832690684.71,928153505.1,95462820.39,20584909.050000004,477.46,635.19,168.53,21.6,1005.01,994.2,0.0,0.0,,,,,,,基础化工,化学制品,涂料油墨,17.89,17.91,17.86
sh688129,东来技术,2022-02-24,18.03,18.05,17.31,17.6,18.03,730081.0,12947487.0,708933280.0,2112000000.0,87648369.21000001,66318477.789999984,832690684.71,928153505.1,95462820.39,20584909.050000004,348.92,392.68,77.77,62.05,868.06,840.02,0.0,0.0,,,,,,,基础化工,化学制品,涂料油墨,17.84,17.9,17.93
sh688129,东来技术,2022-02-25,17.69,17.9,17.36,17.59,17.6,1004618.0,17706567.0,708530477.0,2110800000.0,87648369.21000001,66318477.789999984,832690684.71,928153505.1,95462820.39,20584909.050000004,830.99,248.24,85.17,478.59,854.5,789.36,0.0,254.46,,,,,,,基础化工,化学制品,涂料油墨,17.84,17.75,17.82
sh688129,东来技术,2022-02-28,17.6,17.74,17.2,17.3,17.59,649123.0,11264712.0,696849190.0,2076000000.0,87648369.21000001,66318477.789999984,832690684.71,928153505.1,95462820.39,20584909.050000004,463.94,258.17,0.0,233.37,662.53,634.94,0.0,0.0,,,,,,,基础化工,化学制品,涂料油墨,17.56,17.26,17.27
sh688129,东来技术,2022-03-01,17.31,17.53,17.18,17.41,17.3,684962.0,11867391.0,701280022.9999999,2089200000.0,87648369.21000001,66318477.789999984,832690684.71,928153505.1,95462820.39,20584909.050000004,412.01,259.35,143.24,390.58,631.49,536.82,0.0,0.0,,,,,,,基础化工,化学制品,涂料油墨,17.49,17.46,17.47
sh688129,东来技术,2022-03-02,17.41,17.55,17.3,17.42,17.41,562823.0,9821679.0,701682826.0,2090400000.0,87648369.21000001,66318477.789999984,832690684.71,928153505.1,95462820.39,20584909.050000004,280.82,473.67,31.22,123.66,670.13,384.83,0.0,0.0,,,,,,,基础化工,化学制品,涂料油墨,17.33,17.36,17.4
sh688129,东来技术,2022-03-03,17.42,17.56,17.24,17.36,17.42,382533.0,6650341.0,699266008.0,2083200000.0,87648369.21000001,66318477.789999984,832690684.71,928153505.1,95462820.39,20584909.050000004,266.93,212.53,0.0,28.82,398.1,423.68,0.0,0.0,,,,,,,基础化工,化学制品,涂料油墨,17.5,17.45,17.43
sh688129,东来技术,2022-03-04,17.35,17.41,17.08,17.17,17.36,629142.0,10828545.0,691612751.0,2060400000.0,87648369.21000001,66318477.789999984,832690684.71,928153505.1,95462820.39,20584909.050000004,375.34,330.16,50.26,105.57,657.26,647.13,0.0,0.0,,,,,,,基础化工,化学制品,涂料油墨,17.26,17.27,17.35
sh688129,东来技术,2022-03-07,17.0,17.15,16.8,16.84,17.17,538231.0,9116263.0,678320252.0,2020800000.0,87648369.21000001,66318477.789999984,832690684.71,928153505.1,95462820.39,20584909.050000004,295.68,274.43,91.34,177.93,524.6,459.27,0.0,0.0,,,,,,,基础化工,化学制品,涂料油墨,17.0,17.01,17.0
sh688129,东来技术,2022-03-08,16.98,16.99,16.25,16.44,16.84,720747.0,11928616.0,662208132.0,1972800000.0,87648369.21000001,66318477.789999984,832690684.71,928153505.1,95462820.39,20584909.050000004,432.72,374.95,205.31,160.36,554.83,657.55,0.0,0.0,,,,,,,基础化工,化学制品,涂料油墨,16.8,16.71,16.67
sh688129,东来技术,2022-03-09,16.42,16.56,15.46,16.02,16.44,856010.0,13734292.0,645290406.0,1922400000.0,87648369.21000001,66318477.789999984,832690684.71,928153505.1,95462820.39,20584909.050000004,487.11,531.9,111.72,105.63,774.6,735.9,0.0,0.0,,,,,,,基础化工,化学制品,涂料油墨,16.14,16.43,16.48
sh688129,东来技术,2022-03-10,16.35,16.51,16.14,16.4,16.02,459369.0,7538505.0,660596920.0,1968000000.0,87648369.21000001,66318477.789999984,832690684.71,928153505.1,95462820.39,20584909.050000004,314.25,253.94,11.94,26.1,427.67,473.81,0.0,0.0,,,,,,,基础化工,化学制品,涂料油墨,16.36,16.41,16.43
sh688129,东来技术,2022-03-11,16.22,16.87,15.92,16.75,16.4,764578.0,12619695.0,674695025.0,2010000000.0,87648369.21000001,66318477.789999984,832690684.71,928153505.1,95462820.39,20584909.050000004,347.89,368.35,92.68,210.74,821.4,682.87,0.0,0.0,,,,,,,基础化工,化学制品,涂料油墨,16.1,16.3,16.4
sh688129,东来技术,2022-03-14,16.75,16.9,16.4,16.41,16.75,477527.0,7959112.0,660999722.9999999,1969200000.0,87648369.21000001,66318477.789999984,832690684.71,928153505.1,95462820.39,20584909.050000004,109.65,302.47,24.68,41.29,661.58,452.15,0.0,0.0,,,,,,,基础化工,化学制品,涂料油墨,16.7,16.7,16.7
sh688129,东来技术,2022-03-15,16.38,16.75,15.63,15.68,16.41,636197.0,10278202.0,631595104.0,1881600000.0,87648369.21000001,66318477.789999984,832690684.71,928153505.1,95462820.39,20584909.050000004,188.48,317.15,69.23,49.02,770.11,661.65,0.0,0.0,,,,,,,基础化工,化学制品,涂料油墨,16.05,16.31,16.13
sh688129,东来技术,2022-03-16,16.2,16.31,15.46,16.05,15.68,546418.0,8615281.0,646498815.0,1926000000.0,87648369.21000001,66318477.789999984,832690684.71,928153505.1,95462820.39,20584909.050000004,204.97,210.38,24.94,0.0,631.62,651.15,0.0,0.0,,,,,,,基础化工,化学制品,涂料油墨,15.75,15.6,15.91
sh688129,东来技术,2022-03-17,16.2,16.63,16.13,16.28,16.05,373309.0,6122843.0,655763284.0,1953600000.0,87648369.21000001,66318477.789999984,832690684.71,928153505.1,95462820.39,20584909.050000004,177.29,160.35,0.0,0.0,435.0,451.93,0.0,0.0,,,,,,,基础化工,化学制品,涂料油墨,16.31,16.35,16.36
sh688129,东来技术,2022-03-18,16.4,16.7,16.11,16.57,16.28,400153.0,6598448.0,667444571.0,1988400000.0,87648369.21000001,66318477.789999984,832690684.71,928153505.1,95462820.39,20584909.050000004,116.07,217.07,16.02,27.84,527.75,414.94,0.0,0.0,,,,,,,基础化工,化学制品,涂料油墨,16.22,16.37,16.46
sh688129,东来技术,2022-03-21,16.57,16.78,16.36,16.66,16.57,405611.0,6742344.0,671069798.0,1999200000.0,87648369.21000001,66318477.789999984,832690684.71,928153505.1,95462820.39,20584909.050000004,191.04,165.4,22.79,56.25,460.4,452.58,0.0,0.0,,,,,,,基础化工,化学制品,涂料油墨,16.53,16.56,16.59
sh688129,东来技术,2022-03-22,16.67,16.95,16.55,16.77,16.66,562427.0,9460086.0,675500631.0,2012400000.0,87648369.21000001,66318477.789999984,832690684.71,928153505.1,95462820.39,20584909.050000004,139.04,407.79,42.24,58.84,764.73,479.38,0.0,0.0,,,,,,,基础化工,化学制品,涂料油墨,16.64,16.66,16.6
sh688129,东来技术,2022-03-23,16.71,17.0,16.66,16.83,16.77,344165.0,5794197.0,677917449.0,2019600000.0,87648369.21000001,66318477.789999984,832690684.71,928153505.1,95462820.39,20584909.050000004,98.43,153.92,23.55,0.0,457.45,425.5,0.0,0.0,,,,,,,基础化工,化学制品,涂料油墨,16.68,16.82,16.87
sh688129,东来技术,2022-03-24,16.83,16.83,16.49,16.56,16.83,302831.0,5027423.0,667041768.0,1987200000.0,87648369.21000001,66318477.789999984,832690684.71,928153505.1,95462820.39,20584909.050000004,120.48,98.31,0.0,0.0,382.26,404.43,0.0,0.0,,,,,,,基础化工,化学制品,涂料油墨,16.66,16.63,16.65
sh688129,东来技术,2022-03-25,16.42,16.79,16.4,16.64,16.56,249705.0,4152697.0,670264192.0,1996800000.0,87648369.21000001,66318477.789999984,832690684.71,928153505.1,95462820.39,20584909.050000004,145.44,184.17,19.84,26.68,250.0,204.42,0.0,0.0,,,,,,,基础化工,化学制品,涂料油墨,16.6,16.65,16.78
sh688129,东来技术,2022-03-28,16.51,16.87,16.31,16.68,16.64,381923.0,6341847.0,671875404.0,2001600000.0,87648369.21000001,66318477.789999984,832690684.71,928153505.1,95462820.39,20584909.050000004,153.85,137.04,0.0,47.66,480.34,449.48,0.0,0.0,,,,,,,基础化工,化学制品,涂料油墨,16.58,16.48,16.45
sh688129,东来技术,2022-03-29,16.68,16.69,16.26,16.4,16.68,372932.0,6127380.0,660596920.0,1968000000.0,87648369.21000001,66318477.789999984,832690684.71,928153505.1,95462820.39,20584909.050000004,256.88,194.05,0.0,32.0,355.85,386.69,0.0,0.0,,,,,,,基础化工,化学制品,涂料油墨,16.68,16.61,16.6
sh688129,东来技术,2022-03-30,16.3,16.57,16.3,16.47,16.4,288953.0,4758368.0,663416541.0,1976400000.0,87648369.21000001,66318477.789999984,832690684.71,928153505.1,95462820.39,20584909.050000004,171.6,172.88,61.9,31.3,242.34,271.66,0.0,0.0,,,,,,,基础化工,化学制品,涂料油墨,16.31,16.48,16.55
sh688129,东来技术,2022-03-31,16.43,16.85,16.41,16.67,16.47,312789.0,5208350.0,671472601.0,2000400000.0,87648369.21000001,66318477.789999984,832690684.71,928153505.1,95462820.39,20584909.050000004,144.18,175.97,0.0,0.0,376.66,344.87,0.0,0.0,,,,,,,基础化工,化学制品,涂料油墨,16.53,16.61,16.52
sh688129,东来技术,2022-04-01,16.65,16.78,16.47,16.55,16.67,270881.0,4481246.0,666638965.0,1986000000.0,87648369.21000001,66318477.789999984,832690684.71,928153505.1,95462820.39,20584909.050000004,136.18,123.16,0.0,0.0,311.95,324.97,0.0,0.0,,,,,,,基础化工,化学制品,涂料油墨,16.7,16.54,16.5
sh688129,东来技术,2022-04-06,16.53,16.73,16.46,16.63,16.55,318706.0,5299494.0,669861389.0,1995600000.0,87648369.21000001,66318477.789999984,832690684.71,928153505.1,95462820.39,20584909.050000004,171.08,212.83,0.0,0.0,358.87,317.12,0.0,0.0,,,,,,,基础化工,化学制品,涂料油墨,16.5,16.67,16.7
sh688129,东来技术,2022-04-07,16.71,16.71,16.22,16.28,16.63,384120.0,6301004.0,655763284.0,1953600000.0,87648369.21000001,66318477.789999984,832690684.71,928153505.1,95462820.39,20584909.050000004,132.28,257.53,12.22,0.0,485.6,372.57,0.0,0.0,,,,,,,基础化工,化学制品,涂料油墨,16.6,16.59,16.57
sh688129,东来技术,2022-04-08,16.23,16.41,15.59,15.76,16.28,726998.0,11546996.0,634817528.0,1891200000.0,87648369.21000001,66318477.789999984,832690684.71,928153505.1,95462820.39,20584909.050000004,413.64,291.1,126.51,243.45,614.55,620.15,0.0,0.0,,,,,,,基础化工,化学制品,涂料油墨,16.27,16.25,16.06
sh688129,东来技术,2022-04-11,15.77,15.77,15.05,15.19,15.76,563258.0,8660646.0,611857757.0,1822800000.0,87648369.21000001,66318477.789999984,832690684.71,928153505.1,95462820.39,20584909.050000004,181.86,305.45,29.02,100.77,655.18,459.84,0.0,0.0,,,,,,,基础化工,化学制品,涂料油墨,15.55,15.56,15.74
sh688129,东来技术,2022-04-12,15.45,15.46,15.09,15.38,15.19,333202.0,5107132.0,619511014.0,1845600000.0,87648369.21000001,66318477.789999984,832690684.71,928153505.1,95462820.39,20584909.050000004,183.75,171.21,54.95,121.6,272.01,217.9,0.0,0.0,,,,,,,基础化工,化学制品,涂料油墨,15.46,15.09,15.24
sh688129,东来技术,2022-04-13,15.61,15.63,15.3,15.39,15.38,404201.0,6275573.0,619913817.0,1846800000.0,87648369.21000001,66318477.789999984,832690684.71,928153505.1,95462820.39,20584909.050000004,190.93,157.88,106.58,171.35,330.04,298.33,0.0,0.0,,,,,,,基础化工,化学制品,涂料油墨,15.54,15.44,15.45
sh688129,东来技术,2022-04-14,15.42,15.58,15.26,15.49,15.39,322114.0,4965973.0,623941847.0,1858800000.0,87648369.21000001,66318477.789999984,832690684.71,928153505.1,95462820.39,20584909.050000004,224.51,145.45,48.84,114.81,223.26,236.34,0.0,0.0,,,,,,,基础化工,化学制品,涂料油墨,15.43,15.42,15.35
sh688129,东来技术,2022-04-15,15.49,15.49,14.88,14.95,15.49,539160.0,8122241.0,602190485.0,1794000000.0,87648369.21000001,66318477.789999984,832690684.71,928153505.1,95462820.39,20584909.050000004,248.56,261.62,65.22,140.37,428.94,340.73,0.0,0.0,,,,,,,基础化工,化学制品,涂料油墨,15.3,15.26,15.15
sh688129,东来技术,2022-04-18,14.84,15.19,14.71,15.17,14.95,243170.0,3635948.0,611052151.0,1820400000.0,87648369.21000001,66318477.789999984,832690684.71,928153505.1,95462820.39,20584909.050000004,80.1,99.3,115.34,82.39,168.15,181.9,0.0,0.0,,,,,,,基础化工,化学制品,涂料油墨,14.73,14.8,14.91
sh688129,东来技术,2022-04-19,15.28,15.52,15.06,15.18,15.17,249621.0,3817176.0,611454954.0,1821600000.0,87648369.21000001,66318477.789999984,832690684.71,928153505.1,95462820.39,20584909.050000004,105.72,170.59,45.17,30.42,230.83,180.71,0.0,0.0,,,,,,,基础化工,化学制品,涂料油墨,15.11,15.37,15.33
sh688129,东来技术,2022-04-20,15.4,15.45,15.12,15.25,15.18,202477.0,3100726.0,614274575.0,1830000000.0,87648369.21000001,66318477.789999984,832690684.71,928153505.1,95462820.39,20584909.050000004,74.33,67.54,9.82,0.0,225.92,242.53,0.0,0.0,,,,,,,基础化工,化学制品,涂料油墨,15.24,15.4,15.4
sh688129,东来技术,2022-04-21,15.01,15.48,14.64,14.8,15.25,367019.0,5501190.0,596148440.0,1776000000.0,87648369.21000001,66318477.789999984,832690684.71,928153505.1,95462820.39,20584909.050000004,154.21,153.94,48.9,39.08,347.02,357.1,0.0,0.0,,,,,,,基础化工,化学制品,涂料油墨,15.18,15.13,15.34
sh688129,东来技术,2022-04-22,14.8,14.8,14.22,14.35,14.8,380241.0,5470896.0,578022305.0,1722000000.0,87648369.21000001,66318477.789999984,832690684.71,928153505.1,95462820.39,20584909.050000004,180.72,131.7,4.77,13.45,361.6,401.94,0.0,0.0,,,,,,,基础化工,化学制品,涂料油墨,14.49,14.51,14.55
sh688129,东来技术,2022-04-25,14.21,14.21,12.89,12.89,14.35,783121.0,10463281.0,519213067.0,1546800000.0,87648369.21000001,66318477.789999984,832690684.71,928153505.1,95462820.39,20584909.050000004,400.06,249.87,39.43,186.97,606.84,609.49,0.0,0.0,,,,,,,基础化工,化学制品,涂料油墨,13.86,13.77,13.7
sh688129,东来技术,2022-04-26,13.29,13.29,12.44,12.51,12.89,526530.0,6714033.0,503906553.0,1501200000.0,87648369.21000001,66318477.789999984,832690684.71,928153505.1,95462820.39,20584909.050000004,198.09,291.54,105.23,0.0,368.08,379.86,0.0,0.0,,,,,,,基础化工,化学制品,涂料油墨,12.86,12.94,12.85
sh688129,东来技术,2022-04-27,12.27,12.78,11.8,12.6,12.51,761430.0,9288497.0,507531780.0,1512000000.0,87648369.21000001,66318477.789999984,832690684.71,928153505.1,95462820.39,20584909.050000004,290.91,187.55,48.19,177.11,557.78,493.15,0.0,39.07,,,,,,,基础化工,化学制品,涂料油墨,12.28,12.4,12.22
sh688129,东来技术,2022-04-28,12.6,12.68,12.06,12.32,12.6,332373.0,4115807.0,496253296.0,1478400000.0,87648369.21000001,66318477.789999984,832690684.71,928153505.1,95462820.39,20584909.050000004,149.25,108.93,0.0,30.68,262.33,271.97,0.0,0.0,,,,,,,基础化工,化学制品,涂料油墨,12.46,12.45,12.33
sh688129,东来技术,2022-04-29,12.5,13.27,12.5,13.15,12.32,779533.0,10064345.0,532865615.00000006,1578000000.0,21509218.27,19506586.24,844134024.4799999,1241108918.08,396974893.6,20584909.050000004,328.09,344.28,26.4,26.28,651.95,635.87,0.0,0.0,,,,,,,基础化工,化学制品,涂料油墨,12.65,12.73,12.71
sh688129,东来技术,2022-05-05,12.85,13.37,12.78,13.15,13.15,1200305.0,15651817.0,532865615.00000006,1578000000.0,21509218.27,19506586.24,844134024.4799999,1241108918.08,396974893.6,20584909.050000004,289.91,359.74,221.41,253.7,1053.86,951.74,0.0,0.0,,,,,,,基础化工,化学制品,涂料油墨,13.05,12.95,13.03
sh688129,东来技术,2022-05-06,13.07,13.07,12.74,12.9,13.15,562933.0,7266906.0,522735090.0,1548000000.0,21509218.27,19506586.24,844134024.4799999,1241108918.08,396974893.6,20584909.050000004,143.69,142.04,99.69,122.96,478.4,456.78,0.0,0.0,,,,,,,基础化工,化学制品,涂料油墨,12.81,12.87,12.96
sh688129,东来技术,2022-05-09,12.91,13.24,12.91,13.09,12.9,516936.0,6741863.0,530434289.0,1570800000.0,21509218.27,19506586.24,844134024.4799999,1241108918.08,396974893.6,20584909.050000004,124.88,52.91,0.0,23.53,549.31,520.86,0.0,76.88,,,,,,,基础化工,化学制品,涂料油墨,13.17,13.22,13.02
sh688129,东来技术,2022-05-10,12.92,13.37,12.79,13.3,13.09,442624.0,5847503.0,538943930.0,1596000000.0,21509218.27,19506586.24,844134024.4799999,1241108918.08,396974893.6,20584909.050000004,145.02,212.75,9.17,0.0,416.95,358.4,0.0,0.0,,,,,,,基础化工,化学制品,涂料油墨,13.11,13.2,13.16
sh688129,东来技术,2022-05-11,13.2,13.6,13.2,13.26,13.3,499535.0,6698726.0,537323046.0,1591200000.0,21509218.27,19506586.24,844134024.4799999,1241108918.08,396974893.6,20584909.050000004,228.26,128.15,65.5,98.87,371.55,438.29,0.0,0.0,,,,,,,基础化工,化学制品,涂料油墨,13.41,13.41,13.37
sh688129,东来技术,2022-05-12,13.2,13.4,13.13,13.35,13.26,420889.0,5592673.0,540970035.0,1602000000.0,21509218.27,19506586.24,844134024.4799999,1241108918.08,396974893.6,20584909.050000004,141.87,130.0,87.11,106.1,329.55,322.43,0.0,0.0,,,,,,,基础化工,化学制品,涂料油墨,13.26,13.28,13.3
sh688129,东来技术,2022-05-13,13.4,13.66,13.16,13.31,13.35,418147.0,5562512.0,539349151.0,1597200000.0,21509218.27,19506586.24,844134024.4799999,1241108918.08,396974893.6,20584909.050000004,176.72,140.32,0.0,25.06,379.53,390.87,0.0,0.0,,,,,,,基础化工,化学制品,涂料油墨,13.42,13.27,13.28
sh688129,东来技术,2022-05-16,13.48,13.6,13.25,13.27,13.31,309337.0,4149472.0,537728267.0,1592400000.0,21509218.27,19506586.24,844134024.4799999,1241108918.08,396974893.6,20584909.050000004,115.63,134.67,26.94,20.68,272.38,259.6,0.0,0.0,,,,,,,基础化工,化学制品,涂料油墨,13.47,13.51,13.46
sh688129,东来技术,2022-05-17,13.35,13.45,13.21,13.36,13.27,470343.0,6285302.0,541375256.0,1603200000.0,21509218.27,19506586.24,844134024.4799999,1241108918.08,396974893.6,20584909.050000004,158.28,134.51,0.0,117.25,466.73,373.24,0.0,0.0,,,,,,,基础化工,化学制品,涂料油墨,13.23,13.33,13.45
sh688129,东来技术,2022-05-18,13.36,13.7,13.35,13.6,13.36,614589.0,8310558.0,551100560.0,1632000000.0,21509218.27,19506586.24,844134024.4799999,1241108918.08,396974893.6,20584909.050000004,239.25,260.24,54.43,41.12,532.21,524.54,0.0,0.0,,,,,,,基础化工,化学制品,涂料油墨,13.47,13.6,13.48
sh688129,东来技术,2022-05-19,13.38,13.7,13.38,13.51,13.6,492436.0,6662300.0,547453571.0,1621200000.0,21509218.27,19506586.24,844134024.4799999,1241108918.08,396974893.6,20584909.050000004,235.88,339.23,86.52,27.18,342.95,298.94,0.0,0.0,,,,,,,基础化工,化学制品,涂料油墨,13.45,13.44,13.46
sh688129,东来技术,2022-05-20,13.73,13.97,13.45,13.59,13.51,508105.0,6976664.0,550695339.0,1630800000.0,21509218.27,19506586.24,844134024.4799999,1241108918.08,396974893.6,20584909.050000004,125.89,111.69,0.0,23.13,534.72,525.78,0.0,0.0,,,,,,,基础化工,化学制品,涂料油墨,13.64,13.6,13.79
sh688129,东来技术,2022-05-23,13.59,13.95,13.58,13.89,13.59,385736.0,5317691.0,562851969.0,1666800000.0,21509218.27,19506586.24,844134024.4799999,1241108918.08,396974893.6,20584909.050000004,141.48,207.37,95.68,48.24,280.72,262.27,0.0,0.0,,,,,,,基础化工,化学制品,涂料油墨,13.6,13.75,13.7
sh688129,东来技术,2022-05-24,13.93,13.94,13.25,13.25,13.89,596972.0,8123481.0,536917825.0,1590000000.0,21509218.27,19506586.24,844134024.4799999,1241108918.08,396974893.6,20584909.050000004,336.4,360.42,61.01,53.74,370.81,354.07,0.0,0.0,,,,,,,基础化工,化学制品,涂料油墨,13.84,13.88,13.93
sh688129,东来技术,2022-05-25,13.4,13.56,13.19,13.43,13.25,548041.0,7315359.0,544211803.0,1611600000.0,21509218.27,19506586.24,844134024.4799999,1241108918.08,396974893.6,20584909.050000004,205.94,132.95,47.43,127.9,478.17,470.69,0.0,0.0,,,,,,,基础化工,化学制品,涂料油墨,13.44,13.36,13.35
sh688129,东来技术,2022-05-26,13.56,13.57,13.2,13.41,13.43,449401.0,6026706.0,543401361.0,1609200000.0,21509218.27,19506586.24,844134024.4799999,1241108918.08,396974893.6,20584909.050000004,160.52,162.11,93.95,79.59,348.2,360.97,0.0,0.0,,,,,,,基础化工,化学制品,涂料油墨,13.43,13.31,13.32
sh688129,东来技术,2022-05-27,13.56,13.57,13.43,13.48,13.41,363182.0,4900815.0,546237908.0,1617600000.0,21509218.27,19506586.24,844134024.4799999,1241108918.08,396974893.6,20584909.050000004,215.47,163.41,51.73,0.0,222.89,326.67,0.0,0.0,,,,,,,基础化工,化学制品,涂料油墨,13.46,13.55,13.57
sh688129,东来技术,2022-05-30,13.59,13.7,13.36,13.64,13.48,388940.0,5265084.0,552721444.0,1636800000.0,21509218.27,19506586.24,844134024.4799999,1241108918.08,396974893.6,20584909.050000004,183.62,141.16,27.0,55.22,315.89,330.14,0.0,0.0,,,,,,,基础化工,化学制品,涂料油墨,13.52,13.51,13.42
sh688129,东来技术,2022-05-31,13.93,13.99,13.55,13.87,13.64,456901.0,6319970.0,562041527.0,1664400000.0,21509218.27,19506586.24,844134024.4799999,1241108918.08,396974893.6,20584909.050000004,269.15,155.58,0.67,0.0,362.18,476.42,0.0,0.0,,,,,,,基础化工,化学制品,涂料油墨,13.76,13.78,13.55
sh688129,东来技术,2022-06-01,13.97,14.37,13.94,14.19,13.87,758311.0,10780499.0,575008599.0,1702800000.0,21509218.27,19506586.24,844134024.4799999,1241108918.08,396974893.6,20584909.050000004,467.57,403.37,62.48,82.28,548.0,592.4,0.0,0.0,,,,,,,基础化工,化学制品,涂料油墨,14.08,14.33,14.28
sh688129,东来技术,2022-06-02,14.21,15.11,14.2,14.92,14.19,1013680.0,14913266.0,604589732.0,1790400000.0,21509218.27,19506586.24,844134024.4799999,1241108918.08,396974893.6,20584909.050000004,519.64,464.22,21.6,0.0,908.67,985.69,0.0,0.0,,,,,,,基础化工,化学制品,涂料油墨,14.33,14.3,14.21
sh688129,东来技术,2022-06-06,14.77,15.68,14.76,15.58,14.92,1254575.0,19274524.0,631334318.0,1869600000.0,21509218.27,19506586.24,844134024.4799999,1241108918.08,396974893.6,20584909.050000004,617.25,696.07,181.66,186.49,1128.55,1044.9,0.0,0.0,,,,,,,基础化工,化学制品,涂料油墨,15.01,15.24,15.35
sh688129,东来技术,2022-06-07,15.52,15.54,15.0,15.16,15.58,586616.0,8941970.0,614315036.0,1819200000.0,21509218.27,19506586.24,844134024.4799999,1241108918.08,396974893.6,20584909.050000004,193.04,282.53,0.0,56.5,700.39,554.41,0.0,0.0,,,,,,,基础化工,化学制品,涂料油墨,15.46,15.36,15.25
sh688129,东来技术,2022-06-08,15.25,15.25,14.59,14.92,15.16,662328.0,9842209.0,604589732.0,1790400000.0,21509218.27,19506586.24,844134024.4799999,1241108918.08,396974893.6,20584909.050000004,243.91,264.14,0.0,33.66,723.94,670.05,0.0,0.0,,,,,,,基础化工,化学制品,涂料油墨,15.15,15.17,15.11
sh688129,东来技术,2022-06-09,14.81,14.92,14.6,14.61,14.92,387939.0,5718522.0,592027881.0,1753200000.0,21509218.27,19506586.24,844134024.4799999,1241108918.08,396974893.6,20584909.050000004,123.91,139.41,24.93,89.45,416.23,336.21,0.0,0.0,,,,,,,基础化工,化学制品,涂料油墨,14.74,14.71,14.92
sh688129,东来技术,2022-06-10,14.46,14.98,14.35,14.78,14.61,320137.0,4735433.0,598916638.0,1773600000.0,21509218.27,19506586.24,844134024.4799999,1241108918.08,396974893.6,20584909.050000004,126.46,108.4,0.0,26.05,347.09,339.1,0.0,0.0,,,,,,,基础化工,化学制品,涂料油墨,14.69,14.78,14.78
sh688129,东来技术,2022-06-13,14.65,14.95,14.6,14.74,14.78,305156.0,4491143.0,597295754.0,1768800000.0,21509218.27,19506586.24,844134024.4799999,1241108918.08,396974893.6,20584909.050000004,91.03,72.05,0.0,21.98,358.08,355.09,0.0,0.0,,,,,,,基础化工,化学制品,涂料油墨,14.95,14.82,14.8
sh688129,东来技术,2022-06-14,14.55,14.72,14.27,14.67,14.74,514562.0,7465534.0,594459207.0,1760400000.0,21509218.27,19506586.24,844134024.4799999,1241108918.08,396974893.6,20584909.050000004,240.51,169.17,22.07,28.78,483.98,548.6,0.0,0.0,,,,,,,基础化工,化学制品,涂料油墨,14.54,14.4,14.5
sh688129,东来技术,2022-06-15,14.79,14.94,14.53,14.58,14.67,437294.0,6414747.0,590812218.0,1749600000.0,21509218.27,19506586.24,844134024.4799999,1241108918.08,396974893.6,20584909.050000004,229.68,125.15,4.57,0.0,407.22,516.33,0.0,0.0,,,,,,,基础化工,化学制品,涂料油墨,14.83,14.89,14.56
sh688129,东来技术,2022-06-16,14.69,14.69,14.36,14.52,14.58,441552.0,6406239.0,588380892.0,1742400000.0,21509218.27,19506586.24,844134024.4799999,1241108918.08,396974893.6,20584909.050000004,172.73,157.9,92.71,129.03,370.99,349.5,0.0,0.0,,,,,,,基础化工,化学制品,涂料油墨,14.51,14.55,14.52
sh688129,东来技术,2022-06-17,14.5,14.55,14.26,14.52,14.52,427739.0,6172553.0,588380892.0,1742400000.0,21509218.27,19506586.24,844134024.4799999,1241108918.08,396974893.6,20584909.050000004,197.21,206.46,3.46,0.0,416.59,410.8,0.0,0.0,,,,,,,基础化工,化学制品,涂料油墨,14.41,14.45,14.53
sh688129,东来技术,2022-06-20,14.52,14.67,14.42,14.59,14.52,511646.0,7432789.0,591217439.0,1750800000.0,21509218.27,19506586.24,844134024.4799999,1241108918.08,396974893.6,20584909.050000004,245.8,308.65,0.0,19.22,497.48,415.41,0.0,0.0,,,,,,,基础化工,化学制品,涂料油墨,14.66,14.6,14.5
sh688129,东来技术,2022-06-21,14.59,14.64,14.2,14.45,14.59,386299.0,5583392.0,585544345.0,1734000000.0,21509218.27,19506586.24,844134024.4799999,1241108918.08,396974893.6,20584909.050000004,188.79,131.67,28.92,18.97,340.63,407.7,0.0,0.0,,,,,,,基础化工,化学制品,涂料油墨,14.45,14.59,14.59
sh688129,东来技术,2022-06-22,14.34,14.88,14.28,14.37,14.45,698620.0,10216086.0,582302577.0,1724400000.0,21509218.27,19506586.24,844134024.4799999,1241108918.08,396974893.6,20584909.050000004,396.45,382.92,34.06,0.0,575.68,599.8,0.0,23.47,,,,,,,基础化工,化学制品,涂料油墨,14.43,14.28,14.32
sh688129,东来技术,2022-06-23,14.4,14.6,14.25,14.51,14.37,676938.0,9755138.0,587975671.0,1741200000.0,21509218.27,19506586.24,844134024.4799999,1241108918.08,396974893.6,20584909.050000004,343.63,252.76,79.74,221.34,552.15,501.41,0.0,0.0,,,,,,,基础化工,化学制品,涂料油墨,14.48,14.42,14.51
sh688129,东来技术,2022-06-24,14.55,14.85,14.51,14.74,14.51,596199.0,8787750.0,597295754.0,1768800000.0,21509218.27,19506586.24,844134024.4799999,1241108918.08,396974893.6,20584909.050000004,193.49,265.48,51.55,142.39,633.74,470.91,0.0,0.0,,,,,,,基础化工,化学制品,涂料油墨,14.52,14.69,14.78
sh688129,东来技术,2022-06-27,14.81,15.04,14.74,14.83,14.74,500462.0,7445533.0,600942743.0,1779600000.0,21509218.27,19506586.24,844134024.4799999,1241108918.08,396974893.6,20584909.050000004,322.79,198.45,30.53,42.29,391.23,503.82,0.0,0.0,,,,,,,基础化工,化学制品,涂料油墨,14.79,14.85,14.85
sh688129,东来技术,2022-06-28,14.95,15.26,14.67,15.25,14.83,703923.0,10590695.0,617962025.0,1830000000.0,21509218.27,19506586.24,844134024.4799999,1241108918.08,396974893.6,20584909.050000004,342.95,261.66,49.01,25.53,651.12,755.89,0.0,0.0,,,,,,,基础化工,化学制品,涂料油墨,14.88,14.8,14.7
sh688129,东来技术,2022-06-29,15.29,15.29,14.58,14.65,15.25,679530.0,10113038.0,593648765.0,1758000000.0,21509218.27,19506586.24,844134024.4799999,1241108918.08,396974893.6,20584909.050000004,337.13,331.39,74.06,129.74,562.57,512.62,0.0,0.0,,,,,,,基础化工,化学制品,涂料油墨,15.11,15.08,15.05
sh688129,东来技术,2022-06-30,14.63,14.8,14.49,14.66,14.65,587454.0,8600685.0,594053986.0,1759200000.0,21509218.27,19506586.24,844134024.4799999,1241108918.08,396974893.6,20584909.050000004,359.16,359.62,154.26,79.38,342.85,417.28,0.0,0.0,,,,,,,基础化工,化学制品,涂料油墨,14.7,14.69,14.73
sh688129,东来技术,2022-07-01,14.79,14.79,14.51,14.66,14.66,403131.0,5923789.0,594053986.0,1759200000.0,21509218.27,19506586.24,844134024.4799999,1241108918.08,396974893.6,20584909.050000004,224.43,205.4,34.81,27.33,333.14,359.65,0.0,0.0,,,,,,,基础化工,化学制品,涂料油墨,14.79,14.58,14.7
sh688129,东来技术,2022-07-04,14.68,14.82,14.47,14.64,14.66,281584.0,4118463.0,593243544.0,1756800000.0,21509218.27,19506586.24,844134024.4799999,1241108918.08,396974893.6,20584909.050000004,120.41,95.16,0.0,0.0,291.43,316.69,0.0,0.0,,,,,,,基础化工,化学制品,涂料油墨,14.55,14.56,14.51
sh688129,XD东来技,2022-07-05,14.49,14.56,14.05,14.12,14.4,438035.0,6244283.0,572172052.0,1694400000.0,21509218.27,19506586.24,844134024.4799999,1241108918.08,396974893.6,20584909.050000004,198.26,98.65,35.23,156.0,390.94,368.29,0.0,1.49,,,,,,,基础化工,化学制品,涂料油墨,14.48,14.47,14.4
sh688129,东来技术,2022-07-06,14.05,14.24,13.98,14.07,14.12,349171.0,4919377.0,570145947.0,1688400000.0,21509218.27,19506586.24,844134024.4799999,1241108918.08,396974893.6,20584909.050000004,216.49,186.72,34.13,3.99,241.31,301.23,0.0,0.0,,,,,,,基础化工,化学制品,涂料油墨,14.09,14.19,14.14
sh688129,东来技术,2022-07-07,15.26,15.26,14.19,14.38,14.07,842373.0,12207573.0,582707798.0,1725600000.0,21509218.27,19506586.24,844134024.4799999,1241108918.08,396974893.6,20584909.050000004,404.4,470.16,60.02,122.82,464.64,627.77,291.7,0.0,,,,,,,基础化工,化学制品,涂料油墨,14.62,14.5,14.51
sh688129,东来技术,2022-07-08,14.47,15.08,14.22,14.82,14.38,1007097.0,14840557.0,600537522.0,1778400000.0,21509218.27,19506586.24,844134024.4799999,1241108918.08,396974893.6,20584909.050000004,691.41,554.37,102.1,198.13,690.54,704.53,0.0,27.03,,,,,,,基础化工,化学制品,涂料油墨,14.44,14.53,14.58
sh688129,东来技术,2022-07-11,14.72,14.89,14.52,14.57,14.82,462350.0,6774111.0,590406997.0,1748400000.0,21509218.27,19506586.24,844134024.4799999,1241108918.08,396974893.6,20584909.050000004,310.72,191.39,5.52,40.33,361.17,445.69,0.0,0.0,,,,,,,基础化工,化学制品,涂料油墨,14.59,14.65,14.66
sh688129,东来技术,2022-07-12,14.41,14.67,14.05,14.1,14.57,724136.0,10283156.0,571361610.0,1692000000.0,21509218.27,19506586.24,844134024.4799999,1241108918.08,396974893.6,20584909.050000004,564.79,383.37,49.39,156.89,414.13,488.06,0.0,0.0,,,,,,,基础化工,化学制品,涂料油墨,14.42,14.33,14.29
sh688129,东来技术,2022-07-13,14.1,14.26,14.01,14.1,14.1,413862.0,5845632.0,571361610.0,1692000000.0,21509218.27,19506586.24,844134024.4799999,1241108918.08,396974893.6,20584909.050000004,238.27,194.72,141.24,99.01,205.05,149.83,0.0,141.0,,,,,,,基础化工,化学制品,涂料油墨,14.06,14.19,14.15
sh688129,东来技术,2022-07-14,14.1,14.43,14.01,14.33,14.1,435159.0,6214135.0,580681693.0,1719600000.0,21509218.27,19506586.24,844134024.4799999,1241108918.08,396974893.6,20584909.050000004,256.04,235.76,0.0,1.54,365.37,384.11,0.0,0.0,,,,,,,基础化工,化学制品,涂料油墨,14.1,14.08,14.12
sh688129,东来技术,2022-07-15,14.36,14.36,14.0,14.02,14.33,510229.0,7193592.0,568119842.0,1682400000.0,21509218.27,19506586.24,844134024.4799999,1241108918.08,396974893.6,20584909.050000004,235.55,291.25,167.35,56.03,316.46,372.08,0.0,0.0,,,,,,,基础化工,化学制品,涂料油墨,14.35,14.11,14.12
sh688129,东来技术,2022-07-18,14.0,14.32,13.99,14.25,14.02,292877.0,4156335.0,577439925.0,1710000000.0,21509218.27,19506586.24,844134024.4799999,1241108918.08,396974893.6,20584909.050000004,138.67,105.94,0.0,0.0,276.96,309.7,0.0,0.0,,,,,,,基础化工,化学制品,涂料油墨,13.99,14.1,14.13
sh688129,东来技术,2022-07-19,14.25,14.56,14.25,14.52,14.25,342886.0,4954309.0,588380892.0,1742400000.0,21509218.27,19506586.24,844134024.4799999,1241108918.08,396974893.6,20584909.050000004,196.98,176.07,0.0,26.8,298.45,292.56,0.0,0.0,,,,,,,基础化工,化学制品,涂料油墨,14.35,14.4,14.49
sh688129,东来技术,2022-07-20,14.64,14.64,14.32,14.59,14.52,382772.0,5553620.0,591217439.0,1750800000.0,21509218.27,19506586.24,844134024.4799999,1241108918.08,396974893.6,20584909.050000004,117.99,165.38,100.75,69.62,335.17,318.91,0.0,0.0,,,,,,,基础化工,化学制品,涂料油墨,14.46,14.45,14.52
sh688129,东来技术,2022-07-21,14.59,14.67,14.48,14.59,14.59,275744.0,4016659.0,591217439.0,1750800000.0,21509218.27,19506586.24,844134024.4799999,1241108918.08,396974893.6,20584909.050000004,131.4,125.31,21.8,22.13,248.47,254.22,0.0,0.0,,,,,,,基础化工,化学制品,涂料油墨,14.58,14.56,14.59
sh688129,东来技术,2022-07-22,14.59,14.67,14.27,14.38,14.59,400482.0,5765786.0,582707798.0,1725600000.0,21509218.27,19506586.24,844134024.4799999,1241108918.08,396974893.6,20584909.050000004,179.2,112.3,83.09,80.28,314.29,384.0,0.0,0.0,,,,,,,基础化工,化学制品,涂料油墨,14.5,14.44,14.4
sh688129,东来技术,2022-07-25,14.55,14.6,14.22,14.28,14.38,265407.0,3812161.0,578655588.0,1713600000.0,21509218.27,19506586.24,844134024.4799999,1241108918.08,396974893.6,20584909.050000004,101.04,83.43,8.5,0.0,271.67,297.79,0.0,0.0,,,,,,,基础化工,化学制品,涂料油墨,14.57,14.48,14.41
sh688129,东来技术,2022-07-26,14.35,14.43,14.14,14.4,14.28,320156.0,4571918.0,583518240.0,1728000000.0,21509218.27,19506586.24,844134024.4799999,1241108918.08,396974893.6,20584909.050000004,147.72,144.15,8.0,0.0,301.47,313.04,0.0,0.0,,,,,,,基础化工,化学制品,涂料油墨,14.25,14.22,14.14
sh688129,东来技术,2022-07-27,14.45,14.54,14.36,14.46,14.4,333653.0,4811943.0,585949566.0,1735200000.0,21509218.27,19506586.24,844134024.4799999,1241108918.08,396974893.6,20584909.050000004,139.2,98.19,56.25,55.21,285.74,327.79,0.0,0.0,,,,,,,基础化工,化学制品,涂料油墨,14.43,14.36,14.38
sh688129,东来技术,2022-07-28,14.45,14.98,14.44,14.89,14.46,1001367.0,14809809.0,603374069.0,1786800000.0,21509218.27,19506586.24,844134024.4799999,1241108918.08,396974893.6,20584909.050000004,737.66,539.0,29.35,55.58,713.98,886.4,0.0,0.0,,,,,,,基础化工,化学制品,涂料油墨,14.48,14.61,14.58
sh688129,东来技术,2022-07-29,14.99,15.06,14.76,14.8,14.89,475771.0,7073678.0,599727080.0,1776000000.0,21509218.27,19506586.24,844134024.4799999,1241108918.08,396974893.6,20584909.050000004,179.77,178.45,54.76,43.57,472.84,485.34,0.0,0.0,,,,,,,基础化工,化学制品,涂料油墨,14.93,14.79,14.91
sh688129,东来技术,2022-08-01,14.85,14.85,14.61,14.8,14.8,361921.0,5328253.0,599727080.0,1776000000.0,21509218.27,19506586.24,844134024.4799999,1241108918.08,396974893.6,20584909.050000004,218.12,158.39,0.0,61.08,314.7,313.35,0.0,0.0,,,,,,,基础化工,化学制品,涂料油墨,14.65,14.68,14.77
sh688129,东来技术,2022-08-02,14.8,14.8,14.04,14.28,14.8,589692.0,8443172.0,578655588.0,1713600000.0,21509218.27,19506586.24,844134024.4799999,1241108918.08,396974893.6,20584909.050000004,344.51,326.95,49.85,38.17,449.96,479.2,0.0,0.0,,,,,,,基础化工,化学制品,涂料油墨,14.58,14.4,14.35
sh688129,东来技术,2022-08-03,14.45,14.82,14.31,14.46,14.28,685041.0,9987291.0,585949566.0,1735200000.0,21509218.27,19506586.24,844134024.4799999,1241108918.08,396974893.6,20584909.050000004,332.77,348.15,96.9,38.81,569.06,611.77,0.0,0.0,,,,,,,基础化工,化学制品,涂料油墨,14.36,14.5,14.43
sh688129,东来技术,2022-08-04,14.5,14.76,14.5,14.66,14.46,325913.0,4775415.0,594053986.0,1759200000.0,21509218.27,19506586.24,844134024.4799999,1241108918.08,396974893.6,20584909.050000004,195.77,131.32,4.57,49.32,277.2,296.9,0.0,0.0,,,,,,,基础化工,化学制品,涂料油墨,14.67,14.56,14.6
sh688129,东来技术,2022-08-05,14.7,14.98,14.56,14.9,14.66,615261.0,9134371.0,603779290.0,1788000000.0,21509218.27,19506586.24,844134024.4799999,1241108918.08,396974893.6,20584909.050000004,297.52,306.36,41.06,46.85,574.86,560.23,0.0,0.0,,,,,,,基础化工,化学制品,涂料油墨,14.66,14.75,14.67
sh688129,东来技术,2022-08-08,14.92,15.29,14.82,15.28,14.9,696285.0,10509857.0,619177688.0,1833600000.0,21509218.27,19506586.24,844134024.4799999,1241108918.08,396974893.6,20584909.050000004,437.04,405.17,81.5,56.35,532.91,589.93,0.0,0.0,,,,,,,基础化工,化学制品,涂料油墨,14.92,14.99,14.9
sh688129,东来技术,2022-08-09,15.29,15.8,15.13,15.74,15.28,1038637.0,16139570.0,637817854.0,1888800000.0,21509218.27,19506586.24,844134024.4799999,1241108918.08,396974893.6,20584909.050000004,751.21,758.28,55.53,63.89,808.17,792.73,0.0,0.0,,,,,,,基础化工,化学制品,涂料油墨,15.3,15.27,15.2
sh688129,东来技术,2022-08-10,15.88,15.94,15.73,15.86,15.74,1212023.0,19217324.0,642680506.0,1903200000.0,21509218.27,19506586.24,844134024.4799999,1241108918.08,396974893.6,20584909.050000004,814.72,838.93,223.27,239.76,884.22,843.52,0.0,0.0,,,,,,,基础化工,化学制品,涂料油墨,15.75,15.84,15.9
sh688129,东来技术,2022-08-11,15.88,16.05,15.74,15.87,15.86,613726.0,9747313.0,643085727.0,1904400000.0,21509218.27,19506586.24,844134024.4799999,1241108918.08,396974893.6,20584909.050000004,380.97,350.55,0.0,90.11,593.76,534.08,0.0,0.0,,,,,,,基础化工,化学制品,涂料油墨,15.97,15.86,15.82
sh688129,东来技术,2022-08-12,15.92,16.02,15.47,15.55,15.87,576305.0,9047734.0,630118655.0,1866000000.0,21509218.27,19506586.24,844134024.4799999,1241108918.08,396974893.6,20584909.050000004,240.99,350.7,0.0,68.93,663.79,485.15,0.0,0.0,,,,,,,基础化工,化学制品,涂料油墨,15.93,15.92,15.96
sh688129,东来技术,2022-08-15,15.65,15.7,15.35,15.54,15.55,472057.0,7318785.0,629713434.0,1864800000.0,21509218.27,19506586.24,844134024.4799999,1241108918.08,396974893.6,20584909.050000004,115.63,196.57,20.74,0.0,595.5,535.31,0.0,0.0,,,,,,,基础化工,化学制品,涂料油墨,15.45,15.53,15.41
sh688129,东来技术,2022-08-16,15.54,15.69,15.49,15.62,15.54,605913.0,9422054.0,632955202.0,1874400000.0,21509218.27,19506586.24,844134024.4799999,1241108918.08,396974893.6,20584909.050000004,204.6,171.08,91.08,108.45,646.53,662.67,0.0,0.0,,,,,,,基础化工,化学制品,涂料油墨,15.63,15.63,15.6
sh688129,东来技术,2022-08-17,15.79,15.79,15.4,15.52,15.62,510942.0,7920737.0,628902992.0,1862400000.0,21509218.27,19506586.24,844134024.4799999,1241108918.08,396974893.6,20584909.050000004,308.4,248.35,23.03,0.0,460.64,543.73,0.0,0.0,,,,,,,基础化工,化学制品,涂料油墨,15.54,15.53,15.53
sh688129,东来技术,2022-08-18,15.66,15.84,15.45,15.79,15.52,519161.0,8141023.0,639843959.0,1894800000.0,21509218.27,19506586.24,844134024.4799999,1241108918.08,396974893.6,20584909.050000004,211.39,233.59,93.19,116.71,509.53,463.8,0.0,0.0,,,,,,,基础化工,化学制品,涂料油墨,15.46,15.47,15.47
sh688129,东来技术,2022-08-19,15.82,15.95,15.32,15.35,15.79,653961.0,10169650.0,622014235.0,1842000000.0,21509218.27,19506586.24,844134024.4799999,1241108918.08,396974893.6,20584909.050000004,253.24,286.66,34.69,88.73,729.03,641.58,0.0,0.0,,,,,,,基础化工,化学制品,涂料油墨,15.81,15.93,15.8
sh688129,东来技术,2022-08-22,15.23,15.47,15.05,15.15,15.35,507397.0,7727120.0,613909815.0,1818000000.0,21509218.27,19506586.24,844134024.4799999,1241108918.08,396974893.6,20584909.050000004,174.26,266.53,67.55,74.84,530.9,431.35,0.0,0.0,,,,,,,基础化工,化学制品,涂料油墨,15.26,15.25,15.29
sh688129,东来技术,2022-08-23,15.26,15.33,15.02,15.16,15.15,485682.0,7357120.0,614315036.0,1819200000.0,21509218.27,19506586.24,844134024.4799999,1241108918.08,396974893.6,20584909.050000004,220.9,224.2,47.59,116.92,467.23,394.59,0.0,0.0,,,,,,,基础化工,化学制品,涂料油墨,15.16,15.25,15.23
sh688129,东来技术,2022-08-24,15.23,15.23,14.53,14.66,15.16,823138.0,12181724.0,594053986.0,1759200000.0,21509218.27,19506586.24,844134024.4799999,1241108918.08,396974893.6,20584909.050000004,588.66,416.33,29.42,86.47,600.09,715.38,0.0,0.0,,,,,,,基础化工,化学制品,涂料油墨,15.16,15.08,15.05
sh688129,东来技术,2022-08-25,14.86,14.86,14.27,14.51,14.66,639973.0,9281096.0,587975671.0,1741200000.0,21509218.27,19506586.24,844134024.4799999,1241108918.08,396974893.6,20584909.050000004,394.86,272.52,0.0,102.96,533.25,552.63,0.0,0.0,,,,,,,基础化工,化学制品,涂料油墨,14.62,14.57,14.63
sh688129,东来技术,2022-08-26,14.56,14.66,14.1,14.16,14.51,644692.0,9259244.0,573792936.0,1699200000.0,21509218.27,19506586.24,844134024.4799999,1241108918.08,396974893.6,20584909.050000004,390.35,155.36,28.98,31.1,506.6,610.79,0.0,128.67,,,,,,,基础化工,化学制品,涂料油墨,14.43,14.48,14.46
sh688129,东来技术,2022-08-29,14.6,14.6,13.9,14.22,14.16,370260.0,5259166.0,576224262.0,1706400000.0,21509218.27,19506586.24,844134024.4799999,1241108918.08,396974893.6,20584909.050000004,122.75,64.3,28.26,51.36,374.91,410.26,0.0,0.0,,,,,,,基础化工,化学制品,涂料油墨,14.04,14.14,14.18
sh688129,东来技术,2022-08-30,14.18,14.4,14.09,14.24,14.22,498926.0,7109020.0,571439808.0,1708800000.0,21509218.27,19506586.24,844134024.4799999,1241108918.08,396974893.6,20584909.050000004,280.53,199.57,42.07,43.49,388.31,467.85,0.0,0.0,,,,,,,基础化工,化学制品,涂料油墨,14.29,14.39,14.23
sh688129,东来技术,2022-08-31,14.17,14.21,13.76,13.78,14.24,618730.0,8635802.0,552980376.0,1653600000.0,21509218.27,19506586.24,844134024.4799999,1241108918.08,396974893.6,20584909.050000004,357.35,207.56,48.86,115.31,457.37,539.45,0.0,1.26,,,,,,,基础化工,化学制品,涂料油墨,14.13,14.12,14.04
sh688129,东来技术,2022-09-01,13.82,13.98,13.61,13.61,13.78,358131.0,4936818.0,546158412.0,1633200000.0,21509218.27,19506586.24,844134024.4799999,1241108918.08,396974893.6,20584909.050000004,116.79,163.48,57.65,30.03,319.25,300.17,0.0,0.0,,,,,,,基础化工,化学制品,涂料油墨,13.82,13.86,13.93
sh688129,东来技术,2022-09-02,13.61,14.01,13.5,13.94,13.61,402956.0,5584383.0,559401048.0,1672800000.0,21509218.27,19506586.24,844134024.4799999,1241108918.08,396974893.6,20584909.050000004,164.47,184.18,88.05,70.75,305.92,303.51,0.0,0.0,,,,,,,基础化工,化学制品,涂料油墨,13.77,13.69,13.81
sh688129,东来技术,2022-09-05,14.0,14.15,13.86,14.0,13.94,448715.0,6292343.0,561808800.0,1680000000.0,21509218.27,19506586.24,844134024.4799999,1241108918.08,396974893.6,20584909.050000004,317.47,237.55,53.06,95.2,258.71,296.49,0.0,0.0,,,,,,,基础化工,化学制品,涂料油墨,13.96,13.99,13.99
sh688129,东来技术,2022-09-06,14.11,14.15,13.92,14.05,14.0,194305.0,2731531.0,563815260.0,1686000000.0,21509218.27,19506586.24,844134024.4799999,1241108918.08,396974893.6,20584909.050000004,98.7,103.26,0.0,0.0,174.45,169.89,0.0,0.0,,,,,,,基础化工,化学制品,涂料油墨,14.1,14.1,14.12
sh688129,东来技术,2022-09-07,14.03,14.23,13.93,14.04,14.05,462665.0,6500035.0,563413968.0,1684800000.0,21509218.27,19506586.24,844134024.4799999,1241108918.08,396974893.6,20584909.050000004,276.28,267.54,45.79,49.16,327.94,333.31,0.0,0.0,,,,,,,基础化工,化学制品,涂料油墨,14.07,14.05,14.14
sh688129,东来技术,2022-09-08,14.14,14.14,13.81,13.81,14.04,251157.0,3488760.0,554184252.0,1657200000.0,21509218.27,19506586.24,844134024.4799999,1241108918.08,396974893.6,20584909.050000004,127.64,88.41,0.0,0.56,221.23,259.91,0.0,0.0,,,,,,,基础化工,化学制品,涂料油墨,14.01,14.09,13.9
sh688129,东来技术,2022-09-09,13.83,14.13,13.72,13.84,13.81,239284.0,3305971.0,555388128.0,1660800000.0,21509218.27,19506586.24,844134024.4799999,1241108918.08,396974893.6,20584909.050000004,138.69,117.02,0.0,0.0,191.91,213.58,0.0,0.0,,,,,,,基础化工,化学制品,涂料油墨,14.13,13.78,13.72
sh688129,东来技术,2022-09-13,13.98,14.07,13.83,13.89,13.84,173155.0,2411196.0,557394588.0,1666800000.0,21509218.27,19506586.24,844134024.4799999,1241108918.08,396974893.6,20584909.050000004,85.95,63.1,22.9,26.22,132.27,151.81,0.0,0.0,,,,,,,基础化工,化学制品,涂料油墨,13.96,13.98,13.94
sh688129,东来技术,2022-09-14,13.83,13.95,13.64,13.9,13.89,189193.0,2623671.0,557795880.0,1668000000.0,21509218.27,19506586.24,844134024.4799999,1241108918.08,396974893.6,20584909.050000004,49.84,101.02,59.88,0.05,152.65,161.3,0.0,0.0,,,,,,,基础化工,化学制品,涂料油墨,13.64,13.74,13.81
sh688129,东来技术,2022-09-15,13.71,13.91,13.35,13.46,13.9,453973.0,6155864.0,540139032.0,1615200000.0,21509218.27,19506586.24,844134024.4799999,1241108918.08,396974893.6,20584909.050000004,268.91,202.8,0.0,10.99,346.67,401.8,0.0,0.0,,,,,,,基础化工,化学制品,涂料油墨,13.89,13.87,13.76
sh688129,东来技术,2022-09-16,13.32,13.55,13.0,13.14,13.46,359465.0,4757071.0,527297688.0,1576800000.0,21509218.27,19506586.24,844134024.4799999,1241108918.08,396974893.6,20584909.050000004,112.19,133.79,35.47,5.25,328.04,336.67,0.0,0.0,,,,,,,基础化工,化学制品,涂料油墨,13.47,13.35,13.35
sh688129,东来技术,2022-09-19,13.09,13.11,12.71,12.82,13.14,299143.0,3843668.0,514456344.0,1538400000.0,21509218.27,19506586.24,844134024.4799999,1241108918.08,396974893.6,20584909.050000004,134.47,85.79,0.38,34.3,249.52,264.27,0.0,0.0,,,,,,,基础化工,化学制品,涂料油墨,12.91,12.95,13.03
sh688129,东来技术,2022-09-20,12.82,13.04,12.82,12.94,12.82,195884.0,2538851.0,519271848.0,1552800000.0,21509218.27,19506586.24,844134024.4799999,1241108918.08,396974893.6,20584909.050000004,55.52,53.73,0.0,0.0,198.36,200.16,0.0,0.0,,,,,,,基础化工,化学制品,涂料油墨,12.91,12.93,13.0
sh688129,东来技术,2022-09-21,12.77,13.16,12.72,13.1,12.94,152791.0,1985303.0,525692520.0,1572000000.0,21509218.27,19506586.24,844134024.4799999,1241108918.08,396974893.6,20584909.050000004,38.36,29.72,0.0,0.0,152.22,160.85,0.0,0.0,,,,,,,基础化工,化学制品,涂料油墨,12.77,12.74,12.89
sh688129,东来技术,2022-09-22,13.08,13.28,12.9,13.02,13.1,241656.0,3160917.0,522482184.0,1562400000.0,21509218.27,19506586.24,844134024.4799999,1241108918.08,396974893.6,20584909.050000004,73.94,61.26,24.63,0.0,217.52,254.83,0.0,0.0,,,,,,,基础化工,化学制品,涂料油墨,13.0,13.11,13.12
sh688129,东来技术,2022-09-23,12.89,13.14,12.6,12.69,13.02,409404.0,5243490.0,509239548.0,1522800000.0,21509218.27,19506586.24,844134024.4799999,1241108918.08,396974893.6,20584909.050000004,166.83,82.91,0.0,0.0,357.52,441.44,0.0,0.0,,,,,,,基础化工,化学制品,涂料油墨,12.94,12.95,12.93
sh688129,东来技术,2022-09-26,12.68,12.68,12.42,12.48,12.69,174885.0,2191165.0,500812416.0,1497600000.0,21509218.27,19506586.24,844134024.4799999,1241108918.08,396974893.6,20584909.050000004,27.99,14.74,0.0,0.0,191.13,204.38,0.0,0.0,,,,,,,基础化工,化学制品,涂料油墨,12.52,12.52,12.54
sh688129,东来技术,2022-09-27,12.68,12.93,12.43,12.87,12.48,277520.0,3518818.0,516462804.00000006,1544400000.0,21509218.27,19506586.24,844134024.4799999,1241108918.08,396974893.6,20584909.050000004,64.95,56.0,0.0,44.7,286.93,251.18,0.0,0.0,,,,,,,基础化工,化学制品,涂料油墨,12.66,12.66,12.5
sh688129,东来技术,2022-09-28,12.74,13.1,12.74,12.94,12.87,308914.0,3997268.0,519271848.0,1552800000.0,21509218.27,19506586.24,844134024.4799999,1241108918.08,396974893.6,20584909.050000004,15.57,73.36,0.0,0.0,384.16,326.36,0.0,0.0,,,,,,,基础化工,化学制品,涂料油墨,12.93,12.85,12.75
sh688129,东来技术,2022-09-29,13.02,13.1,12.62,12.65,12.94,151265.0,1943590.0,507634380.0,1518000000.0,21509218.27,19506586.24,844134024.4799999,1241108918.08,396974893.6,20584909.050000004,13.31,14.22,0.0,0.0,181.31,180.39,0.0,0.0,,,,,,,基础化工,化学制品,涂料油墨,13.01,13.07,13.0
sh688129,东来技术,2022-09-30,12.66,12.95,12.5,12.57,12.65,154579.0,1966121.0,504424044.0,1508400000.0,21509218.27,19506586.24,844134024.4799999,1241108918.08,396974893.6,20584909.050000004,40.11,53.96,0.0,0.0,156.51,142.66,0.0,0.0,,,,,,,基础化工,化学制品,涂料油墨,12.66,12.87,12.77
sh688129,东来技术,2022-10-10,12.59,12.7,12.34,12.49,12.57,194644.0,2443197.0,501213708.0,1498800000.0,21509218.27,19506586.24,844134024.4799999,1241108918.08,396974893.6,20584909.050000004,69.78,44.65,0.0,0.0,174.54,199.67,0.0,0.0,,,,,,,基础化工,化学制品,涂料油墨,12.55,12.7,12.66
sh688129,东来技术,2022-10-11,12.74,12.92,12.5,12.79,12.49,162622.0,2069920.0,513252468.0,1534800000.0,21509218.27,19506586.24,844134024.4799999,1241108918.08,396974893.6,20584909.050000004,58.27,58.36,6.45,0.0,142.27,148.64,0.0,0.0,,,,,,,基础化工,化学制品,涂料油墨,12.65,12.56,12.68
sh688129,东来技术,2022-10-12,12.86,13.07,12.56,13.01,12.79,205000.0,2631372.0,522080892.0,1561200000.0,21509218.27,19506586.24,844134024.4799999,1241108918.08,396974893.6,20584909.050000004,54.41,71.03,0.0,0.0,208.73,192.11,0.0,0.0,,,,,,,基础化工,化学制品,涂料油墨,12.62,12.8,12.66
sh688129,东来技术,2022-10-13,13.07,13.49,13.0,13.29,13.01,321661.0,4254746.0,533317068.0,1594800000.0,21509218.27,19506586.24,844134024.4799999,1241108918.08,396974893.6,20584909.050000004,109.58,157.56,21.98,10.38,293.91,257.54,0.0,0.0,,,,,,,基础化工,化学制品,涂料油墨,13.1,13.01,13.12
sh688129,东来技术,2022-10-14,13.4,13.5,13.29,13.3,13.29,193400.0,2588550.0,533718360.0,1596000000.0,21509218.27,19506586.24,844134024.4799999,1241108918.08,396974893.6,20584909.050000004,82.45,85.6,0.0,21.98,176.4,151.27,0.0,0.0,,,,,,,基础化工,化学制品,涂料油墨,13.43,13.44,13.31
sh688129,东来技术,2022-10-17,13.4,13.59,13.35,13.55,13.3,371860.0,5019292.0,543750660.0,1626000000.0,21509218.27,19506586.24,844134024.4799999,1241108918.08,396974893.6,20584909.050000004,213.45,138.13,69.19,126.2,219.29,237.6,0.0,0.0,,,,,,,基础化工,化学制品,涂料油墨,13.4,13.44,13.46
sh688129,东来技术,2022-10-18,13.65,13.67,13.37,13.55,13.55,232251.0,3145697.0,543750660.0,1626000000.0,21509218.27,19506586.24,844134024.4799999,1241108918.08,396974893.6,20584909.050000004,89.56,93.44,6.25,22.14,218.77,198.99,0.0,0.0,,,,,,,基础化工,化学制品,涂料油墨,13.54,13.55,13.51
sh688129,东来技术,2022-10-19,13.49,13.57,13.33,13.33,13.55,175989.0,2359510.0,534922236.0,1599600000.0,21509218.27,19506586.24,844134024.4799999,1241108918.08,396974893.6,20584909.050000004,70.62,71.53,0.0,0.0,165.34,164.42,0.0,0.0,,,,,,,基础化工,化学制品,涂料油墨,13.52,13.47,13.37
sh688129,东来技术,2022-10-20,13.66,13.66,13.1,13.25,13.33,159931.0,2120405.0,531711900.0,1590000000.0,21509218.27,19506586.24,844134024.4799999,1241108918.08,396974893.6,20584909.050000004,34.73,68.39,0.0,6.42,177.31,137.23,0.0,0.0,,,,,,,基础化工,化学制品,涂料油墨,13.35,13.22,13.32
sh688129,东来技术,2022-10-21,13.25,13.94,13.21,13.69,13.25,584523.0,7962464.0,549368748.0,1642800000.0,21509218.27,19506586.24,844134024.4799999,1241108918.08,396974893.6,20584909.050000004,283.56,244.49,22.62,91.34,488.71,459.06,0.0,0.0,,,,,,,基础化工,化学制品,涂料油墨,13.26,13.3,13.43
sh688129,东来技术,2022-10-24,13.63,13.81,13.12,13.26,13.69,333068.0,4507368.0,552003192.0,1591200000.0,21509218.27,19506586.24,844134024.4799999,1241108918.08,396974893.6,20584909.050000004,158.34,123.55,0.0,0.0,292.4,327.18,0.0,0.0,,,,,,,基础化工,化学制品,涂料油墨,13.72,13.6,13.58
sh688129,东来技术,2022-10-25,13.2,13.27,13.0,13.13,13.26,343411.0,4498020.0,546591396.0,1575600000.0,21509218.27,19506586.24,844134024.4799999,1241108918.08,396974893.6,20584909.050000004,144.39,112.78,26.0,60.13,279.41,276.89,0.0,0.0,,,,,,,基础化工,化学制品,涂料油墨,13.13,13.14,13.14
sh688129,东来技术,2022-10-26,13.15,13.5,13.15,13.33,13.13,304497.0,4055030.0,554917236.0,1599600000.0,21509218.27,19506586.24,844134024.4799999,1241108918.08,396974893.6,20584909.050000004,81.52,137.7,65.38,68.29,258.6,199.51,0.0,0.0,,,,,,,基础化工,化学制品,涂料油墨,13.24,13.26,13.24
sh688129,东来技术,2022-10-27,13.39,13.51,13.23,13.46,13.33,285670.0,3835769.0,560329032.0,1615200000.0,21509218.27,19506586.24,844134024.4799999,1241108918.08,396974893.6,20584909.050000004,111.38,150.78,63.78,0.0,208.41,232.8,0.0,0.0,,,,,,,基础化工,化学制品,涂料油墨,13.32,13.36,13.36
sh688129,东来技术,2022-10-28,13.5,13.5,12.6,12.68,13.46,653885.0,8416029.0,527858256.0,1521600000.0,21509218.27,19506586.24,844134024.4799999,1241108918.08,396974893.6,20584909.050000004,257.67,368.86,0.0,21.23,583.94,451.51,0.0,0.0,,,,,,,基础化工,化学制品,涂料油墨,13.31,13.17,13.07
sh688129,东来技术,2022-10-31,12.7,13.06,12.6,12.91,12.68,495469.0,6378074.0,537432972.0,1549200000.0,21509218.27,19506586.24,844134024.4799999,1241108918.08,396974893.6,20584909.050000004,213.6,174.5,140.57,186.66,283.64,276.65,0.0,0.0,,,,,,,基础化工,化学制品,涂料油墨,12.7,12.7,12.7
sh688129,东来技术,2022-11-01,12.99,13.2,12.83,13.17,12.91,439297.0,5714502.0,548256564.0,1580400000.0,21509218.27,19506586.24,844134024.4799999,1241108918.08,396974893.6,20584909.050000004,74.75,183.55,23.88,64.96,472.82,322.94,0.0,0.0,,,,,,,基础化工,化学制品,涂料油墨,12.94,12.9,12.91
sh688129,东来技术,2022-11-02,13.25,13.42,13.24,13.37,13.17,467655.0,6243115.0,556582404.0,1604400000.0,21509218.27,19506586.24,844134024.4799999,1241108918.08,396974893.6,20584909.050000004,202.81,206.97,90.9,74.28,330.6,343.06,0.0,0.0,,,,,,,基础化工,化学制品,涂料油墨,13.3,13.33,13.29
sh688129,东来技术,2022-11-03,13.12,13.48,13.12,13.36,13.37,329798.0,4398487.0,556166112.0,1603200000.0,21509218.27,19506586.24,844134024.4799999,1241108918.08,396974893.6,20584909.050000004,170.65,133.3,0.0,47.47,269.2,259.08,0.0,0.0,,,,,,,基础化工,化学制品,涂料油墨,13.33,13.35,13.38
sh688129,东来技术,2022-11-04,13.45,13.58,13.34,13.49,13.36,430316.0,5794031.0,561577908.0,1618800000.0,21509218.27,19506586.24,844134024.4799999,1241108918.08,396974893.6,20584909.050000004,212.4,169.04,98.52,106.99,268.48,303.37,0.0,0.0,,,,,,,基础化工,化学制品,涂料油墨,13.46,13.4,13.42
sh688129,东来技术,2022-11-07,13.66,13.72,13.49,13.65,13.49,397628.0,5409519.0,568238580.0,1638000000.0,21509218.27,19506586.24,844134024.4799999,1241108918.08,396974893.6,20584909.050000004,207.94,157.48,40.41,0.0,292.6,383.47,0.0,0.0,,,,,,,基础化工,化学制品,涂料油墨,13.67,13.67,13.55
sh688129,东来技术,2022-11-08,13.57,13.66,13.4,13.54,13.65,270348.0,3652055.0,563659368.0,1624800000.0,21509218.27,19506586.24,844134024.4799999,1241108918.08,396974893.6,20584909.050000004,118.48,116.03,0.0,0.0,246.73,249.17,0.0,0.0,,,,,,,基础化工,化学制品,涂料油墨,13.6,13.48,13.56
sh688129,东来技术,2022-11-09,13.58,13.62,13.41,13.41,13.54,282882.0,3817231.0,558247572.0,1609200000.0,21509218.27,19506586.24,844134024.4799999,1241108918.08,396974893.6,20584909.050000004,503.18,498.81,124.85,119.61,1159.74,1169.34,0.0,0.0,,,,,,,基础化工,化学制品,涂料油墨,13.57,13.49,13.49
sh688129,东来技术,2022-11-10,13.41,13.54,13.28,13.38,13.41,379557.0,5090350.0,556998696.0,1605600000.0,21509218.27,19506586.24,844134024.4799999,1241108918.08,396974893.6,20584909.050000004,143.19,160.52,0.0,41.89,368.52,309.3,0.0,0.0,,,,,,,基础化工,化学制品,涂料油墨,13.39,13.35,13.43
sh688129,东来技术,2022-11-11,13.5,13.67,13.34,13.38,13.38,337244.0,4560035.0,556998696.0,1605600000.0,21509218.27,19506586.24,844134024.4799999,1241108918.08,396974893.6,20584909.050000004,87.55,84.22,27.22,25.46,341.23,346.33,0.0,0.0,,,,,,,基础化工,化学制品,涂料油墨,13.59,13.6,13.59
sh688129,东来技术,2022-11-14,13.58,13.91,13.38,13.74,13.38,773787.0,10593836.0,569248200.0,1648800000.0,21509218.27,19506586.24,844134024.4799999,1241108918.08,396974893.6,20584909.050000004,404.38,352.7,38.96,68.07,616.04,638.62,0.0,0.0,,,,,,,基础化工,化学制品,涂料油墨,13.51,13.6,13.68
sh688129,东来技术,2022-11-15,13.85,13.85,13.7,13.85,13.74,449125.0,6193262.0,573805500.0,1662000000.0,21509218.27,19506586.24,844134024.4799999,1241108918.08,396974893.6,20584909.050000004,176.1,174.73,104.29,51.89,338.94,392.71,0.0,0.0,,,,,,,基础化工,化学制品,涂料油墨,13.71,13.75,13.73
sh688129,东来技术,2022-11-16,13.86,13.94,13.69,13.72,13.85,581646.0,8026291.0,568419600.0,1646400000.0,21509218.27,19506586.24,844134024.4799999,1241108918.08,396974893.6,20584909.050000004,273.7,202.24,36.99,66.72,491.93,533.66,0.0,0.0,,,,,,,基础化工,化学制品,涂料油墨,13.88,13.87,13.87
sh688129,东来技术,2022-11-17,13.78,13.84,13.56,13.78,13.72,328416.0,4485985.0,570905400.0,1653600000.0,21509218.27,19506586.24,844134024.4799999,1241108918.08,396974893.6,20584909.050000004,128.27,97.09,0.0,71.09,320.32,280.43,0.0,0.0,,,,,,,基础化工,化学制品,涂料油墨,13.67,13.67,13.64
sh688129,东来技术,2022-11-18,13.8,14.17,13.69,13.81,13.78,1049379.0,14662284.0,572148300.0,1657200000.0,21509218.27,19506586.24,844134024.4799999,1241108918.08,396974893.6,20584909.050000004,347.85,504.64,78.9,85.8,1039.48,875.79,0.0,0.0,,,,,,,基础化工,化学制品,涂料油墨,13.73,13.84,13.9
sh688129,东来技术,2022-11-21,13.81,14.12,13.66,14.12,13.81,631765.0,8760996.0,584991600.0,1694400000.0,21509218.27,19506586.24,844134024.4799999,1241108918.08,396974893.6,20584909.050000004,275.98,267.39,147.24,0.0,452.88,608.71,0.0,0.0,,,,,,,基础化工,化学制品,涂料油墨,13.8,13.78,13.74
sh688129,东来技术,2022-11-22,13.96,14.27,13.67,13.85,14.12,853163.0,11939717.0,573805500.0,1662000000.0,21509218.27,19506586.24,844134024.4799999,1241108918.08,396974893.6,20584909.050000004,401.11,389.24,49.25,53.14,635.02,751.59,108.6,0.0,,,,,,,基础化工,化学制品,涂料油墨,14.19,14.16,14.15
sh688129,东来技术,2022-11-23,13.82,13.97,13.5,13.75,13.85,534099.0,7299478.0,569662500.0,1650000000.0,21509218.27,19506586.24,844134024.4799999,1241108918.08,396974893.6,20584909.050000004,264.45,232.12,0.0,23.0,465.49,474.82,0.0,0.0,,,,,,,基础化工,化学制品,涂料油墨,13.9,13.76,13.75
sh688129,东来技术,2022-11-24,13.62,13.87,13.62,13.76,13.75,366642.0,5048193.0,570076800.0,1651200000.0,21509218.27,19506586.24,844134024.4799999,1241108918.08,396974893.6,20584909.050000004,156.29,125.68,61.88,0.0,286.65,379.14,0.0,0.0,,,,,,,基础化工,化学制品,涂料油墨,13.8,13.86,13.81
sh688129,东来技术,2022-11-25,13.81,13.86,13.62,13.64,13.76,336791.0,4615758.0,565105200.0,1636800000.0,21509218.27,19506586.24,844134024.4799999,1241108918.08,396974893.6,20584909.050000004,133.47,199.21,183.21,41.13,144.9,221.24,0.0,0.0,,,,,,,基础化工,化学制品,涂料油墨,13.75,13.66,13.72
sh688129,东来技术,2022-11-28,13.76,13.76,13.43,13.6,13.64,216272.0,2927202.0,563448000.0,1632000000.0,21509218.27,19506586.24,844134024.4799999,1241108918.08,396974893.6,20584909.050000004,88.63,48.61,39.02,38.82,165.06,205.29,0.0,0.0,,,,,,,基础化工,化学制品,涂料油墨,13.61,13.49,13.53
sh688129,东来技术,2022-11-29,13.62,13.97,13.6,13.88,13.6,344992.0,4783502.0,575048400.0,1665600000.0,21509218.27,19506586.24,844134024.4799999,1241108918.08,396974893.6,20584909.050000004,98.79,141.09,0.0,0.0,379.56,337.26,0.0,0.0,,,,,,,基础化工,化学制品,涂料油墨,13.67,13.71,13.7
sh688129,东来技术,2022-11-30,13.96,13.96,13.73,13.87,13.88,161254.0,2233701.0,574634100.0,1664400000.0,21509218.27,19506586.24,844134024.4799999,1241108918.08,396974893.6,20584909.050000004,43.68,80.84,19.85,21.95,159.84,120.58,0.0,0.0,,,,,,,基础化工,化学制品,涂料油墨,13.96,13.87,13.87
sh688129,东来技术,2022-12-01,13.98,14.09,13.88,14.06,13.87,363466.0,5082835.0,582505800.0,1687200000.0,21509218.27,19506586.24,844134024.4799999,1241108918.08,396974893.6,20584909.050000004,109.69,193.53,11.66,0.0,386.93,314.76,0.0,0.0,,,,,,,基础化工,化学制品,涂料油墨,13.98,13.96,13.95
sh688129,东来技术,2022-12-02,14.01,14.13,13.98,14.1,14.06,510993.0,7178077.0,584163000.0,1692000000.0,21509218.27,19506586.24,844134024.4799999,1241108918.08,396974893.6,20584909.050000004,230.46,159.17,30.03,0.0,457.32,558.64,0.0,0.0,,,,,,,基础化工,化学制品,涂料油墨,14.08,14.05,14.06
sh688129,东来技术,2022-12-05,14.1,14.37,13.97,14.27,14.1,447683.0,6361192.0,591206100.0,1712400000.0,21509218.27,19506586.24,844134024.4799999,1241108918.08,396974893.6,20584909.050000004,141.49,236.02,23.92,25.01,470.71,375.09,0.0,0.0,,,,,,,基础化工,化学制品,涂料油墨,14.09,14.17,14.12
sh688129,东来技术,2022-12-06,14.23,14.31,13.99,14.0,14.27,349300.0,4922592.0,580020000.0,1680000000.0,21509218.27,19506586.24,844134024.4799999,1241108918.08,396974893.6,20584909.050000004,168.81,140.66,21.23,64.89,300.78,285.27,0.0,0.0,,,,,,,基础化工,化学制品,涂料油墨,14.14,14.13,14.11
sh688129,东来技术,2022-12-07,14.1,14.12,13.92,14.03,14.0,197031.0,2766875.0,581262900.0,1683600000.0,21509218.27,19506586.24,844134024.4799999,1241108918.08,396974893.6,20584909.050000004,47.38,75.33,0.0,0.0,229.31,201.36,0.0,0.0,,,,,,,基础化工,化学制品,涂料油墨,13.92,14.05,14.1
sh688129,东来技术,2022-12-08,14.07,14.15,13.92,14.07,14.03,387511.0,5453833.0,582920100.0,1688400000.0,21509218.27,19506586.24,844134024.4799999,1241108918.08,396974893.6,20584909.050000004,145.56,256.09,24.33,26.78,375.5,262.51,0.0,0.0,,,,,,,基础化工,化学制品,涂料油墨,13.92,13.98,13.95
sh688129,东来技术,2022-12-09,13.93,14.14,13.9,13.97,14.07,224711.0,3154612.0,578777100.0,1676400000.0,21509218.27,19506586.24,844134024.4799999,1241108918.08,396974893.6,20584909.050000004,97.18,62.0,29.49,33.72,188.79,219.74,0.0,0.0,,,,,,,基础化工,化学制品,涂料油墨,14.11,13.99,13.99
sh688129,东来技术,2022-12-12,14.06,14.06,13.77,13.82,13.97,355009.0,4910987.0,572562600.0,1658400000.0,21509218.27,19506586.24,844134024.4799999,1241108918.08,396974893.6,20584909.050000004,141.22,193.76,87.94,86.06,261.93,211.28,0.0,0.0,,,,,,,基础化工,化学制品,涂料油墨,13.95,13.89,13.89
sh688129,东来技术,2022-12-13,13.85,13.9,13.77,13.8,13.82,151345.0,2094733.0,571734000.0,1656000000.0,21509218.27,19506586.24,844134024.4799999,1241108918.08,396974893.6,20584909.050000004,41.92,33.4,66.84,52.61,100.72,123.46,0.0,0.0,,,,,,,基础化工,化学制品,涂料油墨,13.78,13.84,13.78
sh688129,东来技术,2022-12-14,13.77,13.94,13.64,13.8,13.8,255949.0,3527800.0,571734000.0,1656000000.0,21509218.27,19506586.24,844134024.4799999,1241108918.08,396974893.6,20584909.050000004,160.05,160.01,36.27,31.59,156.46,161.18,0.0,0.0,,,,,,,基础化工,化学制品,涂料油墨,13.77,13.88,13.9
sh688129,东来技术,2022-12-15,13.78,13.85,13.63,13.7,13.8,322664.0,4427248.0,567591000.0,1644000000.0,21509218.27,19506586.24,844134024.4799999,1241108918.08,396974893.6,20584909.050000004,121.97,88.58,38.71,27.65,282.05,326.5,0.0,0.0,,,,,,,基础化工,化学制品,涂料油墨,13.78,13.72,13.77
sh688129,东来技术,2022-12-16,13.69,13.69,13.48,13.57,13.7,425896.0,5780154.0,562205100.0,1628400000.0,21509218.27,19506586.24,844134024.4799999,1241108918.08,396974893.6,20584909.050000004,164.89,207.29,26.29,104.73,266.3,266.0,120.54,0.0,,,,,,,基础化工,化学制品,涂料油墨,13.57,13.59,13.54
sh688129,东来技术,2022-12-19,13.57,13.69,13.19,13.29,13.57,367113.0,4913837.0,550604700.0,1594800000.0,21509218.27,19506586.24,844134024.4799999,1241108918.08,396974893.6,20584909.050000004,193.43,221.72,64.66,24.31,233.29,245.36,0.0,0.0,,,,,,,基础化工,化学制品,涂料油墨,13.59,13.42,13.34
sh688129,东来技术,2022-12-20,13.26,13.39,13.13,13.31,13.29,190968.0,2536449.0,551433300.0,1597200000.0,21509218.27,19506586.24,844134024.4799999,1241108918.08,396974893.6,20584909.050000004,100.39,102.95,13.31,0.0,139.95,150.69,0.0,0.0,,,,,,,基础化工,化学制品,涂料油墨,13.13,13.24,13.25
sh688129,东来技术,2022-12-21,13.26,13.31,13.06,13.12,13.31,371488.0,4874287.0,543561600.0,1574400000.0,21509218.27,19506586.24,844134024.4799999,1241108918.08,396974893.6,20584909.050000004,146.2,150.14,29.97,23.35,311.26,313.94,0.0,0.0,,,,,,,基础化工,化学制品,涂料油墨,13.06,13.09,13.13
sh688129,东来技术,2022-12-22,13.18,13.35,12.91,12.91,13.12,236586.0,3104437.0,534861300.0,1549200000.0,21509218.27,19506586.24,844134024.4799999,1241108918.08,396974893.6,20584909.050000004,95.8,68.14,26.02,0.0,188.62,242.3,0.0,0.0,,,,,,,基础化工,化学制品,涂料油墨,13.18,13.15,13.13
sh688129,东来技术,2022-12-23,12.88,13.09,12.76,13.03,12.91,365866.0,4745683.0,539832900.0,1563600000.0,21509218.27,19506586.24,844134024.4799999,1241108918.08,396974893.6,20584909.050000004,182.05,198.02,0.0,21.52,292.52,255.03,0.0,0.0,,,,,,,基础化工,化学制品,涂料油墨,12.91,12.83,12.89
sh688129,东来技术,2022-12-26,13.07,13.3,12.98,13.3,13.03,328498.0,4326031.0,551019000.0,1596000000.0,21509218.27,19506586.24,844134024.4799999,1241108918.08,396974893.6,20584909.050000004,192.88,179.5,56.9,0.0,182.82,253.1,0.0,0.0,,,,,,,基础化工,化学制品,涂料油墨,12.98,13.07,13.05
sh688129,东来技术,2022-12-27,13.33,13.44,13.17,13.34,13.3,182365.0,2432204.0,552676200.0,1600800000.0,21509218.27,19506586.24,844134024.4799999,1241108918.08,396974893.6,20584909.050000004,85.59,79.75,14.11,19.59,143.52,143.88,0.0,0.0,,,,,,,基础化工,化学制品,涂料油墨,13.33,13.33,13.3
sh688129,东来技术,2022-12-28,13.37,13.44,13.2,13.31,13.34,230790.0,3071936.0,551433300.0,1597200000.0,21509218.27,19506586.24,844134024.4799999,1241108918.08,396974893.6,20584909.050000004,92.14,74.96,120.6,66.8,94.45,165.44,0.0,0.0,,,,,,,基础化工,化学制品,涂料油墨,13.42,13.22,13.23
sh688129,东来技术,2022-12-29,13.21,13.36,13.08,13.31,13.31,257360.0,3416021.0,551433300.0,1597200000.0,21509218.27,19506586.24,844134024.4799999,1241108918.08,396974893.6,20584909.050000004,88.49,75.17,129.5,33.0,123.61,233.43,0.0,0.0,,,,,,,基础化工,化学制品,涂料油墨,13.19,13.15,13.09
sh688129,东来技术,2022-12-30,13.29,13.4,13.11,13.11,13.31,177138.0,2351350.0,543147300.0,1573200000.0,21509218.27,19506586.24,844134024.4799999,1241108918.08,396974893.6,20584909.050000004,90.09,54.86,0.0,35.78,145.04,144.5,0.0,0.0,,,,,,,基础化工,化学制品,涂料油墨,13.29,13.29,13.23
sh688129,东来技术,2023-01-03,13.24,13.6,13.19,13.52,13.11,364736.0,4905937.0,560133600.0,1622400000.0,21509218.27,19506586.24,844134024.4799999,1241108918.08,396974893.6,20584909.050000004,102.1,204.68,47.61,20.06,340.89,265.85,0.0,0.0,,,,,,,基础化工,化学制品,涂料油墨,13.24,13.22,13.22
sh688129,东来技术,2023-01-04,13.63,13.9,13.52,13.85,13.52,488394.0,6735457.0,573805500.0,1662000000.0,21509218.27,19506586.24,844134024.4799999,1241108918.08,396974893.6,20584909.050000004,202.08,250.79,106.91,69.94,364.57,352.82,0.0,0.0,,,,,,,基础化工,化学制品,涂料油墨,13.67,13.58,13.65
sh688129,东来技术,2023-01-05,13.76,14.0,13.76,13.96,13.85,306109.0,4259983.0,578362800.0,1675200000.0,21509218.27,19506586.24,844134024.4799999,1241108918.08,396974893.6,20584909.050000004,129.88,176.35,6.96,27.8,289.16,221.85,0.0,0.0,,,,,,,基础化工,化学制品,涂料油墨,13.77,13.82,13.92
sh688129,东来技术,2023-01-06,13.99,14.03,13.8,13.92,13.96,193825.0,2690447.0,576705600.0,1670400000.0,21509218.27,19506586.24,844134024.4799999,1241108918.08,396974893.6,20584909.050000004,104.15,92.88,0.0,0.0,164.9,176.16,0.0,0.0,,,,,,,基础化工,化学制品,涂料油墨,13.96,13.96,13.95
sh688129,东来技术,2023-01-09,13.92,14.3,13.85,14.17,13.92,739204.0,10442932.0,587063100.0,1700400000.0,21509218.27,19506586.24,844134024.4799999,1241108918.08,396974893.6,20584909.050000004,463.19,461.53,0.0,29.3,581.1,553.46,0.0,0.0,,,,,,,基础化工,化学制品,涂料油墨,13.96,13.91,14.01
sh688129,东来技术,2023-01-10,14.08,14.23,14.01,14.21,14.17,258479.0,3658142.0,588720300.0,1705200000.0,21509218.27,19506586.24,844134024.4799999,1241108918.08,396974893.6,20584909.050000004,93.86,121.88,10.61,0.0,261.35,243.93,0.0,0.0,,,,,,,基础化工,化学制品,涂料油墨,14.06,14.14,14.18
sh688129,东来技术,2023-01-11,14.21,14.21,13.88,13.9,14.21,302858.0,4236100.0,575877000.0,1668000000.0,21509218.27,19506586.24,844134024.4799999,1241108918.08,396974893.6,20584909.050000004,181.12,130.12,0.0,13.92,242.49,279.56,0.0,0.0,,,,,,,基础化工,化学制品,涂料油墨,14.11,14.08,14.08
sh688129,东来技术,2023-01-12,13.9,14.03,13.84,13.87,13.9,271864.0,3777868.0,574634100.0,1664400000.0,21509218.27,19506586.24,844134024.4799999,1241108918.08,396974893.6,20584909.050000004,118.48,54.71,42.44,205.92,216.87,117.16,0.0,0.0,,,,,,,基础化工,化学制品,涂料油墨,14.01,13.99,13.98
sh688129,东来技术,2023-01-13,13.92,13.99,13.84,13.96,13.87,164752.0,2290575.0,578362800.0,1675200000.0,21509218.27,19506586.24,844134024.4799999,1241108918.08,396974893.6,20584909.050000004,71.26,70.88,0.0,0.0,157.8,158.18,0.0,0.0,,,,,,,基础化工,化学制品,涂料油墨,13.9,13.87,13.93
sh688129,东来技术,2023-01-16,14.03,14.13,13.89,14.0,13.96,287717.0,4030183.0,580020000.0,1680000000.0,21509218.27,19506586.24,844134024.4799999,1241108918.08,396974893.6,20584909.050000004,137.31,186.08,2.41,22.38,263.3,194.56,0.0,0.0,,,,,,,基础化工,化学制品,涂料油墨,13.89,13.97,14.02
sh688129,东来技术,2023-01-17,14.02,14.05,13.92,14.03,14.0,122315.0,1713297.0,581262900.0,1683600000.0,21509218.27,19506586.24,844134024.4799999,1241108918.08,396974893.6,20584909.050000004,62.06,75.5,0.0,0.0,109.27,95.83,0.0,0.0,,,,,,,基础化工,化学制品,涂料油墨,14.03,13.98,14.04
sh688129,东来技术,2023-01-18,14.08,14.13,13.96,14.1,14.03,183432.0,2580089.0,584163000.0,1692000000.0,21509218.27,19506586.24,844134024.4799999,1241108918.08,396974893.6,20584909.050000004,80.96,118.69,0.0,21.38,177.05,117.95,0.0,0.0,,,,,,,基础化工,化学制品,涂料油墨,14.02,14.03,14.03
sh688129,东来技术,2023-01-19,14.1,14.11,13.96,14.01,14.1,154003.0,2161767.0,580434300.0,1681200000.0,21509218.27,19506586.24,844134024.4799999,1241108918.08,396974893.6,20584909.050000004,49.77,54.31,0.0,0.0,166.41,161.87,0.0,0.0,,,,,,,基础化工,化学制品,涂料油墨,13.98,13.98,14.03
sh688129,东来技术,2023-01-20,14.01,14.18,14.01,14.15,14.01,281512.0,3974389.0,586234500.0,1698000000.0,21509218.27,19506586.24,844134024.4799999,1241108918.08,396974893.6,20584909.050000004,148.67,180.45,46.75,27.44,202.02,189.55,0.0,0.0,,,,,,,基础化工,化学制品,涂料油墨,14.12,14.1,14.11
sh688129,东来技术,2023-01-30,14.33,14.33,14.17,14.22,14.15,329422.0,4685525.0,589134600.0,1706400000.0,21509218.27,19506586.24,844134024.4799999,1241108918.08,396974893.6,20584909.050000004,266.05,237.08,20.56,80.97,181.94,150.51,0.0,0.0,,,,,,,基础化工,化学制品,涂料油墨,14.31,14.3,14.23
sh688129,东来技术,2023-01-31,14.22,14.3,14.13,14.25,14.22,358938.0,5106335.0,590377500.0,1710000000.0,21509218.27,19506586.24,844134024.4799999,1241108918.08,396974893.6,20584909.050000004,153.32,195.09,62.82,71.23,294.13,244.31,0.36,0.0,,,,,,,基础化工,化学制品,涂料油墨,14.18,14.23,14.23
sh688129,东来技术,2023-02-01,14.19,14.44,13.99,14.36,14.25,346784.0,4964364.0,594934800.0,1723200000.0,21509218.27,19506586.24,844134024.4799999,1241108918.08,396974893.6,20584909.050000004,203.25,227.07,0.0,0.0,293.18,269.37,0.0,0.0,,,,,,,基础化工,化学制品,涂料油墨,14.28,14.33,14.26
sh688129,东来技术,2023-02-02,14.37,14.55,14.33,14.46,14.36,446333.0,6445357.0,599077800.0,1735200000.0,21509218.27,19506586.24,844134024.4799999,1241108918.08,396974893.6,20584909.050000004,231.39,217.55,101.53,71.91,308.44,351.91,0.0,0.0,,,,,,,基础化工,化学制品,涂料油墨,14.37,14.37,14.37
sh688129,东来技术,2023-02-03,14.46,14.55,14.25,14.46,14.46,334442.0,4814500.0,599077800.0,1735200000.0,21509218.27,19506586.24,844134024.4799999,1241108918.08,396974893.6,20584909.050000004,171.14,125.74,49.48,94.77,260.82,260.93,0.0,0.0,,,,,,,基础化工,化学制品,涂料油墨,14.55,14.43,14.5
sh688129,东来技术,2023-02-06,14.46,14.57,14.33,14.42,14.46,270011.0,3898946.0,597420600.0,1730400000.0,21509218.27,19506586.24,844134024.4799999,1241108918.08,396974893.6,20584909.050000004,149.6,104.83,20.07,33.32,220.23,251.74,0.0,0.0,,,,,,,基础化工,化学制品,涂料油墨,14.51,14.49,14.5
sh688129,东来技术,2023-02-07,14.26,14.57,14.26,14.56,14.42,209135.0,3031286.0,603220800.0,1747200000.0,21509218.27,19506586.24,844134024.4799999,1241108918.08,396974893.6,20584909.050000004,96.0,102.19,0.0,20.18,207.13,180.77,0.0,0.0,,,,,,,基础化工,化学制品,涂料油墨,14.38,14.39,14.4
sh688129,东来技术,2023-02-08,14.51,14.69,14.4,14.55,14.56,293528.0,4272835.0,602806500.0,1746000000.0,21509218.27,19506586.24,844134024.4799999,1241108918.08,396974893.6,20584909.050000004,136.71,206.07,25.0,0.0,265.57,221.21,0.0,0.0,,,,,,,基础化工,化学制品,涂料油墨,14.66,14.45,14.48
sh688129,东来技术,2023-02-09,14.62,14.85,14.47,14.78,14.55,485521.0,7137972.0,612335400.0,1773600000.0,21509218.27,19506586.24,844134024.4799999,1241108918.08,396974893.6,20584909.050000004,252.79,240.01,17.78,20.19,443.23,453.59,0.0,0.0,,,,,,,基础化工,化学制品,涂料油墨,14.5,14.51,14.54
sh688129,东来技术,2023-02-10,14.77,15.06,14.5,14.85,14.78,396697.0,5906040.0,615235500.0,1782000000.0,21509218.27,19506586.24,844134024.4799999,1241108918.08,396974893.6,20584909.050000004,272.57,293.64,51.34,0.0,266.69,296.97,0.0,0.0,,,,,,,基础化工,化学制品,涂料油墨,14.86,14.82,14.86
sh688129,东来技术,2023-02-13,14.85,15.11,14.7,15.03,14.85,423673.0,6342104.0,622692900.0,1803600000.0,21509218.27,19506586.24,844134024.4799999,1241108918.08,396974893.6,20584909.050000004,204.61,173.53,124.51,104.12,305.09,356.56,0.0,0.0,,,,,,,基础化工,化学制品,涂料油墨,14.7,14.97,15.02
sh688129,东来技术,2023-02-14,15.13,15.15,14.83,14.97,15.03,325378.0,4849838.0,620207100.0,1796400000.0,21509218.27,19506586.24,844134024.4799999,1241108918.08,396974893.6,20584909.050000004,109.84,121.27,69.8,61.13,305.34,302.59,0.0,0.0,,,,,,,基础化工,化学制品,涂料油墨,15.0,14.98,14.94
sh688129,东来技术,2023-02-15,14.96,14.96,14.79,14.89,14.97,223035.0,3313638.0,616892700.0,1786800000.0,21509218.27,19506586.24,844134024.4799999,1241108918.08,396974893.6,20584909.050000004,94.51,155.32,0.0,0.0,236.85,176.05,0.0,0.0,,,,,,,基础化工,化学制品,涂料油墨,14.79,14.9,14.86
sh688129,东来技术,2023-02-16,14.9,14.97,14.35,14.51,14.89,518135.0,7657616.0,601149300.0,1741200000.0,21509218.27,19506586.24,844134024.4799999,1241108918.08,396974893.6,20584909.050000004,192.97,215.22,0.0,43.3,572.79,507.24,0.0,0.0,,,,,,,基础化工,化学制品,涂料油墨,14.85,14.86,14.93
sh688129,东来技术,2023-02-17,14.43,14.68,14.35,14.44,14.51,322166.0,4673147.0,598249200.0,1732800000.0,21509218.27,19506586.24,844134024.4799999,1241108918.08,396974893.6,20584909.050000004,103.78,142.24,0.0,32.33,363.53,292.75,0.0,0.0,,,,,,,基础化工,化学制品,涂料油墨,14.59,14.51,14.49
sh688129,东来技术,2023-02-20,14.44,14.59,14.2,14.4,14.44,619062.0,8881439.0,596592000.0,1728000000.0,21509218.27,19506586.24,844134024.4799999,1241108918.08,396974893.6,20584909.050000004,249.04,223.16,34.22,85.68,604.88,568.09,0.0,11.22,,,,,,,基础化工,化学制品,涂料油墨,14.41,14.32,14.3
sh688129,东来技术,2023-02-21,14.67,15.49,14.6,15.17,14.4,1963494.0,29681159.0,628493100.0,1820400000.0,21509218.27,19506586.24,844134024.4799999,1241108918.08,396974893.6,20584909.050000004,1206.92,1130.88,418.17,120.61,1329.7,1716.62,13.32,0.0,,,,,,,基础化工,化学制品,涂料油墨,15.14,14.96,14.96
sh688129,东来技术,2023-02-22,15.13,15.38,15.01,15.21,15.17,743508.0,11282074.0,630150300.0,1825200000.0,21509218.27,19506586.24,844134024.4799999,1241108918.08,396974893.6,20584909.050000004,449.87,433.1,63.92,130.66,614.42,564.45,0.0,0.0,,,,,,,基础化工,化学制品,涂料油墨,15.21,15.21,15.2
sh688129,东来技术,2023-02-23,15.28,15.45,14.91,15.02,15.21,419844.0,6334636.0,622278600.0,1802400000.0,21509218.27,19506586.24,844134024.4799999,1241108918.08,396974893.6,20584909.050000004,223.37,241.27,21.48,74.87,388.6,317.32,0.0,0.0,,,,,,,基础化工,化学制品,涂料油墨,15.2,15.15,15.15
sh688129,东来技术,2023-02-24,14.87,15.08,14.72,14.88,15.02,279541.0,4176607.0,616478400.0,1785600000.0,21509218.27,19506586.24,844134024.4799999,1241108918.08,396974893.6,20584909.050000004,153.02,154.93,0.0,0.0,264.64,262.73,0.0,0.0,,,,,,,基础化工,化学制品,涂料油墨,15.05,14.97,15.01
sh688129,东来技术,2023-02-27,14.88,14.88,14.62,14.65,14.88,488868.0,7197833.0,606949500.0,1758000000.0,21509218.27,19506586.24,844134024.4799999,1241108918.08,396974893.6,20584909.050000004,227.42,251.47,153.6,130.46,338.76,337.85,0.0,0.0,,,,,,,基础化工,化学制品,涂料油墨,14.81,14.88,14.77
sh688129,东来技术,2023-02-28,14.67,14.83,14.4,14.79,14.65,546309.0,8001200.0,612749700.0,1774800000.0,21509218.27,19506586.24,844134024.4799999,1241108918.08,396974893.6,20584909.050000004,229.18,245.68,106.42,161.0,464.53,355.93,0.0,37.51,,,,,,,基础化工,化学制品,涂料油墨,14.72,14.71,14.68
sh688129,东来技术,2023-03-01,14.88,15.04,14.67,15.01,14.79,485255.0,7222976.0,621864300.0,1801200000.0,21509218.27,19506586.24,844134024.4799999,1241108918.08,396974893.6,20584909.050000004,156.76,211.31,77.36,43.76,488.18,467.22,0.0,0.0,,,,,,,基础化工,化学制品,涂料油墨,14.76,14.79,14.77
sh688129,东来技术,2023-03-02,15.01,15.16,14.9,14.99,15.01,437769.0,6579831.0,621035700.0,1798800000.0,21509218.27,19506586.24,844134024.4799999,1241108918.08,396974893.6,20584909.050000004,318.73,245.45,30.25,22.07,309.0,390.46,0.0,0.0,,,,,,,基础化工,化学制品,涂料油墨,14.97,15.09,15.11
sh688129,东来技术,2023-03-03,15.09,15.09,14.79,14.9,14.99,300279.0,4481914.0,617307000.0,1788000000.0,21509218.27,19506586.24,844134024.4799999,1241108918.08,396974893.6,20584909.050000004,141.47,93.56,58.42,79.83,248.3,274.8,0.0,0.0,,,,,,,基础化工,化学制品,涂料油墨,15.0,14.97,14.98
sh688129,东来技术,2023-03-06,14.87,15.08,14.84,15.0,14.9,462972.0,6940919.0,621450000.0,1800000000.0,21509218.27,19506586.24,844134024.4799999,1241108918.08,396974893.6,20584909.050000004,211.55,255.05,199.61,76.46,282.93,362.59,0.0,0.0,,,,,,,基础化工,化学制品,涂料油墨,15.01,14.98,15.0
sh688129,东来技术,2023-03-07,15.0,15.24,14.86,14.93,15.0,757144.0,11414970.0,618549900.0,1791600000.0,21509218.27,19506586.24,844134024.4799999,1241108918.08,396974893.6,20584909.050000004,448.84,391.49,85.18,40.17,607.48,709.83,0.0,0.0,,,,,,,基础化工,化学制品,涂料油墨,15.08,15.03,15.0
sh688129,东来技术,2023-03-08,15.03,15.37,14.89,15.16,14.93,782407.0,11835331.0,628078800.0,1819200000.0,21509218.27,19506586.24,844134024.4799999,1241108918.08,396974893.6,20584909.050000004,526.41,598.63,116.76,49.86,540.37,535.04,0.0,0.0,,,,,,,基础化工,化学制品,涂料油墨,14.94,14.94,14.97
sh688129,东来技术,2023-03-09,15.1,15.43,15.02,15.28,15.16,860602.0,13094658.0,633050400.0,1833600000.0,21509218.27,19506586.24,844134024.4799999,1241108918.08,396974893.6,20584909.050000004,538.58,561.02,101.9,80.74,668.99,667.71,0.0,0.0,,,,,,,基础化工,化学制品,涂料油墨,15.11,15.06,15.03
sh688129,东来技术,2023-03-10,15.22,15.46,15.05,15.07,15.28,989867.0,15114624.0,624350100.0,1808400000.0,21509218.27,19506586.24,844134024.4799999,1241108918.08,396974893.6,20584909.050000004,557.18,608.43,312.72,93.01,641.56,810.02,0.0,0.0,,,,,,,基础化工,化学制品,涂料油墨,15.14,15.24,15.3
sh688129,东来技术,2023-03-13,15.06,15.35,14.85,15.06,15.07,771643.0,11657455.0,623935800.0,1807200000.0,21509218.27,19506586.24,844134024.4799999,1241108918.08,396974893.6,20584909.050000004,459.24,428.55,181.92,105.2,524.59,631.99,0.0,0.0,,,,,,,基础化工,化学制品,涂料油墨,15.06,15.03,15.0
sh688129,东来技术,2023-03-14,15.08,15.08,14.66,14.79,15.06,650767.0,9653306.0,612749700.0,1774800000.0,21509218.27,19506586.24,844134024.4799999,1241108918.08,396974893.6,20584909.050000004,462.31,311.39,3.0,189.18,500.03,464.76,0.0,0.0,,,,,,,基础化工,化学制品,涂料油墨,14.9,15.0,14.91
sh688129,东来技术,2023-03-15,14.91,15.02,14.83,14.86,14.79,304467.0,4544589.0,615649800.0,1783200000.0,21509218.27,19506586.24,844134024.4799999,1241108918.08,396974893.6,20584909.050000004,155.16,221.19,81.92,0.0,217.38,233.26,0.0,0.0,,,,,,,基础化工,化学制品,涂料油墨,14.93,14.98,14.96
sh688129,东来技术,2023-03-16,14.9,15.01,14.6,14.61,14.86,311948.0,4609784.0,605292300.0,1753200000.0,21509218.27,19506586.24,844134024.4799999,1241108918.08,396974893.6,20584909.050000004,185.34,105.84,44.34,44.17,231.3,310.96,0.0,0.0,,,,,,,基础化工,化学制品,涂料油墨,14.88,14.84,14.99
sh688129,东来技术,2023-03-17,14.65,14.89,14.65,14.75,14.61,328066.0,4855819.0,611092500.0,1770000000.0,21509218.27,19506586.24,844134024.4799999,1241108918.08,396974893.6,20584909.050000004,97.88,165.61,2.6,29.03,385.1,290.94,0.0,0.0,,,,,,,基础化工,化学制品,涂料油墨,14.82,14.85,14.77
sh688129,东来技术,2023-03-20,14.9,14.94,14.49,14.66,14.75,389305.0,5693512.0,607363800.0,1759200000.0,21509218.27,19506586.24,844134024.4799999,1241108918.08,396974893.6,20584909.050000004,166.83,172.56,43.7,25.04,358.82,371.75,0.0,0.0,,,,,,,基础化工,化学制品,涂料油墨,14.82,14.72,14.69
sh688129,东来技术,2023-03-21,14.65,14.8,14.58,14.66,14.66,520324.0,7638884.0,607363800.0,1759200000.0,21509218.27,19506586.24,844134024.4799999,1241108918.08,396974893.6,20584909.050000004,270.51,308.97,26.47,69.82,466.9,385.1,0.0,0.0,,,,,,,基础化工,化学制品,涂料油墨,14.67,14.76,14.78
sh688129,东来技术,2023-03-22,14.74,14.97,14.7,14.89,14.66,340882.0,5064549.0,616892700.0,1786800000.0,21509218.27,19506586.24,844134024.4799999,1241108918.08,396974893.6,20584909.050000004,109.05,176.41,0.0,11.18,397.41,318.87,0.0,0.0,,,,,,,基础化工,化学制品,涂料油墨,14.77,14.83,14.86
sh688129,东来技术,2023-03-23,14.7,15.03,14.7,14.95,14.89,398236.0,5949383.0,619378500.0,1794000000.0,21509218.27,19506586.24,844134024.4799999,1241108918.08,396974893.6,20584909.050000004,147.62,173.63,47.86,54.85,399.46,366.46,0.0,0.0,,,,,,,基础化工,化学制品,涂料油墨,14.92,14.95,14.96
sh688129,东来技术,2023-03-24,15.06,15.06,14.87,14.98,14.95,228619.0,3420938.0,620621400.0,1797600000.0,21509218.27,19506586.24,844134024.4799999,1241108918.08,396974893.6,20584909.050000004,81.88,55.29,29.96,57.22,230.25,229.58,0.0,0.0,,,,,,,基础化工,化学制品,涂料油墨,14.97,14.96,14.93
sh688129,东来技术,2023-03-27,15.0,15.1,14.8,15.0,14.98,312659.0,4669585.0,621450000.0,1800000000.0,21509218.27,19506586.24,844134024.4799999,1241108918.08,396974893.6,20584909.050000004,86.28,77.01,23.55,23.86,357.13,366.09,0.0,0.0,,,,,,,基础化工,化学制品,涂料油墨,14.99,15.0,15.0
sh688129,东来技术,2023-03-28,14.97,14.98,14.63,14.63,15.0,441032.0,6506622.0,606120900.0,1755600000.0,21509218.27,19506586.24,844134024.4799999,1241108918.08,396974893.6,20584909.050000004,220.24,130.33,0.0,0.0,430.42,520.33,0.0,0.0,,,,,,,基础化工,化学制品,涂料油墨,14.91,14.91,14.83
sh688129,东来技术,2023-03-29,14.65,14.85,14.42,14.67,14.63,629667.0,9244993.0,607778100.0,1760400000.0,21509218.27,19506586.24,844134024.4799999,1241108918.08,396974893.6,20584909.050000004,259.96,217.14,65.77,58.6,598.76,648.76,0.0,0.0,,,,,,,基础化工,化学制品,涂料油墨,14.69,14.59,14.64
sh688129,东来技术,2023-03-30,14.68,14.72,14.26,14.47,14.67,496528.0,7172731.0,599492100.0,1736400000.0,21509218.27,19506586.24,844134024.4799999,1241108918.08,396974893.6,20584909.050000004,237.02,153.05,0.0,13.01,480.26,551.21,0.0,0.0,,,,,,,基础化工,化学制品,涂料油墨,14.55,14.46,14.64
sh688129,东来技术,2023-03-31,14.38,14.61,14.38,14.43,14.47,221091.0,3203272.0,597834900.0,1731600000.0,21509218.27,19506586.24,844134024.4799999,1241108918.08,396974893.6,20584909.050000004,102.27,67.52,0.0,61.02,218.06,191.79,0.0,0.0,,,,,,,基础化工,化学制品,涂料油墨,14.54,14.5,14.46
sh688129,东来技术,2023-04-03,14.57,14.58,14.34,14.55,14.43,325976.0,4714000.0,602806500.0,1746000000.0,21509218.27,19506586.24,844134024.4799999,1241108918.08,396974893.6,20584909.050000004,174.08,192.9,0.0,12.71,297.32,265.8,0.0,0.0,,,,,,,基础化工,化学制品,涂料油墨,14.46,14.41,14.4
sh688129,东来技术,2023-04-04,14.55,14.57,14.35,14.35,14.55,307743.0,4452523.0,594520500.0,1722000000.0,21509218.27,19506586.24,844134024.4799999,1241108918.08,396974893.6,20584909.050000004,176.23,78.49,0.0,41.75,269.03,325.01,0.0,0.0,,,,,,,基础化工,化学制品,涂料油墨,14.51,14.44,14.49
sh688129,东来技术,2023-04-06,14.26,14.5,14.26,14.36,14.35,254990.0,3667480.0,594934800.0,1723200000.0,21509218.27,19506586.24,844134024.4799999,1241108918.08,396974893.6,20584909.050000004,99.74,109.21,0.0,16.08,267.0,241.46,0.0,0.0,,,,,,,基础化工,化学制品,涂料油墨,14.33,14.38,14.35
sh688129,东来技术,2023-04-07,14.36,14.54,14.33,14.49,14.36,368409.0,5316299.0,600320700.0,1738800000.0,21509218.27,19506586.24,844134024.4799999,1241108918.08,396974893.6,20584909.050000004,183.09,151.47,37.81,37.81,310.74,342.35,0.0,0.0,,,,,,,基础化工,化学制品,涂料油墨,14.39,14.38,14.35
sh688129,东来技术,2023-04-10,14.46,14.48,14.2,14.23,14.49,274181.0,3927469.0,589548900.0,1707600000.0,21509218.27,19506586.24,844134024.4799999,1241108918.08,396974893.6,20584909.050000004,145.81,78.69,0.0,3.49,241.83,305.47,0.0,0.0,,,,,,,基础化工,化学制品,涂料油墨,14.43,14.41,14.4
sh688129,东来技术,2023-04-11,14.2,14.23,14.02,14.06,14.23,320463.0,4514069.0,582505800.0,1687200000.0,21509218.27,19506586.24,844134024.4799999,1241108918.08,396974893.6,20584909.050000004,139.02,158.19,67.39,34.54,245.0,258.68,0.0,0.0,,,,,,,基础化工,化学制品,涂料油墨,14.13,14.11,14.11
sh688129,东来技术,2023-04-12,14.09,14.21,14.02,14.19,14.06,282169.0,3975694.0,587891700.0,1702800000.0,21509218.27,19506586.24,844134024.4799999,1241108918.08,396974893.6,20584909.050000004,139.83,167.51,29.45,0.0,228.29,230.06,0.0,0.0,,,,,,,基础化工,化学制品,涂料油墨,14.1,14.06,14.06
sh688129,东来技术,2023-04-13,14.2,14.2,14.0,14.02,14.19,241058.0,3394572.0,580848600.0,1682400000.0,21509218.27,19506586.24,844134024.4799999,1241108918.08,396974893.6,20584909.050000004,88.27,69.63,56.22,49.85,194.96,219.97,0.0,0.0,,,,,,,基础化工,化学制品,涂料油墨,14.17,14.18,14.12
sh688129,东来技术,2023-04-14,14.05,14.25,14.02,14.25,14.02,313753.0,4433640.0,590377500.0,1710000000.0,21509218.27,19506586.24,844134024.4799999,1241108918.08,396974893.6,20584909.050000004,183.74,175.26,0.0,10.13,259.62,257.98,0.0,0.0,,,,,,,基础化工,化学制品,涂料油墨,14.05,14.16,14.11
sh688129,东来技术,2023-04-17,14.17,14.25,14.15,14.25,14.25,188901.0,2683949.0,590377500.0,1710000000.0,21509218.27,19506586.24,844134024.4799999,1241108918.08,396974893.6,20584909.050000004,96.03,97.38,14.69,0.0,157.68,171.01,0.0,0.0,,,,,,,基础化工,化学制品,涂料油墨,14.23,14.2,14.2
sh688129,东来技术,2023-04-18,14.28,14.33,14.12,14.26,14.25,162856.0,2318158.0,590791800.0,1711200000.0,21509218.27,19506586.24,844134024.4799999,1241108918.08,396974893.6,20584909.050000004,51.04,69.59,29.17,0.0,151.61,162.22,0.0,0.0,,,,,,,基础化工,化学制品,涂料油墨,14.15,14.17,14.16
sh688129,东来技术,2023-04-19,14.26,14.27,14.02,14.07,14.26,218615.0,3085956.0,582920100.0,1688400000.0,21509218.27,19506586.24,844134024.4799999,1241108918.08,396974893.6,20584909.050000004,138.8,95.46,0.0,0.0,169.8,213.14,0.0,0.0,,,,,,,基础化工,化学制品,涂料油墨,14.13,14.14,14.13
sh688129,东来技术,2023-04-20,14.1,14.1,13.66,13.81,14.07,303097.0,4180408.0,572148300.0,1657200000.0,21509218.27,19506586.24,844134024.4799999,1241108918.08,396974893.6,20584909.050000004,157.54,157.17,30.27,24.76,230.23,236.11,0.0,0.0,,,,,,,基础化工,化学制品,涂料油墨,13.91,13.85,13.83
sh688129,东来技术,2023-04-21,13.79,13.83,13.39,13.39,13.81,366400.0,4964687.0,554747700.0,1606800000.0,21509218.27,19506586.24,844134024.4799999,1241108918.08,396974893.6,20584909.050000004,180.07,164.62,45.36,57.95,271.03,273.89,0.0,0.0,,,,,,,基础化工,化学制品,涂料油墨,13.82,13.8,13.62
sh688129,东来技术,2023-04-24,13.42,13.57,13.2,13.43,13.39,186510.0,2487450.0,556404900.0,1611600000.0,21509218.27,19506586.24,844134024.4799999,1241108918.08,396974893.6,20584909.050000004,53.17,48.32,0.0,0.0,195.57,200.42,0.0,0.0,,,,,,,基础化工,化学制品,涂料油墨,13.25,13.33,13.22
sh688129,东来技术,2023-04-25,13.43,13.43,13.08,13.19,13.43,269049.0,3550726.0,546461700.0,1582800000.0,21509218.27,19506586.24,844134024.4799999,1241108918.08,396974893.6,20584909.050000004,141.2,97.91,0.0,43.63,213.87,213.54,0.0,0.0,,,,,,,基础化工,化学制品,涂料油墨,13.42,13.3,13.27
sh688129,东来技术,2023-04-26,13.37,13.43,13.24,13.33,13.19,182689.0,2440038.0,552261900.0,1599600000.0,21509218.27,19506586.24,844134024.4799999,1241108918.08,396974893.6,20584909.050000004,37.58,72.32,0.0,0.0,206.43,171.69,0.0,0.0,,,,,,,基础化工,化学制品,涂料油墨,13.37,13.34,13.38
sh688129,东来技术,2023-04-27,13.28,13.55,13.2,13.43,13.33,181947.0,2444564.0,556404900.0,1611600000.0,21509218.27,19506586.24,844134024.4799999,1241108918.08,396974893.6,20584909.050000004,79.83,59.43,1.21,0.0,163.41,185.02,0.0,0.0,,,,,,,基础化工,化学制品,涂料油墨,13.29,13.33,13.42
sh688129,东来技术,2023-04-28,13.39,13.63,13.39,13.57,13.43,263839.0,3575079.0,562205100.0,1628400000.0,21509218.27,19506586.24,844134024.4799999,1241108918.08,396974893.6,20584909.050000004,157.67,131.72,0.0,26.7,199.84,199.09,0.0,0.0,,,,,,,基础化工,化学制品,涂料油墨,13.48,13.52,13.48
sh688129,东来技术,2023-05-04,13.73,13.75,13.49,13.72,13.57,385276.0,5266959.0,568419600.0,1646400000.0,13533946.27,1528183.759999998,823456224.7,1298437875.77,474981651.07,3051849.07,147.35,147.96,26.3,115.03,353.04,263.7,0.0,0.0,,,,,,,基础化工,化学制品,涂料油墨,13.6,13.72,13.72
sh688129,东来技术,2023-05-05,13.69,13.69,13.5,13.58,13.72,169819.0,2305357.0,562619400.0,1629600000.0,13533946.27,1528183.759999998,823456224.7,1298437875.77,474981651.07,3051849.07,84.58,79.6,27.12,8.45,118.84,142.48,0.0,0.0,,,,,,,基础化工,化学制品,涂料油墨,13.65,13.65,13.63
sh688129,东来技术,2023-05-08,13.55,13.75,13.41,13.45,13.58,280618.0,3786518.0,557233500.0,1614000000.0,13533946.27,1528183.759999998,823456224.7,1298437875.77,474981651.07,3051849.07,114.89,43.44,0.0,47.53,263.76,287.68,0.0,0.0,,,,,,,基础化工,化学制品,涂料油墨,13.67,13.52,13.44
sh688129,东来技术,2023-05-09,13.44,13.48,13.2,13.26,13.45,343222.0,4562262.0,549361800.0,1591200000.0,13533946.27,1528183.759999998,823456224.7,1298437875.77,474981651.07,3051849.07,164.24,154.74,64.84,97.54,227.15,203.95,0.0,0.0,,,,,,,基础化工,化学制品,涂料油墨,13.35,13.29,13.29
sh688129,东来技术,2023-05-10,13.26,13.32,13.08,13.26,13.26,229870.0,3040392.0,549361800.0,1591200000.0,13533946.27,1528183.759999998,823456224.7,1298437875.77,474981651.07,3051849.07,97.47,57.07,0.0,0.0,206.57,246.97,0.0,0.0,,,,,,,基础化工,化学制品,涂料油墨,13.29,13.21,13.25
sh688129,东来技术,2023-05-11,13.29,13.44,13.29,13.4,13.26,193386.0,2587601.0,555162000.0,1608000000.0,13533946.27,1528183.759999998,823456224.7,1298437875.77,474981651.07,3051849.07,74.06,56.28,0.0,27.27,184.7,175.21,0.0,0.0,,,,,,,基础化工,化学制品,涂料油墨,13.39,13.4,13.31
sh688129,东来技术,2023-05-12,13.43,13.47,13.21,13.36,13.4,169528.0,2264782.0,553504800.0,1603200000.0,13533946.27,1528183.759999998,823456224.7,1298437875.77,474981651.07,3051849.07,56.82,72.58,0.0,0.0,169.65,153.9,0.0,0.0,,,,,,,基础化工,化学制品,涂料油墨,13.47,13.45,13.41
sh688129,东来技术,2023-05-15,13.4,13.98,13.23,13.8,13.36,930093.0,12678916.0,571734000.0,1656000000.0,13533946.27,1528183.759999998,823456224.7,1298437875.77,474981651.07,3051849.07,375.1,357.29,26.78,40.17,866.01,870.44,0.0,0.0,,,,,,,基础化工,化学制品,涂料油墨,13.26,13.29,13.33
sh688129,东来技术,2023-05-16,13.94,13.94,13.63,13.67,13.8,359056.0,4918691.0,566348100.0,1640400000.0,13533946.27,1528183.759999998,823456224.7,1298437875.77,474981651.07,3051849.07,185.35,123.69,23.31,32.72,283.21,335.46,0.0,0.0,,,,,,,基础化工,化学制品,涂料油墨,13.77,13.72,13.72
sh688129,东来技术,2023-05-17,13.67,13.88,13.61,13.8,13.67,191260.0,2630635.0,571734000.0,1656000000.0,13533946.27,1528183.759999998,823456224.7,1298437875.77,474981651.07,3051849.07,91.66,87.27,0.0,0.0,171.4,175.79,0.0,0.0,,,,,,,基础化工,化学制品,涂料油墨,13.63,13.68,13.73
sh688129,东来技术,2023-05-18,13.85,14.07,13.81,13.89,13.8,297839.0,4135935.0,575462700.0,1666800000.0,13533946.27,1528183.759999998,823456224.7,1298437875.77,474981651.07,3051849.07,110.79,115.94,0.0,0.0,302.8,297.66,0.0,0.0,,,,,,,基础化工,化学制品,涂料油墨,13.91,13.98,13.92
sh688129,东来技术,2023-05-19,13.87,13.92,13.56,13.82,13.89,267265.0,3694869.0,572562600.0,1658400000.0,13533946.27,1528183.759999998,823456224.7,1298437875.77,474981651.07,3051849.07,120.29,137.25,23.86,27.68,225.33,204.56,0.0,0.0,,,,,,,基础化工,化学制品,涂料油墨,13.87,13.8,13.76
sh688129,东来技术,2023-05-22,13.85,14.0,13.82,13.89,13.82,328109.0,4557392.0,575462700.0,1666800000.0,13533946.27,1528183.759999998,823456224.7,1298437875.77,474981651.07,3051849.07,149.93,195.66,0.0,40.7,284.78,198.35,0.0,0.0,,,,,,,基础化工,化学制品,涂料油墨,13.93,13.91,13.89
sh688129,东来技术,2023-05-23,13.82,14.06,13.82,13.86,13.89,272224.0,3802896.0,574219800.0,1663200000.0,13533946.27,1528183.759999998,823456224.7,1298437875.77,474981651.07,3051849.07,100.36,142.5,0.0,0.0,279.93,237.79,0.0,0.0,,,,,,,基础化工,化学制品,涂料油墨,13.88,13.89,13.92
sh688129,东来技术,2023-05-24,13.87,14.22,13.82,14.08,13.86,586074.0,8227477.0,583334400.0,1689600000.0,13533946.27,1528183.759999998,823456224.7,1298437875.77,474981651.07,3051849.07,298.7,216.17,30.51,75.28,493.54,531.29,0.0,0.0,,,,,,,基础化工,化学制品,涂料油墨,13.87,13.92,13.92
sh688129,东来技术,2023-05-25,14.12,14.14,13.76,14.01,14.08,476102.0,6634984.0,580434300.0,1681200000.0,13533946.27,1528183.759999998,823456224.7,1298437875.77,474981651.07,3051849.07,185.96,209.78,76.45,48.6,401.08,405.12,0.0,0.0,,,,,,,基础化工,化学制品,涂料油墨,14.14,14.09,14.13
sh688129,东来技术,2023-05-26,14.0,14.02,13.8,13.95,14.01,241707.0,3371272.0,577948500.0,1674000000.0,13533946.27,1528183.759999998,823456224.7,1298437875.77,474981651.07,3051849.07,84.0,93.86,0.0,0.0,247.6,243.27,5.52,0.0,,,,,,,基础化工,化学制品,涂料油墨,13.97,13.89,13.92
sh688129,东来技术,2023-05-29,13.95,14.14,13.74,13.95,13.95,289005.0,4033658.0,577948500.0,1674000000.0,13533946.27,1528183.759999998,823456224.7,1298437875.77,474981651.07,3051849.07,68.59,96.43,0.0,19.82,334.78,287.12,0.0,0.0,,,,,,,基础化工,化学制品,涂料油墨,14.06,14.12,14.0
sh688129,东来技术,2023-05-30,13.88,14.08,13.8,13.99,13.95,262957.0,3668435.0,579605700.0,1678800000.0,13533946.27,1528183.759999998,823456224.7,1298437875.77,474981651.07,3051849.07,44.94,104.26,49.09,36.46,272.81,226.13,0.0,0.0,,,,,,,基础化工,化学制品,涂料油墨,13.91,14.01,13.95
sh688129,东来技术,2023-05-31,14.1,14.1,13.7,13.94,13.99,332280.0,4610666.0,577534200.0,1672800000.0,13533946.27,1528183.759999998,823456224.7,1298437875.77,474981651.07,3051849.07,71.35,54.39,76.95,87.72,312.77,318.96,0.0,0.0,,,,,,,基础化工,化学制品,涂料油墨,14.01,13.99,13.97
sh688129,东来技术,2023-06-01,13.95,14.07,13.78,13.82,13.94,494377.0,6858836.0,572562600.0,1658400000.0,13533946.27,1528183.759999998,823456224.7,1298437875.77,474981651.07,3051849.07,160.48,144.71,0.0,25.34,525.4,515.83,0.0,0.0,,,,,,,基础化工,化学制品,涂料油墨,13.9,13.92,13.91
sh688129,东来技术,2023-06-02,13.85,14.2,13.79,14.12,13.82,354901.0,4971515.0,584991600.0,1694400000.0,13533946.27,1528183.759999998,823456224.7,1298437875.77,474981651.07,3051849.07,171.17,98.44,8.46,21.85,317.52,376.86,0.0,0.0,,,,,,,基础化工,化学制品,涂料油墨,13.91,13.82,13.88
sh688129,东来技术,2023-06-05,14.12,14.17,13.99,14.06,14.12,241120.0,3392424.0,582505800.0,1687200000.0,13533946.27,1528183.759999998,823456224.7,1298437875.77,474981651.07,3051849.07,99.71,80.54,0.0,0.0,239.54,258.7,0.0,0.0,,,,,,,基础化工,化学制品,涂料油墨,14.07,14.0,14.09
sh688129,东来技术,2023-06-06,14.48,14.48,13.82,13.85,14.06,321541.0,4515601.0,573805500.0,1662000000.0,13533946.27,1528183.759999998,823456224.7,1298437875.77,474981651.07,3051849.07,130.4,100.56,27.22,0.0,293.94,351.0,0.0,0.0,,,,,,,基础化工,化学制品,涂料油墨,14.02,14.03,14.0
sh688129,东来技术,2023-06-07,13.86,13.88,13.74,13.88,13.85,210870.0,2910964.0,575048400.0,1665600000.0,13533946.27,1528183.759999998,823456224.7,1298437875.77,474981651.07,3051849.07,96.12,27.74,26.65,0.0,168.33,263.35,0.0,0.0,,,,,,,基础化工,化学制品,涂料油墨,13.78,13.8,13.86
sh688129,东来技术,2023-06-08,13.81,13.82,13.63,13.78,13.88,295456.0,4054774.0,570905400.0,1653600000.0,13533946.27,1528183.759999998,823456224.7,1298437875.77,474981651.07,3051849.07,201.31,112.15,0.0,38.67,204.16,254.65,0.0,0.0,,,,,,,基础化工,化学制品,涂料油墨,13.77,13.78,13.78
sh688129,东来技术,2023-06-09,13.75,13.85,13.68,13.82,13.78,199532.0,2745440.0,572562600.0,1658400000.0,13533946.27,1528183.759999998,823456224.7,1298437875.77,474981651.07,3051849.07,92.34,57.53,0.0,31.02,182.2,186.0,0.0,0.0,,,,,,,基础化工,化学制品,涂料油墨,13.75,13.74,13.74
sh688129,东来技术,2023-06-12,13.81,13.92,13.61,13.84,13.82,309046.0,4262888.0,573391200.0,1660800000.0,13533946.27,1528183.759999998,823456224.7,1298437875.77,474981651.07,3051849.07,111.82,86.53,0.0,26.97,314.47,312.79,0.0,0.0,,,,,,,基础化工,化学制品,涂料油墨,13.67,13.73,13.69
sh688129,东来技术,2023-06-13,13.86,13.97,13.85,13.9,13.84,204804.0,2846432.0,575877000.0,1668000000.0,13533946.27,1528183.759999998,823456224.7,1298437875.77,474981651.07,3051849.07,81.39,100.42,0.0,37.36,203.26,146.86,0.0,0.0,,,,,,,基础化工,化学制品,涂料油墨,13.92,13.97,13.93
sh688129,东来技术,2023-06-14,13.99,13.99,13.87,13.9,13.9,185519.0,2581828.0,575877000.0,1668000000.0,13533946.27,1528183.759999998,823456224.7,1298437875.77,474981651.07,3051849.07,40.93,82.52,0.0,0.0,217.26,175.66,0.0,0.0,,,,,,,基础化工,化学制品,涂料油墨,13.87,13.95,13.92
sh688129,东来技术,2023-06-15,13.85,13.87,13.71,13.78,13.9,167970.0,2316170.0,570905400.0,1653600000.0,13533946.27,1528183.759999998,823456224.7,1298437875.77,474981651.07,3051849.07,70.97,53.81,0.0,15.57,160.65,162.23,0.0,0.0,,,,,,,基础化工,化学制品,涂料油墨,13.85,13.84,13.82
sh688129,东来技术,2023-06-16,13.8,13.83,13.66,13.67,13.78,271848.0,3733238.0,566348100.0,1640400000.0,13533946.27,1528183.759999998,823456224.7,1298437875.77,474981651.07,3051849.07,167.29,80.7,0.0,0.0,206.03,292.62,0.0,0.0,,,,,,,基础化工,化学制品,涂料油墨,13.76,13.74,13.78
sh688129,东来技术,2023-06-19,13.61,13.73,13.58,13.73,13.67,350707.0,4784518.0,568833900.0,1647600000.0,13533946.27,1528183.759999998,823456224.7,1298437875.77,474981651.07,3051849.07,185.51,183.35,97.26,27.22,195.69,267.88,0.0,0.0,,,,,,,基础化工,化学制品,涂料油墨,13.68,13.61,13.59
sh688129,东来技术,2023-06-20,13.73,13.73,13.51,13.57,13.73,301671.0,4098684.0,562205100.0,1628400000.0,13533946.27,1528183.759999998,823456224.7,1298437875.77,474981651.07,3051849.07,209.13,173.18,0.0,44.7,200.74,191.99,0.0,0.0,,,,,,,基础化工,化学制品,涂料油墨,13.6,13.6,13.6
sh688129,东来技术,2023-06-21,13.43,13.67,13.43,13.52,13.57,265386.0,3592714.0,560133600.0,1622400000.0,13533946.27,1528183.759999998,823456224.7,1298437875.77,474981651.07,3051849.07,140.64,128.71,25.1,11.27,193.53,219.28,0.0,0.0,,,,,,,基础化工,化学制品,涂料油墨,13.65,13.61,13.54
sh688129,东来技术,2023-06-26,13.46,13.46,13.2,13.23,13.52,255642.0,3404353.0,548118900.0,1587600000.0,13533946.27,1528183.759999998,823456224.7,1298437875.77,474981651.07,3051849.07,74.93,112.7,24.5,0.0,241.01,227.73,0.0,0.0,,,,,,,基础化工,化学制品,涂料油墨,13.33,13.38,13.35
sh688129,东来技术,2023-06-27,13.18,13.44,13.11,13.39,13.23,191458.0,2555103.0,554747700.0,1606800000.0,13533946.27,1528183.759999998,823456224.7,1298437875.77,474981651.07,3051849.07,83.79,15.38,23.03,0.0,148.69,240.13,0.0,0.0,,,,,,,基础化工,化学制品,涂料油墨,13.3,13.34,13.33
sh688129,东来技术,2023-06-28,13.44,13.51,13.16,13.47,13.39,197001.0,2626409.0,558062100.0,1616400000.0,13533946.27,1528183.759999998,823456224.7,1298437875.77,474981651.07,3051849.07,50.44,64.31,0.0,0.0,212.2,198.33,0.0,0.0,,,,,,,基础化工,化学制品,涂料油墨,13.37,13.28,13.27
sh688129,东来技术,2023-06-29,13.48,13.78,13.45,13.68,13.47,228236.0,3122057.0,566762400.0,1641600000.0,13533946.27,1528183.759999998,823456224.7,1298437875.77,474981651.07,3051849.07,66.65,67.86,0.0,0.0,245.56,244.35,0.0,0.0,,,,,,,基础化工,化学制品,涂料油墨,13.5,13.65,13.63
sh688129,东来技术,2023-06-30,13.71,13.95,13.66,13.93,13.68,369853.0,5137753.0,577119900.0,1671600000.0,13533946.27,1528183.759999998,823456224.7,1298437875.77,474981651.07,3051849.07,100.49,204.54,8.48,0.0,404.8,309.24,0.0,0.0,,,,,,,基础化工,化学制品,涂料油墨,13.82,13.83,13.85
sh688129,东来技术,2023-07-03,14.18,14.59,14.05,14.22,13.93,885862.0,12672593.0,589134600.0,1706400000.0,13533946.27,1528183.759999998,823456224.7,1298437875.77,474981651.07,3051849.07,328.44,464.43,56.79,25.56,882.03,777.27,0.0,0.0,,,,,,,基础化工,化学制品,涂料油墨,14.41,14.36,14.25
sh688129,东来技术,2023-07-04,14.36,14.51,14.29,14.42,14.22,557585.0,8037793.0,597420600.0,1730400000.0,13533946.27,1528183.759999998,823456224.7,1298437875.77,474981651.07,3051849.07,207.57,349.65,0.0,13.62,596.21,440.51,0.0,0.0,,,,,,,基础化工,化学制品,涂料油墨,14.37,14.33,14.31
sh688129,东来技术,2023-07-05,14.47,14.66,14.4,14.43,14.42,577298.0,8395415.0,597834900.0,1731600000.0,13533946.27,1528183.759999998,823456224.7,1298437875.77,474981651.07,3051849.07,179.04,338.71,0.0,20.22,660.5,480.61,0.0,0.0,,,,,,,基础化工,化学制品,涂料油墨,14.6,14.61,14.63
sh688129,东来技术,2023-07-06,14.59,14.59,14.15,14.44,14.43,402603.0,5836020.0,598249200.0,1732800000.0,13533946.27,1528183.759999998,823456224.7,1298437875.77,474981651.07,3051849.07,106.35,181.56,26.45,25.03,450.8,377.0,0.0,0.0,,,,,,,基础化工,化学制品,涂料油墨,14.4,14.45,14.56
sh688129,东来技术,2023-07-07,14.58,14.6,14.29,14.38,14.44,472966.0,6835421.0,595763400.0,1725600000.0,13533946.27,1528183.759999998,823456224.7,1298437875.77,474981651.07,3051849.07,129.26,135.86,12.46,99.89,541.82,447.79,0.0,0.0,,,,,,,基础化工,化学制品,涂料油墨,14.5,14.38,14.45
sh688129,东来技术,2023-07-10,14.5,14.5,14.2,14.43,14.38,291307.0,4199422.0,597834900.0,1731600000.0,13533946.27,1528183.759999998,823456224.7,1298437875.77,474981651.07,3051849.07,55.16,93.69,0.0,0.0,364.79,326.25,0.0,0.0,,,,,,,基础化工,化学制品,涂料油墨,14.42,14.41,14.45
sh688129,东来技术,2023-07-11,14.51,14.58,14.39,14.51,14.43,310349.0,4502887.0,601149300.0,1741200000.0,13533946.27,1528183.759999998,823456224.7,1298437875.77,474981651.07,3051849.07,87.63,69.87,0.0,26.76,362.65,353.66,0.0,0.0,,,,,,,基础化工,化学制品,涂料油墨,14.44,14.52,14.49
sh688129,东来技术,2023-07-12,14.6,14.6,14.44,14.5,14.51,258580.0,3756840.0,600735000.0,1740000000.0,13533946.27,1528183.759999998,823456224.7,1298437875.77,474981651.07,3051849.07,65.63,79.41,0.0,1.79,310.05,294.48,0.0,0.0,,,,,,,基础化工,化学制品,涂料油墨,14.46,14.56,14.56
sh688129,东来技术,2023-07-13,14.48,14.57,14.44,14.48,14.5,335089.0,4857661.0,599906400.0,1737600000.0,13533946.27,1528183.759999998,823456224.7,1298437875.77,474981651.07,3051849.07,107.07,115.32,85.08,93.34,293.62,277.11,0.0,0.0,,,,,,,基础化工,化学制品,涂料油墨,14.53,14.53,14.51
sh688129,东来技术,2023-07-14,14.54,14.8,14.44,14.68,14.48,731477.0,10708448.0,608192400.0,1761600000.0,13533946.27,1528183.759999998,823456224.7,1298437875.77,474981651.07,3051849.07,261.25,342.4,209.42,184.15,600.18,544.29,0.0,0.0,,,,,,,基础化工,化学制品,涂料油墨,14.49,14.59,14.56
sh688129,东来技术,2023-07-17,14.77,14.77,14.47,14.66,14.68,420234.0,6127824.0,607363800.0,1759200000.0,13533946.27,1528183.759999998,823456224.7,1298437875.77,474981651.07,3051849.07,182.48,215.63,51.15,35.51,379.15,361.64,0.0,0.0,,,,,,,基础化工,化学制品,涂料油墨,14.48,14.57,14.59
sh688129,东来技术,2023-07-18,14.66,14.89,14.48,14.7,14.66,296969.0,4368511.0,609021000.0,1764000000.0,13533946.27,1528183.759999998,823456224.7,1298437875.77,474981651.07,3051849.07,62.76,110.08,29.74,21.74,344.35,305.03,0.0,0.0,,,,,,,基础化工,化学制品,涂料油墨,14.69,14.71,14.72
sh688129,东来技术,2023-07-19,14.62,14.82,14.62,14.74,14.7,388729.0,5740663.0,610678200.0,1768800000.0,13533946.27,1528183.759999998,823456224.7,1298437875.77,474981651.07,3051849.07,125.89,123.43,0.0,0.0,448.17,450.64,0.0,0.0,,,,,,,基础化工,化学制品,涂料油墨,14.76,14.72,14.69
sh688129,东来技术,2023-07-20,14.88,15.15,14.65,14.7,14.74,1007128.0,15012327.0,609021000.0,1764000000.0,13533946.27,1528183.759999998,823456224.7,1298437875.77,474981651.07,3051849.07,577.65,574.46,42.08,94.42,859.23,810.07,0.0,0.0,,,,,,,基础化工,化学制品,涂料油墨,14.88,14.89,14.85
sh688129,东来技术,2023-07-21,14.7,14.89,14.52,14.63,14.7,302627.0,4454282.0,606120900.0,1755600000.0,13533946.27,1528183.759999998,823456224.7,1298437875.77,474981651.07,3051849.07,48.75,122.44,0.0,8.03,396.68,314.96,0.0,0.0,,,,,,,基础化工,化学制品,涂料油墨,14.84,14.84,14.79
sh688129,东来技术,2023-07-24,14.69,14.86,14.51,14.72,14.63,308161.0,4538568.0,609849600.0,1766400000.0,13533946.27,1528183.759999998,823456224.7,1298437875.77,474981651.07,3051849.07,98.1,137.72,0.0,40.17,355.76,275.97,0.0,0.0,,,,,,,基础化工,化学制品,涂料油墨,14.63,14.64,14.58
sh688129,东来技术,2023-07-25,14.67,14.85,14.67,14.82,14.72,308751.0,4568879.0,613992600.0,1778400000.0,13533946.27,1528183.759999998,823456224.7,1298437875.77,474981651.07,3051849.07,82.15,121.8,20.9,30.04,353.83,305.05,0.0,0.0,,,,,,,基础化工,化学制品,涂料油墨,14.84,14.77,14.79
sh688129,东来技术,2023-07-26,14.88,14.99,14.75,14.92,14.82,282025.0,4199113.0,618135600.0,1790400000.0,13533946.27,1528183.759999998,823456224.7,1298437875.77,474981651.07,3051849.07,92.1,100.99,0.0,0.0,327.81,318.92,0.0,0.0,,,,,,,基础化工,化学制品,涂料油墨,14.8,14.82,14.81
sh688129,东来技术,2023-07-27,14.94,15.1,14.82,15.01,14.92,664402.0,9962864.0,621864300.0,1801200000.0,13533946.27,1528183.759999998,823456224.7,1298437875.77,474981651.07,3051849.07,408.57,339.89,24.36,0.0,563.35,656.4,0.0,0.0,,,,,,,基础化工,化学制品,涂料油墨,14.94,14.87,14.85
sh688129,东来技术,2023-07-28,14.89,14.93,14.64,14.82,15.01,595823.0,8797874.0,613992600.0,1778400000.0,13533946.27,1528183.759999998,823456224.7,1298437875.77,474981651.07,3051849.07,337.59,321.17,169.28,123.05,372.91,435.57,0.0,0.0,,,,,,,基础化工,化学制品,涂料油墨,14.78,14.73,14.75
sh688129,东来技术,2023-07-31,14.97,15.0,14.75,14.79,14.82,412460.0,6121059.0,612749700.0,1774800000.0,13533946.27,1528183.759999998,823456224.7,1298437875.77,474981651.07,3051849.07,184.21,187.52,13.25,0.0,414.65,424.59,0.0,0.0,,,,,,,基础化工,化学制品,涂料油墨,14.97,14.87,14.83
sh688129,东来技术,2023-08-01,14.9,14.9,14.68,14.77,14.79,329178.0,4866106.0,611921100.0,1772400000.0,13533946.27,1528183.759999998,823456224.7,1298437875.77,474981651.07,3051849.07,176.61,189.34,29.44,65.16,280.56,232.12,0.0,0.0,,,,,,,基础化工,化学制品,涂料油墨,14.84,14.76,14.83
sh688129,东来技术,2023-08-02,14.65,14.88,14.42,14.68,14.77,216664.0,3177523.0,608192400.0,1761600000.0,13533946.27,1528183.759999998,823456224.7,1298437875.77,474981651.07,3051849.07,121.33,103.18,0.0,23.59,196.42,190.98,0.0,0.0,,,,,,,基础化工,化学制品,涂料油墨,14.77,14.79,14.71
sh688129,东来技术,2023-08-03,14.79,14.79,14.45,14.57,14.68,329773.0,4789785.0,603635100.0,1748400000.0,13533946.27,1528183.759999998,823456224.7,1298437875.77,474981651.07,3051849.07,116.65,146.44,72.25,58.49,290.08,274.04,0.0,0.0,,,,,,,基础化工,化学制品,涂料油墨,14.71,14.59,14.58
sh688129,东来技术,2023-08-04,14.6,14.75,14.28,14.3,14.57,382083.0,5522012.0,592449000.0,1716000000.0,13533946.27,1528183.759999998,823456224.7,1298437875.77,474981651.07,3051849.07,136.51,173.86,28.9,27.81,386.79,350.53,0.0,0.0,,,,,,,基础化工,化学制品,涂料油墨,14.66,14.64,14.51
sh688129,东来技术,2023-08-07,14.4,14.89,14.27,14.67,14.3,746700.0,10960919.0,607778100.0,1760400000.0,13533946.27,1528183.759999998,823456224.7,1298437875.77,474981651.07,3051849.07,249.21,235.72,0.0,0.0,846.88,860.37,0.0,0.0,,,,,,,基础化工,化学制品,涂料油墨,14.37,14.31,14.49
sh688129,东来技术,2023-08-08,14.58,14.79,14.46,14.59,14.67,350643.0,5096126.0,604463700.0,1750800000.0,13533946.27,1528183.759999998,823456224.7,1298437875.77,474981651.07,3051849.07,146.51,38.81,34.95,23.98,328.16,446.82,0.0,0.0,,,,,,,基础化工,化学制品,涂料油墨,14.59,14.63,14.58
sh688129,东来技术,2023-08-09,14.41,14.79,14.38,14.42,14.59,477664.0,6959873.0,597420600.0,1730400000.0,13533946.27,1528183.759999998,823456224.7,1298437875.77,474981651.07,3051849.07,160.91,160.83,107.46,65.85,427.61,469.31,0.0,0.0,,,,,,,基础化工,化学制品,涂料油墨,14.52,14.6,14.68
sh688129,东来技术,2023-08-10,14.32,14.65,14.24,14.6,14.42,285509.0,4137341.0,604878000.0,1752000000.0,13533946.27,1528183.759999998,823456224.7,1298437875.77,474981651.07,3051849.07,60.63,137.83,89.11,60.39,263.99,215.51,0.0,0.0,,,,,,,基础化工,化学制品,涂料油墨,14.48,14.44,14.43
sh688129,东来技术,2023-08-11,14.58,14.69,14.3,14.35,14.6,328088.0,4761858.0,594520500.0,1722000000.0,13533946.27,1528183.759999998,823456224.7,1298437875.77,474981651.07,3051849.07,99.02,70.07,42.34,36.5,334.83,369.62,0.0,0.0,,,,,,,基础化工,化学制品,涂料油墨,14.61,14.64,14.65
sh688129,东来技术,2023-08-14,14.4,14.5,14.2,14.49,14.35,227797.0,3273672.0,600320700.0,1738800000.0,13533946.27,1528183.759999998,823456224.7,1298437875.77,474981651.07,3051849.07,46.8,26.72,0.0,49.22,280.56,251.42,0.0,0.0,,,,,,,基础化工,化学制品,涂料油墨,14.3,14.24,14.3
sh688129,东来技术,2023-08-15,14.56,14.58,14.4,14.48,14.49,136563.0,1977152.0,599906400.0,1737600000.0,13533946.27,1528183.759999998,823456224.7,1298437875.77,474981651.07,3051849.07,28.65,23.49,0.0,2.62,169.06,171.6,0.0,0.0,,,,,,,基础化工,化学制品,涂料油墨,14.45,14.42,14.5
sh688129,东来技术,2023-08-16,14.37,14.48,14.03,14.03,14.48,370072.0,5246236.0,581262900.0,1683600000.0,13533946.27,1528183.759999998,823456224.7,1298437875.77,474981651.07,3051849.07,188.2,77.14,38.35,26.23,298.07,292.36,0.0,128.9,,,,,,,基础化工,化学制品,涂料油墨,14.36,14.26,14.3
sh688129,东来技术,2023-08-17,14.13,14.33,14.02,14.29,14.03,340888.0,4825874.0,592034700.0,1714800000.0,13533946.27,1528183.759999998,823456224.7,1298437875.77,474981651.07,3051849.07,97.85,112.13,0.0,28.32,384.74,342.13,0.0,0.0,,,,,,,基础化工,化学制品,涂料油墨,14.06,14.06,14.07
sh688129,东来技术,2023-08-18,14.34,14.88,14.34,14.6,14.29,774381.0,11385242.0,604878000.0,1752000000.0,13533946.27,1528183.759999998,823456224.7,1298437875.77,474981651.07,3051849.07,267.67,411.94,20.2,77.49,850.65,649.09,0.0,0.0,,,,,,,基础化工,化学制品,涂料油墨,14.51,14.61,14.69
sh688129,东来技术,2023-08-21,14.67,14.8,14.63,14.66,14.6,538875.0,7922684.0,607363800.0,1759200000.0,13533946.27,1528183.759999998,823456224.7,1298437875.77,474981651.07,3051849.07,189.61,139.34,0.0,119.58,602.66,533.35,0.0,0.0,,,,,,,基础化工,化学制品,涂料油墨,14.73,14.72,14.74
sh688129,东来技术,2023-08-22,14.76,14.76,14.17,14.44,14.66,522715.0,7561765.0,598249200.0,1732800000.0,13533946.27,1528183.759999998,823456224.7,1298437875.77,474981651.07,3051849.07,247.63,232.88,26.64,8.62,481.9,514.67,0.0,0.0,,,,,,,基础化工,化学制品,涂料油墨,14.61,14.65,14.58
sh688129,东来技术,2023-08-23,14.57,14.57,14.18,14.19,14.44,410755.0,5880631.0,587891700.0,1702800000.0,13533946.27,1528183.759999998,823456224.7,1298437875.77,474981651.07,3051849.07,175.75,122.67,25.72,0.0,386.6,465.4,0.0,0.0,,,,,,,基础化工,化学制品,涂料油墨,14.52,14.31,14.29
sh688129,东来技术,2023-08-24,14.2,14.38,13.53,13.64,14.19,779481.0,10708171.0,565105200.0,1636800000.0,13533946.27,1528183.759999998,823456224.7,1298437875.77,474981651.07,3051849.07,280.59,263.2,49.35,53.71,740.88,753.9,0.0,0.0,,,,,,,基础化工,化学制品,涂料油墨,14.08,13.95,13.79
sh688129,东来技术,2023-08-25,13.71,14.05,13.44,13.6,13.64,609509.0,8389028.0,563448000.0,1632000000.0,13533946.27,1528183.759999998,823456224.7,1298437875.77,474981651.07,3051849.07,190.31,163.46,16.32,23.54,632.27,651.89,0.0,0.0,,,,,,,基础化工,化学制品,涂料油墨,13.79,13.72,13.84
sh688129,东来技术,2023-08-28,14.08,14.3,13.7,13.76,13.6,872536.0,12310546.0,570076800.0,1651200000.0,13533946.27,1528183.759999998,823456224.7,1298437875.77,474981651.07,3051849.07,258.82,257.48,58.1,75.08,914.13,898.5,0.0,0.0,,,,,,,基础化工,化学制品,涂料油墨,14.18,14.25,14.11
sh688129,东来技术,2023-08-29,13.76,14.73,13.67,14.71,13.76,858166.0,12363419.0,609435300.0,1765200000.0,13533946.27,1528183.759999998,823456224.7,1298437875.77,474981651.07,3051849.07,217.81,441.47,43.19,28.6,975.34,766.27,0.0,0.0,,,,,,,基础化工,化学制品,涂料油墨,14.02,14.16,14.18
sh688129,东来技术,2023-08-30,14.71,15.09,14.65,14.86,14.71,1045255.0,15610512.0,615649800.0,1783200000.0,10058466.530000001,-3022224.7000000016,828066525.6199999,1370735782.08,542669256.46,4708265.6899999995,398.87,590.47,0.0,61.17,1162.19,909.41,0.0,0.0,,,,,,,基础化工,化学制品,涂料油墨,14.85,14.97,15.05
sh688129,东来技术,2023-08-31,14.81,14.98,14.74,14.92,14.86,851481.0,12659021.0,618135600.0,1790400000.0,10058466.530000001,-3022224.7000000016,828066525.6199999,1370735782.08,542669256.46,4708265.6899999995,246.29,329.9,0.0,94.69,1019.61,841.32,0.0,0.0,,,,,,,基础化工,化学制品,涂料油墨,14.96,14.88,14.86
sh688129,东来技术,2023-09-01,14.98,15.09,14.74,14.9,14.92,712976.0,10640464.0,617307000.0,1788000000.0,10058466.530000001,-3022224.7000000016,828066525.6199999,1370735782.08,542669256.46,4708265.6899999995,186.44,278.7,115.92,45.52,755.88,734.01,0.0,0.0,,,,,,,基础化工,化学制品,涂料油墨,14.78,14.89,14.85
sh688129,东来技术,2023-09-04,15.09,15.14,14.93,15.08,14.9,762652.0,11478389.0,624764400.0,1809600000.0,10058466.530000001,-3022224.7000000016,828066525.6199999,1370735782.08,542669256.46,4708265.6899999995,191.17,271.57,169.23,169.83,787.29,706.29,0.0,0.0,,,,,,,基础化工,化学制品,涂料油墨,15.12,15.06,15.05
sh688129,东来技术,2023-09-05,15.08,15.12,14.82,14.91,15.08,562419.0,8401823.0,617721300.0,1789200000.0,10058466.530000001,-3022224.7000000016,828066525.6199999,1370735782.08,542669256.46,4708265.6899999995,180.5,201.78,0.0,57.03,659.68,581.37,0.0,0.0,,,,,,,基础化工,化学制品,涂料油墨,15.08,15.08,14.99
sh688129,东来技术,2023-09-06,15.02,15.35,14.94,15.3,14.91,1196624.0,18160124.0,633879000.0,1836000000.0,10058466.530000001,-3022224.7000000016,828066525.6199999,1370735782.08,542669256.46,4708265.6899999995,497.32,564.09,149.3,217.53,1169.39,1034.39,0.0,0.0,,,,,,,基础化工,化学制品,涂料油墨,15.08,15.08,15.04
sh688129,东来技术,2023-09-07,15.3,15.3,14.94,14.98,15.3,543771.0,8204942.0,620621400.0,1797600000.0,10058466.530000001,-3022224.7000000016,828066525.6199999,1370735782.08,542669256.46,4708265.6899999995,135.71,156.11,0.0,22.54,681.79,638.85,0.0,0.0,,,,,,,基础化工,化学制品,涂料油墨,15.2,15.21,15.13
sh688129,东来技术,2023-09-08,14.98,15.14,14.9,14.95,14.98,578283.0,8700201.0,619378500.0,1794000000.0,10058466.530000001,-3022224.7000000016,828066525.6199999,1370735782.08,542669256.46,4708265.6899999995,118.78,196.52,0.0,52.82,751.24,620.68,0.0,0.0,,,,,,,基础化工,化学制品,涂料油墨,15.05,15.06,15.07
sh688129,东来技术,2023-09-11,14.99,15.15,14.77,15.02,14.95,598282.0,8987435.0,622278600.0,1802400000.0,10058466.530000001,-3022224.7000000016,828066525.6199999,1370735782.08,542669256.46,4708265.6899999995,121.1,117.12,0.0,43.99,774.94,734.94,0.0,0.0,,,,,,,基础化工,化学制品,涂料油墨,14.89,15.02,14.95
sh688129,东来技术,2023-09-12,15.02,15.05,14.82,14.91,15.02,365790.0,5447768.0,617721300.0,1789200000.0,10058466.530000001,-3022224.7000000016,828066525.6199999,1370735782.08,542669256.46,4708265.6899999995,117.3,105.79,29.23,58.93,398.26,380.06,0.0,0.0,,,,,,,基础化工,化学制品,涂料油墨,14.92,14.92,14.93
sh688129,东来技术,2023-09-13,14.94,15.06,14.81,14.92,14.91,743328.0,11114712.0,618135600.0,1790400000.0,10058466.530000001,-3022224.7000000016,828066525.6199999,1370735782.08,542669256.46,4708265.6899999995,257.41,291.92,8.56,55.57,845.49,763.98,0.0,0.0,,,,,,,基础化工,化学制品,涂料油墨,14.96,14.94,14.96
sh688129,东来技术,2023-09-14,14.93,15.07,14.71,14.9,14.92,471798.0,7012973.0,617307000.0,1788000000.0,10058466.530000001,-3022224.7000000016,828066525.6199999,1370735782.08,542669256.46,4708265.6899999995,144.0,120.26,0.0,0.0,557.3,581.04,0.0,0.0,,,,,,,基础化工,化学制品,涂料油墨,14.88,14.91,14.93
sh688129,东来技术,2023-09-15,14.91,15.04,14.7,14.87,14.9,562716.0,8366545.0,616064100.0,1784400000.0,10058466.530000001,-3022224.7000000016,828066525.6199999,1370735782.08,542669256.46,4708265.6899999995,188.79,126.34,0.0,0.0,647.86,710.31,0.0,0.0,,,,,,,基础化工,化学制品,涂料油墨,14.79,14.79,14.77
sh688129,东来技术,2023-09-18,14.87,15.18,14.66,14.99,14.87,475358.0,7133851.0,621035700.0,1798800000.0,10058466.530000001,-3022224.7000000016,828066525.6199999,1370735782.08,542669256.46,4708265.6899999995,171.62,167.35,0.0,0.0,541.77,546.03,0.0,0.0,,,,,,,基础化工,化学制品,涂料油墨,14.83,14.86,14.99
sh688129,东来技术,2023-09-19,15.05,15.05,14.76,14.83,14.99,440235.0,6533474.0,614406900.0,1779600000.0,10058466.530000001,-3022224.7000000016,828066525.6199999,1370735782.08,542669256.46,4708265.6899999995,197.86,136.09,29.65,0.0,425.07,516.5,0.0,0.0,,,,,,,基础化工,化学制品,涂料油墨,14.93,14.93,14.85
sh688129,东来技术,2023-09-20,14.72,14.99,14.72,14.88,14.83,387794.0,5773580.0,616478400.0,1785600000.0,10058466.530000001,-3022224.7000000016,828066525.6199999,1370735782.08,542669256.46,4708265.6899999995,135.42,176.52,37.2,37.2,401.76,360.66,0.0,0.0,,,,,,,基础化工,化学制品,涂料油墨,14.81,14.9,14.93
sh688129,东来技术,2023-09-21,14.85,14.94,14.66,14.71,14.88,554452.0,8191188.0,609435300.0,1765200000.0,10058466.530000001,-3022224.7000000016,828066525.6199999,1370735782.08,542669256.46,4708265.6899999995,176.29,181.11,30.79,0.0,612.04,638.01,0.0,0.0,,,,,,,基础化工,化学制品,涂料油墨,14.91,14.83,14.8
sh688129,东来技术,2023-09-22,14.77,15.83,14.69,15.75,14.71,3402046.0,52742681.0,652522500.0,1890000000.0,10058466.530000001,-3022224.7000000016,828066525.6199999,1370735782.08,542669256.46,4708265.6899999995,1911.66,1213.57,569.8,1160.82,2786.25,2744.72,7.03,155.63,,,,,,,基础化工,化学制品,涂料油墨,14.76,14.77,15.13
sh688129,东来技术,2023-09-25,15.66,15.66,15.12,15.28,15.75,2877532.0,43865321.0,633050400.0,1833600000.0,10058466.530000001,-3022224.7000000016,828066525.6199999,1370735782.08,542669256.46,4708265.6899999995,1278.25,623.54,470.09,195.69,2478.87,3567.31,159.32,0.0,,,,,,,基础化工,化学制品,涂料油墨,15.3,15.25,15.42
sh688129,东来技术,2023-09-26,15.1,15.41,14.71,14.87,15.28,2225773.0,33311247.0,623183856.0,1791519756.0,10058466.530000001,-3022224.7000000016,828066525.6199999,1370735782.08,542669256.46,4708265.6899999995,1083.72,841.02,316.8,307.44,1780.42,2182.66,150.19,0.0,,,,,,,基础化工,化学制品,涂料油墨,15.05,15.29,14.89
sh688129,东来技术,2023-09-27,14.87,14.93,14.28,14.4,14.87,1834610.0,26640217.0,603486720.0,1734894720.0,10058466.530000001,-3022224.7000000016,828066525.6199999,1370735782.08,542669256.46,4708265.6899999995,698.32,695.33,182.92,264.88,1776.65,1697.67,0.0,0.0,,,,,,,基础化工,化学制品,涂料油墨,14.73,14.65,14.81
sh688129,东来技术,2023-09-28,14.31,14.96,14.31,14.79,14.4,1591954.0,23542946.0,619831152.0,1781881452.0,10058466.530000001,-3022224.7000000016,828066525.6199999,1370735782.08,542669256.46,4708265.6899999995,459.44,630.1,42.59,91.39,1850.52,1631.06,0.0,0.0,,,,,,,基础化工,化学制品,涂料油墨,14.62,14.6,14.73
sh688129,东来技术,2023-10-09,15.07,15.9,14.85,14.94,14.79,2390859.0,36415630.0,626117472.0,1799953272.0,10058466.530000001,-3022224.7000000016,828066525.6199999,1370735782.08,542669256.46,4708265.6899999995,865.68,1141.49,75.14,88.86,2700.74,2411.21,0.0,0.0,,,,,,,基础化工,化学制品,涂料油墨,15.59,15.3,15.29
sh688129,东来技术,2023-10-10,14.95,15.19,14.66,14.72,14.94,1121626.0,16648737.0,616897536.0,1773447936.0,10058466.530000001,-3022224.7000000016,828066525.6199999,1370735782.08,542669256.46,4708265.6899999995,376.95,420.15,50.16,89.86,1237.76,1154.87,0.0,0.0,,,,,,,基础化工,化学制品,涂料油墨,14.93,15.05,14.96
sh688129,东来技术,2023-10-11,14.72,15.09,14.66,14.81,14.72,1098549.0,16396051.0,620669328.0,1784291028.0,10058466.530000001,-3022224.7000000016,828066525.6199999,1370735782.08,542669256.46,4708265.6899999995,225.17,326.52,0.0,58.68,1414.43,1254.4,0.0,0.0,,,,,,,基础化工,化学制品,涂料油墨,14.98,14.93,15.02
sh688129,东来技术,2023-10-12,14.98,15.23,14.58,15.23,14.81,1242968.0,18559964.0,638271024.0,1834892124.0,10058466.530000001,-3022224.7000000016,828066525.6199999,1370735782.08,542669256.46,4708265.6899999995,505.45,451.0,49.92,53.97,1300.62,1351.03,0.0,0.0,,,,,,,基础化工,化学制品,涂料油墨,14.65,14.62,14.64
sh688129,东来技术,2023-10-13,15.2,15.2,14.93,14.96,15.23,693980.0,10423025.0,626955648.0,1802362848.0,10058466.530000001,-3022224.7000000016,828066525.6199999,1370735782.08,542669256.46,4708265.6899999995,320.54,229.82,103.24,6.0,614.93,802.89,0.0,0.0,,,,,,,基础化工,化学制品,涂料油墨,14.95,15.11,15.0
sh688129,东来技术,2023-10-16,14.96,15.09,14.67,14.86,14.96,710907.0,10566089.0,622764768.0,1790314968.0,10058466.530000001,-3022224.7000000016,828066525.6199999,1370735782.08,542669256.46,4708265.6899999995,392.96,320.31,0.0,0.0,663.65,736.29,0.0,0.0,,,,,,,基础化工,化学制品,涂料油墨,14.82,14.73,14.89
sh688129,东来技术,2023-10-17,14.77,14.92,14.6,14.7,14.86,744132.0,10961828.0,616059360.0,1771038360.0,10058466.530000001,-3022224.7000000016,828066525.6199999,1370735782.08,542669256.46,4708265.6899999995,261.42,150.8,0.0,16.32,834.76,929.06,0.0,0.0,,,,,,,基础化工,化学制品,涂料油墨,14.6,14.84,14.78
sh688129,东来技术,2023-10-18,14.82,14.85,14.42,14.47,14.7,515941.0,7545185.0,606420336.0,1743328236.0,10058466.530000001,-3022224.7000000016,828066525.6199999,1370735782.08,542669256.46,4708265.6899999995,126.09,160.95,0.0,0.0,628.43,593.57,0.0,0.0,,,,,,,基础化工,化学制品,涂料油墨,14.6,14.76,14.65
sh688129,东来技术,2023-10-19,14.41,15.76,14.29,14.87,14.47,3063860.0,46565233.0,623183856.0,1791519756.0,10058466.530000001,-3022224.7000000016,828066525.6199999,1370735782.08,542669256.46,4708265.6899999995,1421.22,1306.53,446.23,446.49,2789.07,2903.5,0.0,0.0,,,,,,,基础化工,化学制品,涂料油墨,14.33,14.59,14.7
sh688129,东来技术,2023-10-20,14.87,15.28,14.76,14.8,14.87,1730101.0,25959311.0,620250240.0,1783086240.0,10058466.530000001,-3022224.7000000016,828066525.6199999,1370735782.08,542669256.46,4708265.6899999995,885.6,550.14,51.08,59.76,1652.97,1979.75,0.0,0.0,,,,,,,基础化工,化学制品,涂料油墨,15.15,15.17,15.09
sh688129,东来技术,2023-10-23,14.86,14.99,14.34,14.44,14.8,944791.0,13761253.0,1739713872.0,1739713872.0,10058466.530000001,-3022224.7000000016,828066525.6199999,1370735782.08,542669256.46,4708265.6899999995,420.42,254.82,0.0,43.12,955.71,1078.19,0.0,0.0,,,,,,,基础化工,化学制品,涂料油墨,14.8,14.64,14.51
sh688129,东来技术,2023-10-24,14.56,15.13,14.06,15.09,14.44,2361374.0,34916691.0,1818025092.0,1818025092.0,10058466.530000001,-3022224.7000000016,828066525.6199999,1370735782.08,542669256.46,4708265.6899999995,903.73,1332.04,285.36,175.63,2270.73,1952.15,0.0,0.0,,,,,,,基础化工,化学制品,涂料油墨,14.23,14.41,14.44
sh688129,东来技术,2023-10-25,15.0,15.19,14.89,14.99,15.09,1462802.0,21983494.0,1805977212.0,1805977212.0,10058466.530000001,-3022224.7000000016,828066525.6199999,1370735782.08,542669256.46,4708265.6899999995,522.57,553.44,197.26,187.86,1478.52,1457.05,0.0,0.0,,,,,,,基础化工,化学制品,涂料油墨,15.0,14.98,15.11
sh688129,东来技术,2023-10-26,15.0,15.16,14.75,15.09,14.99,1320136.0,19753873.0,1818025092.0,1818025092.0,10058466.530000001,-3022224.7000000016,828066525.6199999,1370735782.08,542669256.46,4708265.6899999995,298.51,525.43,283.27,96.14,1393.12,1353.32,0.0,0.0,,,,,,,基础化工,化学制品,涂料油墨,14.77,14.88,14.91
sh688129,东来技术,2023-10-27,15.19,15.32,14.93,15.29,15.09,1250951.0,18993197.0,1842120852.0,1842120852.0,10058466.530000001,-3022224.7000000016,828066525.6199999,1370735782.08,542669256.46,4708265.6899999995,634.19,605.02,43.01,116.43,1222.12,1177.87,0.0,0.0,,,,,,,基础化工,化学制品,涂料油墨,14.99,15.14,15.17
sh688129,东来技术,2023-10-30,16.3,17.19,16.0,16.7,15.29,5933574.0,99569768.0,2011995960.0,2011995960.0,28682395.080000002,1356996.1199999992,845810265.47,1519249306.28,673439040.81,20822839.29,2963.53,3816.98,543.87,1061.13,6449.58,4978.64,0.0,100.23,,,,,,,基础化工,化学制品,涂料油墨,16.87,16.51,16.5
sh688129,东来技术,2023-10-31,16.78,17.24,16.17,16.3,16.7,4303342.0,71633708.0,1963804440.0,1963804440.0,28682395.080000002,1356996.1199999992,845810265.47,1519249306.28,673439040.81,20822839.29,1913.82,2355.07,414.53,677.63,4835.02,3876.06,0.0,254.61,,,,,,,基础化工,化学制品,涂料油墨,17.14,16.84,16.7
sh688129,东来技术,2023-11-01,16.29,16.47,16.15,16.32,16.3,2472764.0,40366539.0,1966214016.0,1966214016.0,28682395.080000002,1356996.1199999992,845810265.47,1519249306.28,673439040.81,20822839.29,900.26,1036.45,99.79,406.5,2904.9,2439.63,82.69,105.06,,,,,,,基础化工,化学制品,涂料油墨,16.46,16.34,16.4
sh688129,东来技术,2023-11-02,16.54,16.7,16.1,16.13,16.32,1790375.0,29061262.0,1943323044.0,1943323044.0,28682395.080000002,1356996.1199999992,845810265.47,1519249306.28,673439040.81,20822839.29,498.74,448.1,200.36,159.46,1932.12,2298.57,274.9,0.0,,,,,,,基础化工,化学制品,涂料油墨,16.27,16.25,16.2
sh688129,东来技术,2023-11-03,16.3,16.5,16.13,16.31,16.13,1218278.0,19948079.0,1965009228.0,1965009228.0,28682395.080000002,1356996.1199999992,845810265.47,1519249306.28,673439040.81,20822839.29,598.98,666.95,43.14,76.28,1352.69,1251.58,0.0,0.0,,,,,,,基础化工,化学制品,涂料油墨,16.23,16.28,16.44
sh688129,东来技术,2023-11-06,16.35,16.59,16.22,16.47,16.31,1467042.0,24042430.0,1984285836.0,1984285836.0,28682395.080000002,1356996.1199999992,845810265.47,1519249306.28,673439040.81,20822839.29,520.01,647.03,141.01,120.99,1743.22,1636.23,0.0,0.0,,,,,,,基础化工,化学制品,涂料油墨,16.38,16.34,16.25
sh688129,东来技术,2023-11-07,16.39,16.93,16.36,16.9,16.47,2050774.0,34194154.0,2036091720.0,2036091720.0,28682395.080000002,1356996.1199999992,845810265.47,1519249306.28,673439040.81,20822839.29,957.51,866.54,368.22,213.51,2093.68,2339.36,0.0,0.0,,,,,,,基础化工,化学制品,涂料油墨,16.38,16.48,16.52
sh688129,东来技术,2023-11-08,16.74,16.9,16.61,16.74,16.9,1564668.0,26155322.0,2016815112.0,2016815112.0,28682395.080000002,1356996.1199999992,845810265.47,1519249306.28,673439040.81,20822839.29,693.74,674.21,351.83,267.23,1568.78,1672.9,0.0,0.0,,,,,,,基础化工,化学制品,涂料油墨,16.7,16.73,16.8
sh688129,东来技术,2023-11-09,16.83,16.89,16.58,16.66,16.74,1325257.0,22140119.0,2007176808.0,2007176808.0,28682395.080000002,1356996.1199999992,845810265.47,1519249306.28,673439040.81,20822839.29,500.74,542.07,166.35,267.74,1546.92,1404.2,0.0,0.0,,,,,,,基础化工,化学制品,涂料油墨,16.79,16.86,16.78
sh688129,东来技术,2023-11-10,16.5,17.03,16.5,16.9,16.66,1547304.0,26041771.0,2036091720.0,2036091720.0,28682395.080000002,1356996.1199999992,845810265.47,1519249306.28,673439040.81,20822839.29,683.47,763.95,275.89,132.73,1644.82,1707.5,0.0,0.0,,,,,,,基础化工,化学制品,涂料油墨,16.67,16.81,16.8
sh688129,东来技术,2023-11-13,16.85,17.0,16.71,16.91,16.9,884806.0,14881753.0,2037296508.0,2037296508.0,28682395.080000002,1356996.1199999992,845810265.47,1519249306.28,673439040.81,20822839.29,277.39,214.62,33.16,53.01,1177.63,1220.54,0.0,0.0,,,,,,,基础化工,化学制品,涂料油墨,16.74,16.77,16.76
sh688129,东来技术,2023-11-14,16.9,17.1,16.8,16.84,16.91,1380719.0,23364692.0,2028862992.0,2028862992.0,28682395.080000002,1356996.1199999992,845810265.47,1519249306.28,673439040.81,20822839.29,473.98,460.92,129.57,109.04,1732.92,1766.52,0.0,0.0,,,,,,,基础化工,化学制品,涂料油墨,16.92,17.04,16.98
sh688129,东来技术,2023-11-15,16.89,17.08,16.85,17.01,16.84,1200688.0,20374535.0,2049344388.0,2049344388.0,28682395.080000002,1356996.1199999992,845810265.47,1519249306.28,673439040.81,20822839.29,294.68,456.31,0.0,86.6,1702.28,1454.06,0.0,0.0,,,,,,,基础化工,化学制品,涂料油墨,17.03,17.02,17.02
sh688129,东来技术,2023-11-16,16.9,17.02,16.57,16.77,17.01,987945.0,16655125.0,2020429476.0,2020429476.0,28682395.080000002,1356996.1199999992,845810265.47,1519249306.28,673439040.81,20822839.29,407.89,367.12,2.19,31.05,1255.44,1267.34,0.0,0.0,,,,,,,基础化工,化学制品,涂料油墨,16.89,16.98,16.94
sh688129,东来技术,2023-11-17,16.69,16.99,16.5,16.8,16.77,1310770.0,22075511.0,2024043840.0,2024043840.0,28682395.080000002,1356996.1199999992,845810265.47,1519249306.28,673439040.81,20822839.29,317.86,330.07,0.0,97.71,1890.03,1780.11,0.0,0.0,,,,,,,基础化工,化学制品,涂料油墨,16.68,16.89,16.9
sh688129,东来技术,2023-11-20,16.89,17.07,16.73,17.04,16.8,1204399.0,20377371.0,2052958752.0,2052958752.0,28682395.080000002,1356996.1199999992,845810265.47,1519249306.28,673439040.81,20822839.29,405.98,382.49,0.0,78.36,1631.75,1576.88,0.0,0.0,,,,,,,基础化工,化学制品,涂料油墨,16.85,16.79,16.79
sh688129,东来技术,2023-11-21,17.06,17.14,16.78,16.96,17.04,1331524.0,22641677.0,2043320448.0,2043320448.0,28682395.080000002,1356996.1199999992,845810265.47,1519249306.28,673439040.81,20822839.29,381.12,371.12,183.76,366.89,1699.28,1526.15,0.0,0.0,,,,,,,基础化工,化学制品,涂料油墨,16.94,17.09,16.97
sh688129,东来技术,2023-11-22,17.12,17.12,16.69,16.8,16.96,1039827.0,17545643.0,2024043840.0,2024043840.0,28682395.080000002,1356996.1199999992,845810265.47,1519249306.28,673439040.81,20822839.29,410.4,434.3,174.15,206.08,1170.02,1114.19,0.0,0.0,,,,,,,基础化工,化学制品,涂料油墨,16.99,16.98,16.97
sh688129,东来技术,2023-11-23,16.78,16.97,16.7,16.9,16.8,714441.0,12042493.0,2036091720.0,2036091720.0,28682395.080000002,1356996.1199999992,845810265.47,1519249306.28,673439040.81,20822839.29,258.64,238.66,68.88,96.24,876.73,869.34,0.0,0.0,,,,,,,基础化工,化学制品,涂料油墨,16.84,16.81,16.78
sh688129,东来技术,2023-11-24,16.87,17.03,16.72,16.77,16.9,790896.0,13280595.0,2020429476.0,2020429476.0,28682395.080000002,1356996.1199999992,845810265.47,1519249306.28,673439040.81,20822839.29,321.26,369.02,178.91,91.74,827.89,867.3,0.0,0.0,,,,,,,基础化工,化学制品,涂料油墨,16.77,16.75,16.74
sh688129,东来技术,2023-11-27,16.72,17.87,16.72,17.5,16.77,2912485.0,50950335.0,2108379000.0,2108379000.0,28682395.080000002,1356996.1199999992,845810265.47,1519249306.28,673439040.81,20822839.29,1710.7,1583.99,428.64,91.03,2955.7,3420.01,0.0,0.0,,,,,,,基础化工,化学制品,涂料油墨,17.25,17.58,17.47
sh688129,东来技术,2023-11-28,17.37,17.45,16.92,17.18,17.5,1926163.0,33179234.0,2069825784.0,2069825784.0,28682395.080000002,1356996.1199999992,845810265.47,1519249306.28,673439040.81,20822839.29,936.5,772.31,100.73,102.47,2280.69,2443.14,0.0,0.0,,,,,,,基础化工,化学制品,涂料油墨,17.27,17.27,17.31
sh688129,东来技术,2023-11-29,17.18,17.31,16.85,17.12,17.18,1324249.0,22659576.0,2062597056.0,2062597056.0,28682395.080000002,1356996.1199999992,845810265.47,1519249306.28,673439040.81,20822839.29,542.53,347.61,326.12,254.8,1397.31,1551.9,0.0,111.65,,,,,,,基础化工,化学制品,涂料油墨,17.12,17.16,17.18
sh688129,东来技术,2023-11-30,17.14,17.26,16.6,16.76,17.12,1376853.0,23182037.0,2019224688.0,2019224688.0,28682395.080000002,1356996.1199999992,845810265.47,1519249306.28,673439040.81,20822839.29,561.3,644.81,109.89,132.14,1647.01,1436.02,0.0,105.23,,,,,,,基础化工,化学制品,涂料油墨,17.11,16.99,16.88
sh688129,东来技术,2023-12-01,16.99,16.99,16.5,16.67,16.76,1345863.0,22589176.0,2008381596.0,2008381596.0,28682395.080000002,1356996.1199999992,845810265.47,1519249306.28,673439040.81,20822839.29,367.74,392.92,127.31,194.72,1763.87,1671.28,0.0,0.0,,,,,,,基础化工,化学制品,涂料油墨,16.88,16.81,16.82
sh688129,东来技术,2023-12-04,16.89,16.96,16.67,16.82,16.67,1113199.0,18741863.0,2026453416.0,2026453416.0,28682395.080000002,1356996.1199999992,845810265.47,1519249306.28,673439040.81,20822839.29,460.5,332.0,45.66,80.87,1368.03,1461.32,0.0,0.0,,,,,,,基础化工,化学制品,涂料油墨,16.94,16.87,16.86
sh688129,东来技术,2023-12-05,16.82,16.9,16.54,16.54,16.82,918089.0,15294635.0,1992719352.0,1992719352.0,28682395.080000002,1356996.1199999992,845810265.47,1519249306.28,673439040.81,20822839.29,233.24,203.66,0.0,80.4,1163.02,1123.86,133.2,121.55,,,,,,,基础化工,化学制品,涂料油墨,16.76,16.71,16.69
sh688129,东来技术,2023-12-06,16.9,17.33,16.55,16.81,16.54,1855849.0,31538111.0,2025248628.0,2025248628.0,28682395.080000002,1356996.1199999992,845810265.47,1519249306.28,673439040.81,20822839.29,831.74,603.05,408.25,680.08,1913.82,1870.68,0.0,0.0,,,,,,,基础化工,化学制品,涂料油墨,17.0,17.18,16.9
sh688129,东来技术,2023-12-07,16.78,16.8,16.49,16.63,16.81,1185180.0,19656910.0,2003562444.0,2003562444.0,28682395.080000002,1356996.1199999992,845810265.47,1519249306.28,673439040.81,20822839.29,339.72,342.33,0.0,125.95,1625.97,1497.4,0.0,0.0,,,,,,,基础化工,化学制品,涂料油墨,16.61,16.63,16.58
sh688129,东来技术,2023-12-08,16.72,16.73,16.16,16.25,16.63,1306688.0,21400931.0,1957780500.0,1957780500.0,28682395.080000002,1356996.1199999992,845810265.47,1519249306.28,673439040.81,20822839.29,438.88,450.16,301.12,180.11,1400.1,1509.83,0.0,0.0,,,,,,,基础化工,化学制品,涂料油墨,16.54,16.57,16.55
sh688129,东来技术,2023-12-11,16.19,16.6,16.08,16.47,16.25,1502982.0,24658622.0,1984285836.0,1984285836.0,28682395.080000002,1356996.1199999992,845810265.47,1519249306.28,673439040.81,20822839.29,363.41,316.62,106.28,118.56,1996.16,2030.68,0.0,0.0,,,,,,,基础化工,化学制品,涂料油墨,16.28,16.41,16.49
sh688129,东来技术,2023-12-12,16.55,16.6,16.33,16.53,16.47,919637.0,15137504.0,1991514564.0,1991514564.0,28682395.080000002,1356996.1199999992,845810265.47,1519249306.28,673439040.81,20822839.29,155.96,242.98,81.8,105.96,1275.99,1164.81,0.0,0.0,,,,,,,基础化工,化学制品,涂料油墨,16.58,16.4,16.4
sh688129,东来技术,2023-12-13,16.88,16.88,16.34,16.4,16.53,799546.0,13163406.0,1975852320.0,1975852320.0,28682395.080000002,1356996.1199999992,845810265.47,1519249306.28,673439040.81,20822839.29,291.59,277.05,120.7,20.98,904.05,1018.31,0.0,0.0,,,,,,,基础化工,化学制品,涂料油墨,16.39,16.35,16.45
sh688129,东来技术,2023-12-14,16.48,16.64,16.37,16.43,16.4,853384.0,14089440.0,1979466684.0,1979466684.0,28682395.080000002,1356996.1199999992,845810265.47,1519249306.28,673439040.81,20822839.29,167.34,198.88,54.38,76.17,1187.22,1133.89,0.0,0.0,,,,,,,基础化工,化学制品,涂料油墨,16.48,16.61,16.6
sh688129,东来技术,2023-12-15,16.57,16.78,16.46,16.57,16.43,1386596.0,23033318.0,1996333716.0,1996333716.0,28682395.080000002,1356996.1199999992,845810265.47,1519249306.28,673439040.81,20822839.29,234.66,400.68,187.0,82.27,1881.68,1820.39,0.0,0.0,,,,,,,基础化工,化学制品,涂料油墨,16.6,16.73,16.63
sh688129,东来技术,2023-12-18,16.65,16.65,16.21,16.4,16.57,1382605.0,22722083.0,1975852320.0,1975852320.0,28682395.080000002,1356996.1199999992,845810265.47,1519249306.28,673439040.81,20822839.29,338.47,227.4,120.5,129.47,1813.25,1915.34,0.0,0.0,,,,,,,基础化工,化学制品,涂料油墨,16.49,16.5,16.54
sh688129,东来技术,2023-12-19,16.6,16.6,16.19,16.4,16.4,736723.0,12024271.0,1975852320.0,1975852320.0,28682395.080000002,1356996.1199999992,845810265.47,1519249306.28,673439040.81,20822839.29,189.04,175.34,0.0,0.88,1013.38,1026.2,0.0,0.0,,,,,,,基础化工,化学制品,涂料油墨,16.39,16.26,16.32
sh688129,东来技术,2023-12-20,16.29,16.7,16.26,16.26,16.4,663912.0,10962045.0,1958985288.0,1958985288.0,28682395.080000002,1356996.1199999992,845810265.47,1519249306.28,673439040.81,20822839.29,231.5,167.9,33.5,119.49,831.21,808.81,0.0,0.0,,,,,,,基础化工,化学制品,涂料油墨,16.65,16.51,16.49
sh688129,东来技术,2023-12-21,16.27,16.5,15.95,16.32,16.26,954554.0,15487702.0,1966214016.0,1966214016.0,28682395.080000002,1356996.1199999992,845810265.47,1519249306.28,673439040.81,20822839.29,287.16,237.37,20.85,245.86,1240.76,1065.54,0.0,0.0,,,,,,,基础化工,化学制品,涂料油墨,16.28,16.13,16.13
sh688129,东来技术,2023-12-22,16.3,16.38,16.02,16.13,16.32,826913.0,13395353.0,1943323044.0,1943323044.0,28682395.080000002,1356996.1199999992,845810265.47,1519249306.28,673439040.81,20822839.29,232.14,268.75,0.0,0.0,1107.39,1070.79,0.0,0.0,,,,,,,基础化工,化学制品,涂料油墨,16.27,16.27,16.32
sh688129,东来技术,2023-12-25,16.27,16.28,15.9,16.1,16.13,1020874.0,16417647.0,1939708680.0,1939708680.0,28682395.080000002,1356996.1199999992,845810265.47,1519249306.28,673439040.81,20822839.29,123.84,168.78,0.0,0.0,1517.92,1472.99,0.0,0.0,,,,,,,基础化工,化学制品,涂料油墨,16.02,15.98,16.07
sh688129,东来技术,2023-12-26,16.81,16.81,15.84,15.97,16.1,1017651.0,16322093.0,1924046436.0,1924046436.0,28682395.080000002,1356996.1199999992,845810265.47,1519249306.28,673439040.81,20822839.29,169.9,257.64,0.0,0.0,1462.31,1374.57,0.0,0.0,,,,,,,基础化工,化学制品,涂料油墨,16.03,16.03,16.03
sh688129,东来技术,2023-12-27,15.97,16.25,15.7,16.1,15.97,865812.0,13857035.0,1939708680.0,1939708680.0,28682395.080000002,1356996.1199999992,845810265.47,1519249306.28,673439040.81,20822839.29,142.73,128.11,33.76,120.74,1209.22,1136.85,0.0,0.0,,,,,,,基础化工,化学制品,涂料油墨,15.89,15.94,15.97
sh688129,东来技术,2023-12-28,16.12,16.58,15.82,16.53,16.1,1335530.0,21751298.0,1991514564.0,1991514564.0,28682395.080000002,1356996.1199999992,845810265.47,1519249306.28,673439040.81,20822839.29,371.19,409.75,127.05,433.53,1676.89,1331.85,0.0,0.0,,,,,,,基础化工,化学制品,涂料油墨,15.95,15.88,15.92
sh688129,东来技术,2023-12-29,16.46,16.61,16.3,16.55,16.53,1158716.0,19086163.0,1993924140.0,1993924140.0,28682395.080000002,1356996.1199999992,845810265.47,1519249306.28,673439040.81,20822839.29,346.84,248.48,98.78,21.98,1462.99,1521.23,0.0,116.92,,,,,,,基础化工,化学制品,涂料油墨,16.52,16.58,16.5
sh688129,东来技术,2024-01-02,16.6,17.11,16.49,17.01,16.55,2239920.0,37835447.0,2049344388.0,2049344388.0,28682395.080000002,1356996.1199999992,845810265.47,1519249306.28,673439040.81,20822839.29,422.16,843.59,26.82,44.61,3334.56,2895.34,0.0,0.0,,,,,,,基础化工,化学制品,涂料油墨,16.78,16.76,16.68
sh688129,东来技术,2024-01-03,17.01,17.06,16.61,16.92,17.01,1392022.0,23410688.0,2038501296.0,2038501296.0,28682395.080000002,1356996.1199999992,845810265.47,1519249306.28,673439040.81,20822839.29,525.63,275.22,20.89,82.34,1794.55,1983.51,0.0,0.0,,,,,,,基础化工,化学制品,涂料油墨,16.82,16.79,16.72
sh688129,东来技术,2024-01-04,17.02,17.09,16.82,16.97,16.92,893342.0,15151940.0,2044525236.0,2044525236.0,28682395.080000002,1356996.1199999992,845810265.47,1519249306.28,673439040.81,20822839.29,313.25,330.8,27.94,30.1,1174.0,1154.29,0.0,0.0,,,,,,,基础化工,化学制品,涂料油墨,16.91,16.93,16.95
sh688129,东来技术,2024-01-05,16.98,17.1,16.64,16.7,16.97,924564.0,15565331.0,2011995960.0,2011995960.0,28682395.080000002,1356996.1199999992,845810265.47,1519249306.28,673439040.81,20822839.29,250.21,206.73,0.0,85.9,1306.33,1263.91,0.0,0.0,,,,,,,基础化工,化学制品,涂料油墨,16.97,16.96,17.02
sh688129,东来技术,2024-01-08,16.89,16.89,16.3,16.32,16.7,973095.0,16067638.0,1966214016.0,1966214016.0,28682395.080000002,1356996.1199999992,845810265.47,1519249306.28,673439040.81,20822839.29,188.83,165.51,118.64,157.5,1290.96,1275.42,0.0,0.0,,,,,,,基础化工,化学制品,涂料油墨,16.58,16.57,16.69
sh688129,东来技术,2024-01-09,16.5,16.67,16.34,16.56,16.32,1320060.0,21783133.0,1995128928.0,1995128928.0,28682395.080000002,1356996.1199999992,845810265.47,1519249306.28,673439040.81,20822839.29,417.55,295.06,0.0,0.0,1760.77,1883.25,0.0,0.0,,,,,,,基础化工,化学制品,涂料油墨,16.54,16.43,16.42
sh688129,东来技术,2024-01-10,16.7,16.7,16.24,16.33,16.56,961809.0,15790939.0,1967418804.0,1967418804.0,28682395.080000002,1356996.1199999992,845810265.47,1519249306.28,673439040.81,20822839.29,234.51,166.23,25.68,0.02,1318.91,1412.85,0.0,0.0,,,,,,,基础化工,化学制品,涂料油墨,16.38,16.29,16.35
sh688129,东来技术,2024-01-11,16.52,16.52,16.12,16.35,16.33,916969.0,14925207.0,1969828380.0,1969828380.0,28682395.080000002,1356996.1199999992,845810265.47,1519249306.28,673439040.81,20822839.29,194.78,109.55,0.0,0.0,1297.74,1382.97,0.0,0.0,,,,,,,基础化工,化学制品,涂料油墨,16.17,16.15,16.25
sh688129,东来技术,2024-01-12,16.28,16.65,16.2,16.25,16.35,1170020.0,19220627.0,1957780500.0,1957780500.0,28682395.080000002,1356996.1199999992,845810265.47,1519249306.28,673439040.81,20822839.29,105.79,133.64,0.56,0.0,1815.71,1788.43,0.0,0.0,,,,,,,基础化工,化学制品,涂料油墨,16.47,16.43,16.57
sh688129,东来技术,2024-01-15,16.42,16.43,16.08,16.17,16.25,901591.0,14637814.0,1948142196.0,1948142196.0,28682395.080000002,1356996.1199999992,845810265.47,1519249306.28,673439040.81,20822839.29,173.67,112.88,0.0,0.0,1290.12,1350.9,0.0,0.0,,,,,,,基础化工,化学制品,涂料油墨,16.23,16.13,16.13
sh688129,东来技术,2024-01-16,16.21,16.38,15.85,16.1,16.17,860369.0,13838888.0,1939708680.0,1939708680.0,28682395.080000002,1356996.1199999992,845810265.47,1519249306.28,673439040.81,20822839.29,350.29,227.13,0.0,55.86,1033.6,1100.9,0.0,0.0,,,,,,,基础化工,化学制品,涂料油墨,16.18,16.13,16.27
sh688129,东来技术,2024-01-17,16.17,16.23,15.68,15.77,16.1,936956.0,14960141.0,1899950676.0,1899950676.0,28682395.080000002,1356996.1199999992,845810265.47,1519249306.28,673439040.81,20822839.29,267.62,330.37,50.86,0.0,1177.54,1165.65,0.0,0.0,,,,,,,基础化工,化学制品,涂料油墨,16.03,16.12,16.21
sh688129,东来技术,2024-01-18,15.9,15.92,14.91,15.36,15.77,1697240.0,25838669.0,1850554368.0,1850554368.0,28682395.080000002,1356996.1199999992,845810265.47,1519249306.28,673439040.81,20822839.29,517.72,325.54,245.12,53.4,1821.03,2077.65,0.0,127.27,,,,,,,基础化工,化学制品,涂料油墨,15.55,15.37,15.4
sh688129,东来技术,2024-01-19,15.41,15.65,15.18,15.25,15.36,1142363.0,17554550.0,1837301700.0,1837301700.0,28682395.080000002,1356996.1199999992,845810265.47,1519249306.28,673439040.81,20822839.29,155.02,238.33,0.0,26.17,1600.43,1490.96,0.0,0.0,,,,,,,基础化工,化学制品,涂料油墨,15.48,15.34,15.45
sh688129,东来技术,2024-01-22,15.24,15.31,14.1,14.23,15.25,1268272.0,18679357.0,1714413324.0000002,1714413324.0000002,28682395.080000002,1356996.1199999992,845810265.47,1519249306.28,673439040.81,20822839.29,296.19,276.14,7.54,40.47,1415.4,1551.33,148.8,0.0,,,,,,,基础化工,化学制品,涂料油墨,15.18,15.1,15.04
sh688129,东来技术,2024-01-23,14.44,14.47,13.45,13.67,14.23,1923360.0,26317906.0,1646945196.0,1646945196.0,28682395.080000002,1356996.1199999992,845810265.47,1519249306.28,673439040.81,20822839.29,597.15,326.24,144.15,50.16,1890.49,2255.39,0.0,0.0,,,,,,,基础化工,化学制品,涂料油墨,13.87,13.61,13.5
sh688129,东来技术,2024-01-24,13.66,14.09,13.07,13.63,13.67,1421397.0,19282971.0,1642126044.0,1642126044.0,28682395.080000002,1356996.1199999992,845810265.47,1519249306.28,673439040.81,20822839.29,462.67,382.85,0.0,15.97,1465.62,1529.48,0.0,0.0,,,,,,,基础化工,化学制品,涂料油墨,13.99,13.8,13.95
sh688129,东来技术,2024-01-25,13.72,14.72,13.68,14.67,13.63,1480213.0,21075777.0,1767423996.0,1767423996.0,28682395.080000002,1356996.1199999992,845810265.47,1519249306.28,673439040.81,20822839.29,324.5,581.83,21.87,24.65,1761.21,1501.1,0.0,0.0,,,,,,,基础化工,化学制品,涂料油墨,13.91,13.87,13.9
sh688129,东来技术,2024-01-26,14.67,14.96,14.38,14.49,14.67,1350701.0,19758922.0,1745737812.0,1745737812.0,28682395.080000002,1356996.1199999992,845810265.47,1519249306.28,673439040.81,20822839.29,397.88,326.68,98.75,0.0,1479.27,1649.21,0.0,0.0,,,,,,,基础化工,化学制品,涂料油墨,14.85,14.65,14.57
sh688129,东来技术,2024-01-29,14.43,14.55,13.55,13.56,14.49,1844088.0,25714162.0,1633692527.9999998,1633692527.9999998,28682395.080000002,1356996.1199999992,845810265.47,1519249306.28,673439040.81,20822839.29,485.56,438.12,101.56,197.44,1984.3,1935.85,0.0,0.0,,,,,,,基础化工,化学制品,涂料油墨,14.24,14.26,14.19
sh688129,东来技术,2024-01-30,13.55,13.74,13.02,13.12,13.56,1605432.0,21524225.0,1580681856.0,1580681856.0,28682395.080000002,1356996.1199999992,845810265.47,1519249306.28,673439040.81,20822839.29,316.49,390.93,194.63,93.06,1641.3,1668.43,0.0,0.0,,,,,,,基础化工,化学制品,涂料油墨,13.53,13.53,13.57
sh688129,东来技术,2024-01-31,13.19,13.4,12.53,12.71,13.12,2612047.0,33593336.0,1531285548.0000002,1531285548.0000002,28682395.080000002,1356996.1199999992,845810265.47,1519249306.28,673439040.81,20822839.29,821.01,621.95,128.51,21.68,2409.81,2715.7,0.0,0.0,,,,,,,基础化工,化学制品,涂料油墨,13.18,12.93,12.9
sh688129,东来技术,2024-02-01,12.99,12.99,11.91,12.25,12.71,2305818.0,28166063.0,1475865300.0,1475865300.0,28682395.080000002,1356996.1199999992,845810265.47,1519249306.28,673439040.81,20822839.29,582.19,311.78,181.31,89.52,2053.11,2415.31,0.0,0.0,,,,,,,基础化工,化学制品,涂料油墨,12.43,12.2,12.14
sh688129,东来技术,2024-02-02,12.31,12.44,10.93,11.55,12.25,2473020.0,29077352.0,1391530140.0,1391530140.0,28682395.080000002,1356996.1199999992,845810265.47,1519249306.28,673439040.81,20822839.29,701.38,417.35,47.98,37.8,2158.37,2452.59,0.0,0.0,,,,,,,基础化工,化学制品,涂料油墨,12.17,12.13,12.12
sh688129,东来技术,2024-02-05,11.61,11.61,10.05,10.64,11.55,3963371.0,41615294.0,1281894432.0,1281894432.0,28682395.080000002,1356996.1199999992,845810265.47,1519249306.28,673439040.81,20822839.29,1417.72,858.79,250.19,233.84,2281.8,3068.9,211.82,0.0,,,,,,,基础化工,化学制品,涂料油墨,10.71,10.45,10.38
sh688129,东来技术,2024-02-06,10.4,11.12,9.38,11.0,10.64,3689268.0,37052313.0,1325266800.0,1325266800.0,28682395.080000002,1356996.1199999992,845810265.47,1519249306.28,673439040.81,20822839.29,1280.99,714.36,239.31,216.9,2184.93,2773.98,0.0,0.0,,,,,,,基础化工,化学制品,涂料油墨,9.41,9.59,9.61
sh688129,东来技术,2024-02-07,10.88,11.02,10.03,10.32,11.0,3016874.0,31023408.0,1243341216.0,1243341216.0,28682395.080000002,1356996.1199999992,845810265.47,1519249306.28,673439040.81,20822839.29,1168.12,717.41,385.48,135.23,1548.74,2249.7,0.0,0.0,,,,,,,基础化工,化学制品,涂料油墨,10.06,10.22,10.27
sh688129,东来技术,2024-02-08,10.45,12.19,10.01,11.83,10.32,2552182.0,28416496.0,1425264204.0,1425264204.0,28682395.080000002,1356996.1199999992,845810265.47,1519249306.28,673439040.81,20822839.29,904.48,853.64,155.9,159.63,1781.27,1828.38,0.0,0.0,,,,,,,基础化工,化学制品,涂料油墨,10.09,10.26,10.39
sh688129,东来技术,2024-02-19,11.75,12.32,11.66,11.93,11.83,1610939.0,19320135.0,1437312084.0,1437312084.0,28682395.080000002,1356996.1199999992,845810265.47,1519249306.28,673439040.81,20822839.29,511.11,557.27,134.88,99.54,1286.02,1275.2,0.0,0.0,,,,,,,基础化工,化学制品,涂料油墨,12.16,11.93,12.1
sh688129,东来技术,2024-02-20,11.72,12.26,11.64,12.15,11.93,907149.0,10926376.0,1463817420.0,1463817420.0,28682395.080000002,1356996.1199999992,845810265.47,1519249306.28,673439040.81,20822839.29,326.09,332.22,42.23,36.15,724.32,724.27,0.0,0.0,,,,,,,基础化工,化学制品,涂料油墨,11.68,12.0,12.17
sh688129,东来技术,2024-02-21,12.03,12.59,11.96,12.15,12.15,882297.0,10892659.0,1463817420.0,1463817420.0,28682395.080000002,1356996.1199999992,845810265.47,1519249306.28,673439040.81,20822839.29,315.45,409.7,163.56,150.47,610.25,529.1,0.0,0.0,,,,,,,基础化工,化学制品,涂料油墨,12.06,12.18,12.23
sh688129,东来技术,2024-02-22,12.09,12.46,12.09,12.45,12.15,830611.0,10223326.0,1499961060.0,1499961060.0,28682395.080000002,1356996.1199999992,845810265.47,1519249306.28,673439040.81,20822839.29,231.91,274.58,24.25,53.9,766.16,693.86,0.0,0.0,,,,,,,基础化工,化学制品,涂料油墨,12.35,12.33,12.34
sh688129,东来技术,2024-02-23,12.45,12.87,12.38,12.78,12.45,785199.0,9920411.0,1539719064.0,1539719064.0,28682395.080000002,1356996.1199999992,845810265.47,1519249306.28,673439040.81,20822839.29,270.71,444.52,56.21,41.67,665.12,505.85,0.0,0.0,,,,,,,基础化工,化学制品,涂料油墨,12.64,12.66,12.63
sh688129,东来技术,2024-02-26,12.83,13.87,12.78,13.24,12.78,1690922.0,22749833.0,1595139312.0,1595139312.0,28682395.080000002,1356996.1199999992,845810265.47,1519249306.28,673439040.81,20822839.29,798.27,823.01,123.0,277.22,1353.71,1174.75,0.0,0.0,,,,,,,基础化工,化学制品,涂料油墨,13.26,13.72,13.69
sh688129,东来技术,2024-02-27,13.47,13.52,13.06,13.49,13.24,804003.0,10704861.0,1625259012.0,1625259012.0,28682395.080000002,1356996.1199999992,845810265.47,1519249306.28,673439040.81,20822839.29,245.69,259.46,41.24,131.0,783.56,680.03,0.0,0.0,,,,,,,基础化工,化学制品,涂料油墨,13.2,13.14,13.18
sh688129,东来技术,2024-02-28,13.56,14.0,12.06,12.14,13.49,3054743.0,38987708.0,1462612631.9999998,1462612631.9999998,28682395.080000002,1356996.1199999992,845810265.47,1519249306.28,673439040.81,20822839.29,1384.62,1095.58,380.0,93.54,2128.59,2709.65,5.56,0.0,,,,,,,基础化工,化学制品,涂料油墨,13.7,13.87,13.96
sh688129,东来技术,2024-02-29,12.03,12.55,11.85,12.5,12.14,2131476.0,26010687.0,1505985000.0,1505985000.0,28682395.080000002,1356996.1199999992,845810265.47,1519249306.28,673439040.81,20822839.29,843.87,767.53,332.25,227.06,1424.95,1606.48,0.0,0.0,,,,,,,基础化工,化学制品,涂料油墨,12.06,12.14,12.1
sh688129,东来技术,2024-03-01,12.38,12.62,12.26,12.56,12.5,1157956.0,14428261.0,1513213728.0,1513213728.0,28682395.080000002,1356996.1199999992,845810265.47,1519249306.28,673439040.81,20822839.29,418.19,405.61,125.14,176.62,899.49,860.6,0.0,0.0,,,,,,,基础化工,化学制品,涂料油墨,12.58,12.33,12.42
sh688129,东来技术,2024-03-04,12.56,12.68,12.23,12.49,12.56,1502781.0,18713125.0,1504780212.0,1504780212.0,28682395.080000002,1356996.1199999992,845810265.47,1519249306.28,673439040.81,20822839.29,718.95,583.61,165.03,255.83,987.34,1031.86,0.0,0.0,,,,,,,基础化工,化学制品,涂料油墨,12.34,12.49,12.26
sh688129,东来技术,2024-03-05,12.7,12.7,12.11,12.16,12.49,814928.0,9994856.0,1465022208.0,1465022208.0,28682395.080000002,1356996.1199999992,845810265.47,1519249306.28,673439040.81,20822839.29,365.56,260.58,53.54,55.79,580.38,683.12,0.0,0.0,,,,,,,基础化工,化学制品,涂料油墨,12.36,12.36,12.31
sh688129,东来技术,2024-03-06,12.13,12.39,11.83,12.37,12.16,1641443.0,19828287.0,1490322756.0,1490322756.0,28682395.080000002,1356996.1199999992,845810265.47,1519249306.28,673439040.81,20822839.29,556.57,827.03,204.89,89.91,1221.37,1065.89,0.0,0.0,,,,,,,基础化工,化学制品,涂料油墨,12.0,12.18,12.15
sh688129,东来技术,2024-03-07,12.39,12.7,12.13,12.24,12.37,1058183.0,13122521.0,1474660511.9999998,1474660511.9999998,28682395.080000002,1356996.1199999992,845810265.47,1519249306.28,673439040.81,20822839.29,541.5,358.46,100.91,91.29,669.84,862.5,0.0,0.0,,,,,,,基础化工,化学制品,涂料油墨,12.41,12.57,12.61
sh688129,东来技术,2024-03-08,12.24,12.45,12.1,12.32,12.24,483139.0,5948675.0,1484298816.0,1484298816.0,28682395.080000002,1356996.1199999992,845810265.47,1519249306.28,673439040.81,20822839.29,167.0,180.37,32.2,31.06,395.67,383.43,0.0,0.0,,,,,,,基础化工,化学制品,涂料油墨,12.24,12.37,12.45
sh688129,东来技术,2024-03-11,12.36,12.75,12.16,12.71,12.32,936425.0,11675613.0,1531285548.0000002,1531285548.0000002,28682395.080000002,1356996.1199999992,845810265.47,1519249306.28,673439040.81,20822839.29,375.72,341.36,99.26,144.48,692.58,681.72,0.0,0.0,,,,,,,基础化工,化学制品,涂料油墨,12.23,12.29,12.32
sh688129,东来技术,2024-03-12,12.71,12.95,12.56,12.83,12.71,918051.0,11726389.0,1545743004.0,1545743004.0,28682395.080000002,1356996.1199999992,845810265.47,1519249306.28,673439040.81,20822839.29,294.73,446.88,120.1,38.67,757.81,687.09,0.0,0.0,,,,,,,基础化工,化学制品,涂料油墨,12.77,12.86,12.89
sh688129,东来技术,2024-03-13,12.86,12.97,12.64,12.82,12.83,646831.0,8291567.0,1544538216.0,1544538216.0,28682395.080000002,1356996.1199999992,845810265.47,1519249306.28,673439040.81,20822839.29,223.51,214.32,25.66,37.06,579.99,577.77,0.0,0.0,,,,,,,基础化工,化学制品,涂料油墨,12.88,12.95,12.86
sh688129,东来技术,2024-03-14,12.9,12.99,12.56,12.77,12.82,451472.0,5770041.0,1538514276.0,1538514276.0,28682395.080000002,1356996.1199999992,845810265.47,1519249306.28,673439040.81,20822839.29,104.58,123.66,0.0,7.03,472.42,446.31,0.0,0.0,,,,,,,基础化工,化学制品,涂料油墨,12.98,12.92,12.83
sh688129,东来技术,2024-03-15,12.77,13.15,12.57,13.05,12.77,719635.0,9308485.0,1572248340.0,1572248340.0,28682395.080000002,1356996.1199999992,845810265.47,1519249306.28,673439040.81,20822839.29,242.43,241.86,131.57,159.69,556.85,529.3,0.0,0.0,,,,,,,基础化工,化学制品,涂料油墨,12.78,12.81,12.82
sh688129,东来技术,2024-03-18,13.3,13.75,13.05,13.68,13.05,1084181.0,14531789.0,1648149984.0,1648149984.0,28682395.080000002,1356996.1199999992,845810265.47,1519249306.28,673439040.81,20822839.29,314.29,538.65,41.34,108.92,1097.55,805.61,0.0,0.0,,,,,,,基础化工,化学制品,涂料油墨,13.25,13.15,13.08
sh688129,东来技术,2024-03-19,13.76,13.88,13.5,13.52,13.68,804914.0,11002303.0,1628873376.0,1628873376.0,28682395.080000002,1356996.1199999992,845810265.47,1519249306.28,673439040.81,20822839.29,289.75,336.58,112.67,220.38,697.82,543.27,0.0,0.0,,,,,,,基础化工,化学制品,涂料油墨,13.75,13.73,13.76
sh688129,东来技术,2024-03-20,13.5,13.69,13.47,13.54,13.52,509790.0,6916826.0,1631282952.0,1631282952.0,28682395.080000002,1356996.1199999992,845810265.47,1519249306.28,673439040.81,20822839.29,184.94,193.16,0.0,20.69,506.74,477.84,0.0,0.0,,,,,,,基础化工,化学制品,涂料油墨,13.59,13.66,13.64
sh688129,东来技术,2024-03-21,13.59,13.78,13.31,13.65,13.54,752162.0,10216374.0,1644535620.0,1644535620.0,28682395.080000002,1356996.1199999992,845810265.47,1519249306.28,673439040.81,20822839.29,326.84,293.4,78.38,47.54,616.42,680.71,0.0,0.0,,,,,,,基础化工,化学制品,涂料油墨,13.78,13.65,13.77
sh688129,东来技术,2024-03-22,13.7,13.7,13.13,13.3,13.65,545499.0,7305518.0,1602368040.0,1602368040.0,28682395.080000002,1356996.1199999992,845810265.47,1519249306.28,673439040.81,20822839.29,185.53,216.98,59.98,29.82,485.04,483.75,0.0,0.0,,,,,,,基础化工,化学制品,涂料油墨,13.62,13.56,13.59
sh688129,东来技术,2024-03-25,13.29,13.34,12.85,12.85,13.3,1071454.0,13971820.0,1548152580.0,1548152580.0,28682395.080000002,1356996.1199999992,845810265.47,1519249306.28,673439040.81,20822839.29,545.02,204.58,24.32,240.65,827.84,951.95,0.0,0.0,,,,,,,基础化工,化学制品,涂料油墨,13.24,13.12,13.01
sh688129,东来技术,2024-03-26,12.88,13.08,12.45,12.73,12.85,1091284.0,13821915.0,1533695124.0,1533695124.0,28682395.080000002,1356996.1199999992,845810265.47,1519249306.28,673439040.81,20822839.29,375.81,365.41,78.3,87.75,928.08,929.03,0.0,0.0,,,,,,,基础化工,化学制品,涂料油墨,12.99,12.99,12.85
sh688129,东来技术,2024-03-27,12.64,12.82,12.35,12.36,12.73,689029.0,8655973.0,1489117968.0,1489117968.0,28682395.080000002,1356996.1199999992,845810265.47,1519249306.28,673439040.81,20822839.29,141.64,206.23,136.66,93.19,587.3,566.18,0.0,0.0,,,,,,,基础化工,化学制品,涂料油墨,12.73,12.67,12.62
sh688129,东来技术,2024-03-28,12.6,13.06,12.34,12.82,12.36,870496.0,11126644.0,1544538216.0,1544538216.0,28682395.080000002,1356996.1199999992,845810265.47,1519249306.28,673439040.81,20822839.29,274.32,293.61,5.2,32.38,833.15,786.68,0.0,0.0,,,,,,,基础化工,化学制品,涂料油墨,12.54,12.62,12.7
sh688129,东来技术,2024-03-29,12.84,13.31,12.84,13.31,12.82,607212.0,7988879.0,1603572827.9999998,1603572827.9999998,28682395.080000002,1356996.1199999992,845810265.47,1519249306.28,673439040.81,20822839.29,80.63,181.88,0.0,0.0,718.26,617.01,0.0,0.0,,,,,,,基础化工,化学制品,涂料油墨,13.2,13.12,13.15
sh688129,东来技术,2024-04-01,13.32,13.95,13.24,13.9,13.31,739686.0,10098614.0,1674655320.0,1674655320.0,28682395.080000002,1356996.1199999992,845810265.47,1519249306.28,673439040.81,20822839.29,204.49,252.08,74.06,33.69,731.31,724.09,0.0,0.0,,,,,,,基础化工,化学制品,涂料油墨,13.57,13.4,13.47
sh688129,东来技术,2024-04-02,13.78,14.1,13.77,13.98,13.9,655803.0,9125155.0,1684293624.0000002,1684293624.0000002,28682395.080000002,1356996.1199999992,845810265.47,1519249306.28,673439040.81,20822839.29,135.8,213.69,93.16,69.62,683.56,629.2,0.0,0.0,,,,,,,基础化工,化学制品,涂料油墨,14.06,14.0,13.96
sh688129,东来技术,2024-04-03,14.13,14.15,13.6,13.91,13.98,585775.0,8112932.0,1675860108.0,1675860108.0,28682395.080000002,1356996.1199999992,845810265.47,1519249306.28,673439040.81,20822839.29,95.49,192.32,76.86,67.32,638.93,551.65,0.0,0.0,,,,,,,基础化工,化学制品,涂料油墨,13.95,13.95,13.79
sh688129,东来技术,2024-04-08,13.84,13.98,13.02,13.1,13.91,808640.0,10827916.0,1578272280.0,1578272280.0,28682395.080000002,1356996.1199999992,845810265.47,1519249306.28,673439040.81,20822839.29,247.13,219.06,22.14,0.0,813.52,863.73,0.0,0.0,,,,,,,基础化工,化学制品,涂料油墨,13.71,13.57,13.56
sh688129,东来技术,2024-04-09,13.09,13.74,13.06,13.68,13.1,622970.0,8398753.0,1648149984.0,1648149984.0,28682395.080000002,1356996.1199999992,845810265.47,1519249306.28,673439040.81,20822839.29,168.53,149.81,0.0,0.0,671.35,690.07,0.0,0.0,,,,,,,基础化工,化学制品,涂料油墨,13.26,13.37,13.27
sh688129,东来技术,2024-04-10,13.75,13.75,13.15,13.41,13.68,643180.0,8581908.0,1615620707.9999998,1615620707.9999998,28682395.080000002,1356996.1199999992,845810265.47,1519249306.28,673439040.81,20822839.29,176.31,85.54,73.61,0.0,608.27,772.65,0.0,0.0,,,,,,,基础化工,化学制品,涂料油墨,13.6,13.42,13.35
sh688129,东来技术,2024-04-11,13.36,13.64,13.13,13.26,13.41,498805.0,6689544.0,1597548887.9999998,1597548887.9999998,28682395.080000002,1356996.1199999992,845810265.47,1519249306.28,673439040.81,20822839.29,169.2,157.31,0.0,4.64,499.76,507.0,0.0,0.0,,,,,,,基础化工,化学制品,涂料油墨,13.34,13.43,13.43
sh688129,东来技术,2024-04-12,13.21,13.43,13.14,13.2,13.26,471973.0,6263627.0,1590320160.0,1590320160.0,28682395.080000002,1356996.1199999992,845810265.47,1519249306.28,673439040.81,20822839.29,223.72,99.19,0.0,0.0,402.65,527.17,0.0,0.0,,,,,,,基础化工,化学制品,涂料油墨,13.37,13.31,13.35
sh688129,东来技术,2024-04-15,12.95,13.17,12.05,12.19,13.2,1497066.0,18572187.0,1468636571.9999998,1468636571.9999998,28682395.080000002,1356996.1199999992,845810265.47,1519249306.28,673439040.81,20822839.29,710.91,485.54,36.47,88.87,1109.84,1282.81,0.0,0.0,,,,,,,基础化工,化学制品,涂料油墨,12.94,12.61,12.19
sh688129,东来技术,2024-04-16,12.01,12.05,11.33,11.42,12.19,1708380.0,19811737.0,1375867896.0,1375867896.0,28682395.080000002,1356996.1199999992,845810265.47,1519249306.28,673439040.81,20822839.29,745.96,506.88,85.6,65.98,1149.61,1408.32,0.0,0.0,,,,,,,基础化工,化学制品,涂料油墨,11.43,11.55,11.4
sh688129,东来技术,2024-04-17,11.58,12.55,11.52,12.39,11.42,1153037.0,14145854.0,1492732331.9999998,1492732331.9999998,28682395.080000002,1356996.1199999992,845810265.47,1519249306.28,673439040.81,20822839.29,338.53,418.12,20.81,47.35,1055.24,949.12,0.0,0.0,,,,,,,基础化工,化学制品,涂料油墨,12.01,12.15,12.2
sh688129,东来技术,2024-04-18,12.39,12.52,12.09,12.33,12.39,698226.0,8601513.0,1485503604.0,1485503604.0,28682395.080000002,1356996.1199999992,845810265.47,1519249306.28,673439040.81,20822839.29,263.0,184.85,35.97,0.0,561.18,675.3,0.0,0.0,,,,,,,基础化工,化学制品,涂料油墨,12.32,12.19,12.29
sh688129,东来技术,2024-04-19,12.33,12.46,12.08,12.2,12.33,658187.0,8031964.0,1469841360.0,1469841360.0,28682395.080000002,1356996.1199999992,845810265.47,1519249306.28,673439040.81,20822839.29,276.34,197.09,56.89,98.96,469.96,507.15,0.0,0.0,,,,,,,基础化工,化学制品,涂料油墨,12.13,12.33,12.39
sh688129,东来技术,2024-04-22,12.2,12.21,11.61,11.95,12.2,623799.0,7449471.0,1439721660.0,1439721660.0,28682395.080000002,1356996.1199999992,845810265.47,1519249306.28,673439040.81,20822839.29,180.44,215.54,24.76,17.65,539.75,511.75,0.0,0.0,,,,,,,基础化工,化学制品,涂料油墨,11.89,11.71,11.96
sh688129,东来技术,2024-04-23,11.95,12.36,11.88,12.19,11.95,682639.0,8325943.0,1468636571.9999998,1468636571.9999998,28682395.080000002,1356996.1199999992,845810265.47,1519249306.28,673439040.81,20822839.29,170.04,201.91,90.83,63.35,571.72,567.33,0.0,0.0,,,,,,,基础化工,化学制品,涂料油墨,12.16,12.16,12.27
sh688129,东来技术,2024-04-24,12.07,12.55,12.0,12.5,12.19,665783.0,8281789.0,1505985000.0,1505985000.0,28682395.080000002,1356996.1199999992,845810265.47,1519249306.28,673439040.81,20822839.29,209.58,191.59,54.83,51.58,563.76,585.01,0.0,0.0,,,,,,,基础化工,化学制品,涂料油墨,12.4,12.49,12.37
sh688129,东来技术,2024-04-25,12.49,13.14,12.46,13.03,12.5,842294.0,10877028.0,1569838764.0,1569838764.0,28682395.080000002,1356996.1199999992,845810265.47,1519249306.28,673439040.81,20822839.29,149.33,313.39,0.0,0.0,938.37,774.32,0.0,0.0,,,,,,,基础化工,化学制品,涂料油墨,12.76,12.77,12.84
sh688129,东来技术,2024-04-26,12.91,13.43,12.7,13.43,13.03,667872.0,8778539.0,1618030284.0,1618030284.0,28682395.080000002,1356996.1199999992,845810265.47,1519249306.28,673439040.81,20822839.29,204.85,192.72,0.0,0.0,673.01,685.14,0.0,0.0,,,,,,,基础化工,化学制品,涂料油墨,12.81,12.84,12.91
sh688129,东来技术,2024-04-29,13.22,13.95,13.22,13.86,13.43,1553582.0,21087278.0,1669836168.0,1669836168.0,28682395.080000002,1356996.1199999992,831739882.9900001,1573848293.4,742108410.41,19982053.35,590.69,349.21,156.01,69.05,1362.03,1690.48,0.0,0.0,,,,,,,基础化工,化学制品,涂料油墨,13.59,13.65,13.45
sh688129,东来技术,2024-04-30,13.86,14.31,13.71,14.1,13.86,1523600.0,21350917.0,1698751080.0,1698751080.0,28682395.080000002,1356996.1199999992,831739882.9900001,1573848293.4,742108410.41,19982053.35,374.21,641.3,105.26,8.63,1655.62,1485.15,0.0,0.0,,,,,,,基础化工,化学制品,涂料油墨,13.78,13.83,13.82
sh688129,东来技术,2024-05-06,14.22,16.2,14.13,15.24,14.1,3252017.0,49446675.0,1836096912.0,1836096912.0,28682395.080000002,1356996.1199999992,831739882.9900001,1573848293.4,742108410.41,19982053.35,1621.5,1627.34,732.01,427.88,2589.07,2889.45,2.08,0.0,,,,,,,基础化工,化学制品,涂料油墨,14.36,14.13,14.38
sh688129,东来技术,2024-05-07,15.28,15.35,14.67,14.96,15.24,2165211.0,32141780.0,1802362848.0,1802362848.0,28682395.080000002,1356996.1199999992,831739882.9900001,1573848293.4,742108410.41,19982053.35,1024.33,710.21,388.2,358.12,1801.65,2051.64,0.0,94.21,,,,,,,基础化工,化学制品,涂料油墨,14.83,14.88,14.9
sh688129,东来技术,2024-05-08,14.87,15.18,14.75,14.94,14.96,1328803.0,19837423.0,1799953272.0,1799953272.0,28682395.080000002,1356996.1199999992,831739882.9900001,1573848293.4,742108410.41,19982053.35,552.61,680.57,154.6,146.42,1276.53,1156.76,0.0,0.0,,,,,,,基础化工,化学制品,涂料油墨,15.07,14.87,14.84
sh688129,东来技术,2024-05-09,15.16,15.56,14.81,15.1,14.94,1088971.0,16490151.0,1819229880.0,1819229880.0,28682395.080000002,1356996.1199999992,831739882.9900001,1573848293.4,742108410.41,19982053.35,512.71,492.54,80.14,12.8,1056.17,1143.68,0.0,0.0,,,,,,,基础化工,化学制品,涂料油墨,15.08,15.19,15.18
sh688129,东来技术,2024-05-10,15.17,15.18,14.62,14.75,15.1,790787.0,11708250.0,1777062300.0,1777062300.0,28682395.080000002,1356996.1199999992,831739882.9900001,1573848293.4,742108410.41,19982053.35,352.97,315.54,56.18,107.1,761.67,748.19,0.0,0.0,,,,,,,基础化工,化学制品,涂料油墨,15.0,15.05,14.88
sh688129,东来技术,2024-05-13,14.75,14.76,14.23,14.32,14.75,805018.0,11599599.0,1725256416.0,1725256416.0,28682395.080000002,1356996.1199999992,831739882.9900001,1573848293.4,742108410.41,19982053.35,338.67,286.06,22.04,273.9,799.24,600.0,0.0,0.0,,,,,,,基础化工,化学制品,涂料油墨,14.32,14.33,14.65
sh688129,东来技术,2024-05-14,14.32,14.55,14.1,14.2,14.32,725234.0,10354544.0,1710798960.0,1710798960.0,28682395.080000002,1356996.1199999992,831739882.9900001,1573848293.4,742108410.41,19982053.35,292.93,247.03,0.0,178.89,742.53,609.54,0.0,0.0,,,,,,,基础化工,化学制品,涂料油墨,14.44,14.44,14.38
sh688129,东来技术,2024-05-15,14.21,14.36,14.0,14.12,14.2,580279.0,8218823.0,1701160656.0,1701160656.0,28682395.080000002,1356996.1199999992,831739882.9900001,1573848293.4,742108410.41,19982053.35,157.72,127.07,47.6,78.05,616.56,616.77,0.0,0.0,,,,,,,基础化工,化学制品,涂料油墨,14.07,14.14,14.25
sh688129,东来技术,2024-05-16,14.18,14.54,14.18,14.31,14.12,692789.0,9972764.0,1724051628.0,1724051628.0,28682395.080000002,1356996.1199999992,831739882.9900001,1573848293.4,742108410.41,19982053.35,139.74,240.94,173.59,68.07,683.96,688.27,0.0,0.0,,,,,,,基础化工,化学制品,涂料油墨,14.34,14.45,14.43
sh688129,东来技术,2024-05-17,14.32,14.48,14.2,14.47,14.31,427231.0,6134262.0,1743328236.0,1743328236.0,28682395.080000002,1356996.1199999992,831739882.9900001,1573848293.4,742108410.41,19982053.35,88.7,76.55,0.0,38.76,524.72,498.12,0.0,0.0,,,,,,,基础化工,化学制品,涂料油墨,14.22,14.36,14.43
sh688129,东来技术,2024-05-20,14.56,14.9,14.44,14.67,14.47,921276.0,13574565.0,1767423996.0,1767423996.0,28682395.080000002,1356996.1199999992,831739882.9900001,1573848293.4,742108410.41,19982053.35,238.69,425.62,22.06,22.91,1096.71,908.93,0.0,0.0,,,,,,,基础化工,化学制品,涂料油墨,14.63,14.76,14.78
sh688129,东来技术,2024-05-21,14.67,14.7,14.3,14.35,14.67,581849.0,8401920.0,1728870780.0,1728870780.0,28682395.080000002,1356996.1199999992,831739882.9900001,1573848293.4,742108410.41,19982053.35,153.79,140.5,0.0,2.86,686.4,696.84,0.0,0.0,,,,,,,基础化工,化学制品,涂料油墨,14.63,14.54,14.54
sh688129,东来技术,2024-05-22,14.6,14.6,14.33,14.45,14.35,467099.0,6743017.0,1740918660.0,1740918660.0,28682395.080000002,1356996.1199999992,831739882.9900001,1573848293.4,742108410.41,19982053.35,151.67,192.88,59.61,0.0,463.02,481.42,0.0,0.0,,,,,,,基础化工,化学制品,涂料油墨,14.45,14.47,14.5
sh688129,东来技术,2024-05-23,14.44,14.48,13.97,14.01,14.45,576845.0,8159031.0,1687907988.0,1687907988.0,28682395.080000002,1356996.1199999992,831739882.9900001,1573848293.4,742108410.41,19982053.35,172.18,162.09,75.73,18.73,568.0,635.08,0.0,0.0,,,,,,,基础化工,化学制品,涂料油墨,14.22,14.31,14.28
sh688129,东来技术,2024-05-24,14.15,14.16,13.82,13.86,14.01,480885.0,6715148.0,1669836168.0,1669836168.0,28682395.080000002,1356996.1199999992,831739882.9900001,1573848293.4,742108410.41,19982053.35,127.56,153.52,69.48,32.93,474.48,485.06,0.0,0.0,,,,,,,基础化工,化学制品,涂料油墨,14.05,14.11,14.08
sh688129,东来技术,2024-05-27,13.94,14.06,13.62,13.99,13.86,466355.0,6431959.0,1685498412.0,1685498412.0,28682395.080000002,1356996.1199999992,831739882.9900001,1573848293.4,742108410.41,19982053.35,135.51,81.78,44.83,37.92,462.86,523.49,0.0,0.0,,,,,,,基础化工,化学制品,涂料油墨,13.82,13.71,13.8
sh688129,东来技术,2024-05-28,13.9,14.19,13.77,13.88,13.99,514333.0,7196728.0,1672245744.0000002,1672245744.0000002,28682395.080000002,1356996.1199999992,831739882.9900001,1573848293.4,742108410.41,19982053.35,129.54,175.35,24.62,0.0,565.51,544.32,0.0,0.0,,,,,,,基础化工,化学制品,涂料油墨,13.89,13.99,14.09
sh688129,东来技术,2024-05-29,14.02,14.18,13.87,14.0,13.88,443893.0,6230253.0,1686703200.0,1686703200.0,28682395.080000002,1356996.1199999992,831739882.9900001,1573848293.4,742108410.41,19982053.35,185.36,94.88,0.0,0.0,437.66,528.14,0.0,0.0,,,,,,,基础化工,化学制品,涂料油墨,14.08,14.05,14.09
sh688129,东来技术,2024-05-30,14.1,14.19,13.83,13.94,14.0,370779.0,5196055.0,1679474472.0,1679474472.0,28682395.080000002,1356996.1199999992,831739882.9900001,1573848293.4,742108410.41,19982053.35,83.28,117.9,0.0,0.0,436.33,401.7,0.0,0.0,,,,,,,基础化工,化学制品,涂料油墨,14.02,14.06,14.14
sh688129,东来技术,2024-05-31,13.88,14.2,13.86,14.09,13.94,378241.0,5323964.0,1697546292.0,1697546292.0,28682395.080000002,1356996.1199999992,831739882.9900001,1573848293.4,742108410.41,19982053.35,112.36,82.72,0.0,0.0,420.04,449.68,0.0,0.0,,,,,,,基础化工,化学制品,涂料油墨,13.92,13.96,14.06
sh688129,东来技术,2024-06-03,13.96,14.07,13.1,13.23,14.09,1552362.0,20882837.0,1593934524.0,1593934524.0,28682395.080000002,1356996.1199999992,831739882.9900001,1573848293.4,742108410.41,19982053.35,371.12,296.14,250.39,167.12,1466.77,1625.03,0.0,0.0,,,,,,,基础化工,化学制品,涂料油墨,13.71,13.71,13.6
sh688129,东来技术,2024-06-04,13.21,13.21,12.76,13.03,13.23,1002931.0,12937872.0,1569838764.0,1569838764.0,28682395.080000002,1356996.1199999992,831739882.9900001,1573848293.4,742108410.41,19982053.35,389.78,111.01,79.49,381.6,824.51,801.18,0.0,0.0,,,,,,,基础化工,化学制品,涂料油墨,13.05,12.84,12.98
sh688129,东来技术,2024-06-05,12.71,12.88,12.52,12.57,13.03,913598.0,11581004.0,1514418516.0,1514418516.0,28682395.080000002,1356996.1199999992,831739882.9900001,1573848293.4,742108410.41,19982053.35,357.77,273.35,0.0,44.95,800.33,839.8,0.0,0.0,,,,,,,基础化工,化学制品,涂料油墨,12.65,12.87,12.76
sh688129,东来技术,2024-06-06,12.7,12.7,11.76,11.89,12.57,1102908.0,13348004.0,1432492931.9999998,1432492931.9999998,28682395.080000002,1356996.1199999992,831739882.9900001,1573848293.4,742108410.41,19982053.35,393.28,254.08,67.31,47.77,874.21,1032.96,0.0,0.0,,,,,,,基础化工,化学制品,涂料油墨,12.59,12.42,12.4
sh688129,东来技术,2024-06-07,12.01,12.53,12.01,12.47,11.89,921187.0,11398059.0,1502370636.0,1502370636.0,28682395.080000002,1356996.1199999992,831739882.9900001,1573848293.4,742108410.41,19982053.35,248.23,305.36,33.48,40.76,858.09,793.69,0.0,0.0,,,,,,,基础化工,化学制品,涂料油墨,12.23,12.45,12.42
sh688129,东来技术,2024-06-11,12.39,12.64,12.14,12.54,12.47,627114.0,7779973.0,1510804152.0,1510804152.0,28682395.080000002,1356996.1199999992,831739882.9900001,1573848293.4,742108410.41,19982053.35,105.46,84.52,0.0,0.0,672.53,693.48,0.0,0.0,,,,,,,基础化工,化学制品,涂料油墨,12.22,12.31,12.25
sh688129,东来技术,2024-06-12,12.56,12.93,12.5,12.85,12.54,668711.0,8558177.0,1548152580.0,1548152580.0,28682395.080000002,1356996.1199999992,831739882.9900001,1573848293.4,742108410.41,19982053.35,163.32,197.3,45.79,0.0,646.71,658.52,0.0,0.0,,,,,,,基础化工,化学制品,涂料油墨,12.66,12.7,12.87
sh688129,东来技术,2024-06-13,12.85,13.21,12.64,12.98,12.85,943906.0,12210915.0,1563814824.0,1563814824.0,28682395.080000002,1356996.1199999992,831739882.9900001,1573848293.4,742108410.41,19982053.35,367.71,386.86,149.27,37.97,704.11,796.26,0.0,0.0,,,,,,,基础化工,化学制品,涂料油墨,12.95,12.84,12.73
sh688129,东来技术,2024-06-14,12.87,12.89,12.6,12.7,12.98,602811.0,7670302.0,1530080760.0,1530080760.0,28682395.080000002,1356996.1199999992,831739882.9900001,1573848293.4,742108410.41,19982053.35,202.4,181.74,22.97,62.29,541.66,523.0,0.0,0.0,,,,,,,基础化工,化学制品,涂料油墨,12.76,12.71,12.82
sh688129,东来技术,2024-06-17,12.66,12.67,12.42,12.48,12.7,508058.0,6378451.0,1503575424.0,1503575424.0,28682395.080000002,1356996.1199999992,831739882.9900001,1573848293.4,742108410.41,19982053.35,156.87,89.13,24.96,6.35,456.01,542.36,0.0,0.0,,,,,,,基础化工,化学制品,涂料油墨,12.54,12.55,12.64
sh688129,东来技术,2024-06-18,12.49,12.74,12.35,12.64,12.48,578375.0,7286186.0,1522852032.0,1522852032.0,28682395.080000002,1356996.1199999992,831739882.9900001,1573848293.4,742108410.41,19982053.35,166.94,87.36,0.27,24.47,561.41,616.79,0.0,0.0,,,,,,,基础化工,化学制品,涂料油墨,12.57,12.56,12.5
sh688129,东来技术,2024-06-19,12.67,12.93,12.57,12.77,12.64,762871.0,9760756.0,1538514276.0,1538514276.0,28682395.080000002,1356996.1199999992,831739882.9900001,1573848293.4,742108410.41,19982053.35,146.57,246.07,36.5,0.0,793.01,730.0,0.0,0.0,,,,,,,基础化工,化学制品,涂料油墨,12.84,12.72,12.66
sh688129,东来技术,2024-06-20,12.82,13.17,12.68,13.0,12.77,1235184.0,15988740.0,1566224400.0,1566224400.0,28682395.080000002,1356996.1199999992,831739882.9900001,1573848293.4,742108410.41,19982053.35,354.44,530.3,145.24,0.0,1099.19,1068.58,0.0,0.0,,,,,,,基础化工,化学制品,涂料油墨,12.84,12.87,12.89
sh688129,东来技术,2024-06-21,12.88,12.88,12.54,12.72,13.0,705992.0,8964178.0,1532490336.0,1532490336.0,28682395.080000002,1356996.1199999992,831739882.9900001,1573848293.4,742108410.41,19982053.35,189.8,143.96,52.32,49.56,654.3,702.89,0.0,0.0,,,,,,,基础化工,化学制品,涂料油墨,12.61,12.64,12.73
sh688129,东来技术,2024-06-24,12.5,12.72,12.04,12.11,12.72,745746.0,9154782.0,1458998268.0,1458998268.0,28682395.080000002,1356996.1199999992,831739882.9900001,1573848293.4,742108410.41,19982053.35,186.68,208.57,0.0,17.95,728.8,688.96,0.0,0.0,,,,,,,基础化工,化学制品,涂料油墨,12.45,12.55,12.38
sh688129,东来技术,2024-06-25,12.11,12.48,12.01,12.22,12.11,626400.0,7670918.0,1472250936.0,1472250936.0,28682395.080000002,1356996.1199999992,831739882.9900001,1573848293.4,742108410.41,19982053.35,89.18,109.33,32.19,32.19,645.73,625.57,0.0,0.0,,,,,,,基础化工,化学制品,涂料油墨,12.27,12.18,12.24
sh688129,东来技术,2024-06-26,12.27,12.79,12.1,12.77,12.22,648599.0,8102737.0,1538514276.0,1538514276.0,28682395.080000002,1356996.1199999992,831739882.9900001,1573848293.4,742108410.41,19982053.35,109.17,135.82,52.27,0.0,648.83,674.45,0.0,0.0,,,,,,,基础化工,化学制品,涂料油墨,12.15,12.2,12.32
sh688129,东来技术,2024-06-27,12.63,12.91,12.39,12.45,12.77,529466.0,6712352.0,1499961060.0,1499961060.0,28682395.080000002,1356996.1199999992,831739882.9900001,1573848293.4,742108410.41,19982053.35,114.18,114.27,0.0,21.17,557.05,535.8,0.0,0.0,,,,,,,基础化工,化学制品,涂料油墨,12.8,12.87,12.81
sh688129,东来技术,2024-06-28,12.45,12.91,12.4,12.49,12.45,557272.0,7061828.0,1504780212.0,1504780212.0,28682395.080000002,1356996.1199999992,831739882.9900001,1573848293.4,742108410.41,19982053.35,111.87,95.28,0.0,0.0,594.31,610.9,0.0,0.0,,,,,,,基础化工,化学制品,涂料油墨,12.63,12.72,12.81
sh688129,东来技术,2024-07-01,12.51,12.66,12.19,12.4,12.49,618263.0,7642954.0,1493937120.0,1493937120.0,28682395.080000002,1356996.1199999992,831739882.9900001,1573848293.4,742108410.41,19982053.35,159.3,167.54,24.44,0.0,580.56,596.75,0.0,0.0,,,,,,,基础化工,化学制品,涂料油墨,12.57,12.26,12.33
sh688129,东来技术,2024-07-02,12.5,12.54,12.34,12.44,12.4,411904.0,5131478.0,1498756272.0,1498756272.0,28682395.080000002,1356996.1199999992,831739882.9900001,1573848293.4,742108410.41,19982053.35,69.97,53.12,0.0,0.0,443.17,460.03,0.0,0.0,,,,,,,基础化工,化学制品,涂料油墨,12.49,12.42,12.46
sh688129,东来技术,2024-07-03,12.44,12.66,12.34,12.44,12.44,553328.0,6912205.0,1498756272.0,1498756272.0,28682395.080000002,1356996.1199999992,831739882.9900001,1573848293.4,742108410.41,19982053.35,96.18,62.81,1.44,0.0,593.6,628.41,0.0,0.0,,,,,,,基础化工,化学制品,涂料油墨,12.51,12.49,12.55
sh688129,东来技术,2024-07-04,12.44,12.45,12.06,12.07,12.44,481352.0,5888322.0,1454179116.0,1454179116.0,28682395.080000002,1356996.1199999992,831739882.9900001,1573848293.4,742108410.41,19982053.35,189.46,129.02,0.0,7.37,399.37,452.44,0.0,0.0,,,,,,,基础化工,化学制品,涂料油墨,12.38,12.33,12.29
sh688129,东来技术,2024-07-05,12.04,12.26,11.96,12.1,12.07,553809.0,6687484.0,1457793480.0,1457793480.0,28682395.080000002,1356996.1199999992,831739882.9900001,1573848293.4,742108410.41,19982053.35,151.86,139.14,0.0,38.03,516.89,491.57,0.0,0.0,,,,,,,基础化工,化学制品,涂料油墨,11.98,12.07,12.06
sh688129,东来技术,2024-07-08,12.0,12.23,11.63,11.73,12.1,554553.0,6566319.0,1413216324.0,1413216324.0,28682395.080000002,1356996.1199999992,831739882.9900001,1573848293.4,742108410.41,19982053.35,134.85,141.51,0.0,0.0,521.78,515.12,0.0,0.0,,,,,,,基础化工,化学制品,涂料油墨,12.08,11.88,11.89
sh688129,东来技术,2024-07-09,11.71,12.03,11.61,12.03,11.73,697348.0,8253599.0,1449359964.0,1449359964.0,28682395.080000002,1356996.1199999992,831739882.9900001,1573848293.4,742108410.41,19982053.35,181.43,48.33,0.0,0.0,643.93,777.03,0.0,0.0,,,,,,,基础化工,化学制品,涂料油墨,11.85,11.89,11.88
sh688129,东来技术,2024-07-10,11.92,12.21,11.76,12.01,12.03,601366.0,7278710.0,1446950388.0,1446950388.0,28682395.080000002,1356996.1199999992,831739882.9900001,1573848293.4,742108410.41,19982053.35,136.44,132.04,0.0,0.0,591.43,595.83,0.0,0.0,,,,,,,基础化工,化学制品,涂料油墨,11.89,12.12,12.1
sh688129,东来技术,2024-07-11,12.12,12.45,12.12,12.42,12.01,523668.0,6456900.0,1496346696.0,1496346696.0,28682395.080000002,1356996.1199999992,831739882.9900001,1573848293.4,742108410.41,19982053.35,156.55,142.54,0.0,0.0,489.14,503.15,0.0,0.0,,,,,,,基础化工,化学制品,涂料油墨,12.19,12.17,12.2
sh688129,东来技术,2024-07-12,12.49,12.54,12.16,12.33,12.42,561986.0,6950898.0,1485503604.0,1485503604.0,28682395.080000002,1356996.1199999992,831739882.9900001,1573848293.4,742108410.41,19982053.35,157.76,104.14,7.59,0.0,529.74,590.95,0.0,0.0,,,,,,,基础化工,化学制品,涂料油墨,12.42,12.45,12.5
sh688129,XD东来技,2024-07-15,12.25,12.25,11.76,11.8,12.14,443952.0,5278115.0,1421649840.0,1421649840.0,28682395.080000002,1356996.1199999992,831739882.9900001,1573848293.4,742108410.41,19982053.35,80.07,126.07,0.0,0.0,447.74,401.74,0.0,0.0,,,,,,,基础化工,化学制品,涂料油墨,12.07,11.96,11.93
sh688129,东来技术,2024-07-16,11.77,11.99,11.69,11.82,11.8,428286.0,5045422.0,1424059416.0,1424059416.0,28682395.080000002,1356996.1199999992,831739882.9900001,1573848293.4,742108410.41,19982053.35,106.21,48.01,22.24,0.0,376.09,456.53,0.0,0.0,,,,,,,基础化工,化学制品,涂料油墨,11.94,11.88,11.78
sh688129,东来技术,2024-07-17,11.74,11.88,11.64,11.69,11.82,344054.0,4032064.0,1408397172.0000002,1408397172.0000002,28682395.080000002,1356996.1199999992,831739882.9900001,1573848293.4,742108410.41,19982053.35,63.53,62.33,27.62,0.0,312.06,340.88,0.0,0.0,,,,,,,基础化工,化学制品,涂料油墨,11.8,11.66,11.66
sh688129,东来技术,2024-07-18,11.65,11.79,11.33,11.68,11.69,382408.0,4432015.0,1407192384.0,1407192384.0,28682395.080000002,1356996.1199999992,831739882.9900001,1573848293.4,742108410.41,19982053.35,57.89,95.56,0.46,0.0,384.85,347.64,0.0,0.0,,,,,,,基础化工,化学制品,涂料油墨,11.53,11.46,11.42
sh688129,东来技术,2024-07-19,11.66,12.02,11.35,11.87,11.68,560865.0,6607949.0,1430083356.0,1430083356.0,28682395.080000002,1356996.1199999992,831739882.9900001,1573848293.4,742108410.41,19982053.35,188.25,102.37,64.13,58.43,408.42,500.0,0.0,0.0,,,,,,,基础化工,化学制品,涂料油墨,11.54,11.56,11.62
sh688129,东来技术,2024-07-22,11.87,12.1,11.65,11.85,11.87,418528.0,4943472.0,1427673780.0,1427673780.0,28682395.080000002,1356996.1199999992,831739882.9900001,1573848293.4,742108410.41,19982053.35,90.74,145.02,0.0,0.0,403.61,349.33,0.0,0.0,,,,,,,基础化工,化学制品,涂料油墨,12.0,11.87,11.88
sh688129,东来技术,2024-07-23,12.05,12.05,11.66,11.66,11.85,402740.0,4735628.0,1404782808.0,1404782808.0,28682395.080000002,1356996.1199999992,831739882.9900001,1573848293.4,742108410.41,19982053.35,114.63,20.49,0.0,0.0,358.94,453.08,0.0,0.0,,,,,,,基础化工,化学制品,涂料油墨,11.8,11.82,11.75
sh688129,东来技术,2024-07-24,11.66,11.71,11.3,11.32,11.66,887158.0,10105303.0,1363820016.0,1363820016.0,28682395.080000002,1356996.1199999992,831739882.9900001,1573848293.4,742108410.41,19982053.35,324.08,206.35,48.85,227.62,535.57,538.79,102.03,37.77,,,,,,,基础化工,化学制品,涂料油墨,11.65,11.48,11.38
sh688129,东来技术,2024-07-25,11.29,11.58,11.24,11.32,11.32,385839.0,4392723.0,1363820016.0,1363820016.0,28682395.080000002,1356996.1199999992,831739882.9900001,1573848293.4,742108410.41,19982053.35,87.8,57.73,2.63,0.0,348.85,381.55,0.0,0.0,,,,,,,基础化工,化学制品,涂料油墨,11.27,11.32,11.35
sh688129,东来技术,2024-07-26,11.32,11.57,11.32,11.49,11.32,352993.0,4048676.0,1384301412.0000002,1384301412.0000002,28682395.080000002,1356996.1199999992,831739882.9900001,1573848293.4,742108410.41,19982053.35,71.99,64.13,0.0,0.0,332.88,340.74,0.0,0.0,,,,,,,基础化工,化学制品,涂料油墨,11.5,11.5,11.51
sh688129,东来技术,2024-07-29,11.49,11.54,11.35,11.41,11.49,331115.0,3778590.0,1374663108.0,1374663108.0,28682395.080000002,1356996.1199999992,831739882.9900001,1573848293.4,742108410.41,19982053.35,142.73,60.63,0.0,21.07,235.12,296.16,0.0,0.0,,,,,,,基础化工,化学制品,涂料油墨,11.36,11.37,11.39
sh688129,东来技术,2024-07-30,11.42,11.57,11.29,11.48,11.41,269369.0,3086495.0,1383096624.0,1383096624.0,28682395.080000002,1356996.1199999992,831739882.9900001,1573848293.4,742108410.41,19982053.35,20.89,39.38,0.0,0.0,287.76,269.27,0.0,0.0,,,,,,,基础化工,化学制品,涂料油墨,11.37,11.41,11.37
sh688129,东来技术,2024-07-31,11.52,11.97,11.47,11.94,11.48,544935.0,6420925.0,1438516871.9999998,1438516871.9999998,28682395.080000002,1356996.1199999992,831739882.9900001,1573848293.4,742108410.41,19982053.35,160.72,234.99,22.96,0.0,458.41,407.1,0.0,0.0,,,,,,,基础化工,化学制品,涂料油墨,11.49,11.58,11.6
sh688129,东来技术,2024-08-01,11.98,12.2,11.89,12.03,11.94,529881.0,6357558.0,1449359964.0,1449359964.0,28682395.080000002,1356996.1199999992,831739882.9900001,1573848293.4,742108410.41,19982053.35,128.26,112.9,56.76,88.09,450.73,434.77,0.0,0.0,,,,,,,基础化工,化学制品,涂料油墨,12.03,11.97,12.02
sh688129,东来技术,2024-08-02,12.05,12.1,11.75,11.81,12.03,514098.0,6137914.0,1422854628.0,1422854628.0,28682395.080000002,1356996.1199999992,831739882.9900001,1573848293.4,742108410.41,19982053.35,199.97,109.49,68.58,61.94,345.24,442.37,0.0,0.0,,,,,,,基础化工,化学制品,涂料油墨,11.94,11.91,12.0
sh688129,东来技术,2024-08-05,11.76,12.17,11.76,11.81,11.81,685121.0,8186047.0,1422854628.0,1422854628.0,28682395.080000002,1356996.1199999992,831739882.9900001,1573848293.4,742108410.41,19982053.35,179.34,164.07,87.19,9.0,552.08,645.54,0.0,0.0,,,,,,,基础化工,化学制品,涂料油墨,11.96,11.98,11.95
sh688129,东来技术,2024-08-06,11.97,12.03,11.79,11.98,11.81,394020.0,4696912.0,1443336024.0,1443336024.0,28682395.080000002,1356996.1199999992,831739882.9900001,1573848293.4,742108410.41,19982053.35,115.41,120.21,0.0,0.0,354.28,349.48,0.0,0.0,,,,,,,基础化工,化学制品,涂料油墨,11.9,11.92,11.91
sh688129,东来技术,2024-08-07,11.85,12.08,11.82,12.03,11.98,370154.0,4442384.0,1449359964.0,1449359964.0,28682395.080000002,1356996.1199999992,831739882.9900001,1573848293.4,742108410.41,19982053.35,138.23,95.74,0.0,0.0,306.01,348.5,0.0,0.0,,,,,,,基础化工,化学制品,涂料油墨,11.98,11.99,11.99
sh688129,东来技术,2024-08-08,12.01,12.07,11.77,11.98,12.03,279569.0,3336863.0,1443336024.0,1443336024.0,28682395.080000002,1356996.1199999992,831739882.9900001,1573848293.4,742108410.41,19982053.35,109.4,57.96,16.37,0.0,207.91,275.73,0.0,0.0,,,,,,,基础化工,化学制品,涂料油墨,11.9,11.89,11.87
sh688129,东来技术,2024-08-09,12.0,12.11,11.85,11.85,11.98,267645.0,3197389.0,1427673780.0,1427673780.0,28682395.080000002,1356996.1199999992,831739882.9900001,1573848293.4,742108410.41,19982053.35,114.34,76.5,0.0,0.0,205.4,243.24,0.0,0.0,,,,,,,基础化工,化学制品,涂料油墨,12.03,12.04,11.96
sh688129,东来技术,2024-08-12,11.8,12.02,11.75,11.96,11.85,254330.0,3035322.0,1440926448.0,1440926448.0,28682395.080000002,1356996.1199999992,831739882.9900001,1573848293.4,742108410.41,19982053.35,104.82,55.87,0.0,21.21,198.71,226.45,0.0,0.0,,,,,,,基础化工,化学制品,涂料油墨,11.88,11.87,11.98
sh688129,东来技术,2024-08-13,12.03,12.28,11.92,12.2,11.96,448689.0,5437823.0,1469841360.0,1469841360.0,28682395.080000002,1356996.1199999992,831739882.9900001,1573848293.4,742108410.41,19982053.35,136.53,127.62,16.8,0.0,390.45,416.16,0.0,0.0,,,,,,,基础化工,化学制品,涂料油墨,12.0,12.06,11.93
sh688129,东来技术,2024-08-14,12.13,12.33,12.13,12.15,12.2,266755.0,3261839.0,1463817420.0,1463817420.0,28682395.080000002,1356996.1199999992,831739882.9900001,1573848293.4,742108410.41,19982053.35,87.23,62.98,0.0,0.0,238.96,263.21,0.0,0.0,,,,,,,基础化工,化学制品,涂料油墨,12.22,12.22,12.23
sh688129,东来技术,2024-08-15,12.14,12.28,11.94,12.18,12.15,286924.0,3480901.0,1467431784.0,1467431784.0,28682395.080000002,1356996.1199999992,831739882.9900001,1573848293.4,742108410.41,19982053.35,55.07,71.81,21.49,0.0,271.53,276.28,0.0,0.0,,,,,,,基础化工,化学制品,涂料油墨,12.13,11.96,12.01
sh688129,东来技术,2024-08-16,12.17,12.17,11.87,11.98,12.18,337076.0,4048242.0,1443336024.0,1443336024.0,28682395.080000002,1356996.1199999992,831739882.9900001,1573848293.4,742108410.41,19982053.35,156.5,129.68,12.27,0.0,236.05,275.14,0.0,0.0,,,,,,,基础化工,化学制品,涂料油墨,12.09,12.05,12.05
sh688129,东来技术,2024-08-19,11.98,12.1,11.79,11.98,11.98,195086.0,2338740.0,1443336024.0,1443336024.0,28682395.080000002,1356996.1199999992,831739882.9900001,1573848293.4,742108410.41,19982053.35,64.34,45.35,0.0,0.0,169.54,188.53,0.0,0.0,,,,,,,基础化工,化学制品,涂料油墨,11.86,12.0,12.08
sh688129,东来技术,2024-08-20,12.07,12.07,11.64,11.74,11.98,251717.0,2975815.0,1414421112.0000002,1414421112.0000002,28682395.080000002,1356996.1199999992,831739882.9900001,1573848293.4,742108410.41,19982053.35,80.57,47.96,0.0,0.0,217.01,249.62,0.0,0.0,,,,,,,基础化工,化学制品,涂料油墨,11.87,11.98,11.9
sh688129,东来技术,2024-08-21,11.63,11.91,11.63,11.82,11.74,243951.0,2883842.0,1424059416.0,1424059416.0,28682395.080000002,1356996.1199999992,831739882.9900001,1573848293.4,742108410.41,19982053.35,72.53,84.54,0.0,0.0,215.85,203.84,0.0,0.0,,,,,,,基础化工,化学制品,涂料油墨,11.76,11.74,11.83
sh688129,东来技术,2024-08-22,11.82,11.95,11.64,11.83,11.82,236018.0,2798106.0,1425264204.0,1425264204.0,28682395.080000002,1356996.1199999992,831739882.9900001,1573848293.4,742108410.41,19982053.35,54.39,64.24,0.0,0.0,225.42,215.57,0.0,0.0,,,,,,,基础化工,化学制品,涂料油墨,11.92,11.84,11.9
sh688129,东来技术,2024-08-23,11.86,11.94,11.63,11.91,11.83,269129.0,3180813.0,1434902508.0,1434902508.0,28682395.080000002,1356996.1199999992,831739882.9900001,1573848293.4,742108410.41,19982053.35,29.72,77.26,0.0,0.0,288.36,240.82,0.0,0.0,,,,,,,基础化工,化学制品,涂料油墨,11.74,11.85,11.78
sh688129,东来技术,2024-08-26,11.82,12.1,11.81,11.98,11.91,437206.0,5219645.0,1443336024.0,1443336024.0,28682395.080000002,1356996.1199999992,831739882.9900001,1573848293.4,742108410.41,19982053.35,67.86,83.23,89.54,0.0,362.08,438.73,2.48,0.0,,,,,,,基础化工,化学制品,涂料油墨,11.89,11.9,11.96
sh688129,东来技术,2024-08-27,12.1,12.35,11.91,12.27,11.98,613502.0,7421235.0,1478274876.0,1478274876.0,28682395.080000002,1356996.1199999992,831739882.9900001,1573848293.4,742108410.41,19982053.35,271.56,206.11,14.85,52.72,455.72,483.3,0.0,0.0,,,,,,,基础化工,化学制品,涂料油墨,11.96,12.06,12.05
sh688129,东来技术,2024-08-28,12.01,12.13,11.78,11.89,12.27,844875.0,10085716.0,1432492931.9999998,1432492931.9999998,28682395.080000002,1356996.1199999992,819888213.5600001,1576291472.48,756403258.92,16418119.049999997,328.41,326.23,102.86,12.59,577.31,669.75,0.0,0.0,,,,,,,基础化工,化学制品,涂料油墨,11.83,11.81,11.9
sh688129,东来技术,2024-08-29,11.89,12.3,11.71,12.21,11.89,605372.0,7286048.0,1471046148.0,1471046148.0,28682395.080000002,1356996.1199999992,819888213.5600001,1576291472.48,756403258.92,16418119.049999997,175.21,151.67,27.87,23.09,525.52,553.85,0.0,0.0,,,,,,,基础化工,化学制品,涂料油墨,11.82,11.78,11.9
sh688129,东来技术,2024-08-30,12.3,12.43,12.15,12.36,12.21,684594.0,8454514.0,1489117968.0,1489117968.0,28682395.080000002,1356996.1199999992,819888213.5600001,1576291472.48,756403258.92,16418119.049999997,205.24,222.33,114.31,77.73,525.9,545.4,0.0,0.0,,,,,,,基础化工,化学制品,涂料油墨,12.18,12.24,12.36
sh688129,东来技术,2024-09-02,12.31,12.48,12.06,12.08,12.36,371799.0,4542808.0,1455383904.0,1455383904.0,28682395.080000002,1356996.1199999992,819888213.5600001,1576291472.48,756403258.92,16418119.049999997,121.13,85.85,0.0,0.0,333.15,368.43,0.0,0.0,,,,,,,基础化工,化学制品,涂料油墨,12.46,12.31,12.32
sh688129,东来技术,2024-09-03,12.09,12.35,12.01,12.15,12.08,382788.0,4664344.0,1463817420.0,1463817420.0,28682395.080000002,1356996.1199999992,819888213.5600001,1576291472.48,756403258.92,16418119.049999997,102.9,100.39,22.96,0.0,340.57,366.04,0.0,0.0,,,,,,,基础化工,化学制品,涂料油墨,12.1,12.18,12.23
sh688129,东来技术,2024-09-04,12.15,12.23,12.0,12.11,12.15,297167.0,3598482.0,1458998268.0,1458998268.0,28682395.080000002,1356996.1199999992,819888213.5600001,1576291472.48,756403258.92,16418119.049999997,106.86,69.02,0.0,26.66,252.99,264.16,0.0,0.0,,,,,,,基础化工,化学制品,涂料油墨,12.13,12.17,12.16
sh688129,东来技术,2024-09-05,12.22,12.32,12.06,12.16,12.11,238641.0,2901233.0,1465022208.0,1465022208.0,28682395.080000002,1356996.1199999992,819888213.5600001,1576291472.48,756403258.92,16418119.049999997,94.84,103.21,0.0,0.0,195.28,186.91,0.0,0.0,,,,,,,基础化工,化学制品,涂料油墨,12.29,12.11,12.17
sh688129,东来技术,2024-09-06,12.22,12.22,11.68,11.72,12.16,474775.0,5633743.0,1412011536.0,1412011536.0,28682395.080000002,1356996.1199999992,819888213.5600001,1576291472.48,756403258.92,16418119.049999997,147.22,136.82,98.29,26.95,317.86,399.6,0.0,0.0,,,,,,,基础化工,化学制品,涂料油墨,12.1,12.03,12.0
sh688129,东来技术,2024-09-09,11.63,11.78,11.54,11.59,11.72,292662.0,3406916.0,1396349292.0000002,1396349292.0000002,28682395.080000002,1356996.1199999992,819888213.5600001,1576291472.48,756403258.92,16418119.049999997,46.22,58.43,22.56,22.56,271.91,259.7,0.0,0.0,,,,,,,基础化工,化学制品,涂料油墨,11.63,11.64,11.69
sh688129,东来技术,2024-09-10,11.87,11.87,11.5,11.69,11.59,266994.0,3105991.0,1408397172.0000002,1408397172.0000002,28682395.080000002,1356996.1199999992,819888213.5600001,1576291472.48,756403258.92,16418119.049999997,60.84,44.99,0.0,0.0,249.76,265.61,0.0,0.0,,,,,,,基础化工,化学制品,涂料油墨,11.7,11.67,11.6
sh688129,东来技术,2024-09-11,11.69,11.74,11.49,11.54,11.69,309120.0,3580215.0,1390325352.0000002,1390325352.0000002,28682395.080000002,1356996.1199999992,819888213.5600001,1576291472.48,756403258.92,16418119.049999997,51.66,77.19,27.6,19.89,278.76,260.94,0.0,0.0,,,,,,,基础化工,化学制品,涂料油墨,11.64,11.63,11.61
sh688129,东来技术,2024-09-12,11.52,11.69,11.47,11.52,11.54,208174.0,2407023.0,1387915776.0,1387915776.0,28682395.080000002,1356996.1199999992,819888213.5600001,1576291472.48,756403258.92,16418119.049999997,24.52,12.74,0.0,0.0,216.18,227.96,0.0,0.0,,,,,,,基础化工,化学制品,涂料油墨,11.59,11.65,11.65
sh688129,东来技术,2024-09-13,11.5,11.63,11.32,11.32,11.52,346523.0,3951038.0,1363820016.0,1363820016.0,28682395.080000002,1356996.1199999992,819888213.5600001,1576291472.48,756403258.92,16418119.049999997,120.0,122.83,0.0,0.0,275.1,272.27,0.0,0.0,,,,,,,基础化工,化学制品,涂料油墨,11.51,11.5,11.46
sh688129,东来技术,2024-09-18,11.43,11.45,11.0,11.15,11.32,377280.0,4205484.0,1343338620.0,1343338620.0,28682395.080000002,1356996.1199999992,819888213.5600001,1576291472.48,756403258.92,16418119.049999997,54.11,105.5,0.0,0.0,366.44,315.05,0.0,0.0,,,,,,,基础化工,化学制品,涂料油墨,11.35,11.27,11.25
sh688129,东来技术,2024-09-19,11.16,11.5,11.1,11.38,11.15,454132.0,5146049.0,1371048744.0,1371048744.0,28682395.080000002,1356996.1199999992,819888213.5600001,1576291472.48,756403258.92,16418119.049999997,152.79,130.2,0.0,30.25,361.81,354.16,0.0,0.0,,,,,,,基础化工,化学制品,涂料油墨,11.27,11.16,11.15
sh688129,东来技术,2024-09-20,11.23,11.42,11.2,11.28,11.38,312067.0,3513220.0,1359000864.0,1359000864.0,28682395.080000002,1356996.1199999992,819888213.5600001,1576291472.48,756403258.92,16418119.049999997,85.98,58.87,0.0,21.87,265.34,270.57,0.0,0.0,,,,,,,基础化工,化学制品,涂料油墨,11.42,11.36,11.28
sh688129,东来技术,2024-09-23,11.29,11.39,11.19,11.27,11.28,177846.0,2010506.0,1357796076.0,1357796076.0,28682395.080000002,1356996.1199999992,819888213.5600001,1576291472.48,756403258.92,16418119.049999997,33.34,66.05,20.03,0.0,147.68,135.0,0.0,0.0,,,,,,,基础化工,化学制品,涂料油墨,11.25,11.35,11.32
sh688129,东来技术,2024-09-24,11.34,11.74,11.26,11.7,11.27,511103.0,5898140.0,1409601960.0,1409601960.0,28682395.080000002,1356996.1199999992,819888213.5600001,1576291472.48,756403258.92,16418119.049999997,180.83,93.07,0.0,71.69,408.98,425.05,0.0,0.0,,,,,,,基础化工,化学制品,涂料油墨,11.35,11.38,11.32
sh688129,东来技术,2024-09-25,11.82,12.05,11.71,11.78,11.7,564571.0,6710134.0,1419240264.0,1419240264.0,28682395.080000002,1356996.1199999992,819888213.5600001,1576291472.48,756403258.92,16418119.049999997,191.98,195.26,104.65,81.52,374.38,394.24,0.0,0.0,,,,,,,基础化工,化学制品,涂料油墨,11.83,11.91,11.93
sh688129,东来技术,2024-09-26,11.73,12.07,11.66,12.06,11.78,540055.0,6451059.0,1452974328.0,1452974328.0,28682395.080000002,1356996.1199999992,819888213.5600001,1576291472.48,756403258.92,16418119.049999997,263.82,207.88,0.0,48.81,381.29,388.42,0.0,0.0,,,,,,,基础化工,化学制品,涂料油墨,11.84,11.76,11.91
sh688129,东来技术,2024-09-27,12.2,12.69,12.11,12.64,12.06,487046.0,6062775.0,1522852032.0,1522852032.0,28682395.080000002,1356996.1199999992,819888213.5600001,1576291472.48,756403258.92,16418119.049999997,274.42,209.79,96.11,80.83,235.75,315.66,0.0,0.0,,,,,,,基础化工,化学制品,涂料油墨,12.23,12.26,12.42
sh688129,东来技术,2024-09-30,13.0,14.3,12.83,14.1,12.64,2513738.0,34023147.0,1698751080.0,1698751080.0,28682395.080000002,1356996.1199999992,819888213.5600001,1576291472.48,756403258.92,16418119.049999997,1639.19,1560.6,504.88,560.5,1258.25,1281.21,0.0,0.0,,,,,,,基础化工,化学制品,涂料油墨,13.26,13.2,12.97
sh688129,东来技术,2024-10-08,16.0,16.54,14.29,15.47,14.1,3538430.0,54505993.0,1863807036.0,1863807036.0,28682395.080000002,1356996.1199999992,819888213.5600001,1576291472.48,756403258.92,16418119.049999997,2324.14,2437.22,1402.85,1291.22,1723.62,1722.16,0.0,0.0,,,,,,,基础化工,化学制品,涂料油墨,16.04,15.48,15.55
sh688129,东来技术,2024-10-09,14.81,15.1,14.02,14.02,15.47,1902677.0,27657994.0,1689112776.0,1689112776.0,28682395.080000002,1356996.1199999992,819888213.5600001,1576291472.48,756403258.92,16418119.049999997,1053.31,1008.84,258.44,448.14,1454.05,1308.82,0.0,0.0,,,,,,,基础化工,化学制品,涂料油墨,14.91,14.93,14.88
sh688129,东来技术,2024-10-10,14.23,14.38,13.72,14.04,14.02,1109624.0,15667296.0,1691522352.0,1691522352.0,28682395.080000002,1356996.1199999992,819888213.5600001,1576291472.48,756403258.92,16418119.049999997,551.31,551.52,161.68,135.03,813.14,880.18,40.6,0.0,,,,,,,基础化工,化学制品,涂料油墨,14.02,14.23,14.06
sh688129,东来技术,2024-10-11,14.04,14.15,13.24,13.32,14.04,1253565.0,16934708.0,1604777616.0,1604777616.0,28682395.080000002,1356996.1199999992,819888213.5600001,1576291472.48,756403258.92,16418119.049999997,660.09,459.59,146.05,205.77,887.33,896.08,0.0,132.03,,,,,,,基础化工,化学制品,涂料油墨,13.96,13.85,13.74
sh688129,东来技术,2024-10-14,13.28,13.87,13.2,13.73,13.32,937844.0,12714288.0,1654173924.0,1654173924.0,28682395.080000002,1356996.1199999992,819888213.5600001,1576291472.48,756403258.92,16418119.049999997,245.48,431.23,143.36,125.25,882.59,714.95,0.0,0.0,,,,,,,基础化工,化学制品,涂料油墨,13.33,13.24,13.3
sh688129,东来技术,2024-10-15,13.8,13.82,13.29,13.3,13.73,848956.0,11519207.0,1602368040.0,1602368040.0,28682395.080000002,1356996.1199999992,819888213.5600001,1576291472.48,756403258.92,16418119.049999997,426.83,298.02,41.25,225.03,683.84,628.88,0.0,0.0,,,,,,,基础化工,化学制品,涂料油墨,13.62,13.77,13.67
sh688129,东来技术,2024-10-16,13.26,13.42,13.05,13.34,13.3,543276.0,7233628.0,1607187192.0,1607187192.0,28682395.080000002,1356996.1199999992,819888213.5600001,1576291472.48,756403258.92,16418119.049999997,217.86,261.83,0.0,33.66,505.51,427.88,0.0,0.0,,,,,,,基础化工,化学制品,涂料油墨,13.32,13.42,13.33
sh688129,东来技术,2024-10-17,13.41,13.61,13.27,13.28,13.34,453210.0,6076782.0,1599958464.0,1599958464.0,28682395.080000002,1356996.1199999992,819888213.5600001,1576291472.48,756403258.92,16418119.049999997,243.09,167.74,0.0,22.99,364.59,416.94,0.0,0.0,,,,,,,基础化工,化学制品,涂料油墨,13.48,13.45,13.44
sh688129,东来技术,2024-10-18,13.28,13.94,13.25,13.79,13.28,929184.0,12624988.0,1661402652.0,1661402652.0,28682395.080000002,1356996.1199999992,819888213.5600001,1576291472.48,756403258.92,16418119.049999997,451.89,504.78,132.12,53.46,678.49,704.26,0.0,0.0,,,,,,,基础化工,化学制品,涂料油墨,13.34,13.35,13.32
sh688129,东来技术,2024-10-21,13.99,14.2,13.67,14.04,13.79,1218323.0,17012933.0,1691522352.0,1691522352.0,28682395.080000002,1356996.1199999992,819888213.5600001,1576291472.48,756403258.92,16418119.049999997,576.99,533.06,145.01,378.22,979.29,790.01,0.0,0.0,,,,,,,基础化工,化学制品,涂料油墨,14.1,13.8,13.79
sh688129,东来技术,2024-10-22,14.0,14.23,13.92,14.14,14.04,729120.0,10264650.0,1703570232.0,1703570232.0,28682395.080000002,1356996.1199999992,819888213.5600001,1576291472.48,756403258.92,16418119.049999997,333.89,326.63,116.69,124.96,575.89,574.87,0.0,0.0,,,,,,,基础化工,化学制品,涂料油墨,14.19,14.03,14.1
sh688129,东来技术,2024-10-23,14.29,14.46,14.07,14.37,14.14,1022573.0,14654282.0,1731280356.0,1731280356.0,28682395.080000002,1356996.1199999992,819888213.5600001,1576291472.48,756403258.92,16418119.049999997,418.61,470.16,235.19,99.27,811.62,896.0,0.0,0.0,,,,,,,基础化工,化学制品,涂料油墨,14.29,14.17,14.19
sh688129,东来技术,2024-10-24,14.47,14.56,14.18,14.27,14.37,661711.0,9460229.0,1719232476.0,1719232476.0,28682395.080000002,1356996.1199999992,819888213.5600001,1576291472.48,756403258.92,16418119.049999997,300.28,306.68,54.05,81.1,489.09,558.24,102.6,0.0,,,,,,,基础化工,化学制品,涂料油墨,14.34,14.36,14.37
sh688129,东来技术,2024-10-25,14.27,14.75,14.2,14.75,14.27,815597.0,11880491.0,1777062300.0,1777062300.0,28682395.080000002,1356996.1199999992,819888213.5600001,1576291472.48,756403258.92,16418119.049999997,397.98,496.8,76.93,61.13,713.14,630.12,0.0,0.0,,,,,,,基础化工,化学制品,涂料油墨,14.35,14.37,14.37
sh688129,东来技术,2024-10-28,14.86,16.03,14.77,15.69,14.75,2090425.0,32472843.0,1890312372.0,1890312372.0,28682395.080000002,1356996.1199999992,819888213.5600001,1576291472.48,756403258.92,16418119.049999997,1044.71,1322.81,753.07,490.34,1449.5,1434.14,0.0,0.0,,,,,,,基础化工,化学制品,涂料油墨,14.9,14.88,14.94
sh688129,东来技术,2024-10-29,15.52,15.85,14.85,15.0,15.69,2249640.0,34125128.0,1807182000.0,1807182000.0,88126298.35000001,20090099.959999997,849145705.69,1598942861.47,749797155.78,28635453.43,1423.8,1140.94,270.34,513.76,1718.37,1757.81,0.0,0.0,,,,,,,基础化工,化学制品,涂料油墨,15.64,15.28,15.23
sh688129,东来技术,2024-10-30,14.88,15.25,14.81,14.93,15.0,912593.0,13649744.0,1798748483.9999998,1798748483.9999998,88126298.35000001,20090099.959999997,849145705.69,1598942861.47,749797155.78,28635453.43,422.9,398.59,229.98,156.05,712.09,810.34,0.0,0.0,,,,,,,基础化工,化学制品,涂料油墨,15.08,15.05,15.17
sh688129,东来技术,2024-10-31,15.08,15.28,14.85,15.2,14.93,1281203.0,19387455.0,1831277760.0,1831277760.0,88126298.35000001,20090099.959999997,849145705.69,1598942861.47,749797155.78,28635453.43,772.44,550.02,200.65,506.2,965.66,772.68,0.0,109.84,,,,,,,基础化工,化学制品,涂料油墨,14.97,14.95,15.05
sh688129,东来技术,2024-11-01,15.2,15.39,14.78,15.0,15.2,1116862.0,16849378.0,1807182000.0,1807182000.0,88126298.35000001,20090099.959999997,849145705.69,1598942861.47,749797155.78,28635453.43,381.44,439.21,318.76,272.57,984.74,973.16,0.0,0.0,,,,,,,基础化工,化学制品,涂料油墨,15.32,15.12,15.06
sh688129,东来技术,2024-11-04,15.2,15.48,14.9,15.41,15.0,794077.0,12083445.0,1856578308.0,1856578308.0,88126298.35000001,20090099.959999997,849145705.69,1598942861.47,749797155.78,28635453.43,327.5,387.14,150.56,91.1,730.28,730.1,0.0,0.0,,,,,,,基础化工,化学制品,涂料油墨,15.04,15.22,15.1
sh688129,东来技术,2024-11-05,15.35,15.66,15.26,15.58,15.41,1196721.0,18566113.0,1877059704.0,1877059704.0,88126298.35000001,20090099.959999997,849145705.69,1598942861.47,749797155.78,28635453.43,615.14,634.07,185.07,279.43,1056.4,943.11,0.0,0.0,,,,,,,基础化工,化学制品,涂料油墨,15.41,15.46,15.64
sh688129,东来技术,2024-11-06,15.6,15.75,15.39,15.45,15.58,927658.0,14463954.0,1861397460.0,1861397460.0,88126298.35000001,20090099.959999997,849145705.69,1598942861.47,749797155.78,28635453.43,426.94,434.98,69.82,217.64,949.63,793.78,0.0,0.0,,,,,,,基础化工,化学制品,涂料油墨,15.65,15.6,15.62
sh688129,东来技术,2024-11-07,15.4,15.78,15.39,15.75,15.45,718127.0,11245897.0,1897541100.0,1897541100.0,88126298.35000001,20090099.959999997,849145705.69,1598942861.47,749797155.78,28635453.43,367.04,403.56,69.72,106.35,687.83,614.68,0.0,0.0,,,,,,,基础化工,化学制品,涂料油墨,15.49,15.6,15.59
sh688129,东来技术,2024-11-08,15.88,16.12,15.7,15.92,15.75,1018247.0,16209945.0,1918022496.0,1918022496.0,88126298.35000001,20090099.959999997,849145705.69,1598942861.47,749797155.78,28635453.43,454.88,370.18,291.58,227.37,874.54,1023.45,0.0,0.0,,,,,,,基础化工,化学制品,涂料油墨,15.8,15.8,15.95
sh688129,东来技术,2024-11-11,15.92,16.45,15.81,16.45,15.92,1231652.0,20017481.0,1981876260.0,1981876260.0,88126298.35000001,20090099.959999997,849145705.69,1598942861.47,749797155.78,28635453.43,628.74,658.44,348.17,437.68,1024.84,905.63,0.0,0.0,,,,,,,基础化工,化学制品,涂料油墨,15.99,16.1,16.25
sh688129,东来技术,2024-11-12,16.58,17.15,16.27,16.53,16.45,2295466.0,38664118.0,1991514564.0,1991514564.0,88126298.35000001,20090099.959999997,849145705.69,1598942861.47,749797155.78,28635453.43,1447.03,1354.21,440.63,478.02,1978.75,2034.18,0.0,0.0,,,,,,,基础化工,化学制品,涂料油墨,16.31,16.37,16.62
sh688129,东来技术,2024-11-13,16.59,17.63,16.48,17.53,16.53,2056470.0,35369201.0,2111993364.0,2111993364.0,88126298.35000001,20090099.959999997,849145705.69,1598942861.47,749797155.78,28635453.43,1261.61,1504.03,494.61,508.2,1653.68,1524.68,127.02,0.0,,,,,,,基础化工,化学制品,涂料油墨,16.59,16.78,17.02
sh688129,东来技术,2024-11-14,17.55,17.71,16.67,16.67,17.53,1877435.0,31790309.0,2008381596.0,2008381596.0,88126298.35000001,20090099.959999997,849145705.69,1598942861.47,749797155.78,28635453.43,1492.29,1057.39,188.43,366.27,1498.31,1638.06,0.0,117.32,,,,,,,基础化工,化学制品,涂料油墨,17.18,17.12,17.18
sh688129,东来技术,2024-11-15,16.57,16.83,15.84,15.97,16.67,1533047.0,24994902.0,1924046436.0,1924046436.0,88126298.35000001,20090099.959999997,849145705.69,1598942861.47,749797155.78,28635453.43,917.68,952.09,170.45,408.01,1411.36,1139.39,0.0,0.0,,,,,,,基础化工,化学制品,涂料油墨,16.68,16.59,16.74
sh688129,东来技术,2024-11-18,15.99,16.19,15.38,15.55,15.97,1148424.0,17962323.0,1873445340.0,1873445340.0,88126298.35000001,20090099.959999997,849145705.69,1598942861.47,749797155.78,28635453.43,601.58,476.6,93.22,155.85,1101.43,1163.78,0.0,0.0,,,,,,,基础化工,化学制品,涂料油墨,15.81,15.69,15.64
sh688129,东来技术,2024-11-19,15.55,15.71,15.18,15.64,15.55,1323590.0,20471183.0,1884288432.0,1884288432.0,88126298.35000001,20090099.959999997,849145705.69,1598942861.47,749797155.78,28635453.43,680.22,590.39,287.52,177.87,1059.57,1278.86,19.8,0.0,,,,,,,基础化工,化学制品,涂料油墨,15.58,15.61,15.6
sh688129,东来技术,2024-11-20,15.7,16.12,15.59,16.0,15.64,753628.0,11990872.0,1927660800.0,1927660800.0,88126298.35000001,20090099.959999997,849145705.69,1598942861.47,749797155.78,28635453.43,483.62,384.93,56.83,129.46,658.64,684.69,0.0,0.0,,,,,,,基础化工,化学制品,涂料油墨,15.8,15.84,15.8
sh688129,东来技术,2024-11-21,16.0,16.23,15.77,16.0,16.0,674948.0,10809335.0,1927660800.0,1927660800.0,88126298.35000001,20090099.959999997,849145705.69,1598942861.47,749797155.78,28635453.43,315.64,334.6,55.77,93.52,709.53,652.81,0.0,0.0,,,,,,,基础化工,化学制品,涂料油墨,16.09,16.21,16.05
sh688129,东来技术,2024-11-22,16.1,16.13,15.19,15.21,16.0,819130.0,12849772.0,1832482548.0,1832482548.0,88126298.35000001,20090099.959999997,849145705.69,1598942861.47,749797155.78,28635453.43,388.08,289.29,0.0,78.66,896.89,917.03,0.0,0.0,,,,,,,基础化工,化学制品,涂料油墨,16.03,15.96,16.0
sh688129,东来技术,2024-11-25,15.28,15.74,15.28,15.74,15.21,754047.0,11710572.0,1896336312.0,1896336312.0,88126298.35000001,20090099.959999997,849145705.69,1598942861.47,749797155.78,28635453.43,268.95,391.98,70.76,82.17,831.34,696.9,0.0,0.0,,,,,,,基础化工,化学制品,涂料油墨,15.46,15.53,15.42
sh688129,东来技术,2024-11-26,15.59,15.95,15.54,15.58,15.74,577163.0,9072467.0,1877059704.0,1877059704.0,88126298.35000001,20090099.959999997,849145705.69,1598942861.47,749797155.78,28635453.43,236.06,162.76,62.25,31.8,608.94,712.68,0.0,0.0,,,,,,,基础化工,化学制品,涂料油墨,15.89,15.87,15.81
sh688129,东来技术,2024-11-27,15.53,15.86,15.08,15.84,15.58,687802.0,10604261.0,1908384192.0,1908384192.0,88126298.35000001,20090099.959999997,849145705.69,1598942861.47,749797155.78,28635453.43,331.05,310.57,60.52,59.67,668.85,690.19,0.0,0.0,,,,,,,基础化工,化学制品,涂料油墨,15.39,15.33,15.16
sh688129,东来技术,2024-11-28,15.9,16.14,15.75,15.88,15.84,774511.0,12348159.0,1913203344.0,1913203344.0,88126298.35000001,20090099.959999997,849145705.69,1598942861.47,749797155.78,28635453.43,369.16,281.49,131.9,219.68,733.76,733.64,0.0,0.0,,,,,,,基础化工,化学制品,涂料油墨,15.8,15.89,15.93
sh688129,东来技术,2024-11-29,15.8,16.26,15.73,16.17,15.88,745022.0,11973396.0,1948142196.0,1948142196.0,88126298.35000001,20090099.959999997,849145705.69,1598942861.47,749797155.78,28635453.43,327.76,280.62,113.8,236.68,755.78,680.03,0.0,0.0,,,,,,,基础化工,化学制品,涂料油墨,15.85,15.97,15.93
sh688129,东来技术,2024-12-02,16.25,16.54,16.1,16.4,16.17,639753.0,10486865.0,1975852320.0,1975852320.0,88126298.35000001,20090099.959999997,849145705.69,1598942861.47,749797155.78,28635453.43,304.56,261.95,56.93,37.68,687.19,749.06,0.0,0.0,,,,,,,基础化工,化学制品,涂料油墨,16.31,16.29,16.28
sh688129,东来技术,2024-12-03,16.55,16.55,16.12,16.5,16.4,508832.0,8310069.0,1987900200.0,1987900200.0,88126298.35000001,20090099.959999997,849145705.69,1598942861.47,749797155.78,28635453.43,246.43,261.78,58.52,29.51,526.05,539.71,0.0,0.0,,,,,,,基础化工,化学制品,涂料油墨,16.33,16.34,16.32
sh688129,东来技术,2024-12-04,16.68,16.68,16.16,16.32,16.5,590366.0,9654335.0,1966214016.0,1966214016.0,88126298.35000001,20090099.959999997,849145705.69,1598942861.47,749797155.78,28635453.43,369.76,278.98,20.85,43.86,574.82,642.6,0.0,0.0,,,,,,,基础化工,化学制品,涂料油墨,16.6,16.55,16.47
sh688129,东来技术,2024-12-05,16.16,16.55,16.16,16.43,16.32,374244.0,6140505.0,1979466684.0,1979466684.0,88126298.35000001,20090099.959999997,849145705.69,1598942861.47,749797155.78,28635453.43,90.81,138.34,58.43,28.67,464.81,447.04,0.0,0.0,,,,,,,基础化工,化学制品,涂料油墨,16.36,16.33,16.3
sh688129,东来技术,2024-12-06,16.49,16.61,16.31,16.53,16.43,485190.0,7998608.0,1991514564.0,1991514564.0,88126298.35000001,20090099.959999997,849145705.69,1598942861.47,749797155.78,28635453.43,185.86,263.65,54.94,27.12,559.07,509.1,0.0,0.0,,,,,,,基础化工,化学制品,涂料油墨,16.46,16.45,16.35
sh688129,XD东来技,2024-12-09,16.37,16.76,16.16,16.26,16.46,559959.0,9179606.0,1958985288.0,1958985288.0,88126298.35000001,20090099.959999997,849145705.69,1598942861.47,749797155.78,28635453.43,177.14,217.92,71.07,122.18,669.75,577.86,0.0,0.0,,,,,,,基础化工,化学制品,涂料油墨,16.63,16.61,16.64
sh688129,东来技术,2024-12-10,16.75,16.93,16.59,16.66,16.26,1044616.0,17577865.0,2007176808.0,2007176808.0,88126298.35000001,20090099.959999997,849145705.69,1598942861.47,749797155.78,28635453.43,565.1,538.11,22.04,22.27,1170.65,1065.14,0.0,132.26,,,,,,,基础化工,化学制品,涂料油墨,16.61,16.73,16.76
sh688129,东来技术,2024-12-11,16.73,16.97,16.51,16.87,16.66,465143.0,7827940.0,2032477356.0,2032477356.0,88126298.35000001,20090099.959999997,849145705.69,1598942861.47,749797155.78,28635453.43,212.7,213.17,0.0,52.0,570.09,517.63,0.0,0.0,,,,,,,基础化工,化学制品,涂料油墨,16.79,16.75,16.69
sh688129,东来技术,2024-12-12,16.96,17.18,16.72,17.12,16.87,1078742.0,18363230.0,2062597056.0,2062597056.0,88126298.35000001,20090099.959999997,849145705.69,1598942861.47,749797155.78,28635453.43,686.64,762.6,178.63,189.68,971.05,884.05,0.0,0.0,,,,,,,基础化工,化学制品,涂料油墨,16.86,16.89,16.79
sh688129,东来技术,2024-12-13,17.14,17.19,16.79,16.93,17.12,585232.0,9925455.0,2039706084.0,2039706084.0,88126298.35000001,20090099.959999997,849145705.69,1598942861.47,749797155.78,28635453.43,299.01,288.95,36.62,81.93,656.91,621.66,0.0,0.0,,,,,,,基础化工,化学制品,涂料油墨,17.01,16.9,16.85
sh688129,东来技术,2024-12-16,16.82,16.96,16.67,16.86,16.93,637294.0,10700278.0,2031272568.0,2031272568.0,88126298.35000001,20090099.959999997,849145705.69,1598942861.47,749797155.78,28635453.43,188.2,210.53,84.77,8.3,797.06,851.2,0.0,0.0,,,,,,,基础化工,化学制品,涂料油墨,16.88,16.85,16.78
sh688129,东来技术,2024-12-17,16.86,16.92,15.9,16.01,16.86,1055547.0,17219103.0,1928865588.0,1928865588.0,88126298.35000001,20090099.959999997,849145705.69,1598942861.47,749797155.78,28635453.43,518.92,462.75,303.27,300.8,899.73,958.36,0.0,0.0,,,,,,,基础化工,化学制品,涂料油墨,16.7,16.49,16.53
sh688129,东来技术,2024-12-18,16.1,16.41,15.69,16.11,16.01,786237.0,12706749.0,1940913468.0,1940913468.0,88126298.35000001,20090099.959999997,849145705.69,1598942861.47,749797155.78,28635453.43,283.62,303.79,26.74,95.38,960.32,871.51,0.0,0.0,,,,,,,基础化工,化学制品,涂料油墨,15.8,15.87,16.07
sh688129,东来技术,2024-12-19,15.83,16.27,15.83,16.14,16.11,724187.0,11660117.0,1944527832.0,1944527832.0,88126298.35000001,20090099.959999997,849145705.69,1598942861.47,749797155.78,28635453.43,352.04,322.43,22.63,51.79,791.35,791.8,0.0,0.0,,,,,,,基础化工,化学制品,涂料油墨,15.96,16.08,16.15
sh688129,东来技术,2024-12-20,16.0,18.58,16.0,18.25,16.14,3169657.0,56629148.0,2198738100.0,2198738100.0,88126298.35000001,20090099.959999997,849145705.69,1598942861.47,749797155.78,28635453.43,2055.57,2159.63,806.94,734.34,2469.66,2768.95,330.75,0.0,,,,,,,基础化工,化学制品,涂料油墨,16.46,16.34,16.99
sh688129,东来技术,2024-12-23,18.2,18.2,16.93,17.19,18.25,2444658.0,42631681.0,2071030572.0,2071030572.0,88126298.35000001,20090099.959999997,849145705.69,1598942861.47,749797155.78,28635453.43,1751.73,1380.21,403.33,610.93,2108.1,2196.03,0.0,76.0,,,,,,,基础化工,化学制品,涂料油墨,17.51,17.48,17.6
sh688129,东来技术,2024-12-24,17.25,17.38,16.43,17.09,17.19,2511733.0,42326650.0,2058982692.0,2058982692.0,88126298.35000001,20090099.959999997,849145705.69,1598942861.47,749797155.78,28635453.43,1559.02,1182.53,398.94,276.62,2154.49,2773.52,120.21,0.0,,,,,,,基础化工,化学制品,涂料油墨,17.16,17.04,16.89
sh688129,东来技术,2024-12-25,16.93,17.0,16.58,16.88,17.09,1262764.0,21183023.0,2033682144.0,2033682144.0,88126298.35000001,20090099.959999997,849145705.69,1598942861.47,749797155.78,28635453.43,831.15,507.43,283.99,85.31,1003.16,1416.45,0.0,109.11,,,,,,,基础化工,化学制品,涂料油墨,16.79,16.79,16.88
sh688129,东来技术,2024-12-26,16.88,17.56,16.74,17.56,16.88,2428960.0,41487972.0,2115607728.0,2115607728.0,88126298.35000001,20090099.959999997,849145705.69,1598942861.47,749797155.78,28635453.43,1658.61,1545.83,751.6,430.2,1636.67,2007.45,101.91,165.31,,,,,,,基础化工,化学制品,涂料油墨,16.98,16.75,16.81
sh688129,东来技术,2024-12-27,17.5,17.5,16.92,16.95,17.56,2408082.0,41199697.0,2042115660.0,2042115660.0,88126298.35000001,20090099.959999997,849145705.69,1598942861.47,749797155.78,28635453.43,1626.03,1356.64,488.69,327.84,1731.89,2112.36,273.36,323.12,,,,,,,基础化工,化学制品,涂料油墨,17.26,17.11,17.09
sh688129,东来技术,2024-12-30,16.95,17.15,16.76,17.08,16.95,676463.0,11466514.0,2057777904.0,2057777904.0,88126298.35000001,20090099.959999997,849145705.69,1598942861.47,749797155.78,28635453.43,392.02,415.01,103.07,79.42,612.57,652.23,38.99,0.0,,,,,,,基础化工,化学制品,涂料油墨,16.79,16.92,17.04
sh688129,东来技术,2024-12-31,17.08,17.75,16.83,16.88,17.08,1336458.0,23096759.0,2033682144.0,2033682144.0,88126298.35000001,20090099.959999997,849145705.69,1598942861.47,749797155.78,28635453.43,789.01,949.77,206.3,175.77,1213.3,1184.14,101.07,0.0,,,,,,,基础化工,化学制品,涂料油墨,17.58,17.55,17.43
sh688129,东来技术,2025-01-02,16.88,17.05,16.3,16.47,16.88,958412.0,16000032.0,1984285836.0,1984285836.0,88126298.35000001,20090099.959999997,849145705.69,1598942861.47,749797155.78,28635453.43,784.66,530.6,54.63,52.24,760.71,1017.16,0.0,0.0,,,,,,,基础化工,化学制品,涂料油墨,16.79,16.86,16.94
sh688129,东来技术,2025-01-03,16.51,16.64,15.6,15.75,16.47,1076356.0,17256536.0,1897541100.0,1897541100.0,88126298.35000001,20090099.959999997,849145705.69,1598942861.47,749797155.78,28635453.43,693.76,622.91,108.58,139.73,923.31,963.0,0.0,0.0,,,,,,,基础化工,化学制品,涂料油墨,16.22,16.3,16.06
sh688129,东来技术,2025-01-06,15.52,15.89,15.0,15.41,15.75,866098.0,13381088.0,1856578308.0,1856578308.0,88126298.35000001,20090099.959999997,849145705.69,1598942861.47,749797155.78,28635453.43,462.1,442.65,133.72,134.66,742.29,760.8,0.0,0.0,,,,,,,基础化工,化学制品,涂料油墨,15.21,15.35,15.53
sh688129,东来技术,2025-01-07,15.28,15.85,15.28,15.83,15.41,820056.0,12820785.0,1907179404.0,1907179404.0,88126298.35000001,20090099.959999997,849145705.69,1598942861.47,749797155.78,28635453.43,269.22,433.44,66.47,53.23,946.39,795.42,0.0,0.0,,,,,,,基础化工,化学制品,涂料油墨,15.63,15.7,15.68
sh688129,东来技术,2025-01-08,15.91,15.98,15.23,15.6,15.83,828490.0,12893699.0,1879469280.0,1879469280.0,88126298.35000001,20090099.959999997,849145705.69,1598942861.47,749797155.78,28635453.43,403.85,356.51,143.27,136.14,742.25,796.72,0.0,0.0,,,,,,,基础化工,化学制品,涂料油墨,15.84,15.86,15.89
sh688129,东来技术,2025-01-09,15.47,15.72,15.47,15.58,15.6,474043.0,7405475.0,1877059704.0,1877059704.0,88126298.35000001,20090099.959999997,849145705.69,1598942861.47,749797155.78,28635453.43,246.82,206.03,14.06,0.0,479.67,534.52,0.0,0.0,,,,,,,基础化工,化学制品,涂料油墨,15.58,15.62,15.68
sh688129,东来技术,2025-01-10,15.69,15.78,15.08,15.1,15.58,551641.0,8473606.0,1819229880.0,1819229880.0,88126298.35000001,20090099.959999997,849145705.69,1598942861.47,749797155.78,28635453.43,274.39,190.2,24.17,46.89,548.8,610.28,0.0,0.0,,,,,,,基础化工,化学制品,涂料油墨,15.51,15.59,15.5
sh688129,东来技术,2025-01-13,15.06,15.29,14.71,15.26,15.1,541598.0,8156355.0,1838506488.0,1838506488.0,88126298.35000001,20090099.959999997,849145705.69,1598942861.47,749797155.78,28635453.43,200.75,247.33,82.56,120.65,532.33,447.66,0.0,0.0,,,,,,,基础化工,化学制品,涂料油墨,14.96,14.88,15.01
sh688129,东来技术,2025-01-14,15.33,15.89,15.33,15.86,15.26,911275.0,14275965.0,1910793768.0,1910793768.0,88126298.35000001,20090099.959999997,849145705.69,1598942861.47,749797155.78,28635453.43,394.76,553.63,69.76,25.34,963.08,848.63,0.0,0.0,,,,,,,基础化工,化学制品,涂料油墨,15.43,15.55,15.55
sh688129,东来技术,2025-01-15,15.92,16.06,15.68,16.02,15.86,654149.0,10343534.0,1930070376.0,1930070376.0,88126298.35000001,20090099.959999997,849145705.69,1598942861.47,749797155.78,28635453.43,346.38,348.17,21.89,0.0,666.09,686.18,0.0,0.0,,,,,,,基础化工,化学制品,涂料油墨,15.79,15.79,15.77
sh688129,东来技术,2025-01-16,16.03,16.28,15.91,16.12,16.02,568659.0,9156714.0,1942118256.0,1942118256.0,88126298.35000001,20090099.959999997,849145705.69,1598942861.47,749797155.78,28635453.43,263.03,289.96,33.9,28.38,618.75,597.33,0.0,0.0,,,,,,,基础化工,化学制品,涂料油墨,16.18,16.21,16.2
sh688129,东来技术,2025-01-17,16.06,16.38,15.92,16.21,16.12,728946.0,11766827.0,1952961348.0,1952961348.0,88126298.35000001,20090099.959999997,849145705.69,1598942861.47,749797155.78,28635453.43,335.18,316.09,222.34,238.62,619.17,621.97,0.0,0.0,,,,,,,基础化工,化学制品,涂料油墨,15.98,15.95,16.06
sh688129,东来技术,2025-01-20,16.21,16.86,16.21,16.45,16.21,958750.0,15811901.0,1981876260.0,1981876260.0,88126298.35000001,20090099.959999997,849145705.69,1598942861.47,749797155.78,28635453.43,454.98,478.72,155.99,202.76,970.22,899.71,0.0,0.0,,,,,,,基础化工,化学制品,涂料油墨,16.3,16.42,16.47
sh688129,东来技术,2025-01-21,16.54,16.75,16.43,16.74,16.45,695904.0,11550090.0,2016815112.0,2016815112.0,88126298.35000001,20090099.959999997,849145705.69,1598942861.47,749797155.78,28635453.43,261.47,347.04,21.23,82.08,872.3,725.89,0.0,0.0,,,,,,,基础化工,化学制品,涂料油墨,16.59,16.48,16.47
sh688129,东来技术,2025-01-22,16.54,16.79,16.31,16.42,16.74,985976.0,16252311.0,1978261896.0,1978261896.0,88126298.35000001,20090099.959999997,849145705.69,1598942861.47,749797155.78,28635453.43,596.36,432.25,198.1,346.0,830.76,846.98,0.0,0.0,,,,,,,基础化工,化学制品,涂料油墨,16.59,16.76,16.59
sh688129,东来技术,2025-01-23,16.6,16.75,16.3,16.4,16.42,1417486.0,23417704.0,1975852320.0,1975852320.0,88126298.35000001,20090099.959999997,849145705.69,1598942861.47,749797155.78,28635453.43,640.09,776.94,355.18,374.81,1194.19,1034.61,152.31,155.41,,,,,,,基础化工,化学制品,涂料油墨,16.51,16.61,16.61
sh688129,东来技术,2025-01-24,16.62,16.72,16.32,16.7,16.4,1121013.0,18551786.0,2011995960.0,2011995960.0,88126298.35000001,20090099.959999997,849145705.69,1598942861.47,749797155.78,28635453.43,452.79,590.09,180.24,263.95,1070.9,1001.15,151.25,0.0,,,,,,,基础化工,化学制品,涂料油墨,16.53,16.51,16.34
sh688129,东来技术,2025-01-27,16.71,17.14,16.7,16.72,16.7,694557.0,11743030.0,2014405536.0,2014405536.0,88126298.35000001,20090099.959999997,849145705.69,1598942861.47,749797155.78,28635453.43,416.76,422.22,54.21,47.86,703.33,704.22,0.0,0.0,,,,,,,基础化工,化学制品,涂料油墨,16.92,17.05,17.08
sh688129,东来技术,2025-02-05,16.93,16.93,16.7,16.77,16.72,724975.0,12157519.0,2020429476.0,2020429476.0,88126298.35000001,20090099.959999997,849145705.69,1598942861.47,749797155.78,28635453.43,400.44,441.58,107.7,106.1,695.17,667.41,11.77,0.0,,,,,,,基础化工,化学制品,涂料油墨,16.75,16.71,16.72
sh688129,东来技术,2025-02-06,16.61,17.24,16.61,17.15,16.77,1055218.0,17966473.0,2066211420.0,2066211420.0,88126298.35000001,20090099.959999997,849145705.69,1598942861.47,749797155.78,28635453.43,608.7,571.11,106.82,139.9,976.78,1085.64,104.34,0.0,,,,,,,基础化工,化学制品,涂料油墨,16.67,16.8,16.82
sh688129,东来技术,2025-02-07,17.01,17.35,16.84,17.04,17.15,1412639.0,24203281.0,2052958752.0,2052958752.0,88126298.35000001,20090099.959999997,849145705.69,1598942861.47,749797155.78,28635453.43,512.47,724.09,495.52,281.24,1130.78,1415.01,281.56,0.0,,,,,,,基础化工,化学制品,涂料油墨,17.13,17.08,17.25
sh688129,东来技术,2025-02-10,17.04,17.44,16.91,17.26,17.04,940897.0,16202739.0,2079464088.0,2079464088.0,88126298.35000001,20090099.959999997,849145705.69,1598942861.47,749797155.78,28635453.43,590.21,465.72,110.81,208.04,919.26,946.52,0.0,0.0,,,,,,,基础化工,化学制品,涂料油墨,17.05,17.08,17.16
sh688129,东来技术,2025-02-11,17.26,17.38,17.07,17.24,17.26,800224.0,13774499.0,2077054512.0,2077054512.0,88126298.35000001,20090099.959999997,849145705.69,1598942861.47,749797155.78,28635453.43,402.03,500.6,121.99,22.47,853.42,854.38,0.0,0.0,,,,,,,基础化工,化学制品,涂料油墨,17.18,17.26,17.23
sh688129,东来技术,2025-02-12,17.23,17.3,17.11,17.27,17.24,615230.0,10576889.0,2080668876.0,2080668876.0,88126298.35000001,20090099.959999997,849145705.69,1598942861.47,749797155.78,28635453.43,321.22,257.15,125.72,286.15,598.54,514.4,12.21,0.0,,,,,,,基础化工,化学制品,涂料油墨,17.25,17.23,17.2
sh688129,东来技术,2025-02-13,17.29,17.31,16.91,16.94,17.27,888855.0,15221879.0,2040910872.0,2040910872.0,88126298.35000001,20090099.959999997,849145705.69,1598942861.47,749797155.78,28635453.43,415.79,682.68,337.57,213.96,597.92,625.55,170.9,0.0,,,,,,,基础化工,化学制品,涂料油墨,17.23,17.22,17.27
sh688129,东来技术,2025-02-14,16.97,17.34,16.73,16.94,16.94,713461.0,12117888.0,2040910872.0,2040910872.0,88126298.35000001,20090099.959999997,849145705.69,1598942861.47,749797155.78,28635453.43,481.49,340.07,67.14,122.11,657.28,654.89,5.88,94.71,,,,,,,基础化工,化学制品,涂料油墨,17.1,17.31,17.22
sh688129,东来技术,2025-02-17,17.02,17.26,16.58,16.78,16.94,1402608.0,23623833.0,2021634264.0,2021634264.0,88126298.35000001,20090099.959999997,849145705.69,1598942861.47,749797155.78,28635453.43,857.41,896.18,217.26,187.85,1117.24,1278.35,170.48,0.0,,,,,,,基础化工,化学制品,涂料油墨,17.09,16.97,17.05
sh688129,东来技术,2025-02-18,16.83,16.85,16.35,16.42,16.78,815910.0,13549678.0,1978261896.0,1978261896.0,88126298.35000001,20090099.959999997,849145705.69,1598942861.47,749797155.78,28635453.43,490.26,537.19,32.87,79.56,665.83,738.22,166.0,0.0,,,,,,,基础化工,化学制品,涂料油墨,16.81,16.75,16.82
sh688129,东来技术,2025-02-19,16.42,16.8,16.37,16.78,16.42,832877.0,13872190.0,2021634264.0,2021634264.0,88126298.35000001,20090099.959999997,849145705.69,1598942861.47,749797155.78,28635453.43,428.53,399.73,162.1,136.46,796.59,851.03,0.0,0.0,,,,,,,基础化工,化学制品,涂料油墨,16.52,16.59,16.58
sh688129,东来技术,2025-02-20,16.84,17.65,16.62,17.38,16.78,1865114.0,32251365.0,2093921544.0,2093921544.0,88126298.35000001,20090099.959999997,849145705.69,1598942861.47,749797155.78,28635453.43,990.06,1216.8,638.3,399.6,1303.22,1279.57,293.56,329.17,,,,,,,基础化工,化学制品,涂料油墨,16.94,17.05,17.03
sh688129,东来技术,2025-02-21,17.8,17.8,17.07,17.49,17.38,1230394.0,21340215.0,2107174212.0,2107174212.0,88126298.35000001,20090099.959999997,849145705.69,1598942861.47,749797155.78,28635453.43,847.33,810.74,216.96,224.61,1069.73,1098.67,0.0,0.0,,,,,,,基础化工,化学制品,涂料油墨,17.15,17.13,17.11
sh688129,东来技术,2025-02-24,17.28,17.7,17.15,17.59,17.49,1348311.0,23601465.0,2119222092.0,2119222092.0,88126298.35000001,20090099.959999997,849145705.69,1598942861.47,749797155.78,28635453.43,856.22,712.86,414.58,197.96,1089.35,921.93,0.0,527.4,,,,,,,基础化工,化学制品,涂料油墨,17.24,17.55,17.39
sh688129,东来技术,2025-02-25,17.33,18.89,17.33,18.5,17.59,4137088.0,75561830.0,2228857800.0,2228857800.0,88126298.35000001,20090099.959999997,849145705.69,1598942861.47,749797155.78,28635453.43,2781.76,2522.51,1948.08,1310.44,2302.24,3218.8,524.11,504.44,,,,,,,基础化工,化学制品,涂料油墨,17.62,17.64,17.66
sh688129,东来技术,2025-02-26,18.56,19.69,18.56,18.86,18.5,3779089.0,72350939.0,2272230168.0,2272230168.0,88126298.35000001,20090099.959999997,849145705.69,1598942861.47,749797155.78,28635453.43,2684.03,2472.93,1414.67,1081.43,3027.25,3532.35,109.14,148.39,,,,,,,基础化工,化学制品,涂料油墨,19.46,19.53,19.62
sh688129,东来技术,2025-02-27,18.96,19.49,18.58,18.99,18.86,2911830.0,55516531.0,2287892412.0,2287892412.0,88126298.35000001,20090099.959999997,849145705.69,1598942861.47,749797155.78,28635453.43,2179.15,2026.54,529.94,846.86,2385.87,2205.35,456.7,472.9,,,,,,,基础化工,化学制品,涂料油墨,19.43,19.11,19.16
sh688129,东来技术,2025-02-28,19.1,19.22,18.52,18.54,18.99,1609806.0,30102492.0,2233676952.0,2233676952.0,88126298.35000001,20090099.959999997,849145705.69,1598942861.47,749797155.78,28635453.43,1314.35,1293.22,181.99,268.53,1513.91,1448.5,0.0,0.0,,,,,,,基础化工,化学制品,涂料油墨,18.76,18.63,18.56
sh688129,东来技术,2025-03-03,18.59,19.28,18.42,18.84,18.54,1945817.0,36879458.0,2269820592.0,2269820592.0,88126298.35000001,20090099.959999997,849145705.69,1598942861.47,749797155.78,28635453.43,1035.97,1250.53,600.02,326.01,1568.92,1723.4,483.03,388.0,,,,,,,基础化工,化学制品,涂料油墨,18.48,18.72,18.76
sh688129,东来技术,2025-03-04,18.84,19.3,18.84,19.26,18.84,1581449.0,30254782.0,2320421688.0,2320421688.0,88126298.35000001,20090099.959999997,849145705.69,1598942861.47,749797155.78,28635453.43,1193.84,1109.33,367.62,446.59,1464.02,1469.56,0.0,0.0,,,,,,,基础化工,化学制品,涂料油墨,19.05,18.98,19.15
sh688129,东来技术,2025-03-05,19.46,19.46,18.66,19.14,19.26,1417318.0,26998674.0,2305964232.0,2305964232.0,88126298.35000001,20090099.959999997,849145705.69,1598942861.47,749797155.78,28635453.43,974.65,936.53,336.48,353.26,1388.73,1410.08,0.0,0.0,,,,,,,基础化工,化学制品,涂料油墨,19.11,18.73,18.91
sh688129,东来技术,2025-03-06,19.26,20.3,19.1,19.9,19.14,2880327.0,56613924.0,2397528120.0,2397528120.0,88126298.35000001,20090099.959999997,849145705.69,1598942861.47,749797155.78,28635453.43,2357.84,2013.81,787.3,754.62,2516.25,2789.03,0.0,103.94,,,,,,,基础化工,化学制品,涂料油墨,19.15,19.47,19.53
sh688129,东来技术,2025-03-07,19.96,20.56,19.52,20.16,19.9,1663484.0,33465900.0,2428852608.0,2428852608.0,88126298.35000001,20090099.959999997,849145705.69,1598942861.47,749797155.78,28635453.43,1423.99,1252.52,405.54,288.55,1315.85,1805.53,201.21,0.0,,,,,,,基础化工,化学制品,涂料油墨,19.8,20.14,20.08
sh688129,东来技术,2025-03-10,20.22,20.31,19.67,19.78,20.16,1827963.0,36318796.0,2383070664.0,2383070664.0,88126298.35000001,20090099.959999997,849145705.69,1598942861.47,749797155.78,28635453.43,1539.23,1040.62,541.39,664.43,1551.26,1632.23,0.0,294.61,,,,,,,基础化工,化学制品,涂料油墨,20.01,19.84,20.0
sh688129,东来技术,2025-03-11,19.5,19.78,19.11,19.48,19.78,1324065.0,25687858.0,2346927024.0,2346927024.0,88126298.35000001,20090099.959999997,849145705.69,1598942861.47,749797155.78,28635453.43,986.32,1059.73,206.04,340.26,1376.42,1168.8,0.0,0.0,,,,,,,基础化工,化学制品,涂料油墨,19.68,19.58,19.59
sh688129,东来技术,2025-03-12,19.65,19.65,19.16,19.2,19.48,1048378.0,20310468.0,2313192960.0,2313192960.0,88126298.35000001,20090099.959999997,849145705.69,1598942861.47,749797155.78,28635453.43,586.19,572.78,101.62,330.25,1343.24,1070.5,0.0,57.52,,,,,,,基础化工,化学制品,涂料油墨,19.54,19.48,19.45
sh688129,东来技术,2025-03-13,19.31,19.31,18.6,18.99,19.2,1430319.0,26982194.0,2287892412.0,2287892412.0,88126298.35000001,20090099.959999997,849145705.69,1598942861.47,749797155.78,28635453.43,1086.67,926.07,407.68,431.69,1203.87,1340.46,0.0,0.0,,,,,,,基础化工,化学制品,涂料油墨,19.1,18.92,18.84
sh688129,东来技术,2025-03-14,18.88,19.24,18.79,19.15,18.99,1208455.0,22986373.0,2307169020.0,2307169020.0,88126298.35000001,20090099.959999997,849145705.69,1598942861.47,749797155.78,28635453.43,764.45,800.66,254.89,226.13,1279.3,1271.84,0.0,0.0,,,,,,,基础化工,化学制品,涂料油墨,19.08,18.93,18.9
sh688129,东来技术,2025-03-17,19.19,19.24,18.9,19.15,19.15,1054529.0,20075872.0,2307169020.0,2307169020.0,88126298.35000001,20090099.959999997,849145705.69,1598942861.47,749797155.78,28635453.43,781.26,584.11,215.93,107.78,1010.39,919.76,0.0,395.94,,,,,,,基础化工,化学制品,涂料油墨,19.1,18.98,19.05
sh688129,东来技术,2025-03-18,19.39,20.25,19.2,20.2,19.15,2161414.0,43025884.0,2433671760.0,2433671760.0,88126298.35000001,20090099.959999997,849145705.69,1598942861.47,749797155.78,28635453.43,1564.28,1726.52,773.39,449.0,1669.91,2127.07,295.01,0.0,,,,,,,基础化工,化学制品,涂料油墨,19.35,19.45,19.38
sh688129,东来技术,2025-03-19,20.2,20.23,19.66,19.86,20.2,1228882.0,24422447.0,2392708968.0,2392708968.0,88126298.35000001,20090099.959999997,849145705.69,1598942861.47,749797155.78,28635453.43,942.81,839.96,206.36,308.0,1224.93,1294.29,68.15,0.0,,,,,,,基础化工,化学制品,涂料油墨,19.8,19.82,19.84
sh688129,东来技术,2025-03-20,19.7,19.98,19.3,19.61,19.86,843929.0,16554776.0,2362589268.0,2362589268.0,88126298.35000001,20090099.959999997,849145705.69,1598942861.47,749797155.78,28635453.43,650.98,560.3,65.38,179.79,939.11,915.39,0.0,0.0,,,,,,,基础化工,化学制品,涂料油墨,19.84,19.65,19.38
sh688129,东来技术,2025-03-21,19.5,19.6,18.96,18.99,19.61,1088483.0,20835932.0,2287892412.0,2287892412.0,88126298.35000001,20090099.959999997,849145705.69,1598942861.47,749797155.78,28635453.43,781.78,694.81,276.99,143.98,1024.82,1038.08,0.0,206.72,,,,,,,基础化工,化学制品,涂料油墨,19.33,19.45,19.42
sh688129,东来技术,2025-03-24,18.99,19.45,18.62,18.94,18.99,1148159.0,21797117.0,2281868472.0,2281868472.0,88126298.35000001,20090099.959999997,849145705.69,1598942861.47,749797155.78,28635453.43,911.31,813.16,242.5,233.43,1025.9,1133.12,0.0,0.0,,,,,,,基础化工,化学制品,涂料油墨,19.25,19.37,19.25
sh688129,东来技术,2025-03-25,18.94,19.07,18.57,18.92,18.94,650734.0,12222169.0,2279458896.0,2279458896.0,88126298.35000001,20090099.959999997,849145705.69,1598942861.47,749797155.78,28635453.43,450.58,453.41,98.96,74.07,672.67,694.74,0.0,0.0,,,,,,,基础化工,化学制品,涂料油墨,18.9,18.84,18.76
