本数据策略分享会专用，由邢不行整理，微信：xbx6660
股票代码,股票名称,交易日期,开盘价,最高价,最低价,收盘价,前收盘价,成交量,成交额,流通市值,总市值,净利润TTM,现金流TTM,净资产,总资产,总负债,净利润(当季),中户资金买入额,中户资金卖出额,大户资金买入额,大户资金卖出额,散户资金买入额,散户资金卖出额,机构资金买入额,机构资金卖出额,沪深300成分股,上证50成分股,中证500成分股,中证1000成分股,中证2000成分股,创业板指成分股,新版申万一级行业名称,新版申万二级行业名称,新版申万三级行业名称,09:35收盘价,09:45收盘价,09:55收盘价
sz002919,N名臣,2017-12-18,16.58,18.09,16.58,18.09,12.56,8902.0,160886.0,368312400.0,1472957084.7,,,,,,13411967.14,0.0,0.0,15.92,0.0,0.17,16.09,0.0,0.0,,,,,,,基础化工,化学制品,日用化学产品,18.09,18.09,18.09
sz002919,名臣健康,2017-12-19,19.9,19.9,19.9,19.9,18.09,3600.0,71640.0,405164000.0,1620334217.0,,,,,,13411967.14,0.0,0.0,7.16,0.0,0.0,7.16,0.0,0.0,,,,,,,基础化工,化学制品,日用化学产品,19.9,19.9,19.9
sz002919,名臣健康,2017-12-20,21.89,21.89,21.89,21.89,19.9,6054.0,132522.0,445680400.0,1782367638.7,,,,,,13411967.14,0.0,0.0,13.25,0.0,0.0,13.25,0.0,0.0,,,,,,,基础化工,化学制品,日用化学产品,21.89,21.89,21.89
sz002919,名臣健康,2017-12-21,24.08,24.08,24.08,24.08,21.89,11142.0,268299.0,490268800.0,1960685826.4,,,,,,13411967.14,0.0,0.0,26.83,0.0,0.0,26.83,0.0,0.0,,,,,,,基础化工,化学制品,日用化学产品,24.08,24.08,24.08
sz002919,名臣健康,2017-12-22,26.49,26.49,26.49,26.49,24.08,29381.0,778302.0,539336400.0,2156917256.7,,,,,,13411967.14,0.0,0.0,0.0,0.0,0.0,77.83,77.83,0.0,,,,,,,基础化工,化学制品,日用化学产品,26.49,26.49,26.49
sz002919,名臣健康,2017-12-25,29.14,29.14,29.14,29.14,26.49,134960.0,3932734.0,593290400.0,2372690406.2,,,,,,13411967.14,0.0,0.0,0.0,0.0,0.0,289.29,289.29,0.0,,,,,,,基础化工,化学制品,日用化学产品,29.14,29.14,29.14
sz002919,名臣健康,2017-12-26,32.05,32.05,32.05,32.05,29.14,255490.0,8188454.0,652538000.0,2609633751.5,,,,,,13411967.14,0.0,0.0,0.0,35.45,0.0,783.4,818.84,0.0,,,,,,,基础化工,化学制品,日用化学产品,32.05,32.05,32.05
sz002919,名臣健康,2017-12-27,35.26,35.26,35.26,35.26,32.05,197438.0,6961663.0,717893600.0,2871004245.8,,,,,,13411967.14,0.0,0.0,0.0,39.14,0.0,657.03,696.17,0.0,,,,,,,基础化工,化学制品,日用化学产品,35.26,35.26,35.26
sz002919,名臣健康,2018-01-02,38.79,38.79,38.79,38.79,35.26,161900.0,6280101.0,789764400.0,3158430365.7,,,,,,13411967.14,0.0,0.0,0.0,0.0,0.0,628.01,628.01,0.0,,,,,,,基础化工,化学制品,日用化学产品,38.79,38.79,38.79
sz002919,名臣健康,2018-01-03,42.67,42.67,42.67,42.67,38.79,97284.0,4151108.0,868761200.0,3474354826.1,,,,,,13411967.14,0.0,0.0,0.0,0.0,0.0,415.11,415.11,0.0,,,,,,,基础化工,化学制品,日用化学产品,42.67,42.67,42.67
sz002919,名臣健康,2018-01-04,46.94,46.94,40.3,42.17,42.67,13578235.0,580910584.0,858581200.0,3433642911.1,,,,,,13411967.14,20239.33,16.9,13746.67,913.77,17330.84,54323.67,6773.5,2835.99,,,,,,,基础化工,化学制品,日用化学产品,41.47,41.3,41.65
sz002919,名臣健康,2018-01-05,40.0,41.68,39.6,40.42,42.17,9274580.0,376173407.0,822951200.0,3291151208.6,,,,,,13411967.14,15426.68,11184.08,8622.43,10212.72,12208.54,14586.12,1359.48,1634.2,,,,,,,基础化工,化学制品,日用化学产品,40.4,40.85,40.16
sz002919,名臣健康,2018-01-08,39.5,42.28,39.03,41.85,40.42,9751352.0,398216919.0,852066000.0,3407587285.5,,,,,,13411967.14,16974.99,13659.07,9420.75,10671.41,11970.04,14519.13,1455.77,971.94,,,,,,,基础化工,化学制品,日用化学产品,41.06,40.04,40.06
sz002919,名臣健康,2018-01-09,41.01,41.61,39.5,40.55,41.85,7477418.0,303518831.0,825598000.0,3301736306.5,,,,,,13411967.14,13418.71,13717.53,6038.09,6927.49,9957.94,9203.86,937.05,502.9,,,,,,,基础化工,化学制品,日用化学产品,40.35,41.09,41.19
sz002919,名臣健康,2018-01-10,39.01,41.79,37.95,40.57,40.55,9325989.0,371176304.0,826005200.0,3303364783.1,,,,,,13411967.14,14697.96,15869.58,8389.36,8612.99,11883.11,11181.03,2147.11,1453.94,,,,,,,基础化工,化学制品,日用化学产品,38.55,38.51,38.72
sz002919,名臣健康,2018-01-11,39.0,44.63,38.5,44.25,40.57,12504497.0,526891460.0,900930000.0,3603004477.5,,,,,,13411967.14,18637.16,19501.38,12876.35,13203.11,12242.17,16355.37,8933.37,3629.19,,,,,,,基础化工,化学制品,日用化学产品,39.25,39.63,40.0
sz002919,名臣健康,2018-01-12,42.4,42.8,39.83,39.83,44.25,8829641.0,362441242.0,810938800.0,3243111148.9,,,,,,13411967.14,14197.1,13167.71,7074.83,10391.08,14454.57,6885.14,517.56,5800.13,,,,,,,基础化工,化学制品,日用化学产品,41.67,41.54,42.15
sz002919,名臣健康,2018-01-15,36.99,37.85,35.85,35.85,39.83,7161872.0,258765690.0,729906000.0,2919044305.5,,,,,,13411967.14,8524.93,10038.27,4092.39,6553.63,11458.69,7661.67,1800.45,1622.91,,,,,,,基础化工,化学制品,日用化学产品,35.85,35.85,35.85
sz002919,名臣健康,2018-01-16,35.01,36.99,34.6,35.63,35.85,5941356.0,214353502.0,725426800.0,2901131062.9,,,,,,13411967.14,7760.32,8524.0,3841.88,4344.17,8430.4,7718.32,1402.72,848.83,,,,,,,基础化工,化学制品,日用化学产品,35.44,35.41,36.41
sz002919,名臣健康,2018-01-17,35.2,36.49,35.2,35.83,35.63,4528968.0,162509618.0,729498800.0,2917415828.9,,,,,,13411967.14,6534.66,6735.9,2631.43,3127.24,6503.31,5549.03,581.52,838.75,,,,,,,基础化工,化学制品,日用化学产品,35.96,36.16,35.23
sz002919,名臣健康,2018-01-18,35.47,35.5,34.3,34.48,35.83,4096696.0,142963927.0,702012800.0,2807493658.4,,,,,,13411967.14,5071.28,6288.16,2050.82,2622.6,7174.27,5029.09,0.0,356.52,,,,,,,基础化工,化学制品,日用化学产品,35.08,34.95,35.01
sz002919,名臣健康,2018-01-19,34.51,35.5,34.49,34.68,34.48,3588223.0,125721031.0,706084800.0,2823778424.4,,,,,,13411967.14,5309.75,4916.18,2070.17,2204.79,4979.71,5147.98,212.46,303.14,,,,,,,基础化工,化学制品,日用化学产品,34.71,34.98,34.8
sz002919,名臣健康,2018-01-22,34.8,34.8,32.2,32.67,34.68,3982502.0,131653708.0,665161200.0,2660116526.1,,,,,,13411967.14,5078.5,5309.98,1586.25,2717.63,6322.02,4316.97,178.57,820.76,,,,,,,基础化工,化学制品,日用化学产品,33.4,32.95,33.3
sz002919,名臣健康,2018-01-23,32.49,35.94,32.3,35.94,32.67,6464989.0,222874255.0,731738400.0,2926372450.2,,,,,,13411967.14,6308.57,7860.24,4780.22,4306.12,5442.61,8625.05,5756.0,1495.98,,,,,,,基础化工,化学制品,日用化学产品,32.87,33.1,33.1
sz002919,名臣健康,2018-01-24,35.88,37.89,35.08,36.28,35.94,8728207.0,317304883.0,738660800.0,2954056552.4,,,,,,13411967.14,11700.97,12599.02,7175.33,7902.46,10873.11,9568.77,1981.03,1660.19,,,,,,,基础化工,化学制品,日用化学产品,35.15,36.09,36.0
sz002919,名臣健康,2018-01-25,35.5,37.99,35.21,37.19,36.28,7429953.0,272095106.0,757188400.0,3028152237.7,,,,,,13411967.14,11064.94,12110.25,5613.05,4711.84,9407.3,9197.32,1124.19,1190.08,,,,,,,基础化工,化学制品,日用化学产品,36.26,36.14,36.46
sz002919,名臣健康,2018-01-26,36.6,36.93,34.0,34.68,37.19,5253202.0,187197043.0,706084800.0,2823778424.4,,,,,,13411967.14,7278.46,7734.58,2415.37,3726.53,8286.43,6132.02,277.79,664.92,,,,,,,基础化工,化学制品,日用化学产品,36.2,36.39,36.59
sz002919,名臣健康,2018-01-29,34.72,35.78,33.55,34.87,34.68,3894819.0,135052863.0,709953200.0,2839248952.1,,,,,,13411967.14,5795.06,5209.48,2614.12,3364.69,5096.09,4923.77,0.0,7.33,,,,,,,基础化工,化学制品,日用化学产品,35.3,34.08,34.68
sz002919,名臣健康,2018-01-30,34.18,35.58,33.9,35.4,34.87,3729673.0,130061710.0,720744000.0,2882403582.0,,,,,,13411967.14,4922.27,5117.21,3007.8,2505.74,4428.01,4957.91,648.07,425.29,,,,,,,基础化工,化学制品,日用化学产品,34.5,34.33,34.5
sz002919,名臣健康,2018-01-31,35.0,35.62,32.7,32.85,35.4,4207225.0,144375785.0,668826000.0,2674772815.5,,,,,,13411967.14,5315.4,6122.02,2929.12,3261.15,6086.85,4363.75,106.19,690.64,,,,,,,基础化工,化学制品,日用化学产品,35.0,34.64,34.54
sz002919,名臣健康,2018-02-01,32.0,32.79,29.98,30.73,32.85,3836417.0,120202934.0,625662800.0,2502154295.9,,,,,,13411967.14,4539.39,4967.43,2272.8,3106.65,5142.24,3704.62,65.84,241.57,,,,,,,基础化工,化学制品,日用化学产品,32.0,32.43,32.15
sz002919,名臣健康,2018-02-02,30.7,31.81,29.21,31.03,30.73,3188120.0,98405227.0,631770800.0,2526581444.9,,,,,,13411967.14,3875.36,4269.95,1988.56,1671.75,3746.89,3898.82,229.7,0.0,,,,,,,基础化工,化学制品,日用化学产品,30.02,30.08,30.3
sz002919,名臣健康,2018-02-05,29.55,30.0,27.93,27.96,31.03,3449106.0,99791490.0,569265600.0,2276610286.8,,,,,,13411967.14,3919.74,3846.7,1352.49,2705.17,4434.31,2857.2,272.6,570.07,,,,,,,基础化工,化学制品,日用化学产品,29.47,29.55,29.65
sz002919,名臣健康,2018-02-06,26.56,27.3,25.16,25.16,27.96,3495816.0,91243353.0,512257600.0,2048623562.8,,,,,,13411967.14,3512.02,4254.2,1559.45,1622.62,3465.33,2886.51,587.52,361.0,,,,,,,基础化工,化学制品,日用化学产品,26.5,26.5,26.51
sz002919,名臣健康,2018-02-07,26.0,26.3,23.9,25.9,25.16,3901036.0,99806907.0,527324000.0,2108877197.0,,,,,,13411967.14,4694.75,3849.6,1849.69,2081.43,2896.38,3473.97,539.87,575.67,,,,,,,基础化工,化学制品,日用化学产品,25.9,25.91,25.79
sz002919,名臣健康,2018-02-08,25.49,27.36,25.31,26.27,25.9,3026766.0,79693210.0,534857200.0,2139004014.1,,,,,,13411967.14,3150.75,3623.69,1739.39,1718.29,2926.7,2598.28,152.47,29.05,,,,,,,基础化工,化学制品,日用化学产品,25.6,25.8,26.05
sz002919,名臣健康,2018-02-09,25.14,26.12,24.6,25.1,26.27,2453287.0,62028013.0,511036000.0,2043738133.0,,,,,,13411967.14,2525.71,2577.9,1177.52,1323.75,2456.15,2236.65,43.41,64.5,,,,,,,基础化工,化学制品,日用化学产品,24.84,25.14,25.3
sz002919,名臣健康,2018-02-12,26.15,26.67,25.3,25.96,25.1,2014465.0,52430841.0,528545600.0,2113762626.8,,,,,,13411967.14,2322.19,2360.05,638.91,782.77,2281.97,2100.26,0.0,0.0,,,,,,,基础化工,化学制品,日用化学产品,25.84,26.01,25.77
sz002919,名臣健康,2018-02-13,26.34,27.08,25.73,26.2,25.96,3040609.0,80594585.0,533432000.0,2133304346.0,,,,,,13411967.14,4318.12,3564.79,1514.72,1481.23,2226.6,3013.43,0.0,0.0,,,,,,,基础化工,化学制品,日用化学产品,25.96,26.07,25.98
sz002919,名臣健康,2018-02-14,25.99,26.78,25.65,25.77,26.2,1431992.0,37477550.0,524677200.0,2098292099.1,,,,,,13411967.14,1695.49,1612.47,292.76,471.46,1670.29,1574.62,0.0,0.0,,,,,,,基础化工,化学制品,日用化学产品,25.91,26.25,25.86
sz002919,名臣健康,2018-02-22,26.0,26.76,26.0,26.57,25.77,1412931.0,37316468.0,540965200.0,2163431163.1,,,,,,13411967.14,1483.53,1377.45,636.52,666.59,1611.6,1687.59,0.0,0.0,,,,,,,基础化工,化学制品,日用化学产品,26.36,26.08,26.18
sz002919,名臣健康,2018-02-23,26.65,27.5,26.4,27.05,26.57,2045128.0,55245230.0,550738000.0,2202514601.5,,,,,,13411967.14,2229.65,2398.19,1009.34,713.92,2235.6,2304.36,49.92,108.05,,,,,,,基础化工,化学制品,日用化学产品,26.5,26.83,26.75
sz002919,名臣健康,2018-02-26,27.49,29.76,27.4,29.5,27.05,4614185.0,132238286.0,600620000.0,2402002985.0,,,,,,13411967.14,3584.16,3917.11,1495.88,2594.51,2918.52,2967.65,3181.93,1701.22,,,,,,,基础化工,化学制品,日用化学产品,27.6,27.72,27.75
sz002919,名臣健康,2018-02-27,28.89,30.2,28.65,29.49,29.5,4566493.0,134383683.0,600416400.0,2401188746.7,,,,,,13411967.14,4500.14,5320.67,2474.42,2465.06,4336.71,3520.86,2127.08,2131.77,,,,,,,基础化工,化学制品,日用化学产品,28.89,29.09,29.04
sz002919,名臣健康,2018-02-28,28.99,29.21,28.61,28.77,29.49,2154367.0,62269916.0,585757200.0,2342563589.1,,,,,,13411967.14,2304.85,2755.09,1515.52,1252.16,2254.32,2195.42,152.3,24.32,,,,,,,基础化工,化学制品,日用化学产品,28.8,28.8,29.1
sz002919,名臣健康,2018-03-01,28.83,29.1,28.4,28.93,28.77,1699325.0,48999442.0,589014800.0,2355591401.9,,,,,,13411967.14,1867.82,1722.35,756.29,1210.87,2275.82,1966.72,0.0,0.0,,,,,,,基础化工,化学制品,日用化学产品,28.6,28.9,28.84
sz002919,名臣健康,2018-03-02,29.0,30.75,28.75,29.93,28.93,4188141.0,124363408.0,609374800.0,2437015231.9,,,,,,13411967.14,5640.78,4719.56,2619.25,2627.36,3844.24,4681.77,332.07,407.65,,,,,,,基础化工,化学制品,日用化学产品,28.92,29.07,29.2
sz002919,名臣健康,2018-03-05,29.7,30.42,29.4,29.96,29.93,3384255.0,101136740.0,609985600.0,2439457946.8,,,,,,13411967.14,4356.42,4694.45,2100.86,2112.17,3366.43,2814.16,289.95,492.9,,,,,,,基础化工,化学制品,日用化学产品,29.55,29.62,29.83
sz002919,名臣健康,2018-03-06,30.0,30.64,29.88,30.21,29.96,2582889.0,78141095.0,615075600.0,2459813904.3,,,,,,13411967.14,3104.95,3063.11,2130.16,1628.98,2362.06,2777.18,112.01,239.91,,,,,,,基础化工,化学制品,日用化学产品,29.95,30.18,29.98
sz002919,名臣健康,2018-03-07,30.29,31.38,30.0,30.95,30.21,2611233.0,80348329.0,630142000.0,2520067538.5,,,,,,13411967.14,3487.83,3316.45,1988.81,1608.94,2558.18,3033.22,0.0,76.21,,,,,,,基础化工,化学制品,日用化学产品,30.11,30.59,30.8
sz002919,名臣健康,2018-03-08,30.7,33.78,30.7,32.5,30.95,4789606.0,155647345.0,661700000.0,2646274475.0,,,,,,13411967.14,6077.27,6407.14,3629.98,3389.91,4922.22,5403.27,935.25,364.4,,,,,,,基础化工,化学制品,日用化学产品,31.3,32.1,31.86
sz002919,名臣健康,2018-03-09,32.4,32.88,31.83,32.21,32.5,3248066.0,105024795.0,655795600.0,2622661564.3,,,,,,13411967.14,3767.46,4084.09,2672.75,2563.59,2961.48,2857.91,1100.78,996.87,,,,,,,基础化工,化学制品,日用化学产品,32.69,32.05,32.21
sz002919,名臣健康,2018-03-12,32.01,32.8,31.89,32.6,32.21,2546224.0,82397904.0,663736000.0,2654416858.0,,,,,,13411967.14,3320.92,3101.05,1464.22,1724.41,2780.47,2794.43,674.18,619.89,,,,,,,基础化工,化学制品,日用化学产品,32.53,32.33,32.14
sz002919,名臣健康,2018-03-13,32.46,33.6,31.91,32.15,32.6,4337218.0,142062864.0,654574000.0,2617776134.5,,,,,,13411967.14,5550.72,4057.71,2683.47,3862.38,4467.79,4370.12,1504.29,1916.06,,,,,,,基础化工,化学制品,日用化学产品,32.6,32.59,32.25
sz002919,名臣健康,2018-03-14,31.7,35.25,31.21,33.44,32.15,6567159.0,218169012.0,680838400.0,2722812875.2,,,,,,13411967.14,7920.75,8212.94,5805.06,5625.04,5295.73,6615.56,2795.36,1363.36,,,,,,,基础化工,化学制品,日用化学产品,31.33,31.8,31.63
sz002919,名臣健康,2018-03-15,33.4,33.44,31.2,32.97,33.44,4714794.0,152623140.0,671269200.0,2684543675.1,,,,,,13411967.14,5329.26,5313.92,3385.06,4497.02,4045.5,4212.94,2502.48,1238.41,,,,,,,基础化工,化学制品,日用化学产品,32.58,32.55,32.8
sz002919,名臣健康,2018-03-16,32.9,32.91,30.0,31.73,32.97,2647038.0,84998263.0,646022800.0,2583578125.9,,,,,,13411967.14,3042.29,2459.12,1546.93,1653.26,3332.35,3869.8,578.25,517.64,,,,,,,基础化工,化学制品,日用化学产品,32.2,32.1,31.96
sz002919,名臣健康,2018-03-19,31.16,33.0,31.16,32.06,31.73,3693108.0,119874118.0,652741600.0,2610447989.8,,,,,,13411967.14,4810.97,4780.75,2242.86,1604.49,3955.86,4548.42,977.71,1053.74,,,,,,,基础化工,化学制品,日用化学产品,31.24,32.35,32.4
sz002919,名臣健康,2018-03-20,31.38,32.83,30.68,32.73,32.06,3420044.0,109907517.0,666382800.0,2665001955.9,,,,,,13411967.14,4938.87,4380.21,2594.51,2848.11,3188.29,3344.74,269.07,417.68,,,,,,,基础化工,化学制品,日用化学产品,31.06,31.57,31.81
sz002919,名臣健康,2018-03-21,32.8,34.0,32.5,33.0,32.73,5088817.0,169257780.0,671880000.0,2686986390.0,,,,,,13411967.14,6760.41,7240.85,3932.59,4551.61,5017.36,4967.35,1215.41,165.96,,,,,,,基础化工,化学制品,日用化学产品,33.0,32.72,32.79
sz002919,名臣健康,2018-03-22,32.92,36.3,32.66,36.3,33.0,9274978.0,324537298.0,739068000.0,2955685029.0,,,,,,13411967.14,9695.4,10996.17,7375.4,8454.12,6405.95,8170.13,8976.96,4833.3,,,,,,,基础化工,化学制品,日用化学产品,32.9,33.1,33.03
sz002919,名臣健康,2018-03-23,35.58,38.68,33.9,37.78,36.3,12508935.0,454844958.0,769200800.0,3076192297.4,,,,,,13411967.14,15431.44,17295.59,13434.55,13673.96,11359.92,12295.65,5258.56,2219.27,,,,,,,基础化工,化学制品,日用化学产品,35.0,35.83,35.99
sz002919,名臣健康,2018-03-26,36.2,41.56,35.3,41.55,37.78,11677314.0,446052177.0,845958000.0,3383160136.5,,,,,,13411967.14,13841.66,16474.41,9726.38,8837.28,12768.15,15658.04,8269.0,3635.46,,,,,,,基础化工,化学制品,日用化学产品,36.27,36.45,36.39
sz002919,名臣健康,2018-03-27,40.5,43.0,38.2,40.02,41.55,12024493.0,483599099.0,814807200.0,3258581676.6,,,,,,13411967.14,19229.35,20312.35,9596.15,13202.25,17230.43,14140.91,2303.96,704.37,,,,,,,基础化工,化学制品,日用化学产品,39.49,39.98,40.05
sz002919,名臣健康,2018-03-28,37.83,38.9,36.02,36.02,40.02,8099284.0,301310034.0,733367200.0,2932886356.6,,,,,,13411967.14,11213.26,12341.0,4592.67,7180.79,13964.6,9018.0,360.43,1591.17,,,,,,,基础化工,化学制品,日用化学产品,37.8,38.65,37.55
sz002919,名臣健康,2018-03-29,35.11,35.86,34.18,35.24,36.02,5923879.0,207894697.0,717486400.0,2869375769.2,,,,,,13411967.14,7338.23,8224.62,3919.54,4637.62,8551.15,7024.32,905.98,828.35,,,,,,,基础化工,化学制品,日用化学产品,35.13,34.79,34.6
sz002919,名臣健康,2018-03-30,35.55,35.78,34.72,35.63,35.24,4999546.0,176182052.0,725426800.0,2901131062.9,,,,,,13411967.14,7052.21,7350.6,2786.51,3504.25,7339.96,6153.77,439.52,609.57,,,,,,,基础化工,化学制品,日用化学产品,35.28,35.05,34.92
sz002919,名臣健康,2018-04-02,35.23,35.88,34.81,34.91,35.63,4156658.0,146506987.0,710767600.0,2842505905.3,,,,,,13411967.14,5866.55,6511.34,2660.68,3130.86,6039.92,4886.32,83.54,122.17,,,,,,,基础化工,化学制品,日用化学产品,35.37,35.02,34.95
sz002919,名臣健康,2018-04-03,33.94,34.18,32.5,33.97,34.91,4042636.0,136210996.0,691629200.0,2765967505.1,,,,,,13411967.14,5524.1,5774.27,2052.91,2881.72,5184.61,4412.66,859.48,552.45,,,,,,,基础化工,化学制品,日用化学产品,33.55,33.56,33.6
sz002919,名臣健康,2018-04-04,34.31,36.14,34.31,35.22,33.97,5870173.0,206694749.0,717079200.0,2867747292.6,,,,,,13411967.14,8568.23,8385.19,3655.45,4644.07,7881.2,7109.28,564.58,530.92,,,,,,,基础化工,化学制品,日用化学产品,34.75,35.24,34.77
sz002919,名臣健康,2018-04-09,35.23,37.3,35.2,36.94,35.22,6603619.0,240196933.0,752098400.0,3007796280.2,,,,,,13411967.14,10607.08,10191.58,4340.89,5125.5,8487.52,8283.83,584.19,418.77,,,,,,,基础化工,化学制品,日用化学产品,35.99,35.57,35.9
sz002919,名臣健康,2018-04-10,36.07,40.63,34.36,40.63,36.94,10791821.0,407061505.0,827226800.0,3308250212.9,,,,,,13411967.14,14414.53,16396.86,9833.52,9325.29,11500.14,13167.28,4957.95,1816.7,,,,,,,基础化工,化学制品,日用化学产品,36.5,36.2,36.1
sz002919,名臣健康,2018-04-11,42.0,42.0,39.66,41.0,40.63,9909953.0,401407715.0,834760000.0,3338377030.0,,,,,,13411967.14,14182.89,16310.99,10813.83,11489.82,9525.3,10470.99,5618.73,1868.95,,,,,,,基础化工,化学制品,日用化学产品,40.62,39.75,40.42
sz002919,名臣健康,2018-04-12,40.4,41.12,40.05,41.07,41.0,6542006.0,266452469.0,836185200.0,3344076698.1,,,,,,13411967.14,10676.98,10160.8,9263.74,6557.73,5327.18,9482.34,1377.33,444.37,,,,,,,基础化工,化学制品,日用化学产品,40.3,40.61,40.25
sz002919,名臣健康,2018-04-13,40.95,42.86,40.55,41.63,41.07,9027710.0,377183615.0,847586800.0,3389674042.9,,,,,,13411967.14,15514.18,13387.03,11459.66,9339.03,8141.99,13344.66,2602.52,1647.62,,,,,,,基础化工,化学制品,日用化学产品,40.66,41.14,41.4
sz002919,名臣健康,2018-04-16,41.4,41.4,39.5,40.8,41.63,4315616.0,174705524.0,830688000.0,3322092264.0,,,,,,13411967.14,7151.15,7081.21,4423.55,4816.59,3571.29,4411.25,2324.56,1161.51,,,,,,,基础化工,化学制品,日用化学产品,40.5,40.4,40.74
sz002919,名臣健康,2018-04-17,40.89,42.78,40.78,41.3,40.8,7632745.0,316939954.0,840868000.0,3362804179.0,,,,,,13411967.14,11690.08,10546.54,10664.91,7768.56,5758.64,12288.97,3580.35,1089.91,,,,,,,基础化工,化学制品,日用化学产品,40.96,41.34,41.15
sz002919,名臣健康,2018-04-18,43.0,43.3,40.02,41.6,41.3,7844738.0,324924686.0,846976000.0,3387231328.0,,,,,,13411967.14,10131.8,11016.74,10303.91,8369.21,5804.43,9344.06,6252.31,3762.45,,,,,,,基础化工,化学制品,日用化学产品,41.3,41.38,41.32
sz002919,名臣健康,2018-04-19,41.0,42.24,40.03,40.81,41.6,7171543.0,295638578.0,830891600.0,3322906502.3,,,,,,13411967.14,8034.56,8511.74,6903.2,6292.18,4920.4,8697.13,4165.35,522.46,,,,,,,基础化工,化学制品,日用化学产品,41.68,41.88,41.78
sz002919,名臣健康,2018-04-20,40.8,40.9,36.73,36.73,40.81,6575884.0,258243967.0,747822800.0,2990697275.9,48508904.0,-26657200.12,537519964.5799999,684716218.56,147196253.98,12615831.43,8781.28,7870.73,7202.13,5092.19,6712.54,10224.54,3128.44,2636.93,,,,,,,基础化工,化学制品,日用化学产品,39.39,39.9,39.89
sz002919,名臣健康,2018-04-23,34.26,36.73,33.06,36.1,36.73,5870245.0,203444142.0,734996000.0,2939400263.0,48508904.0,-26657200.12,537519964.5799999,684716218.56,147196253.98,12615831.43,6057.27,7259.69,3820.86,4501.93,5828.83,6425.53,4637.44,2157.25,,,,,,,基础化工,化学制品,日用化学产品,33.67,34.4,34.8
sz002919,名臣健康,2018-04-24,35.6,37.33,35.13,36.8,36.1,5537387.0,201711375.0,749248000.0,2996396944.0,48508904.0,-26657200.12,546215363.96,670497117.53,124281753.57,8695399.38,7968.51,7188.98,4941.51,3157.68,5949.49,9360.65,1311.63,463.83,,,,,,,基础化工,化学制品,日用化学产品,35.39,35.9,35.6
sz002919,名臣健康,2018-04-25,36.67,36.73,35.7,36.53,36.8,4704278.0,169761718.0,743750800.0,2974412509.9,48508904.0,-26657200.12,546215363.96,670497117.53,124281753.57,8695399.38,6169.64,5826.41,4352.48,3954.71,4716.86,6749.51,1737.19,445.53,,,,,,,基础化工,化学制品,日用化学产品,36.2,35.92,35.95
sz002919,名臣健康,2018-04-26,36.25,36.96,34.76,35.2,36.53,5729224.0,207218160.0,716672000.0,2866118816.0,48508904.0,-26657200.12,546215363.96,670497117.53,124281753.57,8695399.38,6815.48,6750.13,5476.25,4355.8,6286.55,8367.81,2143.53,1248.07,,,,,,,基础化工,化学制品,日用化学产品,36.54,36.53,36.56
sz002919,名臣健康,2018-04-27,35.2,36.3,34.51,35.36,35.2,4740293.0,167776659.0,719929600.0,2879146628.8,48508904.0,-26657200.12,546215363.96,670497117.53,124281753.57,8695399.38,5839.55,5612.64,4574.38,2523.07,4440.82,7598.04,1922.92,1043.92,,,,,,,基础化工,化学制品,日用化学产品,34.8,34.68,35.39
sz002919,名臣健康,2018-05-02,35.79,35.84,31.82,31.82,35.36,6433691.0,216348482.0,647855200.0,2590906270.6,48508904.0,-26657200.12,546215363.96,670497117.53,124281753.57,8695399.38,7610.9,7227.2,3302.05,4125.47,8508.09,8941.51,2213.79,1340.65,,,,,,,基础化工,化学制品,日用化学产品,35.41,35.2,35.75
sz002919,名臣健康,2018-05-03,32.58,32.58,29.64,32.48,31.82,5998894.0,187399494.0,661292800.0,2644645998.4,48508904.0,-26657200.12,546215363.96,670497117.53,124281753.57,8695399.38,6644.67,7088.01,3856.47,3859.59,6846.3,7475.37,1392.51,316.98,,,,,,,基础化工,化学制品,日用化学产品,31.64,31.6,30.6
sz002919,名臣健康,2018-05-04,32.07,33.21,31.51,33.16,32.48,5073439.0,164911249.0,675137600.0,2700014202.8,48508904.0,-26657200.12,546215363.96,670497117.53,124281753.57,8695399.38,5018.86,6654.77,3531.9,2916.79,5037.53,5656.09,2902.83,1263.47,,,,,,,基础化工,化学制品,日用化学产品,31.64,31.94,32.28
sz002919,名臣健康,2018-05-07,33.19,33.75,32.8,33.17,33.16,4655520.0,154819279.0,675341200.0,2700828441.1,48508904.0,-26657200.12,546215363.96,670497117.53,124281753.57,8695399.38,6122.28,6034.49,2487.11,3145.67,5915.02,5585.41,957.51,716.36,,,,,,,基础化工,化学制品,日用化学产品,33.0,33.0,33.08
sz002919,名臣健康,2018-05-08,33.16,33.98,32.72,33.87,33.17,4833614.0,160911915.0,689593200.0,2757825122.1,48508904.0,-26657200.12,546215363.96,670497117.53,124281753.57,8695399.38,6427.5,6515.26,3349.03,3322.44,4956.28,5428.11,1358.38,825.37,,,,,,,基础化工,化学制品,日用化学产品,32.92,33.01,32.98
sz002919,名臣健康,2018-05-09,33.9,34.39,33.33,34.33,33.87,4453989.0,150960104.0,698958800.0,2795280083.9,48508904.0,-26657200.12,546215363.96,670497117.53,124281753.57,8695399.38,6107.22,6568.67,3351.91,2452.41,5013.77,5615.85,623.11,459.07,,,,,,,基础化工,化学制品,日用化学产品,33.64,33.74,33.95
sz002919,名臣健康,2018-05-10,34.35,34.98,33.83,34.7,34.33,4730156.0,162702220.0,706492000.0,2825406901.0,48508904.0,-26657200.12,546215363.96,670497117.53,124281753.57,8695399.38,6428.39,6786.12,2480.82,2736.42,5787.97,5620.65,1573.02,1127.02,,,,,,,基础化工,化学制品,日用化学产品,34.19,33.96,33.93
sz002919,名臣健康,2018-05-11,34.5,34.5,33.81,33.88,34.7,3164573.0,107949577.0,689796800.0,2758639360.4,48508904.0,-26657200.12,546215363.96,670497117.53,124281753.57,8695399.38,4234.89,4378.68,1718.56,2164.22,4703.62,4130.67,137.88,121.38,,,,,,,基础化工,化学制品,日用化学产品,34.26,34.2,34.27
sz002919,名臣健康,2018-05-14,33.26,33.73,31.51,32.99,33.88,3592561.0,117719037.0,671676400.0,2686172151.7,48508904.0,-26657200.12,546215363.96,670497117.53,124281753.57,8695399.38,4061.63,4742.55,1624.38,2738.51,5781.68,3957.57,93.36,122.41,,,,,,,基础化工,化学制品,日用化学产品,33.4,33.51,33.3
sz002919,名臣健康,2018-05-15,32.83,33.32,32.51,33.23,32.99,2332694.0,77038655.0,676562800.0,2705713870.9,48508904.0,-26657200.12,546215363.96,670497117.53,124281753.57,8695399.38,3436.17,3180.58,1116.55,1732.71,2806.58,2770.11,344.56,20.46,,,,,,,基础化工,化学制品,日用化学产品,33.04,32.98,33.03
sz002919,名臣健康,2018-05-16,33.17,33.6,32.7,32.78,33.23,2435000.0,80734292.0,667400800.0,2669073147.4,48508904.0,-26657200.12,546215363.96,670497117.53,124281753.57,8695399.38,3217.6,3487.63,1271.07,1578.5,3435.19,2968.66,149.57,38.64,,,,,,,基础化工,化学制品,日用化学产品,33.19,33.27,33.24
sz002919,名臣健康,2018-05-17,32.74,33.47,32.49,32.76,32.78,2069185.0,68127205.0,666993600.0,2667444670.8,48508904.0,-26657200.12,546215363.96,670497117.53,124281753.57,8695399.38,2622.75,2700.86,1218.83,1563.79,2856.73,2330.21,114.42,217.86,,,,,,,基础化工,化学制品,日用化学产品,33.14,33.21,33.14
sz002919,名臣健康,2018-05-18,32.73,33.2,32.5,32.68,32.76,2171452.0,71358098.0,665364800.0,2660930764.4,48508904.0,-26657200.12,546215363.96,670497117.53,124281753.57,8695399.38,2777.63,2731.21,1441.39,2004.76,2799.17,2258.87,117.61,140.97,,,,,,,基础化工,化学制品,日用化学产品,33.05,33.13,32.91
sz002919,名臣健康,2018-05-21,33.0,33.83,32.69,33.6,32.68,3169114.0,105720190.0,684096000.0,2735840688.0,48508904.0,-26657200.12,546215363.96,670497117.53,124281753.57,8695399.38,4806.92,4373.04,2120.67,2382.41,3521.38,3537.35,123.04,279.22,,,,,,,基础化工,化学制品,日用化学产品,32.99,32.98,32.89
sz002919,名臣健康,2018-05-22,33.81,36.18,33.65,35.51,33.6,6590304.0,231704848.0,722983600.0,2891360203.3,48508904.0,-26657200.12,546215363.96,670497117.53,124281753.57,8695399.38,9465.22,10172.3,4657.78,4750.3,8449.65,8109.66,597.82,138.22,,,,,,,基础化工,化学制品,日用化学产品,34.23,34.16,34.89
sz002919,名臣健康,2018-05-23,35.2,36.06,35.01,35.12,35.51,4274776.0,151481558.0,715043200.0,2859604909.6,48508904.0,-26657200.12,546215363.96,670497117.53,124281753.57,8695399.38,6483.65,6700.77,2279.26,2464.85,5975.92,5511.37,409.32,471.17,,,,,,,基础化工,化学制品,日用化学产品,35.18,35.18,35.37
sz002919,名臣健康,2018-05-24,34.75,37.92,34.75,36.87,35.12,6177947.0,224494998.0,750673200.0,3002096612.1,48508904.0,-26657200.12,546215363.96,670497117.53,124281753.57,8695399.38,8816.74,9922.71,4532.41,4963.66,7613.25,7517.1,1487.09,46.02,,,,,,,基础化工,化学制品,日用化学产品,35.34,35.37,35.55
sz002919,名臣健康,2018-05-25,36.6,37.47,36.1,37.04,36.87,5161985.0,190008098.0,754134400.0,3015938663.2,48508904.0,-26657200.12,546215363.96,670497117.53,124281753.57,8695399.38,8133.99,7918.72,2802.7,4602.17,7834.03,6075.08,230.08,404.83,,,,,,,基础化工,化学制品,日用化学产品,37.0,36.55,36.4
sz002919,名臣健康,2018-05-28,36.8,37.14,35.32,35.37,37.04,3516037.0,126742759.0,720133200.0,2879960867.1,48508904.0,-26657200.12,546215363.96,670497117.53,124281753.57,8695399.38,5459.33,5059.15,1366.23,3127.63,5848.71,3741.58,0.0,745.91,,,,,,,基础化工,化学制品,日用化学产品,36.95,35.81,36.13
sz002919,名臣健康,2018-05-29,35.41,35.89,34.65,34.66,35.37,2387558.0,84118743.0,705677600.0,2822149947.8,48508904.0,-26657200.12,546215363.96,670497117.53,124281753.57,8695399.38,3558.73,4125.53,808.09,1521.0,4045.04,2553.03,0.0,212.31,,,,,,,基础化工,化学制品,日用化学产品,35.73,35.4,35.49
sz002919,名臣健康,2018-05-30,33.0,33.5,31.31,32.3,34.66,3313408.0,108233812.0,657628000.0,2629989709.0,48508904.0,-26657200.12,546215363.96,670497117.53,124281753.57,8695399.38,4408.47,4770.92,1954.23,2143.34,4298.54,3676.1,162.14,233.01,,,,,,,基础化工,化学制品,日用化学产品,33.17,33.0,32.91
sz002919,名臣健康,2018-05-31,33.33,35.53,33.0,35.53,32.3,5463280.0,189532351.0,723390800.0,2892988679.9,48508904.0,-26657200.12,546215363.96,670497117.53,124281753.57,8695399.38,5468.67,7282.3,4207.33,4488.89,3594.34,5280.26,5682.88,1901.76,,,,,,,基础化工,化学制品,日用化学产品,33.68,33.58,33.41
sz002919,名臣健康,2018-06-01,36.31,37.92,34.72,35.3,35.53,7345597.0,266395992.0,718708000.0,2874261199.0,48508904.0,-26657200.12,546215363.96,670497117.53,124281753.57,8695399.38,10534.43,10455.16,4140.01,7158.42,10255.86,7414.15,1709.28,1611.85,,,,,,,基础化工,化学制品,日用化学产品,36.69,36.15,36.18
sz002919,名臣健康,2018-06-04,35.45,37.83,34.82,37.05,35.3,7513901.0,274321554.0,754338000.0,3016752901.5,48508904.0,-26657200.12,546215363.96,670497117.53,124281753.57,8695399.38,11531.91,11877.27,5065.03,5688.48,9680.53,9516.46,1154.68,349.95,,,,,,,基础化工,化学制品,日用化学产品,36.09,36.16,36.06
sz002919,名臣健康,2018-06-05,36.67,38.78,36.07,38.06,37.05,7895700.0,293343138.0,774901600.0,3098990969.8,48508904.0,-26657200.12,546215363.96,670497117.53,124281753.57,8695399.38,11855.13,12800.97,5704.41,5973.2,10862.96,9927.26,911.79,632.86,,,,,,,基础化工,化学制品,日用化学产品,36.92,36.4,36.72
sz002919,名臣健康,2018-06-06,37.7,37.96,36.9,37.39,38.06,4940110.0,184831432.0,761260400.0,3044437003.7,48508904.0,-26657200.12,546215363.96,670497117.53,124281753.57,8695399.38,7384.35,7407.15,2595.8,3717.84,7334.48,6018.56,509.65,680.72,,,,,,,基础化工,化学制品,日用化学产品,37.53,37.93,37.64
sz002919,名臣健康,2018-06-07,37.32,37.66,36.01,36.4,37.39,3642423.0,133537707.0,741104000.0,2963827412.0,48508904.0,-26657200.12,546215363.96,670497117.53,124281753.57,8695399.38,5625.09,5710.56,1984.24,3108.65,5744.43,4534.55,0.0,0.0,,,,,,,基础化工,化学制品,日用化学产品,37.59,37.2,37.04
sz002919,名臣健康,2018-06-08,36.45,37.0,35.55,36.83,36.4,2871406.0,104081719.0,749858800.0,2998839658.9,48508904.0,-26657200.12,546215363.96,670497117.53,124281753.57,8695399.38,4151.03,4100.69,2043.36,2514.87,4173.77,3792.6,40.02,0.0,,,,,,,基础化工,化学制品,日用化学产品,36.15,35.82,35.81
sz002919,名臣健康,2018-06-11,36.39,37.07,33.66,34.58,36.83,3323240.0,119130559.0,704048800.0,2815636041.4,48508904.0,-26657200.12,546215363.96,670497117.53,124281753.57,8695399.38,4422.74,5170.68,1891.79,3063.65,5275.92,3439.57,322.6,239.15,,,,,,,基础化工,化学制品,日用化学产品,36.3,36.31,36.67
sz002919,名臣健康,2018-06-12,34.34,35.2,31.88,33.95,34.58,3757214.0,126254712.0,691222000.0,2764339028.5,48508904.0,-26657200.12,546215363.96,670497117.53,124281753.57,8695399.38,4808.7,5317.73,2631.87,3450.5,4975.63,3737.41,209.27,119.83,,,,,,,基础化工,化学制品,日用化学产品,34.9,34.53,34.15
sz002919,名臣健康,2018-06-13,33.32,34.7,32.23,32.23,33.75,2844345.0,95155715.0,656202800.0,2624290040.9,48508904.0,-26657200.12,546215363.96,670497117.53,124281753.57,8695399.38,3459.22,4291.16,1326.22,2133.06,4358.56,2868.23,371.57,223.11,,,,,,,基础化工,化学制品,日用化学产品,33.5,34.29,34.4
sz002919,名臣健康,2018-06-14,31.89,35.45,31.71,35.45,32.23,5775958.0,199659340.0,721762000.0,2886474773.5,48508904.0,-26657200.12,546215363.96,670497117.53,124281753.57,8695399.38,5175.65,6999.01,4675.41,4548.62,3770.57,6793.18,6344.3,1625.12,,,,,,,基础化工,化学制品,日用化学产品,32.68,32.48,32.65
sz002919,名臣健康,2018-06-15,35.9,37.0,34.81,36.24,35.45,7792646.0,278577021.0,737846400.0,2950799599.2,48508904.0,-26657200.12,546215363.96,670497117.53,124281753.57,8695399.38,10290.92,10740.98,6236.15,7697.85,8373.13,6936.47,2957.49,2482.39,,,,,,,基础化工,化学制品,日用化学产品,35.11,35.44,35.42
sz002919,名臣健康,2018-06-19,35.64,37.25,34.59,36.43,36.24,7581183.0,271001337.0,741714800.0,2966270126.9,48508904.0,-26657200.12,546215363.96,670497117.53,124281753.57,8695399.38,10057.81,11829.22,5557.38,6102.1,10580.02,8627.16,904.91,541.64,,,,,,,基础化工,化学制品,日用化学产品,35.12,35.45,35.58
sz002919,名臣健康,2018-06-20,35.95,39.21,35.38,37.8,36.43,10312575.0,388834263.0,769608000.0,3077820774.0,48508904.0,-26657200.12,546215363.96,670497117.53,124281753.57,8695399.38,14987.8,15144.2,8470.98,9456.55,14005.9,13033.63,1418.73,1249.03,,,,,,,基础化工,化学制品,日用化学产品,36.08,36.81,37.4
sz002919,名臣健康,2018-06-21,37.1,38.83,36.6,37.55,37.8,7960044.0,299234802.0,764518000.0,3057464816.5,48508904.0,-26657200.12,546215363.96,670497117.53,124281753.57,8695399.38,11824.34,12296.8,5312.49,6445.56,12338.87,10926.76,447.77,254.35,,,,,,,基础化工,化学制品,日用化学产品,36.95,36.85,37.4
sz002919,名臣健康,2018-06-22,35.45,38.91,34.8,38.4,37.55,7111989.0,266114150.0,781824000.0,3126675072.0,48508904.0,-26657200.12,546215363.96,670497117.53,124281753.57,8695399.38,10474.58,10616.61,5351.47,5492.64,9916.5,10369.67,868.84,132.48,,,,,,,基础化工,化学制品,日用化学产品,35.5,36.28,37.09
sz002919,名臣健康,2018-06-25,38.3,39.76,37.7,38.7,38.4,6710317.0,258959874.0,787932000.0,3151102221.0,48508904.0,-26657200.12,546215363.96,670497117.53,124281753.57,8695399.38,9586.15,10288.85,5063.68,5433.32,10842.5,9186.13,403.65,987.68,,,,,,,基础化工,化学制品,日用化学产品,38.55,38.41,38.3
sz002919,名臣健康,2018-06-26,38.3,39.76,37.63,39.18,38.7,6870592.0,266441415.0,797704800.0,3190185659.4,48508904.0,-26657200.12,546215363.96,670497117.53,124281753.57,8695399.38,10513.08,10448.45,4932.87,6344.92,10197.65,9319.3,1000.54,531.47,,,,,,,基础化工,化学制品,日用化学产品,38.73,38.7,38.66
sz002919,名臣健康,2018-06-27,39.01,39.48,38.0,38.3,39.18,5236703.0,202411982.0,779788000.0,3118532689.0,48508904.0,-26657200.12,546215363.96,670497117.53,124281753.57,8695399.38,6707.93,8252.66,3391.02,5136.0,7806.03,6454.86,2336.22,397.66,,,,,,,基础化工,化学制品,日用化学产品,39.05,38.5,38.46
sz002919,名臣健康,2018-06-28,37.99,39.0,34.47,34.47,38.3,6562691.0,242753570.0,701809200.0,2806679420.1,48508904.0,-26657200.12,546215363.96,670497117.53,124281753.57,8695399.38,8229.87,9066.51,3740.29,6026.57,10715.19,6323.36,1590.0,2858.9,,,,,,,基础化工,化学制品,日用化学产品,38.2,38.42,38.71
sz002919,名臣健康,2018-06-29,32.78,34.76,32.0,34.49,34.47,6819948.0,226833718.0,702216400.0,2808307896.7,48508904.0,-26657200.12,546215363.96,670497117.53,124281753.57,8695399.38,9719.73,8725.63,3921.46,5402.76,8831.87,7059.87,210.3,1495.11,,,,,,,基础化工,化学制品,日用化学产品,33.03,32.68,32.46
sz002919,名臣健康,2018-07-02,33.8,34.57,32.4,33.29,34.49,5092281.0,171407174.0,677784400.0,2710599300.7,48508904.0,-26657200.12,546215363.96,670497117.53,124281753.57,8695399.38,7267.38,7320.82,2206.91,3408.95,7567.21,5191.83,99.2,1219.11,,,,,,,基础化工,化学制品,日用化学产品,34.01,33.94,33.8
sz002919,名臣健康,2018-07-03,33.27,34.57,33.06,34.5,33.29,4538707.0,154892060.0,702420000.0,2809122135.0,48508904.0,-26657200.12,546215363.96,670497117.53,124281753.57,8695399.38,7293.69,6514.03,2629.42,2411.01,5448.13,6440.41,117.96,123.75,,,,,,,基础化工,化学制品,日用化学产品,33.55,33.75,34.35
sz002919,名臣健康,2018-07-04,34.69,35.88,33.5,33.74,34.5,4816587.0,166739393.0,686946400.0,2747240024.2,48508904.0,-26657200.12,546215363.96,670497117.53,124281753.57,8695399.38,6246.48,7482.48,2246.39,3657.41,7953.63,5534.05,227.43,0.0,,,,,,,基础化工,化学制品,日用化学产品,35.0,35.06,34.97
sz002919,名臣健康,2018-07-05,33.02,35.8,30.37,35.54,33.74,7523403.0,252636407.0,723594400.0,2893802918.2,48508904.0,-26657200.12,546215363.96,670497117.53,124281753.57,8695399.38,9127.89,10325.5,6641.9,4885.43,7967.02,9415.94,1526.83,636.76,,,,,,,基础化工,化学制品,日用化学产品,30.5,31.94,31.08
sz002919,名臣健康,2018-07-06,35.5,36.95,33.6,36.42,35.54,8554672.0,305249721.0,741511200.0,2965455888.6,48508904.0,-26657200.12,546215363.96,670497117.53,124281753.57,8695399.38,11191.71,13035.37,6182.14,6724.64,10234.05,10020.82,2917.05,744.13,,,,,,,基础化工,化学制品,日用化学产品,34.6,34.88,34.75
sz002919,名臣健康,2018-07-09,36.25,36.95,35.3,36.86,36.42,7080127.0,256303771.0,750469600.0,3001282373.8,48508904.0,-26657200.12,546215363.96,670497117.53,124281753.57,8695399.38,10408.03,11459.39,3471.57,4922.17,10871.48,8610.27,879.29,638.54,,,,,,,基础化工,化学制品,日用化学产品,36.13,36.5,35.98
sz002919,名臣健康,2018-07-10,36.4,36.88,35.88,36.74,36.86,5071644.0,184881522.0,748026400.0,2991511514.2,48508904.0,-26657200.12,546215363.96,670497117.53,124281753.57,8695399.38,7760.95,7967.55,2560.94,3307.32,7802.32,6687.04,363.91,526.22,,,,,,,基础化工,化学制品,日用化学产品,36.38,36.24,36.69
sz002919,名臣健康,2018-07-11,36.0,36.0,33.22,34.31,36.74,4714878.0,162932585.0,698551600.0,2793651607.3,48508904.0,-26657200.12,546215363.96,670497117.53,124281753.57,8695399.38,6018.09,7506.96,2264.15,3319.48,7864.97,4987.39,146.05,479.42,,,,,,,基础化工,化学制品,日用化学产品,35.35,34.75,34.98
sz002919,名臣健康,2018-07-12,34.25,37.74,33.9,37.74,34.31,4936251.0,179487348.0,768386400.0,3072935344.2,48508904.0,-26657200.12,546215363.96,670497117.53,124281753.57,8695399.38,4786.72,7393.51,3210.79,3770.15,2538.19,6345.21,7413.03,439.86,,,,,,,基础化工,化学制品,日用化学产品,34.54,34.67,34.8
sz002919,名臣健康,2018-07-13,38.05,38.38,36.88,37.05,37.74,8640287.0,325052424.0,754338000.0,3016752901.5,48508904.0,-26657200.12,546215363.96,670497117.53,124281753.57,8695399.38,13415.36,13338.09,5426.93,7641.73,12990.37,7687.89,672.57,3837.53,,,,,,,基础化工,化学制品,日用化学产品,37.55,37.45,37.34
sz002919,名臣健康,2018-07-16,36.46,37.98,36.46,37.72,37.05,5420192.0,202966145.0,767979200.0,3071306867.6,48508904.0,-26657200.12,546215363.96,670497117.53,124281753.57,8695399.38,8990.97,8967.09,3899.33,3627.94,6881.23,7420.24,480.16,236.41,,,,,,,基础化工,化学制品,日用化学产品,37.05,37.56,37.21
sz002919,名臣健康,2018-07-17,37.53,37.72,35.08,36.58,37.72,4465439.0,163085808.0,744768800.0,2978483701.4,48508904.0,-26657200.12,546215363.96,670497117.53,124281753.57,8695399.38,6744.95,7845.57,1778.45,3430.52,7785.17,4786.78,0.0,245.7,,,,,,,基础化工,化学制品,日用化学产品,37.15,37.23,37.38
sz002919,名臣健康,2018-07-18,36.72,39.7,36.68,37.55,36.58,8504560.0,324311246.0,764518000.0,3057464816.5,48508904.0,-26657200.12,546215363.96,670497117.53,124281753.57,8695399.38,13262.3,13793.56,6866.6,6270.99,10856.51,12099.89,1445.7,266.67,,,,,,,基础化工,化学制品,日用化学产品,37.56,38.06,38.1
sz002919,名臣健康,2018-07-19,35.88,36.48,33.9,35.65,37.55,5538909.0,196587359.0,725834000.0,2902759539.5,48508904.0,-26657200.12,546215363.96,670497117.53,124281753.57,8695399.38,7563.39,8886.66,2813.62,4599.34,8638.03,5550.67,643.69,622.06,,,,,,,基础化工,化学制品,日用化学产品,34.71,36.41,36.08
sz002919,名臣健康,2018-07-20,35.1,36.51,34.33,35.7,35.65,4217328.0,149974618.0,726852000.0,2906830731.0,48508904.0,-26657200.12,546215363.96,670497117.53,124281753.57,8695399.38,7715.85,6162.47,1703.29,3226.67,5463.49,5559.27,114.83,49.05,,,,,,,基础化工,化学制品,日用化学产品,35.18,35.7,35.5
sz002919,名臣健康,2018-07-23,35.1,39.27,34.71,38.1,35.7,7508001.0,280752869.0,775716000.0,3102247923.0,48508904.0,-26657200.12,546215363.96,670497117.53,124281753.57,8695399.38,8901.66,12505.82,8932.12,6475.82,6715.45,8801.51,3526.05,292.13,,,,,,,基础化工,化学制品,日用化学产品,34.96,35.05,35.35
sz002919,名臣健康,2018-07-24,38.06,39.65,37.6,38.99,38.1,10042213.0,390400616.0,793836400.0,3174715131.7,48508904.0,-26657200.12,546215363.96,670497117.53,124281753.57,8695399.38,15424.6,15580.92,8193.04,10989.34,13138.93,10921.87,2278.78,1543.21,,,,,,,基础化工,化学制品,日用化学产品,38.55,38.77,38.97
sz002919,名臣健康,2018-07-25,38.9,38.9,37.65,38.1,38.99,5874653.0,224703821.0,775716000.0,3102247923.0,48508904.0,-26657200.12,546215363.96,670497117.53,124281753.57,8695399.38,9699.71,9585.69,4493.59,5041.67,7727.73,6707.19,549.34,1135.83,,,,,,,基础化工,化学制品,日用化学产品,38.52,38.6,38.11
sz002919,名臣健康,2018-07-26,38.36,39.38,36.21,38.39,38.1,6235700.0,235539974.0,781620400.0,3125860833.7,48508904.0,-26657200.12,546215363.96,670497117.53,124281753.57,8695399.38,9404.63,10667.62,4488.89,5940.98,8921.7,6819.59,738.77,125.8,,,,,,,基础化工,化学制品,日用化学产品,38.62,38.83,38.04
sz002919,名臣健康,2018-07-27,37.83,40.5,37.5,39.85,38.39,9406006.0,369670129.0,811346000.0,3244739625.5,48508904.0,-26657200.12,546215363.96,670497117.53,124281753.57,8695399.38,14519.84,15963.93,8846.12,7400.28,11122.32,13033.12,2478.72,569.66,,,,,,,基础化工,化学制品,日用化学产品,38.02,37.8,38.59
sz002919,名臣健康,2018-07-30,39.03,39.1,35.98,37.57,39.85,6074873.0,226975511.0,764925200.0,3059093293.1,48508904.0,-26657200.12,546215363.96,670497117.53,124281753.57,8695399.38,9223.07,9383.11,2841.97,6393.39,10444.15,6478.64,188.35,442.4,,,,,,,基础化工,化学制品,日用化学产品,38.71,36.9,37.54
sz002919,名臣健康,2018-07-31,36.95,37.5,35.86,36.45,37.57,3656653.0,133663346.0,742122000.0,2967898603.5,48508904.0,-26657200.12,546215363.96,670497117.53,124281753.57,8695399.38,5273.13,5908.38,1637.77,2985.55,6207.56,4205.64,247.86,266.76,,,,,,,基础化工,化学制品,日用化学产品,37.28,37.0,36.86
sz002919,名臣健康,2018-08-01,36.45,37.69,35.88,36.82,36.45,3862566.0,142433848.0,749655200.0,2998025420.6,48508904.0,-26657200.12,546215363.96,670497117.53,124281753.57,8695399.38,6450.81,6242.55,1837.04,2345.92,5955.54,5543.45,0.0,111.46,,,,,,,基础化工,化学制品,日用化学产品,36.48,36.13,36.55
sz002919,名臣健康,2018-08-02,36.0,36.0,34.34,35.0,36.82,3865130.0,136057143.0,712600000.0,2849834050.0,48508904.0,-26657200.12,546215363.96,670497117.53,124281753.57,8695399.38,5139.0,5947.65,1604.56,2873.21,6796.01,4466.44,66.15,318.41,,,,,,,基础化工,化学制品,日用化学产品,35.7,35.06,35.3
sz002919,名臣健康,2018-08-03,34.99,36.0,34.47,34.47,35.0,2692701.0,95027484.0,701809200.0,2806679420.1,48508904.0,-26657200.12,546215363.96,670497117.53,124281753.57,8695399.38,3662.83,4290.23,1202.02,1286.86,4516.96,3925.66,120.93,0.0,,,,,,,基础化工,化学制品,日用化学产品,35.0,35.07,35.5
sz002919,名臣健康,2018-08-06,33.56,33.99,31.95,32.05,34.47,3047389.0,100006020.0,652538000.0,2609633751.5,48508904.0,-26657200.12,546215363.96,670497117.53,124281753.57,8695399.38,3701.11,4777.64,817.58,1602.22,5481.91,3397.38,0.0,223.37,,,,,,,基础化工,化学制品,日用化学产品,33.4,33.02,33.23
sz002919,名臣健康,2018-08-07,32.32,34.2,31.27,33.52,32.05,3458666.0,114243907.0,682467200.0,2729326781.6,48508904.0,-26657200.12,546215363.96,670497117.53,124281753.57,8695399.38,4780.91,4835.24,2241.94,1741.45,4330.4,4847.69,71.13,0.0,,,,,,,基础化工,化学制品,日用化学产品,32.8,32.66,32.25
sz002919,名臣健康,2018-08-08,33.47,33.85,31.8,31.8,33.52,2884266.0,94314202.0,647448000.0,2589277794.0,48508904.0,-26657200.12,546215363.96,670497117.53,124281753.57,8695399.38,3444.3,3851.23,770.2,2274.12,5200.38,2989.84,0.0,299.69,,,,,,,基础化工,化学制品,日用化学产品,33.55,33.35,33.47
sz002919,名臣健康,2018-08-09,31.25,32.85,31.2,32.0,31.8,2747963.0,88749238.0,651520000.0,2605562560.0,48508904.0,-26657200.12,546215363.96,670497117.53,124281753.57,8695399.38,3795.74,3836.17,1187.46,1306.18,3820.24,3732.57,71.48,0.0,,,,,,,基础化工,化学制品,日用化学产品,31.7,32.11,32.16
sz002919,名臣健康,2018-08-10,32.47,33.44,32.22,32.71,32.0,2791611.0,91463531.0,665975600.0,2663373479.3,48508904.0,-26657200.12,546215363.96,670497117.53,124281753.57,8695399.38,3560.42,3698.64,1151.79,1288.65,4025.33,3791.37,408.82,367.68,,,,,,,基础化工,化学制品,日用化学产品,32.59,32.64,33.13
sz002919,名臣健康,2018-08-13,32.08,35.98,31.8,35.98,32.71,7072011.0,246071592.0,732552800.0,2929629403.4,48508904.0,-26657200.12,546215363.96,670497117.53,124281753.57,8695399.38,6924.66,10281.19,5335.68,4154.29,4552.41,8935.04,7794.41,1236.63,,,,,,,基础化工,化学制品,日用化学产品,32.15,32.27,32.37
sz002919,名臣健康,2018-08-14,35.98,36.26,35.29,35.72,35.98,4362000.0,156358232.0,727259200.0,2908459207.6,48508904.0,-26657200.12,546215363.96,670497117.53,124281753.57,8695399.38,5993.64,6940.5,2800.05,3005.29,6140.12,5031.26,702.01,658.77,,,,,,,基础化工,化学制品,日用化学产品,35.51,35.61,35.84
sz002919,名臣健康,2018-08-15,36.1,36.5,35.45,36.25,35.72,5461110.0,196589107.0,738050000.0,2951613837.5,48508904.0,-26657200.12,546215363.96,670497117.53,124281753.57,8695399.38,6015.09,8877.85,4987.56,4058.33,6017.95,6543.32,2638.31,179.4,,,,,,,基础化工,化学制品,日用化学产品,35.51,35.93,35.71
sz002919,名臣健康,2018-08-16,35.46,37.01,35.3,35.8,36.25,6372410.0,231279225.0,728888000.0,2914973114.0,48508904.0,-26657200.12,546215363.96,670497117.53,124281753.57,8695399.38,7757.74,9931.7,5114.27,4739.47,8315.5,7494.79,1940.41,961.96,,,,,,,基础化工,化学制品,日用化学产品,36.1,35.81,35.81
sz002919,名臣健康,2018-08-17,35.68,36.49,34.47,35.29,35.8,4919445.0,174710485.0,718504400.0,2873446960.7,48508904.0,-26657200.12,546215363.96,670497117.53,124281753.57,8695399.38,5620.05,6350.26,2869.35,3315.94,6402.5,6852.22,2579.15,952.63,,,,,,,基础化工,化学制品,日用化学产品,35.79,34.95,34.76
sz002919,名臣健康,2018-08-20,35.09,36.29,34.48,36.2,35.29,4632325.0,164498396.0,737032000.0,2947542646.0,48508904.0,-26657200.12,546215363.96,670497117.53,124281753.57,8695399.38,4752.5,6487.1,4289.47,1945.29,4646.95,6032.26,2760.93,1985.19,,,,,,,基础化工,化学制品,日用化学产品,34.74,35.15,34.8
sz002919,名臣健康,2018-08-21,36.08,36.08,34.9,35.52,36.2,4028137.0,142609303.0,723187200.0,2892174441.6,48508904.0,-26657200.12,546215363.96,670497117.53,124281753.57,8695399.38,5403.38,4433.36,1347.36,2191.96,7210.01,7439.94,300.18,195.66,,,,,,,基础化工,化学制品,日用化学产品,35.62,35.21,35.4
sz002919,名臣健康,2018-08-22,35.03,35.28,32.79,32.84,35.52,4269112.0,144088455.0,668622400.0,2673958577.2,48508904.0,-26657200.12,546215363.96,670497117.53,124281753.57,8695399.38,5160.83,6543.22,1597.77,3056.88,7611.92,4535.07,38.33,273.68,,,,,,,基础化工,化学制品,日用化学产品,34.88,34.73,34.46
sz002919,名臣健康,2018-08-23,32.6,33.35,32.6,33.06,32.84,2192213.0,72477209.0,673101600.0,2691871819.8,48508904.0,-26657200.12,546215363.96,670497117.53,124281753.57,8695399.38,2771.7,3079.65,976.89,1076.72,3494.79,3026.47,4.34,64.88,,,,,,,基础化工,化学制品,日用化学产品,33.29,33.01,33.1
sz002919,名臣健康,2018-08-24,33.11,33.38,32.35,32.51,33.06,2070959.0,67902147.0,661903600.0,2647088713.3,48508904.0,-26657200.12,546215363.96,670497117.53,124281753.57,8695399.38,2379.99,3107.79,587.56,777.26,3717.36,2742.61,105.3,162.55,,,,,,,基础化工,化学制品,日用化学产品,33.17,33.35,33.19
sz002919,名臣健康,2018-08-27,31.6,33.38,31.43,32.77,32.51,3023468.0,98385222.0,667197200.0,2668258909.1,45492871.169999994,-25679087.009999998,540700271.18,662586632.76,121886361.58,10769673.22,3746.96,3710.13,1357.14,2137.31,4724.38,3902.74,7.08,85.37,,,,,,,基础化工,化学制品,日用化学产品,31.95,31.91,31.97
sz002919,名臣健康,2018-08-28,32.77,33.46,32.64,33.41,32.77,2794221.0,92512565.0,680227600.0,2720370160.3,45492871.169999994,-25679087.009999998,540700271.18,662586632.76,121886361.58,10769673.22,3760.71,3842.67,1506.16,1401.01,3984.38,4007.58,0.0,0.0,,,,,,,基础化工,化学制品,日用化学产品,33.01,33.27,33.18
sz002919,名臣健康,2018-08-29,33.4,33.4,32.57,32.65,33.41,1956712.0,64478534.0,664754000.0,2658488049.5,45492871.169999994,-25679087.009999998,540700271.18,662586632.76,121886361.58,10769673.22,2336.22,2951.36,516.24,1332.21,3595.39,2148.04,0.0,16.25,,,,,,,基础化工,化学制品,日用化学产品,33.19,33.09,33.0
sz002919,名臣健康,2018-08-30,33.0,33.1,32.05,32.1,32.65,1600566.0,51955578.0,653556000.0,2613704943.0,45492871.169999994,-25679087.009999998,540700271.18,662586632.76,121886361.58,10769673.22,1908.43,2389.94,529.51,826.23,2655.48,1979.39,102.15,0.0,,,,,,,基础化工,化学制品,日用化学产品,33.05,32.86,32.75
sz002919,名臣健康,2018-08-31,32.12,32.48,31.88,32.15,32.1,1145524.0,36945909.0,654574000.0,2617776134.5,45492871.169999994,-25679087.009999998,540700271.18,662586632.76,121886361.58,10769673.22,1664.16,1546.22,284.73,436.1,1714.54,1712.27,31.16,0.0,,,,,,,基础化工,化学制品,日用化学产品,32.0,32.1,32.4
sz002919,名臣健康,2018-09-03,32.18,32.48,30.38,32.21,32.15,1804478.0,57230367.0,655795600.0,2622661564.3,45492871.169999994,-25679087.009999998,540700271.18,662586632.76,121886361.58,10769673.22,2310.93,2267.33,574.21,794.57,2837.89,2408.74,0.0,252.39,,,,,,,基础化工,化学制品,日用化学产品,32.28,32.21,32.35
sz002919,名臣健康,2018-09-04,32.2,32.99,31.92,32.76,32.21,2005203.0,65305614.0,666993600.0,2667444670.8,45492871.169999994,-25679087.009999998,540700271.18,662586632.76,121886361.58,10769673.22,2593.06,2521.52,880.42,800.14,2870.8,2935.64,186.27,273.26,,,,,,,基础化工,化学制品,日用化学产品,32.05,32.49,32.41
sz002919,名臣健康,2018-09-05,32.7,33.07,31.47,31.56,32.76,1641233.0,53318911.0,642561600.0,2569736074.8,45492871.169999994,-25679087.009999998,540700271.18,662586632.76,121886361.58,10769673.22,1841.78,2478.22,534.0,724.83,2956.11,2128.84,0.0,0.0,,,,,,,基础化工,化学制品,日用化学产品,32.79,32.9,32.78
sz002919,名臣健康,2018-09-06,31.0,31.89,30.6,31.06,31.56,1681233.0,52481635.0,632381600.0,2529024159.8,45492871.169999994,-25679087.009999998,540700271.18,662586632.76,121886361.58,10769673.22,1901.19,2661.73,278.64,504.92,3068.33,2081.51,0.0,0.0,,,,,,,基础化工,化学制品,日用化学产品,31.48,31.76,31.63
sz002919,名臣健康,2018-09-07,31.06,31.56,29.5,29.65,31.06,2563674.0,78124284.0,603674000.0,2414216559.5,45492871.169999994,-25679087.009999998,540700271.18,662586632.76,121886361.58,10769673.22,2475.97,3090.91,900.89,1765.6,4257.69,2682.04,177.87,273.87,,,,,,,基础化工,化学制品,日用化学产品,31.34,31.44,31.41
sz002919,名臣健康,2018-09-10,29.3,31.05,27.33,30.05,29.65,3380826.0,98670249.0,611818000.0,2446786091.5,45492871.169999994,-25679087.009999998,540700271.18,662586632.76,121886361.58,10769673.22,4255.19,4229.6,1417.7,1164.7,4194.13,4330.76,0.0,141.96,,,,,,,基础化工,化学制品,日用化学产品,28.43,28.29,28.43
sz002919,名臣健康,2018-09-11,29.42,29.82,28.73,28.91,30.05,1839741.0,53737827.0,588607600.0,2353962925.3,45492871.169999994,-25679087.009999998,540700271.18,662586632.76,121886361.58,10769673.22,1998.07,2407.1,424.33,824.46,2742.76,2039.41,208.63,102.82,,,,,,,基础化工,化学制品,日用化学产品,29.79,29.63,29.46
sz002919,名臣健康,2018-09-12,28.96,29.42,28.54,28.63,28.91,1124445.0,32499534.0,582906800.0,2331164252.9,45492871.169999994,-25679087.009999998,540700271.18,662586632.76,121886361.58,10769673.22,1293.92,1614.99,258.81,349.59,1637.34,1285.37,59.88,0.0,,,,,,,基础化工,化学制品,日用化学产品,28.81,29.02,29.0
sz002919,名臣健康,2018-09-13,29.0,29.2,28.6,28.81,28.63,922933.0,26585253.0,586571600.0,2345820542.3,45492871.169999994,-25679087.009999998,540700271.18,662586632.76,121886361.58,10769673.22,1205.46,1247.69,111.78,135.79,1341.29,1275.04,0.0,0.0,,,,,,,基础化工,化学制品,日用化学产品,28.9,28.91,28.82
sz002919,名臣健康,2018-09-14,28.9,28.99,26.7,26.93,28.81,2097950.0,58143532.0,548294800.0,2192743741.9,45492871.169999994,-25679087.009999998,540700271.18,662586632.76,121886361.58,10769673.22,2305.91,2782.05,411.89,933.29,3096.54,1915.53,0.0,183.49,,,,,,,基础化工,化学制品,日用化学产品,28.69,28.5,28.5
sz002919,名臣健康,2018-09-17,26.66,26.75,25.41,26.31,26.93,1348750.0,35386091.0,535671600.0,2142260967.3,45492871.169999994,-25679087.009999998,540700271.18,662586632.76,121886361.58,10769673.22,1360.57,1571.95,130.78,273.25,2030.3,1676.45,0.0,0.0,,,,,,,基础化工,化学制品,日用化学产品,26.44,25.7,26.08
sz002919,名臣健康,2018-09-18,26.55,26.95,25.9,26.59,26.31,1353990.0,35887203.0,541372400.0,2165059639.7,45492871.169999994,-25679087.009999998,540700271.18,662586632.76,121886361.58,10769673.22,1629.47,1632.82,206.19,372.07,1753.06,1583.83,0.0,0.0,,,,,,,基础化工,化学制品,日用化学产品,26.55,26.66,26.47
sz002919,名臣健康,2018-09-19,26.59,27.38,26.35,26.85,26.59,1599412.0,43203844.0,546666000.0,2186229835.5,45492871.169999994,-25679087.009999998,540700271.18,662586632.76,121886361.58,10769673.22,1838.5,1775.41,518.6,452.49,1963.29,2092.49,0.0,0.0,,,,,,,基础化工,化学制品,日用化学产品,26.75,26.79,26.72
sz002919,名臣健康,2018-09-20,27.05,27.18,26.05,26.26,26.85,1140077.0,30269408.0,534653600.0,2138189775.8,45492871.169999994,-25679087.009999998,540700271.18,662586632.76,121886361.58,10769673.22,961.97,1366.29,133.88,298.68,1931.09,1361.97,0.0,0.0,,,,,,,基础化工,化学制品,日用化学产品,26.91,26.83,26.91
sz002919,名臣健康,2018-09-21,26.61,27.64,26.6,27.02,26.26,2348170.0,63813024.0,550127200.0,2200071886.6,45492871.169999994,-25679087.009999998,540700271.18,662586632.76,121886361.58,10769673.22,2281.14,2774.29,688.29,601.54,3230.17,3005.47,181.7,0.0,,,,,,,基础化工,化学制品,日用化学产品,26.79,26.79,26.86
sz002919,名臣健康,2018-09-25,26.68,27.13,26.48,27.04,27.02,1384354.0,37129656.0,550534400.0,2201700363.2,45492871.169999994,-25679087.009999998,540700271.18,662586632.76,121886361.58,10769673.22,1317.34,1371.4,543.43,229.74,1852.2,2111.82,0.0,0.0,,,,,,,基础化工,化学制品,日用化学产品,26.78,26.6,26.72
sz002919,名臣健康,2018-09-26,26.95,28.42,26.87,27.7,27.04,2513954.0,69432956.0,563972000.0,2255440091.0,45492871.169999994,-25679087.009999998,540700271.18,662586632.76,121886361.58,10769673.22,2523.06,2841.81,1441.71,913.79,2978.53,3187.7,0.0,0.0,,,,,,,基础化工,化学制品,日用化学产品,26.87,27.01,27.14
sz002919,名臣健康,2018-09-27,27.78,27.82,27.05,27.13,27.7,1348783.0,36927721.0,552366800.0,2209028507.9,45492871.169999994,-25679087.009999998,540700271.18,662586632.76,121886361.58,10769673.22,1485.35,1434.87,221.77,575.34,1985.65,1681.18,0.0,1.38,,,,,,,基础化工,化学制品,日用化学产品,27.66,27.51,27.55
sz002919,名臣健康,2018-09-28,27.2,27.7,26.78,27.67,27.13,1448964.0,39697076.0,563361200.0,2252997376.1,45492871.169999994,-25679087.009999998,540700271.18,662586632.76,121886361.58,10769673.22,1533.9,1539.82,545.43,576.17,1752.4,1853.72,137.99,0.0,,,,,,,基础化工,化学制品,日用化学产品,27.36,27.33,27.05
sz002919,名臣健康,2018-10-08,27.22,30.44,26.59,30.44,27.67,5812972.0,172506571.0,619758400.0,2478541385.2,45492871.169999994,-25679087.009999998,540700271.18,662586632.76,121886361.58,10769673.22,5546.5,6612.88,4645.72,3511.76,2853.77,6389.01,4204.65,737.0,,,,,,,基础化工,化学制品,日用化学产品,26.91,26.93,26.9
sz002919,名臣健康,2018-10-09,30.41,30.97,30.07,30.55,30.44,6745162.0,206354130.0,621998000.0,2487498006.5,45492871.169999994,-25679087.009999998,540700271.18,662586632.76,121886361.58,10769673.22,7162.27,9453.28,4601.04,5160.63,6193.55,4363.01,2631.37,1611.31,,,,,,,基础化工,化学制品,日用化学产品,30.48,30.47,30.47
sz002919,名臣健康,2018-10-10,30.4,30.96,29.7,30.23,30.55,5555714.0,168880136.0,615482800.0,2461442380.9,45492871.169999994,-25679087.009999998,540700271.18,662586632.76,121886361.58,10769673.22,6280.17,7425.86,4233.53,3777.76,4483.04,5230.45,1891.27,453.93,,,,,,,基础化工,化学制品,日用化学产品,29.86,29.9,30.02
sz002919,名臣健康,2018-10-11,29.01,29.8,27.31,28.8,30.23,4565786.0,131450690.0,586368000.0,2345006304.0,45492871.169999994,-25679087.009999998,540700271.18,662586632.76,121886361.58,10769673.22,5321.15,5645.87,2856.46,2579.27,3902.94,4696.91,1064.52,223.01,,,,,,,基础化工,化学制品,日用化学产品,29.14,29.37,29.3
sz002919,名臣健康,2018-10-12,28.85,29.7,27.51,29.4,28.8,5362069.0,153878507.0,598584000.0,2393860602.0,45492871.169999994,-25679087.009999998,540700271.18,662586632.76,121886361.58,10769673.22,5929.43,6491.95,2958.15,2600.91,5941.82,5941.03,558.45,353.96,,,,,,,基础化工,化学制品,日用化学产品,28.7,28.32,28.45
sz002919,名臣健康,2018-10-15,28.8,28.93,27.88,28.11,29.4,3436952.0,97264304.0,572319600.0,2288823861.3,45492871.169999994,-25679087.009999998,540700271.18,662586632.76,121886361.58,10769673.22,3654.17,4235.47,1152.58,1540.93,4919.68,3950.03,0.0,0.0,,,,,,,基础化工,化学制品,日用化学产品,28.69,28.51,28.2
sz002919,名臣健康,2018-10-16,27.62,27.94,25.5,25.78,28.11,3409140.0,91321748.0,524880800.0,2099106337.4,45492871.169999994,-25679087.009999998,540700271.18,662586632.76,121886361.58,10769673.22,3404.08,4160.38,1245.88,1808.17,4482.21,3163.62,0.0,0.0,,,,,,,基础化工,化学制品,日用化学产品,27.85,27.21,27.25
sz002919,名臣健康,2018-10-17,26.14,26.34,23.8,24.88,25.78,2882459.0,72497018.0,506556800.0,2025824890.4,45492871.169999994,-25679087.009999998,540700271.18,662586632.76,121886361.58,10769673.22,2774.45,3220.06,749.91,1093.2,3725.34,2936.44,0.0,0.0,,,,,,,基础化工,化学制品,日用化学产品,25.98,26.08,26.17
sz002919,名臣健康,2018-10-18,24.56,24.8,23.0,23.44,24.88,1711821.0,41087451.0,477238400.0,1908574575.2,45492871.169999994,-25679087.009999998,540700271.18,662586632.76,121886361.58,10769673.22,1433.2,1835.96,189.17,421.83,2438.34,1850.95,48.03,0.0,,,,,,,基础化工,化学制品,日用化学产品,24.02,24.2,24.02
sz002919,名臣健康,2018-10-19,22.92,24.17,22.4,23.81,23.44,1824954.0,42855128.0,484771600.0,1938701392.3,45492871.169999994,-25679087.009999998,540700271.18,662586632.76,121886361.58,10769673.22,1478.83,1825.15,457.05,388.84,2349.63,1943.97,0.0,127.56,,,,,,,基础化工,化学制品,日用化学产品,22.58,23.17,23.18
sz002919,名臣健康,2018-10-22,24.05,25.49,23.92,24.99,23.81,2446730.0,60501227.0,508796400.0,2034781511.7,45492871.169999994,-25679087.009999998,540700271.18,662586632.76,121886361.58,10769673.22,2297.38,2558.1,1036.31,777.01,2716.43,2715.01,0.0,0.0,,,,,,,基础化工,化学制品,日用化学产品,24.09,24.03,24.33
sz002919,名臣健康,2018-10-23,24.95,25.49,24.22,24.6,24.99,2040777.0,50885228.0,500856000.0,2003026218.0,45492871.169999994,-25679087.009999998,540700271.18,662586632.76,121886361.58,10769673.22,1909.71,2266.03,415.69,624.58,2763.12,2197.91,0.0,0.0,,,,,,,基础化工,化学制品,日用化学产品,24.75,25.1,24.93
sz002919,名臣健康,2018-10-24,24.48,24.6,23.76,24.19,24.6,1724078.0,41665545.0,492508400.0,1969642447.7,38105509.839999996,5499829.099999994,546724876.99,655677427.63,108952550.64,6024605.809999999,1665.81,1601.27,278.13,708.31,2114.0,1856.97,108.61,0.0,,,,,,,基础化工,化学制品,日用化学产品,24.45,24.42,24.3
sz002919,名臣健康,2018-10-25,23.0,23.39,22.24,23.26,24.19,1416673.0,32708899.0,473573600.0,1893918285.8,38105509.839999996,5499829.099999994,546724876.99,655677427.63,108952550.64,6024605.809999999,1199.35,1567.04,140.87,302.26,1930.67,1401.59,0.0,0.0,,,,,,,基础化工,化学制品,日用化学产品,22.99,23.36,23.34
sz002919,名臣健康,2018-10-26,23.7,24.99,23.23,24.0,23.26,2057095.0,49366246.0,488640000.0,1954171920.0,38105509.839999996,5499829.099999994,546724876.99,655677427.63,108952550.64,6024605.809999999,1995.14,2300.18,786.94,417.45,2154.54,2218.99,0.0,0.0,,,,,,,基础化工,化学制品,日用化学产品,23.71,23.61,23.63
sz002919,名臣健康,2018-10-29,23.93,23.93,22.88,23.14,24.0,1228421.0,28743873.0,471130400.0,1884147426.2,38105509.839999996,5499829.099999994,546724876.99,655677427.63,108952550.64,6024605.809999999,1033.28,1337.09,228.42,388.13,1612.69,1149.17,0.0,0.0,,,,,,,基础化工,化学制品,日用化学产品,23.59,23.72,23.77
sz002919,名臣健康,2018-10-30,23.21,24.0,22.91,23.57,23.14,1418320.0,33348359.0,479885200.0,1919159673.1,38105509.839999996,5499829.099999994,546724876.99,655677427.63,108952550.64,6024605.809999999,1437.11,1413.91,272.88,254.75,1624.85,1666.17,0.0,0.0,,,,,,,基础化工,化学制品,日用化学产品,23.24,23.34,23.28
sz002919,名臣健康,2018-10-31,23.68,24.29,23.55,23.86,23.57,1828112.0,43821515.0,485789600.0,1942772583.8,38105509.839999996,5499829.099999994,546724876.99,655677427.63,108952550.64,6024605.809999999,1812.52,1935.96,759.85,494.96,1809.78,1951.23,0.0,0.0,,,,,,,基础化工,化学制品,日用化学产品,23.75,23.7,23.83
sz002919,名臣健康,2018-11-01,23.92,24.79,23.83,23.9,23.86,2327860.0,56462555.0,486604000.0,1946029537.0,38105509.839999996,5499829.099999994,546724876.99,655677427.63,108952550.64,6024605.809999999,2110.84,2626.21,1194.32,1004.75,2341.09,2015.29,0.0,0.0,,,,,,,基础化工,化学制品,日用化学产品,24.16,24.1,24.38
sz002919,名臣健康,2018-11-02,24.25,24.79,23.7,24.53,23.9,2660852.0,64850520.0,499430800.0,1997326549.9,38105509.839999996,5499829.099999994,546724876.99,655677427.63,108952550.64,6024605.809999999,2724.26,2790.68,1259.08,970.51,2295.63,2451.59,206.08,272.28,,,,,,,基础化工,化学制品,日用化学产品,24.12,24.1,24.05
sz002919,名臣健康,2018-11-05,25.06,25.06,24.02,24.43,24.53,2223900.0,54443109.0,497394800.0,1989184166.9,38105509.839999996,5499829.099999994,546724876.99,655677427.63,108952550.64,6024605.809999999,2225.97,2069.15,687.29,1043.23,2441.34,2331.93,89.7,0.0,,,,,,,基础化工,化学制品,日用化学产品,24.85,24.71,24.71
sz002919,名臣健康,2018-11-06,24.39,24.77,23.56,24.52,24.43,2288597.0,55107876.0,499227200.0,1996512311.6,38105509.839999996,5499829.099999994,546724876.99,655677427.63,108952550.64,6024605.809999999,2283.22,2399.32,947.6,947.08,2279.96,2164.39,0.0,0.0,,,,,,,基础化工,化学制品,日用化学产品,24.08,24.04,23.81
sz002919,名臣健康,2018-11-07,24.5,24.88,24.12,24.2,24.52,2079116.0,50965042.0,492712000.0,1970456686.0,38105509.839999996,5499829.099999994,546724876.99,655677427.63,108952550.64,6024605.809999999,1927.27,2557.76,963.56,571.5,2137.64,1967.24,68.03,0.0,,,,,,,基础化工,化学制品,日用化学产品,24.34,24.51,24.63
sz002919,名臣健康,2018-11-08,24.33,24.46,23.79,23.91,24.2,1469857.0,35372341.0,486807600.0,1946843775.3,38105509.839999996,5499829.099999994,546724876.99,655677427.63,108952550.64,6024605.809999999,1572.86,1740.11,380.79,550.81,1583.59,1246.3,0.0,0.0,,,,,,,基础化工,化学制品,日用化学产品,24.28,24.22,24.0
sz002919,名臣健康,2018-11-09,23.9,24.97,23.62,24.58,23.91,2795757.0,68506201.0,500448800.0,2001397741.4,38105509.839999996,5499829.099999994,546724876.99,655677427.63,108952550.64,6024605.809999999,2552.51,3068.84,1530.44,815.37,2588.35,2712.9,179.32,253.51,,,,,,,基础化工,化学制品,日用化学产品,24.0,24.08,24.22
sz002919,名臣健康,2018-11-12,24.55,25.49,24.35,25.26,24.58,2727119.0,68438031.0,514293600.0,2056765945.8,38105509.839999996,5499829.099999994,546724876.99,655677427.63,108952550.64,6024605.809999999,2578.93,3082.41,1279.53,797.92,2864.46,2862.87,120.88,100.6,,,,,,,基础化工,化学制品,日用化学产品,24.55,24.51,24.56
sz002919,名臣健康,2018-11-13,24.89,25.39,24.6,25.27,25.26,2536692.0,63598077.0,514497200.0,2057580184.1,38105509.839999996,5499829.099999994,546724876.99,655677427.63,108952550.64,6024605.809999999,2480.1,2906.82,1157.24,785.9,2722.47,2563.14,0.0,103.95,,,,,,,基础化工,化学制品,日用化学产品,24.77,24.94,25.07
sz002919,名臣健康,2018-11-14,25.15,25.6,24.98,25.16,25.27,2252123.0,56976969.0,512257600.0,2048623562.8,38105509.839999996,5499829.099999994,546724876.99,655677427.63,108952550.64,6024605.809999999,2318.04,2731.45,948.41,916.31,2431.24,2049.93,0.0,0.0,,,,,,,基础化工,化学制品,日用化学产品,25.26,25.17,25.4
sz002919,名臣健康,2018-11-15,25.64,26.88,25.17,26.32,25.16,4219281.0,109733696.0,535875200.0,2143075205.6,38105509.839999996,5499829.099999994,546724876.99,655677427.63,108952550.64,6024605.809999999,3969.42,4723.75,2534.48,2056.98,3859.58,3827.69,609.89,364.94,,,,,,,基础化工,化学制品,日用化学产品,25.49,25.42,25.37
sz002919,名臣健康,2018-11-16,25.88,26.3,25.62,25.93,26.32,2681737.0,69763708.0,527934800.0,2111319911.9,38105509.839999996,5499829.099999994,546724876.99,655677427.63,108952550.64,6024605.809999999,2601.15,2929.2,980.29,1421.29,3394.93,2239.18,0.0,386.7,,,,,,,基础化工,化学制品,日用化学产品,25.99,26.15,25.95
sz002919,名臣健康,2018-11-19,25.81,25.95,25.48,25.68,25.93,1721356.0,44188859.0,522844800.0,2090963954.4,38105509.839999996,5499829.099999994,546724876.99,655677427.63,108952550.64,6024605.809999999,1683.19,1891.85,565.84,812.99,2138.53,1714.04,31.31,0.0,,,,,,,基础化工,化学制品,日用化学产品,25.95,25.9,25.75
sz002919,名臣健康,2018-11-20,25.5,25.77,24.57,24.72,25.68,1656212.0,41879096.0,503299200.0,2012797077.6,38105509.839999996,5499829.099999994,546724876.99,655677427.63,108952550.64,6024605.809999999,1584.32,1892.96,278.47,894.01,2325.12,1400.93,0.0,0.0,,,,,,,基础化工,化学制品,日用化学产品,25.5,25.58,25.5
sz002919,名臣健康,2018-11-21,24.63,25.17,24.33,25.06,24.72,1444636.0,35947193.0,510221600.0,2040481179.8,38105509.839999996,5499829.099999994,546724876.99,655677427.63,108952550.64,6024605.809999999,1700.73,1302.17,334.51,388.4,1559.47,1798.82,0.0,105.33,,,,,,,基础化工,化学制品,日用化学产品,24.63,24.82,24.83
sz002919,名臣健康,2018-11-22,25.43,25.94,25.16,25.21,25.06,1931015.0,49348770.0,513275600.0,2052694754.3,38105509.839999996,5499829.099999994,546724876.99,655677427.63,108952550.64,6024605.809999999,2058.13,2166.02,729.69,395.17,1990.07,2243.64,156.98,130.05,,,,,,,基础化工,化学制品,日用化学产品,25.7,25.59,25.7
sz002919,名臣健康,2018-11-23,25.34,25.56,23.33,23.61,25.21,1846747.0,45000960.0,480699600.0,1922416626.3,38105509.839999996,5499829.099999994,546724876.99,655677427.63,108952550.64,6024605.809999999,1604.75,2425.93,402.09,458.66,2470.97,1615.5,22.29,0.0,,,,,,,基础化工,化学制品,日用化学产品,25.5,25.31,25.01
sz002919,名臣健康,2018-11-26,23.23,23.75,22.43,22.73,23.61,1638878.0,37518114.0,462782800.0,1850763655.9,38105509.839999996,5499829.099999994,546724876.99,655677427.63,108952550.64,6024605.809999999,1263.63,1456.24,419.51,825.11,2067.76,1214.64,0.0,254.91,,,,,,,基础化工,化学制品,日用化学产品,23.51,23.41,23.49
sz002919,名臣健康,2018-11-27,22.93,23.22,22.71,22.97,22.73,959258.0,22046476.0,467669200.0,1870305375.1,38105509.839999996,5499829.099999994,546724876.99,655677427.63,108952550.64,6024605.809999999,887.41,913.41,206.47,182.16,1110.77,1109.08,0.0,0.0,,,,,,,基础化工,化学制品,日用化学产品,23.01,22.96,23.03
sz002919,名臣健康,2018-11-28,23.01,24.03,22.41,23.67,22.97,1811372.0,42263194.0,481921200.0,1927302056.1,38105509.839999996,5499829.099999994,546724876.99,655677427.63,108952550.64,6024605.809999999,1828.92,1870.74,767.7,503.02,1493.56,1850.66,134.24,0.0,,,,,,,基础化工,化学制品,日用化学产品,23.16,22.89,22.7
sz002919,名臣健康,2018-11-29,23.68,23.93,22.9,22.9,23.67,1272600.0,29773948.0,466244000.0,1864605707.0,38105509.839999996,5499829.099999994,546724876.99,655677427.63,108952550.64,6024605.809999999,1348.22,1364.82,146.12,379.55,1483.06,1210.24,0.0,22.8,,,,,,,基础化工,化学制品,日用化学产品,23.67,23.48,23.61
sz002919,名臣健康,2018-11-30,22.83,23.36,22.5,23.14,22.9,1097886.0,25228841.0,471130400.0,1884147426.2,38105509.839999996,5499829.099999994,546724876.99,655677427.63,108952550.64,6024605.809999999,1055.71,1022.84,381.31,394.57,1085.86,1105.48,0.0,0.0,,,,,,,基础化工,化学制品,日用化学产品,23.03,23.04,23.1
sz002919,名臣健康,2018-12-03,23.88,23.98,23.33,23.59,23.14,1631365.0,38654682.0,480292400.0,1920788149.7,38105509.839999996,5499829.099999994,546724876.99,655677427.63,108952550.64,6024605.809999999,1453.32,1720.96,804.53,563.68,1607.62,1460.5,0.0,120.33,,,,,,,基础化工,化学制品,日用化学产品,23.51,23.43,23.61
sz002919,名臣健康,2018-12-04,23.6,23.78,23.38,23.68,23.59,1233061.0,29069429.0,482124800.0,1928116294.4,38105509.839999996,5499829.099999994,546724876.99,655677427.63,108952550.64,6024605.809999999,1221.08,1151.7,290.87,562.0,1366.33,1193.24,28.65,0.0,,,,,,,基础化工,化学制品,日用化学产品,23.59,23.58,23.6
sz002919,名臣健康,2018-12-05,23.16,23.36,22.85,23.26,23.68,1131824.0,26134815.0,473573600.0,1893918285.8,38105509.839999996,5499829.099999994,546724876.99,655677427.63,108952550.64,6024605.809999999,988.95,1151.3,336.41,465.04,1288.12,997.14,0.0,0.0,,,,,,,基础化工,化学制品,日用化学产品,23.08,22.96,23.04
sz002919,名臣健康,2018-12-06,23.19,23.19,22.57,22.72,23.26,1112324.0,25405633.0,462579200.0,1849949417.6,38105509.839999996,5499829.099999994,546724876.99,655677427.63,108952550.64,6024605.809999999,853.22,985.75,264.51,516.48,1422.83,1038.33,0.0,0.0,,,,,,,基础化工,化学制品,日用化学产品,23.04,23.03,23.04
sz002919,名臣健康,2018-12-07,22.59,23.15,22.59,22.83,22.72,803212.0,18365351.0,464818800.0,1858906038.9,38105509.839999996,5499829.099999994,546724876.99,655677427.63,108952550.64,6024605.809999999,761.61,830.93,356.33,160.97,718.6,844.64,0.0,0.0,,,,,,,基础化工,化学制品,日用化学产品,22.74,22.81,22.73
sz002919,名臣健康,2018-12-10,22.75,23.05,22.55,22.84,22.83,626740.0,14338060.0,465022400.0,1859720277.2,38105509.839999996,5499829.099999994,546724876.99,655677427.63,108952550.64,6024605.809999999,569.97,607.05,282.54,160.57,581.29,666.19,0.0,0.0,,,,,,,基础化工,化学制品,日用化学产品,22.83,22.84,22.96
sz002919,名臣健康,2018-12-11,22.89,23.13,22.74,22.85,22.84,583412.0,13320970.0,465226000.0,1860534515.5,38105509.839999996,5499829.099999994,546724876.99,655677427.63,108952550.64,6024605.809999999,531.19,584.84,134.17,200.59,666.74,546.67,0.0,0.0,,,,,,,基础化工,化学制品,日用化学产品,22.97,22.95,22.93
sz002919,名臣健康,2018-12-12,22.89,23.55,22.81,23.18,22.85,1160947.0,26826051.0,471944800.0,1887404379.4,38105509.839999996,5499829.099999994,546724876.99,655677427.63,108952550.64,6024605.809999999,1147.96,1295.53,378.11,267.42,1156.54,1119.66,0.0,0.0,,,,,,,基础化工,化学制品,日用化学产品,22.84,22.86,22.98
sz002919,名臣健康,2018-12-13,23.07,23.45,22.7,23.15,23.18,1310189.0,30310569.0,471334000.0,1884961664.5,38105509.839999996,5499829.099999994,546724876.99,655677427.63,108952550.64,6024605.809999999,1260.02,1517.55,428.92,238.17,1342.11,1275.33,0.0,0.0,,,,,,,基础化工,化学制品,日用化学产品,22.83,22.86,22.85
sz002919,名臣健康,2018-12-14,22.75,23.02,22.2,22.36,23.15,1228303.0,27814505.0,455249600.0,1820636838.8,38105509.839999996,5499829.099999994,546724876.99,655677427.63,108952550.64,6024605.809999999,952.88,1019.26,513.69,683.64,1314.89,1078.56,0.0,0.0,,,,,,,基础化工,化学制品,日用化学产品,22.94,22.88,22.95
sz002919,名臣健康,2018-12-17,22.03,22.77,22.03,22.68,22.36,937739.0,21124528.0,461764800.0,1846692464.4,38105509.839999996,5499829.099999994,546724876.99,655677427.63,108952550.64,6024605.809999999,848.49,893.3,476.37,294.54,787.6,924.61,0.0,0.0,,,,,,,基础化工,化学制品,日用化学产品,22.4,22.43,22.37
sz002919,名臣健康,2018-12-18,22.77,23.33,22.4,23.0,22.68,1431489.0,32787203.0,816772090.0,1872748090.0,38105509.839999996,5499829.099999994,546724876.99,655677427.63,108952550.64,6024605.809999999,1391.42,1368.77,513.11,639.71,1238.94,1270.24,135.25,0.0,,,,,,,基础化工,化学制品,日用化学产品,22.66,22.72,22.83
sz002919,名臣健康,2018-12-19,22.9,23.09,22.34,22.34,23.0,810113.0,18338992.0,793334282.2,1819008362.2,38105509.839999996,5499829.099999994,546724876.99,655677427.63,108952550.64,6024605.809999999,634.34,733.81,247.71,177.71,951.84,922.38,0.0,0.0,,,,,,,基础化工,化学制品,日用化学产品,22.92,22.93,22.78
sz002919,名臣健康,2018-12-20,22.38,22.76,22.35,22.66,22.34,542236.0,12260434.0,804698067.8,1845063987.8,38105509.839999996,5499829.099999994,546724876.99,655677427.63,108952550.64,6024605.809999999,574.37,495.4,154.14,125.64,497.54,605.0,0.0,0.0,,,,,,,基础化工,化学制品,日用化学产品,22.45,22.6,22.51
sz002919,名臣健康,2018-12-21,22.51,23.57,22.51,23.27,22.66,1824712.0,42258342.0,826360284.1,1894732524.1,38105509.839999996,5499829.099999994,546724876.99,655677427.63,108952550.64,6024605.809999999,1603.99,1803.38,776.28,587.7,1675.96,1834.76,169.6,0.0,,,,,,,基础化工,化学制品,日用化学产品,22.67,22.72,22.73
sz002919,名臣健康,2018-12-24,23.03,23.8,23.03,23.66,23.27,2136232.0,50213721.0,840209897.8,1926487817.8,38105509.839999996,5499829.099999994,546724876.99,655677427.63,108952550.64,6024605.809999999,2037.74,2235.09,768.05,800.37,1948.56,1674.15,238.77,283.51,,,,,,,基础化工,化学制品,日用化学产品,23.19,23.21,23.31
sz002919,名臣健康,2018-12-25,23.29,23.49,22.73,23.32,23.66,1708900.0,39532449.0,828135875.6,1898803715.6,38105509.839999996,5499829.099999994,546724876.99,655677427.63,108952550.64,6024605.809999999,1526.53,1997.52,448.53,511.66,1738.06,1244.81,240.12,199.25,,,,,,,基础化工,化学制品,日用化学产品,23.46,23.25,23.1
sz002919,名臣健康,2018-12-26,23.41,23.6,23.08,23.11,23.32,1381000.0,32169079.0,820678391.3,1881704711.3,38105509.839999996,5499829.099999994,546724876.99,655677427.63,108952550.64,6024605.809999999,1303.05,1416.93,474.91,766.97,1438.95,1033.0,0.0,0.0,,,,,,,基础化工,化学制品,日用化学产品,23.21,23.47,23.39
sz002919,名臣健康,2018-12-27,23.32,23.45,22.18,22.18,23.11,1601245.0,36531122.0,787652389.4,1805980549.4,38105509.839999996,5499829.099999994,546724876.99,655677427.63,108952550.64,6024605.809999999,1189.54,1798.14,462.12,775.28,2001.45,1079.69,0.0,0.0,,,,,,,基础化工,化学制品,日用化学产品,23.32,23.29,23.25
sz002919,名臣健康,2018-12-28,21.52,21.85,19.96,19.97,22.18,3023172.0,62545723.0,709171245.1,1626033885.1,38105509.839999996,5499829.099999994,546724876.99,655677427.63,108952550.64,6024605.809999999,2429.35,2802.59,1009.03,1205.89,2712.94,2076.81,103.25,169.27,,,,,,,基础化工,化学制品,日用化学产品,21.67,20.51,20.88
sz002919,名臣健康,2019-01-02,19.91,20.84,19.91,20.3,19.97,1458312.0,29569020.0,720890149.0,1652903749.0,38105509.839999996,5499829.099999994,546724876.99,655677427.63,108952550.64,6024605.809999999,1269.47,1281.83,669.98,378.23,1017.45,1296.84,0.0,0.0,,,,,,,基础化工,化学制品,日用化学产品,20.03,20.01,20.03
sz002919,名臣健康,2019-01-03,20.07,20.82,20.01,20.01,20.3,924345.0,18869153.0,710591718.3,1629290838.3,38105509.839999996,5499829.099999994,546724876.99,655677427.63,108952550.64,6024605.809999999,933.01,830.57,163.74,187.99,790.16,823.51,0.0,44.85,,,,,,,基础化工,化学制品,日用化学产品,20.47,20.4,20.55
sz002919,名臣健康,2019-01-04,20.0,20.76,19.89,20.61,20.01,1165973.0,23798835.0,731898816.3,1678145136.3,38105509.839999996,5499829.099999994,546724876.99,655677427.63,108952550.64,6024605.809999999,928.47,999.83,226.75,331.99,1224.66,1048.05,0.0,0.0,,,,,,,基础化工,化学制品,日用化学产品,20.03,20.15,20.22
sz002919,名臣健康,2019-01-07,20.61,21.4,20.46,21.27,20.61,1172518.0,24540409.0,755336624.1,1731884864.1,38105509.839999996,5499829.099999994,546724876.99,655677427.63,108952550.64,6024605.809999999,940.57,965.7,370.71,249.87,1142.76,1238.47,0.0,0.0,,,,,,,基础化工,化学制品,日用化学产品,20.71,20.46,20.58
sz002919,名臣健康,2019-01-08,21.34,21.34,20.55,20.7,21.27,931795.0,19419424.0,735094881.0,1685473281.0,38105509.839999996,5499829.099999994,546724876.99,655677427.63,108952550.64,6024605.809999999,689.16,675.04,111.47,236.47,1141.32,1030.43,0.0,0.0,,,,,,,基础化工,化学制品,日用化学产品,21.15,21.0,20.94
sz002919,名臣健康,2019-01-09,20.93,21.2,20.7,20.73,20.7,844400.0,17675568.0,736160235.9,1687915995.9,38105509.839999996,5499829.099999994,546724876.99,655677427.63,108952550.64,6024605.809999999,807.43,669.37,332.99,91.23,627.13,1006.96,0.0,0.0,,,,,,,基础化工,化学制品,日用化学产品,20.81,20.81,20.89
sz002919,名臣健康,2019-01-10,20.83,20.83,20.36,20.36,20.73,627160.0,12923819.0,723020858.8,1657789178.8,38105509.839999996,5499829.099999994,546724876.99,655677427.63,108952550.64,6024605.809999999,378.94,598.54,41.29,182.08,872.15,511.76,0.0,0.0,,,,,,,基础化工,化学制品,日用化学产品,20.73,20.74,20.79
sz002919,名臣健康,2019-01-11,20.39,20.8,20.38,20.73,20.36,737033.0,15173059.0,736160235.9,1687915995.9,38105509.839999996,5499829.099999994,546724876.99,655677427.63,108952550.64,6024605.809999999,574.95,692.06,108.61,91.64,833.75,733.6,0.0,0.0,,,,,,,基础化工,化学制品,日用化学产品,20.6,20.52,20.61
sz002919,名臣健康,2019-01-14,21.0,21.0,20.24,20.36,20.73,802567.0,16490966.0,723020858.8,1657789178.8,38105509.839999996,5499829.099999994,546724876.99,655677427.63,108952550.64,6024605.809999999,569.39,754.72,89.09,112.49,990.61,781.88,0.0,0.0,,,,,,,基础化工,化学制品,日用化学产品,20.8,20.81,20.58
sz002919,名臣健康,2019-01-15,20.48,20.66,20.1,20.63,20.36,742190.0,15162189.0,732609052.9,1679773612.9,38105509.839999996,5499829.099999994,546724876.99,655677427.63,108952550.64,6024605.809999999,752.25,618.88,37.83,93.6,726.14,803.73,0.0,0.0,,,,,,,基础化工,化学制品,日用化学产品,20.24,20.33,20.27
sz002919,名臣健康,2019-01-16,20.73,20.76,20.41,20.5,20.63,681933.0,14022051.0,727992515.0,1669188515.0,38105509.839999996,5499829.099999994,546724876.99,655677427.63,108952550.64,6024605.809999999,557.36,640.59,96.33,138.76,748.52,622.85,0.0,0.0,,,,,,,基础化工,化学制品,日用化学产品,20.64,20.66,20.65
sz002919,名臣健康,2019-01-17,20.5,20.64,20.09,20.3,20.5,660931.0,13409526.0,720890149.0,1652903749.0,38105509.839999996,5499829.099999994,546724876.99,655677427.63,108952550.64,6024605.809999999,530.9,640.66,80.66,59.46,729.39,640.84,0.0,0.0,,,,,,,基础化工,化学制品,日用化学产品,20.59,20.44,20.38
sz002919,名臣健康,2019-01-18,20.37,20.48,20.21,20.37,20.3,750225.0,15265012.0,723375977.1,1658603417.1,38105509.839999996,5499829.099999994,546724876.99,655677427.63,108952550.64,6024605.809999999,599.96,649.45,361.16,246.91,565.38,630.14,0.0,0.0,,,,,,,基础化工,化学制品,日用化学产品,20.25,20.35,20.36
sz002919,名臣健康,2019-01-21,20.52,20.81,20.33,20.7,20.37,931304.0,19184282.0,735094881.0,1685473281.0,38105509.839999996,5499829.099999994,546724876.99,655677427.63,108952550.64,6024605.809999999,1049.37,864.18,137.88,168.52,731.18,877.92,0.0,7.81,,,,,,,基础化工,化学制品,日用化学产品,20.37,20.4,20.44
sz002919,名臣健康,2019-01-22,20.7,20.95,20.33,20.47,20.7,813075.0,16777703.0,726927160.1,1666745800.1,38105509.839999996,5499829.099999994,546724876.99,655677427.63,108952550.64,6024605.809999999,765.27,858.69,245.65,111.7,666.85,707.38,0.0,0.0,,,,,,,基础化工,化学制品,日用化学产品,20.57,20.54,20.56
sz002919,名臣健康,2019-01-23,20.64,20.64,20.3,20.48,20.47,478930.0,9803788.0,727282278.4,1667560038.4,38105509.839999996,5499829.099999994,546724876.99,655677427.63,108952550.64,6024605.809999999,354.89,446.7,61.05,82.17,564.44,451.5,0.0,0.0,,,,,,,基础化工,化学制品,日用化学产品,20.3,20.48,20.5
sz002919,名臣健康,2019-01-24,20.63,20.91,20.49,20.85,20.48,811543.0,16835016.0,740421655.5,1697686855.5,38105509.839999996,5499829.099999994,546724876.99,655677427.63,108952550.64,6024605.809999999,619.44,720.58,216.54,65.05,847.52,897.87,0.0,0.0,,,,,,,基础化工,化学制品,日用化学产品,20.58,20.59,20.55
sz002919,名臣健康,2019-01-25,20.9,21.0,20.33,20.55,20.85,745479.0,15306640.0,729768106.5,1673259706.5,38105509.839999996,5499829.099999994,546724876.99,655677427.63,108952550.64,6024605.809999999,621.28,669.51,85.03,160.15,824.35,701.0,0.0,0.0,,,,,,,基础化工,化学制品,日用化学产品,20.9,20.74,20.67
sz002919,名臣健康,2019-01-28,20.74,20.74,20.2,20.6,20.55,673159.0,13749367.0,731543698.0,1677330898.0,38105509.839999996,5499829.099999994,546724876.99,655677427.63,108952550.64,6024605.809999999,583.94,568.13,246.48,78.93,544.52,727.87,0.0,0.0,,,,,,,基础化工,化学制品,日用化学产品,20.51,20.44,20.32
sz002919,名臣健康,2019-01-29,20.66,22.66,20.34,20.88,20.6,1807803.0,38175797.0,741487010.4,1700129570.4,38105509.839999996,5499829.099999994,546724876.99,655677427.63,108952550.64,6024605.809999999,1264.48,1372.38,309.48,1020.14,1316.54,1425.05,927.08,0.0,,,,,,,基础化工,化学制品,日用化学产品,21.14,21.01,20.85
sz002919,名臣健康,2019-01-30,20.65,20.89,19.9,19.98,20.88,1396510.0,28339342.0,709526363.4,1626848123.4,38105509.839999996,5499829.099999994,546724876.99,655677427.63,108952550.64,6024605.809999999,1230.04,1084.5,349.49,318.52,1254.39,1430.91,0.0,0.0,,,,,,,基础化工,化学制品,日用化学产品,20.38,20.41,20.32
sz002919,名臣健康,2019-01-31,19.77,19.87,18.0,18.7,19.98,1764680.0,33262728.0,664071221.0,1522625621.0,38105509.839999996,5499829.099999994,546724876.99,655677427.63,108952550.64,6024605.809999999,1377.41,1089.86,719.77,796.58,1229.09,1304.86,0.0,134.97,,,,,,,基础化工,化学制品,日用化学产品,19.71,19.36,19.21
sz002919,名臣健康,2019-02-01,18.65,19.34,18.47,19.16,18.7,732421.0,13889226.0,680406662.8,1560080582.8,38105509.839999996,5499829.099999994,546724876.99,655677427.63,108952550.64,6024605.809999999,523.24,468.46,361.82,205.88,500.44,714.59,3.43,0.0,,,,,,,基础化工,化学制品,日用化学产品,18.78,18.71,18.7
sz002919,名臣健康,2019-02-11,19.72,19.72,19.21,19.48,19.16,641373.0,12473062.0,691770448.4,1586136208.4,38105509.839999996,5499829.099999994,546724876.99,655677427.63,108952550.64,6024605.809999999,333.87,370.22,196.45,310.2,707.08,566.89,9.91,0.0,,,,,,,基础化工,化学制品,日用化学产品,19.38,19.45,19.28
sz002919,名臣健康,2019-02-12,19.65,20.0,19.42,19.68,19.48,871142.0,17198768.0,698872814.4,1602420974.4,38105509.839999996,5499829.099999994,546724876.99,655677427.63,108952550.64,6024605.809999999,664.77,525.5,203.59,381.93,851.51,810.67,0.0,1.78,,,,,,,基础化工,化学制品,日用化学产品,19.58,19.69,19.69
sz002919,名臣健康,2019-02-13,19.7,21.65,19.67,21.65,19.68,2234547.0,46433353.0,768831119.5,1762825919.5,38105509.839999996,5499829.099999994,546724876.99,655677427.63,108952550.64,6024605.809999999,1199.91,1873.74,1608.33,954.34,1226.41,1607.0,608.68,208.25,,,,,,,基础化工,化学制品,日用化学产品,19.75,19.74,19.68
sz002919,名臣健康,2019-02-14,21.58,21.58,20.83,21.1,21.65,2576861.0,54432547.0,749299613.0,1718042813.0,38105509.839999996,5499829.099999994,546724876.99,655677427.63,108952550.64,6024605.809999999,2373.43,2135.96,858.46,1125.55,2166.68,2057.09,44.68,124.66,,,,,,,基础化工,化学制品,日用化学产品,21.26,21.25,20.99
sz002919,名臣健康,2019-02-15,20.91,21.26,20.72,20.84,21.1,1411280.0,29635028.0,740066537.2,1696872617.2,38105509.839999996,5499829.099999994,546724876.99,655677427.63,108952550.64,6024605.809999999,1345.64,1534.26,397.47,385.22,1220.39,1044.01,0.0,0.0,,,,,,,基础化工,化学制品,日用化学产品,20.74,20.78,20.94
sz002919,名臣健康,2019-02-18,20.85,21.45,20.85,21.34,20.84,1789587.0,37933686.0,757822452.2,1737584532.2,38105509.839999996,5499829.099999994,546724876.99,655677427.63,108952550.64,6024605.809999999,1499.67,1676.38,681.77,604.62,1221.42,1342.99,390.51,169.37,,,,,,,基础化工,化学制品,日用化学产品,21.04,21.04,20.93
sz002919,名臣健康,2019-02-19,21.5,21.61,20.9,21.13,21.34,1303274.0,27565628.0,750364967.9,1720485527.9,38105509.839999996,5499829.099999994,546724876.99,655677427.63,108952550.64,6024605.809999999,1002.28,1087.3,488.38,577.92,1265.9,984.84,0.0,106.51,,,,,,,基础化工,化学制品,日用化学产品,21.13,21.39,21.3
sz002919,名臣健康,2019-02-20,21.33,21.33,20.9,21.17,21.13,1005761.0,21177988.0,751785441.1,1723742481.1,38105509.839999996,5499829.099999994,546724876.99,655677427.63,108952550.64,6024605.809999999,897.12,762.42,388.0,388.0,832.68,856.36,0.0,111.02,,,,,,,基础化工,化学制品,日用化学产品,21.02,21.07,21.05
sz002919,名臣健康,2019-02-21,21.17,21.64,21.03,21.25,21.17,1660470.0,35418299.0,754626387.5,1730256387.5,38105509.839999996,5499829.099999994,546724876.99,655677427.63,108952550.64,6024605.809999999,1514.16,1772.65,498.06,332.01,1423.8,1312.74,105.8,124.42,,,,,,,基础化工,化学制品,日用化学产品,21.1,21.16,21.25
sz002919,名臣健康,2019-02-22,21.2,21.48,21.02,21.46,21.25,1498065.0,31956871.0,762083871.8,1747355391.8,38105509.839999996,5499829.099999994,546724876.99,655677427.63,108952550.64,6024605.809999999,1572.5,1385.85,463.94,638.29,1159.24,1171.55,0.0,0.0,,,,,,,基础化工,化学制品,日用化学产品,21.17,21.2,21.1
sz002919,名臣健康,2019-02-25,21.66,22.49,21.45,22.28,21.46,2724019.0,59810803.0,791203572.4,1814122932.4,38105509.839999996,5499829.099999994,546724876.99,655677427.63,108952550.64,6024605.809999999,2895.84,2499.78,991.71,1300.05,2093.54,1951.25,0.0,229.99,,,,,,,基础化工,化学制品,日用化学产品,21.52,21.57,21.6
sz002919,名臣健康,2019-02-26,22.38,22.62,21.8,22.05,22.28,2374516.0,52660343.0,783035851.5,1795395451.5,38105509.839999996,5499829.099999994,546724876.99,655677427.63,108952550.64,6024605.809999999,2561.27,2684.39,641.4,809.71,2063.36,1771.93,0.0,0.0,,,,,,,基础化工,化学制品,日用化学产品,22.05,22.08,22.0
sz002919,名臣健康,2019-02-27,22.5,22.55,21.61,21.98,22.05,2175767.0,48195390.0,780550023.4,1789695783.4,38105509.839999996,5499829.099999994,546724876.99,655677427.63,108952550.64,6024605.809999999,2123.03,2288.58,1017.76,1229.19,1678.74,1301.77,0.0,0.0,,,,,,,基础化工,化学制品,日用化学产品,22.3,22.23,22.18
sz002919,名臣健康,2019-02-28,21.8,22.98,21.71,22.63,21.98,2614394.0,58445844.0,803632712.9,1842621272.9,38105509.839999996,5499829.099999994,546724876.99,655677427.63,108952550.64,6024605.809999999,2549.41,2562.25,1607.43,1388.49,1687.74,1893.84,0.0,0.0,,,,,,,基础化工,化学制品,日用化学产品,21.95,21.92,21.95
sz002919,名臣健康,2019-03-01,22.61,22.65,22.2,22.37,22.63,1420488.0,31758055.0,794399637.1,1821451077.1,38105509.839999996,5499829.099999994,546724876.99,655677427.63,108952550.64,6024605.809999999,1559.98,1644.53,346.58,576.53,1269.24,954.75,0.0,0.0,,,,,,,基础化工,化学制品,日用化学产品,22.4,22.46,22.34
sz002919,名臣健康,2019-03-04,22.4,22.85,22.26,22.42,22.37,2046827.0,46037391.0,796175228.6,1825522268.6,38105509.839999996,5499829.099999994,546724876.99,655677427.63,108952550.64,6024605.809999999,2148.49,2024.08,687.46,1167.58,1767.79,1412.08,0.0,0.0,,,,,,,基础化工,化学制品,日用化学产品,22.51,22.42,22.34
sz002919,名臣健康,2019-03-05,22.39,22.75,22.08,22.65,22.42,1929490.0,43301138.0,804342949.5,1844249749.5,38105509.839999996,5499829.099999994,546724876.99,655677427.63,108952550.64,6024605.809999999,2136.45,2038.41,756.79,988.64,1436.87,1303.06,0.0,0.0,,,,,,,基础化工,化学制品,日用化学产品,22.22,22.23,22.27
sz002919,名臣健康,2019-03-06,22.65,23.58,22.44,23.3,22.65,3295914.0,75787660.0,827425639.0,1897175239.0,38105509.839999996,5499829.099999994,546724876.99,655677427.63,108952550.64,6024605.809999999,3171.31,3597.12,1600.79,1329.6,2693.26,2470.59,113.4,181.46,,,,,,,基础化工,化学制品,日用化学产品,22.82,22.68,22.66
sz002919,名臣健康,2019-03-07,23.07,24.47,22.88,24.21,23.3,4290180.0,101620892.0,859741404.3,1971270924.3,38105509.839999996,5499829.099999994,546724876.99,655677427.63,108952550.64,6024605.809999999,3911.34,3852.46,2553.94,2765.28,3632.49,2970.18,64.31,574.16,,,,,,,基础化工,化学制品,日用化学产品,22.94,22.98,23.12
sz002919,名臣健康,2019-03-08,23.72,24.45,22.6,22.61,24.21,2984498.0,70488078.0,802922476.3,1840992796.3,38105509.839999996,5499829.099999994,546724876.99,655677427.63,108952550.64,6024605.809999999,2452.63,3188.45,1688.01,1701.08,2774.48,2159.27,133.68,0.0,,,,,,,基础化工,化学制品,日用化学产品,23.38,23.5,23.52
sz002919,名臣健康,2019-03-11,22.51,23.27,22.51,23.15,22.61,1561458.0,35878383.0,822098864.5,1884961664.5,38105509.839999996,5499829.099999994,546724876.99,655677427.63,108952550.64,6024605.809999999,1616.1,1709.68,448.28,563.08,1523.45,1315.08,0.0,0.0,,,,,,,基础化工,化学制品,日用化学产品,22.87,22.92,23.03
sz002919,名臣健康,2019-03-12,23.44,24.3,23.2,23.52,23.15,2857180.0,67448703.0,835238241.6,1915088481.6,38105509.839999996,5499829.099999994,546724876.99,655677427.63,108952550.64,6024605.809999999,2689.54,2777.87,1300.79,1093.63,2384.33,2341.99,370.22,531.38,,,,,,,基础化工,化学制品,日用化学产品,23.44,23.4,23.28
sz002919,名臣健康,2019-03-13,23.35,23.67,22.7,22.91,23.52,2023200.0,47049247.0,813576025.3,1865419945.3,38105509.839999996,5499829.099999994,546724876.99,655677427.63,108952550.64,6024605.809999999,1827.22,1954.32,776.47,1434.4,1985.75,1316.21,115.48,0.0,,,,,,,基础化工,化学制品,日用化学产品,23.57,23.58,23.53
sz002919,名臣健康,2019-03-14,22.88,23.13,21.81,22.08,22.91,1495812.0,33439418.0,784101206.4,1797838166.4,38105509.839999996,5499829.099999994,546724876.99,655677427.63,108952550.64,6024605.809999999,1224.36,1471.45,495.07,773.24,1468.84,973.52,155.67,125.73,,,,,,,基础化工,化学制品,日用化学产品,22.8,23.08,22.71
sz002919,名臣健康,2019-03-15,22.3,22.6,22.18,22.35,22.08,954300.0,21359434.0,793689400.5,1819822600.5,38105509.839999996,5499829.099999994,546724876.99,655677427.63,108952550.64,6024605.809999999,938.95,1047.79,218.45,296.51,978.54,791.65,0.0,0.0,,,,,,,基础化工,化学制品,日用化学产品,22.45,22.43,22.31
sz002919,名臣健康,2019-03-18,22.52,23.11,22.22,23.0,22.35,1357202.0,30932894.0,816772090.0,1872748090.0,38105509.839999996,5499829.099999994,546724876.99,655677427.63,108952550.64,6024605.809999999,1558.34,1203.18,374.57,523.42,1160.38,1313.79,0.0,52.9,,,,,,,基础化工,化学制品,日用化学产品,22.52,22.36,22.56
sz002919,名臣健康,2019-03-19,23.0,23.28,22.88,23.22,23.0,1562605.0,36064234.0,824584692.6,1890661332.6,38105509.839999996,5499829.099999994,546724876.99,655677427.63,108952550.64,6024605.809999999,1604.83,1465.33,577.8,1107.16,1389.69,1033.94,34.11,0.0,,,,,,,基础化工,化学制品,日用化学产品,23.08,23.07,23.08
sz002919,名臣健康,2019-03-20,23.32,23.7,22.9,23.19,23.22,1711157.0,39787903.0,823519337.7,1888218617.7,38105509.839999996,5499829.099999994,546724876.99,655677427.63,108952550.64,6024605.809999999,1723.81,1806.48,578.75,811.73,1605.0,1329.8,71.22,30.78,,,,,,,基础化工,化学制品,日用化学产品,23.11,23.14,23.23
sz002919,名臣健康,2019-03-21,23.25,23.34,23.0,23.26,23.19,1710524.0,39681221.0,826005165.8,1893918285.8,38105509.839999996,5499829.099999994,546724876.99,655677427.63,108952550.64,6024605.809999999,1790.14,1827.41,734.62,1180.83,1443.36,959.19,0.0,0.7,,,,,,,基础化工,化学制品,日用化学产品,23.19,23.18,23.29
sz002919,名臣健康,2019-03-22,23.59,23.6,22.83,23.16,23.26,1442314.0,33465327.0,822453982.8,1885775902.8,38105509.839999996,5499829.099999994,546724876.99,655677427.63,108952550.64,6024605.809999999,1468.53,1517.82,318.47,485.14,1335.43,1209.83,224.1,133.75,,,,,,,基础化工,化学制品,日用化学产品,23.45,23.3,23.23
sz002919,名臣健康,2019-03-25,22.7,22.9,22.45,22.57,23.16,1359202.0,30766030.0,801502003.1,1837735843.1,38105509.839999996,5499829.099999994,546724876.99,655677427.63,108952550.64,6024605.809999999,1218.25,1502.91,337.02,609.87,1521.33,963.82,0.0,0.0,,,,,,,基础化工,化学制品,日用化学产品,22.53,22.63,22.74
sz002919,名臣健康,2019-03-26,22.61,22.79,21.8,21.8,22.57,1326912.0,29555419.0,774157894.0,1775039494.0,38105509.839999996,5499829.099999994,546724876.99,655677427.63,108952550.64,6024605.809999999,1108.86,1446.47,366.06,513.54,1480.61,995.52,0.0,0.0,,,,,,,基础化工,化学制品,日用化学产品,22.63,22.52,22.55
sz002919,名臣健康,2019-03-27,21.98,22.22,21.52,22.05,21.8,874212.0,19109466.0,783035851.5,1795395451.5,38105509.839999996,5499829.099999994,546724876.99,655677427.63,108952550.64,6024605.809999999,753.05,868.68,343.1,234.02,814.8,808.25,0.0,0.0,,,,,,,基础化工,化学制品,日用化学产品,21.88,21.81,21.82
sz002919,名臣健康,2019-03-28,21.83,22.49,21.83,22.24,22.05,1151155.0,25636420.0,789783099.2,1810865979.2,38105509.839999996,5499829.099999994,546724876.99,655677427.63,108952550.64,6024605.809999999,1076.28,1143.96,414.45,218.46,1072.91,1160.07,0.0,41.15,,,,,,,基础化工,化学制品,日用化学产品,22.17,22.18,22.26
sz002919,名臣健康,2019-03-29,22.0,22.68,22.0,22.59,22.24,1229802.0,27564601.0,802212239.7,1839364319.7,38105509.839999996,5499829.099999994,546724876.99,655677427.63,108952550.64,6024605.809999999,1147.51,1144.89,550.09,367.81,1053.92,1017.11,4.93,226.66,,,,,,,基础化工,化学制品,日用化学产品,22.23,22.27,22.19
sz002919,名臣健康,2019-04-01,22.6,23.3,22.6,23.18,22.59,1774077.0,40915171.0,823164219.4,1887404379.4,38105509.839999996,5499829.099999994,546724876.99,655677427.63,108952550.64,6024605.809999999,1770.14,1771.71,590.94,828.9,1581.88,1490.9,148.56,0.0,,,,,,,基础化工,化学制品,日用化学产品,22.89,22.95,22.84
sz002919,名臣健康,2019-04-02,23.2,25.5,23.07,25.5,23.18,4751700.0,117526408.0,905551665.0,2076307665.0,38105509.839999996,5499829.099999994,546724876.99,655677427.63,108952550.64,6024605.809999999,2853.44,5003.74,3634.28,2566.28,1961.43,3260.7,3303.48,921.91,,,,,,,基础化工,化学制品,日用化学产品,23.44,23.26,23.28
sz002919,名臣健康,2019-04-03,25.25,25.85,24.73,24.93,25.5,6390661.0,161050452.0,885309921.9,2029896081.9,38105509.839999996,5499829.099999994,546724876.99,655677427.63,108952550.64,6024605.809999999,6851.15,6909.75,3091.0,4575.98,5503.35,4277.78,659.54,341.52,,,,,,,基础化工,化学制品,日用化学产品,25.59,25.78,25.59
sz002919,名臣健康,2019-04-04,24.7,25.39,24.29,24.89,24.93,3787581.0,93816234.0,883889448.7,2026639128.7,38105509.839999996,5499829.099999994,546724876.99,655677427.63,108952550.64,6024605.809999999,3683.65,3699.59,2176.64,2494.74,3396.54,2745.76,124.8,441.54,,,,,,,基础化工,化学制品,日用化学产品,24.8,24.54,24.51
sz002919,名臣健康,2019-04-08,25.0,26.51,25.0,25.44,24.89,5656650.0,144987571.0,903420955.2,2071422235.2,38105509.839999996,5499829.099999994,546724876.99,655677427.63,108952550.64,6024605.809999999,5930.81,6037.03,3530.55,3639.88,4727.33,4201.88,310.06,619.97,,,,,,,基础化工,化学制品,日用化学产品,25.24,26.25,25.81
sz002919,名臣健康,2019-04-09,24.95,27.9,24.2,26.9,25.44,7731433.0,202941714.0,955268227.0,2190301027.0,38105509.839999996,5499829.099999994,546724876.99,655677427.63,108952550.64,6024605.809999999,8951.67,8045.1,4762.39,4334.97,5005.16,6350.96,1574.94,1563.14,,,,,,,基础化工,化学制品,日用化学产品,24.74,24.66,24.67
sz002919,名臣健康,2019-04-10,26.26,27.92,25.81,27.3,26.9,7431764.0,200321253.0,969472959.0,2222870559.0,38105509.839999996,5499829.099999994,546724876.99,655677427.63,108952550.64,6024605.809999999,7678.52,7652.14,5200.63,4920.72,4563.12,4896.82,2589.85,2562.43,,,,,,,基础化工,化学制品,日用化学产品,26.7,26.3,26.27
sz002919,名臣健康,2019-04-11,26.97,27.34,25.88,26.83,27.3,5151710.0,137985141.0,952782398.9,2184601358.9,38105509.839999996,5499829.099999994,546724876.99,655677427.63,108952550.64,6024605.809999999,5611.05,5185.6,2525.33,3435.74,3384.87,3885.91,2277.26,1291.25,,,,,,,基础化工,化学制品,日用化学产品,26.9,26.96,26.9
sz002919,名臣健康,2019-04-12,26.83,27.5,25.95,25.95,26.83,3721948.0,99627683.0,921531988.5,2112948388.5,38105509.839999996,5499829.099999994,546724876.99,655677427.63,108952550.64,6024605.809999999,4267.27,3653.81,2316.83,1937.07,2710.01,3480.96,668.66,890.93,,,,,,,基础化工,化学制品,日用化学产品,26.7,27.04,27.26
sz002919,名臣健康,2019-04-15,25.9,26.4,24.58,24.59,25.95,3991648.0,102565714.0,873235899.7,2002211979.7,38105509.839999996,5499829.099999994,546724876.99,655677427.63,108952550.64,6024605.809999999,4298.72,3948.62,1633.93,2824.16,3046.72,1980.8,1277.19,1502.98,,,,,,,基础化工,化学制品,日用化学产品,26.05,25.74,25.77
sz002919,名臣健康,2019-04-16,24.35,24.97,24.23,24.73,24.59,3174778.0,78147010.0,878207555.9,2013611315.9,38105509.839999996,5499829.099999994,546724876.99,655677427.63,108952550.64,6024605.809999999,3389.14,3497.6,1081.08,1555.32,2417.37,1664.06,927.12,1097.72,,,,,,,基础化工,化学制品,日用化学产品,24.5,24.63,24.49
sz002919,名臣健康,2019-04-17,24.67,24.98,24.35,24.57,24.73,2284943.0,56464636.0,872525663.1,2000583503.1,38105509.839999996,5499829.099999994,546724876.99,655677427.63,108952550.64,6024605.809999999,2330.57,2091.98,935.38,909.94,2045.48,1505.63,0.0,803.88,,,,,,,基础化工,化学制品,日用化学产品,24.58,24.67,24.71
sz002919,名臣健康,2019-04-18,24.66,24.77,24.11,24.16,24.57,1787386.0,43736430.0,857965812.8,1967199732.8,38105509.839999996,5499829.099999994,546724876.99,655677427.63,108952550.64,6024605.809999999,1940.39,2290.32,708.65,823.97,1724.59,1259.34,0.0,0.0,,,,,,,基础化工,化学制品,日用化学产品,24.5,24.75,24.74
sz002919,名臣健康,2019-04-19,24.16,24.29,23.51,23.91,24.16,1803400.0,43120273.0,849087855.3,1946843775.3,38105509.839999996,5499829.099999994,546724876.99,655677427.63,108952550.64,6024605.809999999,1806.05,1827.83,627.26,1225.18,1878.72,1141.49,0.0,117.54,,,,,,,基础化工,化学制品,日用化学产品,24.29,24.05,24.27
sz002919,名臣健康,2019-04-22,24.11,24.11,23.46,23.55,23.91,1346100.0,31944876.0,836303596.5,1917531196.5,38105509.839999996,5499829.099999994,546724876.99,655677427.63,108952550.64,6024605.809999999,1578.78,1642.98,231.94,383.5,1383.77,1168.02,0.0,0.0,,,,,,,基础化工,化学制品,日用化学产品,23.9,24.01,23.96
sz002919,名臣健康,2019-04-23,23.47,23.66,22.72,22.88,23.55,1447400.0,33426119.0,812510670.4,1862977230.4,38105509.839999996,5499829.099999994,546724876.99,655677427.63,108952550.64,6024605.809999999,1413.4,1699.05,388.88,455.72,1540.33,1180.5,0.0,7.35,,,,,,,基础化工,化学制品,日用化学产品,23.62,23.29,23.28
sz002919,名臣健康,2019-04-24,22.84,23.29,22.8,23.17,22.88,1202245.0,27729087.0,822809101.1,1886590141.1,38105509.839999996,5499829.099999994,546724876.99,655677427.63,108952550.64,6024605.809999999,1344.5,1423.43,320.36,473.9,1108.05,875.58,0.0,0.0,,,,,,,基础化工,化学制品,日用化学产品,23.05,23.06,22.98
sz002919,名臣健康,2019-04-25,23.16,23.9,22.8,22.87,23.17,2092436.0,49037595.0,812155552.1,1862162992.1,38105509.839999996,5499829.099999994,546724876.99,655677427.63,108952550.64,6024605.809999999,2232.15,2445.51,641.77,835.54,1874.38,1617.64,155.46,5.06,,,,,,,基础化工,化学制品,日用化学产品,23.05,23.36,23.45
sz002919,名臣健康,2019-04-26,22.62,25.12,22.62,23.5,22.87,2032442.0,48093425.0,834528005.0,1913460005.0,29660736.75,3191684.43,550895935.33,698664409.44,147768474.11,4171058.34,1912.33,2109.88,975.12,836.31,1779.75,1816.3,142.14,46.85,,,,,,,基础化工,化学制品,日用化学产品,23.56,23.46,23.56
sz002919,名臣健康,2019-04-29,23.46,23.83,21.68,21.78,23.5,1777300.0,40295880.0,773447657.4,1773411017.4,29533392.059999995,-7437777.120000005,559463990.02,657152029.12,97688039.1,8568054.69,1739.32,1966.28,442.76,755.74,1819.73,1307.57,27.77,0.0,,,,,,,基础化工,化学制品,日用化学产品,23.64,22.98,23.13
sz002919,名臣健康,2019-04-30,22.0,22.0,20.88,21.88,21.78,1242512.0,26899891.0,776998840.4,1781553400.4,29533392.059999995,-7437777.120000005,559463990.02,657152029.12,97688039.1,8568054.69,1160.67,1170.21,302.77,416.89,1226.55,1078.04,0.0,24.85,,,,,,,基础化工,化学制品,日用化学产品,21.87,21.74,21.22
sz002919,名臣健康,2019-05-06,21.42,21.42,19.69,19.69,21.88,1565112.0,31588617.0,699227932.7,1603235212.7,29533392.059999995,-7437777.120000005,559463990.02,657152029.12,97688039.1,8568054.69,1187.45,1327.92,397.44,740.96,1573.97,1089.98,0.0,0.0,,,,,,,基础化工,化学制品,日用化学产品,21.15,20.4,20.63
sz002919,名臣健康,2019-05-07,19.9,21.66,19.72,21.66,19.69,1763008.0,36742371.0,769186237.8,1763640157.8,29533392.059999995,-7437777.120000005,559463990.02,657152029.12,97688039.1,8568054.69,1091.64,1588.78,1328.0,676.7,532.94,1408.75,721.66,0.0,,,,,,,基础化工,化学制品,日用化学产品,19.91,19.98,20.0
sz002919,名臣健康,2019-05-08,21.39,21.72,20.65,20.75,21.66,2277244.0,48222937.0,736870472.5,1689544472.5,29533392.059999995,-7437777.120000005,559463990.02,657152029.12,97688039.1,8568054.69,1815.52,2000.94,929.28,1772.29,1975.45,970.01,102.04,79.05,,,,,,,基础化工,化学制品,日用化学产品,21.05,21.06,21.32
sz002919,名臣健康,2019-05-09,20.7,21.68,20.62,21.18,20.75,1549176.0,32874055.0,752140559.4,1724556719.4,29533392.059999995,-7437777.120000005,559463990.02,657152029.12,97688039.1,8568054.69,1369.92,1491.51,359.88,261.33,1557.61,1534.57,0.0,0.0,,,,,,,基础化工,化学制品,日用化学产品,21.13,21.24,21.0
sz002919,名臣健康,2019-05-10,21.55,21.88,20.9,21.61,21.18,2047023.0,44066131.0,767410646.3,1759568966.3,29533392.059999995,-7437777.120000005,559463990.02,657152029.12,97688039.1,8568054.69,1765.33,1615.56,788.51,997.9,1664.98,1793.15,187.8,0.0,,,,,,,基础化工,化学制品,日用化学产品,21.43,21.47,21.39
sz002919,名臣健康,2019-05-13,21.4,21.85,21.26,21.73,21.61,1277772.0,27619855.0,771672065.9,1769339825.9,29533392.059999995,-7437777.120000005,559463990.02,657152029.12,97688039.1,8568054.69,1161.21,1192.62,360.97,534.53,1239.8,1034.83,0.0,0.0,,,,,,,基础化工,化学制品,日用化学产品,21.37,21.6,21.7
sz002919,名臣健康,2019-05-14,21.47,21.98,21.45,21.7,21.73,1106723.0,24018734.0,770606711.0,1766897111.0,29533392.059999995,-7437777.120000005,559463990.02,657152029.12,97688039.1,8568054.69,1057.29,1068.45,337.51,262.8,906.89,960.42,100.19,110.21,,,,,,,基础化工,化学制品,日用化学产品,21.79,21.62,21.74
sz002919,名臣健康,2019-05-15,21.96,22.14,21.74,21.9,21.7,1111139.0,24345910.0,777709077.0,1783181877.0,29533392.059999995,-7437777.120000005,559463990.02,657152029.12,97688039.1,8568054.69,1103.07,1117.26,269.77,411.38,1061.76,905.94,0.0,0.0,,,,,,,基础化工,化学制品,日用化学产品,21.8,21.84,21.93
sz002919,名臣健康,2019-05-16,21.91,24.09,21.76,24.09,21.9,4784139.0,112317144.0,855479984.7,1961500064.7,29533392.059999995,-7437777.120000005,559463990.02,657152029.12,97688039.1,8568054.69,2735.87,3932.65,2718.56,2645.38,1471.93,3250.4,4305.35,1403.28,,,,,,,基础化工,化学制品,日用化学产品,21.99,21.88,21.9
sz002919,名臣健康,2019-05-17,24.06,26.5,23.62,26.5,24.09,10652093.0,271857505.0,941063495.0,2157731495.0,29533392.059999995,-7437777.120000005,559463990.02,657152029.12,97688039.1,8568054.69,9722.79,9036.91,5230.38,6247.2,3903.41,6626.98,8329.16,5274.65,,,,,,,基础化工,化学制品,日用化学产品,23.74,23.9,23.9
sz002919,名臣健康,2019-05-20,26.37,26.5,24.9,25.3,26.5,9403642.0,241515996.0,898449299.0,2060022899.0,29533392.059999995,-7437777.120000005,559463990.02,657152029.12,97688039.1,8568054.69,8250.95,9015.16,5878.16,5947.67,4864.72,6865.83,5157.76,2322.92,,,,,,,基础化工,化学制品,日用化学产品,25.69,25.78,25.46
sz002919,名臣健康,2019-05-21,25.29,25.67,24.66,25.2,25.3,5109860.0,128852252.0,894898116.0,2051880516.0,29533392.059999995,-7437777.120000005,559463990.02,657152029.12,97688039.1,8568054.69,5386.7,5833.11,2126.3,2409.37,3804.81,4192.74,1567.41,450.0,,,,,,,基础化工,化学制品,日用化学产品,25.36,25.57,25.41
sz002919,名臣健康,2019-05-22,24.8,26.8,24.7,25.7,25.2,9615371.0,246001553.0,912654031.0,2092592431.0,29533392.059999995,-7437777.120000005,559463990.02,657152029.12,97688039.1,8568054.69,9822.93,9278.64,5437.19,4009.04,5211.58,9324.28,4128.45,1988.19,,,,,,,基础化工,化学制品,日用化学产品,24.92,24.93,24.77
sz002919,名臣健康,2019-05-23,26.2,26.46,25.01,25.19,25.7,7850152.0,201799453.0,894542997.7,2051066277.7,29533392.059999995,-7437777.120000005,559463990.02,657152029.12,97688039.1,8568054.69,6844.57,5988.92,4489.31,3001.58,4757.47,9579.61,4088.58,1609.81,,,,,,,基础化工,化学制品,日用化学产品,25.19,25.5,25.45
sz002919,名臣健康,2019-05-24,24.7,25.91,24.51,25.24,25.19,6175138.0,156238410.0,896318589.2,2055137469.2,29533392.059999995,-7437777.120000005,559463990.02,657152029.12,97688039.1,8568054.69,5265.59,5875.12,3491.29,2426.51,2926.31,4923.22,3940.63,2398.98,,,,,,,基础化工,化学制品,日用化学产品,24.69,24.83,24.82
sz002919,名臣健康,2019-05-27,25.23,25.8,24.56,25.7,25.24,7495889.0,188711908.0,912654031.0,2092592431.0,29533392.059999995,-7437777.120000005,559463990.02,657152029.12,97688039.1,8568054.69,7780.26,6023.2,4453.34,2021.33,4215.71,8065.5,2421.88,2761.16,,,,,,,基础化工,化学制品,日用化学产品,24.82,24.81,25.0
sz002919,名臣健康,2019-05-28,25.7,26.01,25.06,25.2,25.7,6394799.0,162377749.0,894898116.0,2051880516.0,29533392.059999995,-7437777.120000005,559463990.02,657152029.12,97688039.1,8568054.69,6179.11,5835.44,2679.42,2361.22,5441.32,7233.22,1937.91,807.88,,,,,,,基础化工,化学制品,日用化学产品,25.27,25.3,25.65
sz002919,名臣健康,2019-05-29,25.37,25.74,24.3,25.17,25.2,6326592.0,159417033.0,893832761.1,2049437801.1,29533392.059999995,-7437777.120000005,559463990.02,657152029.12,97688039.1,8568054.69,5337.74,6425.38,3365.98,2548.81,4039.08,5241.7,3198.89,1725.81,,,,,,,基础化工,化学制品,日用化学产品,25.02,25.02,24.68
sz002919,名臣健康,2019-05-30,24.84,27.6,24.39,26.5,25.17,8898030.0,228453047.0,941063495.0,2157731495.0,29533392.059999995,-7437777.120000005,559463990.02,657152029.12,97688039.1,8568054.69,7292.29,9333.24,5218.46,3418.22,5206.0,6544.02,5128.55,3549.81,,,,,,,基础化工,化学制品,日用化学产品,24.65,24.41,24.5
sz002919,名臣健康,2019-05-31,25.7,26.83,25.66,26.36,26.5,8165067.0,215365164.0,936091838.8,2146332158.8,29533392.059999995,-7437777.120000005,559463990.02,657152029.12,97688039.1,8568054.69,7141.91,7197.07,5415.56,3310.44,6259.53,9361.53,2719.51,1667.45,,,,,,,基础化工,化学制品,日用化学产品,26.0,26.32,26.36
sz002919,名臣健康,2019-06-03,26.1,29.0,25.9,27.02,26.36,8335706.0,229067140.0,959529646.6,2200071886.6,29533392.059999995,-7437777.120000005,559463990.02,657152029.12,97688039.1,8568054.69,7220.61,8400.95,4160.78,4009.4,6770.91,7609.08,4754.41,2887.26,,,,,,,基础化工,化学制品,日用化学产品,26.35,27.23,27.63
sz002919,名臣健康,2019-06-04,27.8,27.86,26.0,27.29,27.02,6084585.0,164408046.0,969117840.7,2222056320.7,29533392.059999995,-7437777.120000005,559463990.02,657152029.12,97688039.1,8568054.69,5177.55,6557.54,2724.8,2440.78,4461.34,5324.87,4077.12,2117.6,,,,,,,基础化工,化学制品,日用化学产品,26.6,26.7,26.31
sz002919,名臣健康,2019-06-05,27.23,27.26,24.76,25.58,27.29,6468306.0,169041014.0,908392611.4,2082821571.4,29533392.059999995,-7437777.120000005,559463990.02,657152029.12,97688039.1,8568054.69,5719.98,5717.07,3401.68,2729.6,6326.99,7306.85,1455.45,1150.58,,,,,,,基础化工,化学制品,日用化学产品,26.85,26.54,26.67
sz002919,名臣健康,2019-06-06,25.28,26.97,24.8,25.38,25.58,3668564.0,94280373.0,901290245.4,2066536805.4,29533392.059999995,-7437777.120000005,559463990.02,657152029.12,97688039.1,8568054.69,3080.55,3249.6,1902.14,1666.77,2770.49,3499.77,1674.86,1011.9,,,,,,,基础化工,化学制品,日用化学产品,24.88,25.3,25.6
sz002919,名臣健康,2019-06-10,25.7,27.19,25.04,27.0,25.38,6171207.0,162709789.0,958819410.0,2198443410.0,29533392.059999995,-7437777.120000005,559463990.02,657152029.12,97688039.1,8568054.69,6042.01,6379.64,4923.57,2456.02,3116.23,5726.78,2189.17,1708.53,,,,,,,基础化工,化学制品,日用化学产品,25.16,25.37,25.1
sz002919,名臣健康,2019-06-11,26.91,29.48,26.72,29.3,27.0,9563073.0,266736022.0,1040496619.0,2385718219.0,29533392.059999995,-7437777.120000005,559463990.02,657152029.12,97688039.1,8568054.69,8276.64,10177.53,6152.59,5361.81,5256.53,8067.32,6987.84,3066.94,,,,,,,基础化工,化学制品,日用化学产品,27.15,27.15,27.21
sz002919,名臣健康,2019-06-12,28.8,32.23,28.15,32.23,29.3,10595539.0,313085758.0,1144546280.9,2624290040.9,29533392.059999995,-7437777.120000005,559463990.02,657152029.12,97688039.1,8568054.69,9611.4,12369.65,8401.75,5577.35,7898.39,11434.68,5397.04,1926.89,,,,,,,基础化工,化学制品,日用化学产品,28.44,28.6,29.3
sz002919,名臣健康,2019-06-13,32.02,32.24,29.02,29.28,32.23,8976545.0,272760500.0,1039786382.4,2384089742.4,29533392.059999995,-7437777.120000005,559463990.02,657152029.12,97688039.1,8568054.69,9587.14,10075.99,4722.38,4117.47,11011.78,12073.47,1954.74,1009.1,,,,,,,基础化工,化学制品,日用化学产品,30.45,30.36,30.45
sz002919,名臣健康,2019-06-14,29.2,29.2,26.67,26.84,29.28,5350800.0,146581558.0,953137517.2,2185415597.2,29533392.059999995,-7437777.120000005,559463990.02,657152029.12,97688039.1,8568054.69,5580.4,6581.78,2531.84,2824.27,6392.33,4751.57,153.59,500.54,,,,,,,基础化工,化学制品,日用化学产品,28.26,27.49,27.21
sz002919,名臣健康,2019-06-17,17.34,17.6,16.33,16.75,17.83,5443150.0,91628741.0,892234728.75,2045773728.75,29533392.059999995,-7437777.120000005,559463990.02,657152029.12,97688039.1,8568054.69,3711.4,4195.07,965.51,1510.13,4485.92,3457.45,0.0,0.17,,,,,,,基础化工,化学制品,日用化学产品,17.09,17.0,17.03
sz002919,名臣健康,2019-06-18,16.68,16.68,15.88,16.16,16.75,4374544.0,70769137.0,860806759.2,1973713639.2,29533392.059999995,-7437777.120000005,559463990.02,657152029.12,97688039.1,8568054.69,2981.98,3254.47,848.08,1071.63,3191.34,2625.24,55.49,125.54,,,,,,,基础化工,化学制品,日用化学产品,16.5,16.18,16.1
sz002919,名臣健康,2019-06-19,16.37,16.76,16.19,16.5,16.16,4539499.0,74599011.0,878917792.5,2015239792.5,29533392.059999995,-7437777.120000005,559463990.02,657152029.12,97688039.1,8568054.69,3424.17,3445.38,814.79,1186.01,3110.1,2779.23,110.82,49.26,,,,,,,基础化工,化学制品,日用化学产品,16.42,16.27,16.26
sz002919,名臣健康,2019-06-20,16.32,16.85,16.01,16.64,16.5,5157068.0,85129907.0,886375276.8,2032338796.8,29533392.059999995,-7437777.120000005,559463990.02,657152029.12,97688039.1,8568054.69,3474.6,3761.66,1612.83,1817.15,2840.23,2934.17,585.32,0.0,,,,,,,基础化工,化学制品,日用化学产品,16.26,16.15,16.25
sz002919,名臣健康,2019-06-21,16.67,16.87,16.5,16.69,16.64,5209365.0,86931851.0,889038664.05,2038445584.05,29533392.059999995,-7437777.120000005,559463990.02,657152029.12,97688039.1,8568054.69,3646.34,4116.9,1031.83,1991.11,3701.49,2517.28,313.51,67.88,,,,,,,基础化工,化学制品,日用化学产品,16.77,16.6,16.66
sz002919,名臣健康,2019-06-24,16.69,16.69,16.0,16.3,16.69,3969675.0,64382285.0,868264243.5,1990812643.5,29533392.059999995,-7437777.120000005,559463990.02,657152029.12,97688039.1,8568054.69,2399.54,2685.61,574.95,1165.98,3230.14,2586.62,233.58,0.0,,,,,,,基础化工,化学制品,日用化学产品,16.39,16.33,16.25
sz002919,名臣健康,2019-06-25,16.18,16.4,16.0,16.08,16.3,2535250.0,40952937.0,856545339.6,1963942779.6,29533392.059999995,-7437777.120000005,559463990.02,657152029.12,97688039.1,8568054.69,1572.18,1901.24,468.03,765.22,2055.07,1422.86,0.0,5.96,,,,,,,基础化工,化学制品,日用化学产品,16.18,16.33,16.24
sz002919,名臣健康,2019-06-26,16.0,16.16,15.51,15.86,16.08,2838668.0,45105056.0,844826435.7,1937072915.7,29533392.059999995,-7437777.120000005,559463990.02,657152029.12,97688039.1,8568054.69,1552.66,2144.21,613.35,711.68,2217.15,1654.61,127.34,0.0,,,,,,,基础化工,化学制品,日用化学产品,15.62,15.67,15.92
sz002919,名臣健康,2019-06-27,15.88,16.1,15.7,15.91,15.86,2390418.0,38107794.0,847489822.95,1943179702.95,29533392.059999995,-7437777.120000005,559463990.02,657152029.12,97688039.1,8568054.69,1676.83,1903.44,421.19,429.48,1712.75,1477.85,0.0,0.0,,,,,,,基础化工,化学制品,日用化学产品,15.92,15.98,15.96
sz002919,名臣健康,2019-06-28,15.9,16.1,15.63,15.78,15.91,3456516.0,54923628.0,840565016.1,1927302056.1,29533392.059999995,-7437777.120000005,559463990.02,657152029.12,97688039.1,8568054.69,2123.66,2238.53,763.5,1140.85,2216.47,1856.01,388.73,256.97,,,,,,,基础化工,化学制品,日用化学产品,15.83,15.75,15.67
sz002919,名臣健康,2019-07-01,15.99,16.18,15.86,16.18,15.78,3586468.0,57677056.0,861872114.1,1976156354.1,29533392.059999995,-7437777.120000005,559463990.02,657152029.12,97688039.1,8568054.69,2365.23,3124.59,773.4,684.08,2325.12,1959.03,303.93,0.0,,,,,,,基础化工,化学制品,日用化学产品,15.95,15.97,16.08
sz002919,名臣健康,2019-07-02,16.18,16.25,15.83,15.96,16.18,2842055.0,45500885.0,850153210.2,1949286490.2,29533392.059999995,-7437777.120000005,559463990.02,657152029.12,97688039.1,8568054.69,1595.35,2015.18,730.91,866.61,2099.41,1668.29,124.41,0.0,,,,,,,基础化工,化学制品,日用化学产品,16.16,16.09,16.08
sz002919,名臣健康,2019-07-03,15.95,16.85,15.8,16.56,15.96,6512004.0,107077063.0,882113857.2,2022567937.2,29533392.059999995,-7437777.120000005,559463990.02,657152029.12,97688039.1,8568054.69,4517.86,4872.02,1929.89,1468.44,4005.81,4367.23,254.13,0.0,,,,,,,基础化工,化学制品,日用化学产品,15.88,15.95,16.03
sz002919,名臣健康,2019-07-04,16.45,16.77,16.24,16.63,16.56,4207918.0,69452467.0,885842599.35,2031117439.35,29533392.059999995,-7437777.120000005,559463990.02,657152029.12,97688039.1,8568054.69,2743.55,2790.89,843.91,1378.88,2952.2,2429.86,405.57,345.61,,,,,,,基础化工,化学制品,日用化学产品,16.49,16.56,16.48
sz002919,名臣健康,2019-07-05,16.66,16.77,16.33,16.51,16.63,2909050.0,48055471.0,879450469.95,2016461149.95,29533392.059999995,-7437777.120000005,559463990.02,657152029.12,97688039.1,8568054.69,2107.74,2254.14,530.89,656.56,2050.53,1792.37,116.37,102.46,,,,,,,基础化工,化学制品,日用化学产品,16.5,16.45,16.42
sz002919,名臣健康,2019-07-08,16.35,16.5,15.71,15.89,16.51,3237900.0,51623786.0,846424468.05,1940736988.05,29533392.059999995,-7437777.120000005,559463990.02,657152029.12,97688039.1,8568054.69,1570.01,2231.06,1011.38,1347.72,2131.61,1583.59,449.37,0.0,,,,,,,基础化工,化学制品,日用化学产品,16.25,16.12,16.15
sz002919,名臣健康,2019-07-09,15.88,17.48,15.71,16.66,15.89,6396905.0,106712872.0,887440631.7,2034781511.7,29533392.059999995,-7437777.120000005,559463990.02,657152029.12,97688039.1,8568054.69,3371.49,4324.88,2456.36,2891.62,3248.35,3356.09,1595.08,98.69,,,,,,,基础化工,化学制品,日用化学产品,16.29,16.25,16.96
sz002919,名臣健康,2019-07-10,16.67,17.1,16.42,16.82,16.66,5157973.0,86451483.0,895963470.9,2054323230.9,29533392.059999995,-7437777.120000005,559463990.02,657152029.12,97688039.1,8568054.69,3479.74,4033.03,1448.5,2030.03,3033.86,2457.23,683.04,124.85,,,,,,,基础化工,化学制品,日用化学产品,16.55,16.86,16.76
sz002919,名臣健康,2019-07-11,16.66,16.87,16.42,16.42,16.82,3508218.0,58333588.0,874656372.9,2005468932.9,29533392.059999995,-7437777.120000005,559463990.02,657152029.12,97688039.1,8568054.69,2316.19,2987.54,501.23,1202.24,2736.16,1643.57,279.77,0.0,,,,,,,基础化工,化学制品,日用化学产品,16.72,16.79,16.78
sz002919,名臣健康,2019-07-12,16.5,16.85,16.45,16.7,16.42,3299968.0,55009893.0,889571341.5,2039666941.5,29533392.059999995,-7437777.120000005,559463990.02,657152029.12,97688039.1,8568054.69,2543.63,2236.82,614.07,972.38,2343.28,2291.78,0.0,0.0,,,,,,,基础化工,化学制品,日用化学产品,16.57,16.59,16.71
sz002919,名臣健康,2019-07-15,16.61,16.75,15.78,16.35,16.7,2950723.0,48091319.0,870927630.75,1996919430.75,29533392.059999995,-7437777.120000005,559463990.02,657152029.12,97688039.1,8568054.69,1637.95,2195.78,612.73,860.76,2558.45,1752.58,0.0,0.0,,,,,,,基础化工,化学制品,日用化学产品,16.3,16.03,16.14
sz002919,名臣健康,2019-07-16,16.49,16.68,16.0,16.13,16.35,2833400.0,46183996.0,859208726.85,1970049566.85,29533392.059999995,-7437777.120000005,559463990.02,657152029.12,97688039.1,8568054.69,1851.29,2004.06,366.29,476.83,2237.0,1990.07,163.8,147.43,,,,,,,基础化工,化学制品,日用化学产品,16.54,16.56,16.47
sz002919,名臣健康,2019-07-17,16.0,16.14,15.7,15.82,16.13,2769200.0,44053487.0,842695725.9,1932187485.9,29533392.059999995,-7437777.120000005,559463990.02,657152029.12,97688039.1,8568054.69,1694.31,1919.64,685.3,887.81,2025.72,1597.9,0.0,0.0,,,,,,,基础化工,化学制品,日用化学产品,15.85,15.79,15.86
sz002919,名臣健康,2019-07-18,15.89,15.96,15.57,15.58,15.82,1844100.0,29108401.0,829911467.1,1902874907.1,29533392.059999995,-7437777.120000005,559463990.02,657152029.12,97688039.1,8568054.69,1210.68,1321.31,275.59,387.47,1424.57,1202.06,0.0,0.0,,,,,,,基础化工,化学制品,日用化学产品,15.9,15.82,15.85
sz002919,名臣健康,2019-07-19,15.67,15.9,15.39,15.43,15.58,1718750.0,26919486.0,821921305.35,1884554545.35,29533392.059999995,-7437777.120000005,559463990.02,657152029.12,97688039.1,8568054.69,960.67,1082.7,536.38,465.83,1194.89,1143.42,0.0,0.0,,,,,,,基础化工,化学制品,日用化学产品,15.68,15.68,15.75
sz002919,名臣健康,2019-07-22,15.51,15.58,13.96,14.31,15.43,3093715.0,44857731.0,762261430.95,1747762510.95,29533392.059999995,-7437777.120000005,559463990.02,657152029.12,97688039.1,8568054.69,2044.87,2119.72,361.42,828.63,2079.33,1537.26,0.0,0.0,,,,,,,基础化工,化学制品,日用化学产品,15.06,14.75,14.63
sz002919,名臣健康,2019-07-23,14.28,14.67,14.05,14.6,14.31,1649150.0,23906606.0,777709077.0,1783181877.0,29533392.059999995,-7437777.120000005,559463990.02,657152029.12,97688039.1,8568054.69,694.01,1019.73,247.03,171.21,1449.61,1199.71,0.0,0.0,,,,,,,基础化工,化学制品,日用化学产品,14.39,14.5,14.48
sz002919,名臣健康,2019-07-24,14.5,14.89,14.45,14.58,14.6,2331054.0,34295613.0,776643722.1,1780739162.1,29533392.059999995,-7437777.120000005,559463990.02,657152029.12,97688039.1,8568054.69,1126.99,1490.54,266.27,353.97,2036.29,1454.39,0.0,130.66,,,,,,,基础化工,化学制品,日用化学产品,14.68,14.7,14.77
sz002919,名臣健康,2019-07-25,14.58,14.78,14.33,14.47,14.58,2260315.0,32765897.0,770784270.15,1767304230.15,29533392.059999995,-7437777.120000005,559463990.02,657152029.12,97688039.1,8568054.69,1028.23,1166.2,362.97,536.55,1840.71,1573.83,44.67,0.0,,,,,,,基础化工,化学制品,日用化学产品,14.61,14.49,14.59
sz002919,名臣健康,2019-07-26,14.64,14.88,14.5,14.65,14.47,2150300.0,31604318.0,780372464.25,1789288664.25,29533392.059999995,-7437777.120000005,559463990.02,657152029.12,97688039.1,8568054.69,1193.2,1114.23,273.47,307.65,1693.76,1738.55,0.0,0.0,,,,,,,基础化工,化学制品,日用化学产品,14.71,14.76,14.71
sz002919,名臣健康,2019-07-29,14.7,14.74,14.33,14.37,14.65,1975250.0,28506593.0,765457495.65,1755090655.65,29533392.059999995,-7437777.120000005,559463990.02,657152029.12,97688039.1,8568054.69,951.8,1118.08,46.59,273.86,1852.26,1458.72,0.0,0.0,,,,,,,基础化工,化学制品,日用化学产品,14.53,14.61,14.55
sz002919,名臣健康,2019-07-30,14.42,15.53,14.37,15.1,14.37,5007782.0,75262928.0,804342949.5,1844249749.5,29533392.059999995,-7437777.120000005,559463990.02,657152029.12,97688039.1,8568054.69,3534.06,3104.62,1194.76,1124.15,2724.08,3297.52,73.39,0.0,,,,,,,基础化工,化学制品,日用化学产品,14.52,14.5,14.5
sz002919,名臣健康,2019-07-31,14.98,15.63,14.8,15.5,15.1,6094150.0,93524569.0,825650047.5,1893104047.5,29533392.059999995,-7437777.120000005,559463990.02,657152029.12,97688039.1,8568054.69,4119.6,3632.32,1371.85,1228.3,3253.13,3905.69,607.87,586.13,,,,,,,基础化工,化学制品,日用化学产品,14.91,15.1,15.01
sz002919,名臣健康,2019-08-01,15.24,15.62,14.92,15.02,15.5,5096450.0,77381632.0,800081529.9,1834478889.9,29533392.059999995,-7437777.120000005,559463990.02,657152029.12,97688039.1,8568054.69,3038.09,2806.97,1211.66,1761.27,3486.08,2707.37,2.33,462.54,,,,,,,基础化工,化学制品,日用化学产品,15.5,15.48,15.36
sz002919,名臣健康,2019-08-02,14.58,15.43,14.42,15.22,15.02,5119317.0,77325015.0,810735078.9,1858906038.9,29533392.059999995,-7437777.120000005,559463990.02,657152029.12,97688039.1,8568054.69,3602.72,3626.84,1299.23,1234.01,2830.55,2871.65,0.0,0.0,,,,,,,基础化工,化学制品,日用化学产品,14.71,14.7,14.76
sz002919,名臣健康,2019-08-05,15.19,15.35,14.25,14.91,15.22,4091595.0,61501534.0,794222077.95,1821043957.95,29533392.059999995,-7437777.120000005,559463990.02,657152029.12,97688039.1,8568054.69,2566.05,1828.28,818.94,1190.3,2097.69,2049.51,667.47,1082.06,,,,,,,基础化工,化学制品,日用化学产品,14.96,15.03,15.09
sz002919,名臣健康,2019-08-06,14.6,15.35,14.14,15.13,14.91,5904867.0,87787140.0,805940981.85,1847913821.85,29533392.059999995,-7437777.120000005,559463990.02,657152029.12,97688039.1,8568054.69,3369.29,3426.04,1175.98,1690.32,2743.19,2776.57,1490.24,885.78,,,,,,,基础化工,化学制品,日用化学产品,14.78,14.73,14.8
sz002919,名臣健康,2019-08-07,15.13,15.18,14.44,14.49,15.13,4579346.0,67888256.0,771849625.05,1769746945.05,29533392.059999995,-7437777.120000005,559463990.02,657152029.12,97688039.1,8568054.69,2750.3,1669.05,259.19,885.08,2977.83,3666.54,737.7,504.36,,,,,,,基础化工,化学制品,日用化学产品,15.07,14.79,14.89
sz002919,名臣健康,2019-08-08,14.42,14.55,13.92,14.15,14.49,3973651.0,56517476.0,753738591.75,1728220791.75,29533392.059999995,-7437777.120000005,559463990.02,657152029.12,97688039.1,8568054.69,2449.24,1953.49,621.29,987.57,2159.87,2385.97,421.33,324.71,,,,,,,基础化工,化学制品,日用化学产品,14.27,14.1,14.17
sz002919,名臣健康,2019-08-09,14.04,14.35,13.6,13.64,14.15,3250452.0,45602555.0,726572041.8,1665931561.8,29533392.059999995,-7437777.120000005,559463990.02,657152029.12,97688039.1,8568054.69,1451.31,1710.41,751.79,1140.74,2357.14,1596.22,0.0,112.87,,,,,,,基础化工,化学制品,日用化学产品,14.25,14.33,14.22
sz002919,名臣健康,2019-08-12,13.65,14.25,13.65,14.1,13.64,2912902.0,40644249.0,751075204.5,1722114004.5,29533392.059999995,-7437777.120000005,559463990.02,657152029.12,97688039.1,8568054.69,1501.73,1896.68,544.88,390.96,2017.81,1776.78,0.0,0.0,,,,,,,基础化工,化学制品,日用化学产品,13.89,13.72,13.82
sz002919,名臣健康,2019-08-13,13.98,14.3,13.82,14.13,14.1,2389671.0,33841114.0,752673236.85,1725778076.85,29533392.059999995,-7437777.120000005,559463990.02,657152029.12,97688039.1,8568054.69,1144.95,1668.2,90.51,394.62,2148.64,1321.29,0.0,0.0,,,,,,,基础化工,化学制品,日用化学产品,14.03,14.09,14.1
sz002919,名臣健康,2019-08-14,14.3,14.48,14.2,14.28,14.13,2341170.0,33530986.0,760663398.6,1744098438.6,29533392.059999995,-7437777.120000005,559463990.02,657152029.12,97688039.1,8568054.69,1005.1,1458.46,211.61,292.96,2136.39,1601.67,0.0,0.0,,,,,,,基础化工,化学制品,日用化学产品,14.29,14.3,14.36
sz002919,名臣健康,2019-08-15,14.15,14.56,13.92,14.45,14.28,2440523.0,35053672.0,769718915.25,1764861515.25,29533392.059999995,-7437777.120000005,559463990.02,657152029.12,97688039.1,8568054.69,1287.42,1304.5,214.14,346.87,2003.8,1854.0,0.0,0.0,,,,,,,基础化工,化学制品,日用化学产品,14.14,14.17,14.2
sz002919,名臣健康,2019-08-16,14.48,14.56,14.32,14.4,14.45,1887857.0,27222750.0,767055528.0,1758754728.0,29533392.059999995,-7437777.120000005,559463990.02,657152029.12,97688039.1,8568054.69,860.01,1177.4,290.6,205.45,1571.66,1339.42,0.0,0.0,,,,,,,基础化工,化学制品,日用化学产品,14.46,14.36,14.37
sz002919,名臣健康,2019-08-19,14.4,14.75,14.37,14.72,14.4,2827449.0,41192745.0,784101206.4,1797838166.4,29533392.059999995,-7437777.120000005,559463990.02,657152029.12,97688039.1,8568054.69,1576.72,1348.75,463.37,527.75,2079.18,2242.77,0.0,0.0,,,,,,,基础化工,化学制品,日用化学产品,14.48,14.41,14.42
sz002919,名臣健康,2019-08-20,14.7,14.82,14.51,14.69,14.72,2072179.0,30330339.0,782503174.05,1794174094.05,29533392.059999995,-7437777.120000005,559463990.02,657152029.12,97688039.1,8568054.69,1270.55,1327.14,156.94,295.62,1605.54,1404.65,0.0,5.62,,,,,,,基础化工,化学制品,日用化学产品,14.76,14.76,14.67
sz002919,名臣健康,2019-08-21,14.6,16.15,14.55,15.78,14.69,9257887.0,144578342.0,840565016.1,1927302056.1,29533392.059999995,-7437777.120000005,559463990.02,657152029.12,97688039.1,8568054.69,4923.79,6504.93,3370.37,2241.22,3685.14,4955.72,2478.52,755.96,,,,,,,基础化工,化学制品,日用化学产品,14.67,14.68,14.71
sz002919,名臣健康,2019-08-22,15.57,16.4,15.48,15.92,15.78,8349387.0,133394543.0,848022500.4,1944401060.4,29533392.059999995,-7437777.120000005,559463990.02,657152029.12,97688039.1,8568054.69,4549.33,6716.39,1962.66,2691.28,4352.16,3632.44,2475.29,299.34,,,,,,,基础化工,化学制品,日用化学产品,15.81,15.89,15.99
sz002919,名臣健康,2019-08-23,15.9,16.99,15.74,16.42,15.92,9195731.0,148988092.0,874656372.9,2005468932.9,29533392.059999995,-7437777.120000005,559463990.02,657152029.12,97688039.1,8568054.69,5352.4,7908.34,2427.05,2146.38,4867.08,4490.12,2252.28,353.96,,,,,,,基础化工,化学制品,日用化学产品,15.81,15.98,15.87
sz002919,名臣健康,2019-08-26,15.84,16.45,15.81,16.0,16.42,6206957.0,99701108.0,852283920.0,1954171920.0,29533392.059999995,-7437777.120000005,559463990.02,657152029.12,97688039.1,8568054.69,3490.46,4958.56,1857.81,1742.6,3872.59,3241.73,749.25,27.22,,,,,,,基础化工,化学制品,日用化学产品,16.02,15.94,16.01
sz002919,名臣健康,2019-08-27,15.75,16.36,15.71,15.93,16.0,6583335.0,105805775.0,848555177.85,1945622417.85,23211623.409999996,6442390.810000002,555769511.59,658638210.69,102868699.1,4447904.57,3695.53,5644.5,1395.79,1574.4,3687.09,3118.62,1802.16,243.05,,,,,,,基础化工,化学制品,日用化学产品,15.78,15.8,16.09
sz002919,名臣健康,2019-08-28,15.75,16.57,15.36,16.55,15.93,8807455.0,141179726.0,881581179.75,2021346579.75,23211623.409999996,6442390.810000002,555769511.59,658638210.69,102868699.1,4447904.57,4737.94,7210.78,2600.97,1713.66,5134.78,4861.56,1588.7,276.39,,,,,,,基础化工,化学制品,日用化学产品,15.77,15.55,15.39
sz002919,名臣健康,2019-08-29,16.38,16.97,16.19,16.42,16.55,8444886.0,140407099.0,874656372.9,2005468932.9,23211623.409999996,6442390.810000002,555769511.59,658638210.69,102868699.1,4447904.57,5487.97,6482.45,2935.05,2443.18,4852.16,4678.5,765.53,436.57,,,,,,,基础化工,化学制品,日用化学产品,16.44,16.34,16.32
sz002919,名臣健康,2019-08-30,16.42,17.48,16.42,16.67,16.42,7915418.0,132619818.0,887973309.15,2036002869.15,23211623.409999996,6442390.810000002,555769511.59,658638210.69,102868699.1,4447904.57,5258.97,6595.46,2017.44,2659.01,4657.0,3979.77,1328.56,27.73,,,,,,,基础化工,化学制品,日用化学产品,16.91,16.89,16.84
sz002919,名臣健康,2019-09-02,16.57,16.99,16.43,16.83,16.67,6923136.0,116285130.0,896496148.35,2055544588.35,23211623.409999996,6442390.810000002,555769511.59,658638210.69,102868699.1,4447904.57,5239.06,6179.02,1617.51,1916.08,4224.45,3331.94,547.48,201.46,,,,,,,基础化工,化学制品,日用化学产品,16.78,16.9,16.72
sz002919,名臣健康,2019-09-03,16.78,16.8,16.19,16.54,16.83,5784990.0,95203064.0,881048502.3,2020125222.3,23211623.409999996,6442390.810000002,555769511.59,658638210.69,102868699.1,4447904.57,4244.93,4079.16,1594.84,2091.64,3320.69,2895.35,359.84,454.16,,,,,,,基础化工,化学制品,日用化学产品,16.64,16.41,16.41
sz002919,名臣健康,2019-09-04,16.42,16.42,15.93,16.1,16.54,4618769.0,74395847.0,857610694.5,1966385494.5,23211623.409999996,6442390.810000002,555769511.59,658638210.69,102868699.1,4447904.57,3214.62,3479.8,771.94,1598.22,3283.66,2361.56,169.36,0.0,,,,,,,基础化工,化学制品,日用化学产品,16.31,16.04,16.2
sz002919,名臣健康,2019-09-05,16.11,16.29,16.01,16.02,16.1,4402493.0,71008788.0,853349274.9,1956614634.9,23211623.409999996,6442390.810000002,555769511.59,658638210.69,102868699.1,4447904.57,3043.93,3339.81,1206.56,1386.27,2698.4,1937.6,151.98,437.19,,,,,,,基础化工,化学制品,日用化学产品,16.11,16.06,16.14
sz002919,名臣健康,2019-09-06,16.1,16.16,15.83,16.07,16.02,2977445.0,47663826.0,856012662.15,1962721422.15,23211623.409999996,6442390.810000002,555769511.59,658638210.69,102868699.1,4447904.57,2302.51,2250.7,463.93,917.89,1999.94,1495.77,0.0,102.02,,,,,,,基础化工,化学制品,日用化学产品,16.11,16.07,16.05
sz002919,名臣健康,2019-09-09,16.15,16.41,16.05,16.34,16.07,3940398.0,64062124.0,870394953.3,1995698073.3,23211623.409999996,6442390.810000002,555769511.59,658638210.69,102868699.1,4447904.57,2923.36,2923.54,1102.34,1166.46,2378.57,2316.21,1.93,0.0,,,,,,,基础化工,化学制品,日用化学产品,16.14,16.12,16.06
sz002919,名臣健康,2019-09-10,16.35,16.65,16.14,16.53,16.34,3952088.0,64833970.0,880515824.85,2018903864.85,23211623.409999996,6442390.810000002,555769511.59,658638210.69,102868699.1,4447904.57,2892.46,2808.96,669.45,808.62,2841.92,2795.57,9.31,0.0,,,,,,,基础化工,化学制品,日用化学产品,16.2,16.17,16.18
sz002919,名臣健康,2019-09-11,16.52,16.56,16.05,16.09,16.53,2798817.0,45531610.0,857078017.05,1965164137.05,23211623.409999996,6442390.810000002,555769511.59,658638210.69,102868699.1,4447904.57,1810.87,2177.25,472.61,847.51,2269.68,1528.39,0.0,0.0,,,,,,,基础化工,化学制品,日用化学产品,16.44,16.37,16.36
sz002919,名臣健康,2019-09-12,16.11,16.26,16.05,16.24,16.09,2215081.0,35839093.0,865068178.8,1983484498.8,23211623.409999996,6442390.810000002,555769511.59,658638210.69,102868699.1,4447904.57,1466.53,1799.49,818.96,612.58,1298.41,1065.04,0.0,106.79,,,,,,,基础化工,化学制品,日用化学产品,16.1,16.09,16.21
sz002919,名臣健康,2019-09-16,16.21,16.42,16.12,16.21,16.24,2201349.0,35737254.0,863470146.45,1979820426.45,23211623.409999996,6442390.810000002,555769511.59,658638210.69,102868699.1,4447904.57,1785.6,1559.82,259.69,730.2,1528.44,1122.44,0.0,161.26,,,,,,,基础化工,化学制品,日用化学产品,16.16,16.26,16.33
sz002919,名臣健康,2019-09-17,16.22,17.38,16.16,17.16,16.21,11406578.0,192361366.0,914074504.2,2095849384.2,23211623.409999996,6442390.810000002,555769511.59,658638210.69,102868699.1,4447904.57,8837.63,8914.28,3363.09,3051.5,6295.36,6673.5,740.04,596.83,,,,,,,基础化工,化学制品,日用化学产品,16.2,16.43,16.59
sz002919,名臣健康,2019-09-18,16.99,17.09,16.54,16.94,17.16,7328051.0,123565126.0,902355600.3,2068979520.3,23211623.409999996,6442390.810000002,555769511.59,658638210.69,102868699.1,4447904.57,5747.28,5664.17,1807.1,2262.39,4442.26,3903.63,287.57,454.02,,,,,,,基础化工,化学制品,日用化学产品,16.76,16.88,16.8
sz002919,名臣健康,2019-09-19,16.9,16.92,16.56,16.87,16.94,4195712.0,70303407.0,898626858.15,2060430018.15,23211623.409999996,6442390.810000002,555769511.59,658638210.69,102868699.1,4447904.57,3439.25,3420.39,682.59,1412.53,2908.48,2197.41,0.0,0.0,,,,,,,基础化工,化学制品,日用化学产品,16.8,16.77,16.82
sz002919,名臣健康,2019-09-20,16.88,17.28,16.7,16.98,16.87,4975626.0,84467653.0,904486310.1,2073864950.1,23211623.409999996,6442390.810000002,555769511.59,658638210.69,102868699.1,4447904.57,4280.32,3532.16,1244.63,1514.89,2921.8,2980.46,0.0,419.25,,,,,,,基础化工,化学制品,日用化学产品,16.84,16.78,16.75
sz002919,名臣健康,2019-09-23,16.81,16.97,16.03,16.27,16.98,3637886.0,59855296.0,866666211.15,1987148571.15,23211623.409999996,6442390.810000002,555769511.59,658638210.69,102868699.1,4447904.57,2382.42,2754.77,674.86,1218.41,2910.59,2012.34,17.65,0.0,,,,,,,基础化工,化学制品,日用化学产品,16.95,16.62,16.57
sz002919,名臣健康,2019-09-24,16.23,16.3,15.77,15.79,16.27,3549890.0,56645948.0,841097693.55,1928523413.55,23211623.409999996,6442390.810000002,555769511.59,658638210.69,102868699.1,4447904.57,2287.04,2602.64,389.21,1454.14,2946.18,1607.81,42.16,0.0,,,,,,,基础化工,化学制品,日用化学产品,16.23,16.15,16.01
sz002919,名臣健康,2019-09-25,15.74,15.75,15.0,15.11,15.79,2676490.0,40975933.0,804875626.95,1845471106.95,23211623.409999996,6442390.810000002,555769511.59,658638210.69,102868699.1,4447904.57,1459.05,2072.51,504.9,700.26,2133.64,1324.81,0.0,0.0,,,,,,,基础化工,化学制品,日用化学产品,15.67,15.46,15.21
sz002919,名臣健康,2019-09-26,15.13,15.44,14.1,14.5,15.11,2169200.0,32146913.0,772382302.5,1770968302.5,23211623.409999996,6442390.810000002,555769511.59,658638210.69,102868699.1,4447904.57,1220.97,1384.27,295.21,546.23,1698.5,1167.82,0.0,116.36,,,,,,,基础化工,化学制品,日用化学产品,15.21,15.21,15.17
sz002919,名臣健康,2019-09-27,14.45,14.88,14.45,14.74,14.5,1415107.0,20811956.0,785166561.3,1800280881.3,23211623.409999996,6442390.810000002,555769511.59,658638210.69,102868699.1,4447904.57,979.54,1004.85,147.9,192.19,953.75,884.16,0.0,0.0,,,,,,,基础化工,化学制品,日用化学产品,14.69,14.62,14.66
sz002919,名臣健康,2019-09-30,14.7,14.85,14.62,14.69,14.74,1059100.0,15612321.0,782503174.05,1794174094.05,23211623.409999996,6442390.810000002,555769511.59,658638210.69,102868699.1,4447904.57,590.38,628.78,202.0,186.6,768.85,745.85,0.0,0.0,,,,,,,基础化工,化学制品,日用化学产品,14.77,14.79,14.71
sz002919,名臣健康,2019-10-08,14.72,14.89,14.65,14.8,14.69,937580.0,13866363.0,788362626.0,1807609026.0,23211623.409999996,6442390.810000002,555769511.59,658638210.69,102868699.1,4447904.57,600.7,670.2,202.38,222.2,583.55,494.23,0.0,0.0,,,,,,,基础化工,化学制品,日用化学产品,14.82,14.8,14.74
sz002919,名臣健康,2019-10-09,14.8,16.28,14.78,16.28,14.8,5849530.0,93341868.0,867198888.6,1988369928.6,23211623.409999996,6442390.810000002,555769511.59,658638210.69,102868699.1,4447904.57,2919.01,4381.19,2887.51,1274.35,1275.29,3177.04,2252.36,501.59,,,,,,,基础化工,化学制品,日用化学产品,14.86,15.07,15.09
sz002919,名臣健康,2019-10-10,16.5,17.91,16.4,17.91,16.28,14850163.0,257390134.0,954025312.95,2187451192.95,23211623.409999996,6442390.810000002,555769511.59,658638210.69,102868699.1,4447904.57,10818.8,10880.86,5237.28,5953.92,5562.1,7502.54,4120.8,1401.67,,,,,,,基础化工,化学制品,日用化学产品,16.78,17.1,17.2
sz002919,名臣健康,2019-10-11,17.95,19.7,17.44,19.2,17.91,18834748.0,345743361.0,1022740704.0,2345006304.0,23211623.409999996,6442390.810000002,555769511.59,658638210.69,102868699.1,4447904.57,9542.2,11282.2,6116.86,7770.72,7767.22,8604.9,11148.02,6916.49,,,,,,,基础化工,化学制品,日用化学产品,17.48,17.72,17.83
sz002919,名臣健康,2019-10-14,18.99,19.44,18.01,18.34,19.2,15402277.0,287615069.0,976930443.3,2239969563.3,23211623.409999996,6442390.810000002,555769511.59,658638210.69,102868699.1,4447904.57,9236.1,10201.25,5093.98,5604.11,7080.79,9996.33,7350.6,2959.78,,,,,,,基础化工,化学制品,日用化学产品,18.6,18.26,18.57
sz002919,名臣健康,2019-10-15,18.19,18.5,17.72,18.0,18.34,8367679.0,151861347.0,958819410.0,2198443410.0,23211623.409999996,6442390.810000002,555769511.59,658638210.69,102868699.1,4447904.57,6243.49,5431.79,2615.65,2694.67,4316.45,5784.95,2010.53,1274.71,,,,,,,基础化工,化学制品,日用化学产品,18.19,18.44,18.18
sz002919,名臣健康,2019-10-16,17.86,18.33,17.76,17.95,18.0,6115766.0,110368431.0,956156022.75,2192336622.75,23211623.409999996,6442390.810000002,555769511.59,658638210.69,102868699.1,4447904.57,4864.3,4035.24,2259.77,1941.8,3376.68,4923.67,509.81,109.84,,,,,,,基础化工,化学制品,日用化学产品,17.85,18.13,18.11
sz002919,名臣健康,2019-10-17,18.05,18.8,17.8,17.88,17.95,9510602.0,172907830.0,952427280.6,2183787120.6,23211623.409999996,6442390.810000002,555769511.59,658638210.69,102868699.1,4447904.57,5944.01,5426.83,2851.65,3151.98,4218.05,6521.15,4277.06,2190.8,,,,,,,基础化工,化学制品,日用化学产品,18.21,18.18,18.16
sz002919,名臣健康,2019-10-18,18.0,18.1,17.59,17.87,17.88,5797939.0,103333867.0,951894603.15,2182565763.15,23211623.409999996,6442390.810000002,555769511.59,658638210.69,102868699.1,4447904.57,4519.89,4318.54,1454.89,1979.65,3089.64,3678.24,1268.96,356.94,,,,,,,基础化工,化学制品,日用化学产品,17.61,17.77,17.74
sz002919,名臣健康,2019-10-21,18.09,19.0,17.75,18.31,17.87,14749973.0,271541535.0,975332410.95,2236305490.95,23211623.409999996,6442390.810000002,555769511.59,658638210.69,102868699.1,4447904.57,8239.53,9054.83,6232.46,5255.9,5799.91,8622.39,6882.24,4221.01,,,,,,,基础化工,化学制品,日用化学产品,17.88,18.14,18.2
sz002919,名臣健康,2019-10-22,18.59,18.85,18.28,18.42,18.31,11938390.0,221183039.0,981191862.9,2249740422.9,23211623.409999996,6442390.810000002,555769511.59,658638210.69,102868699.1,4447904.57,7412.11,7985.97,4388.71,4375.45,6471.17,7615.17,3846.29,2141.69,,,,,,,基础化工,化学制品,日用化学产品,18.45,18.5,18.47
sz002919,名臣健康,2019-10-23,18.37,18.98,18.0,18.51,18.42,11877220.0,219390562.0,985985959.95,2260732639.95,23211623.409999996,6442390.810000002,555769511.59,658638210.69,102868699.1,4447904.57,7190.7,7445.32,4977.61,3266.08,6606.73,9111.6,3163.99,2116.04,,,,,,,基础化工,化学制品,日用化学产品,18.13,18.05,18.03
sz002919,名臣健康,2019-10-24,18.58,18.78,18.16,18.33,18.51,9655507.0,178843163.0,976397765.85,2238748205.85,23211623.409999996,6442390.810000002,555769511.59,658638210.69,102868699.1,4447904.57,5555.0,5760.08,2987.53,2288.66,4931.29,6695.89,4410.49,3139.67,,,,,,,基础化工,化学制品,日用化学产品,18.19,18.7,18.58
sz002919,名臣健康,2019-10-25,18.6,18.6,17.48,17.98,18.33,9252641.0,166571868.0,957754055.1,2196000695.1,23211623.409999996,6442390.810000002,555769511.59,658638210.69,102868699.1,4447904.57,4895.59,5737.92,2456.45,2628.89,4649.19,5255.8,4655.94,3034.56,,,,,,,基础化工,化学制品,日用化学产品,17.93,17.89,17.91
sz002919,名臣健康,2019-10-28,17.85,18.88,17.52,18.3,17.98,10110262.0,185302189.0,974799733.5,2235084133.5,23211623.409999996,6442390.810000002,555769511.59,658638210.69,102868699.1,4447904.57,5057.31,5858.18,2462.5,2787.97,6778.23,8943.0,4232.18,941.05,,,,,,,基础化工,化学制品,日用化学产品,17.84,18.06,18.28
sz002919,名臣健康,2019-10-29,18.55,18.81,17.81,18.27,18.3,12425355.0,228298237.0,973201701.15,2231420061.15,24925270.749999996,30899901.060000002,563507764.74,695329104.1,131821339.36,7738253.15,6117.0,7155.73,4024.35,2737.34,7573.65,11511.22,5114.8,1425.52,,,,,,,基础化工,化学制品,日用化学产品,18.41,18.44,18.53
sz002919,名臣健康,2019-10-30,18.8,20.1,18.02,20.1,18.27,18291832.0,346475094.0,1070681674.5,2454928474.5,24925270.749999996,30899901.060000002,563507764.74,695329104.1,131821339.36,7738253.15,11268.05,12609.31,6455.72,4552.85,9867.33,16002.17,7056.39,1483.15,,,,,,,基础化工,化学制品,日用化学产品,18.32,18.36,18.34
sz002919,名臣健康,2019-10-31,20.26,21.98,19.26,21.0,20.1,19073000.0,386162029.0,1118622645.0,2564850645.0,24925270.749999996,30899901.060000002,563507764.74,695329104.1,131821339.36,7738253.15,13578.09,15312.03,7708.63,7086.87,13353.33,15344.18,3976.13,873.1,,,,,,,基础化工,化学制品,日用化学产品,20.16,19.5,19.7
sz002919,名臣健康,2019-11-01,20.55,20.55,18.9,18.9,21.0,9338400.0,179546684.0,1006760380.5,2308365580.5,24925270.749999996,30899901.060000002,563507764.74,695329104.1,131821339.36,7738253.15,6131.16,5699.9,3440.92,3406.15,7677.56,4651.98,702.82,4194.43,,,,,,,基础化工,化学制品,日用化学产品,19.82,18.9,18.9
sz002919,名臣健康,2019-11-04,18.0,18.0,17.01,17.01,18.9,2405200.0,41303884.0,906084342.45,2077529022.45,24925270.749999996,30899901.060000002,563507764.74,695329104.1,131821339.36,7738253.15,1328.25,1185.02,744.09,840.24,1446.59,830.06,611.46,1275.08,,,,,,,基础化工,化学制品,日用化学产品,17.01,17.01,17.01
sz002919,名臣健康,2019-11-05,15.4,16.27,15.4,15.8,17.01,11660443.0,184060655.0,841630371.0,1929744771.0,24925270.749999996,30899901.060000002,563507764.74,695329104.1,131821339.36,7738253.15,6640.4,7917.13,2391.1,2768.08,8589.35,7613.85,783.49,105.28,,,,,,,基础化工,化学制品,日用化学产品,15.77,15.89,15.82
sz002919,名臣健康,2019-11-06,15.43,15.47,14.83,14.9,15.8,7907187.0,119513836.0,793689400.5,1819822600.5,24925270.749999996,30899901.060000002,563507764.74,695329104.1,131821339.36,7738253.15,4354.92,5134.04,1433.54,2604.58,6162.91,4212.75,0.0,0.0,,,,,,,基础化工,化学制品,日用化学产品,15.43,15.15,15.19
sz002919,名臣健康,2019-11-07,14.83,15.36,14.83,15.23,14.9,4889996.0,73820053.0,811267756.35,1860127396.35,24925270.749999996,30899901.060000002,563507764.74,695329104.1,131821339.36,7738253.15,3129.96,3174.39,731.33,641.55,3520.71,3566.06,0.0,0.0,,,,,,,基础化工,化学制品,日用化学产品,15.11,15.08,14.99
sz002919,名臣健康,2019-11-08,15.23,15.41,15.04,15.28,15.23,4346264.0,66276267.0,813931143.6,1866234183.6,24925270.749999996,30899901.060000002,563507764.74,695329104.1,131821339.36,7738253.15,2049.19,2100.8,888.83,855.48,2443.17,2424.91,0.0,0.0,,,,,,,基础化工,化学制品,日用化学产品,15.08,15.06,15.3
sz002919,名臣健康,2019-11-11,15.2,15.25,14.84,14.93,15.28,3042350.0,45607955.0,795287432.85,1823486672.85,24925270.749999996,30899901.060000002,563507764.74,695329104.1,131821339.36,7738253.15,1731.61,1911.08,529.01,649.86,2300.17,1999.85,0.0,0.0,,,,,,,基础化工,化学制品,日用化学产品,15.07,15.07,14.97
sz002919,名臣健康,2019-11-12,15.05,16.39,14.93,16.08,14.93,7965349.0,125108043.0,856545339.6,1963942779.6,24925270.749999996,30899901.060000002,563507764.74,695329104.1,131821339.36,7738253.15,5570.59,5236.95,1752.18,1321.49,5076.45,5952.35,111.57,0.0,,,,,,,基础化工,化学制品,日用化学产品,15.05,15.11,15.2
sz002919,名臣健康,2019-11-13,16.08,16.08,15.45,15.57,16.08,5230768.0,81908944.0,829378789.65,1901653549.65,24925270.749999996,30899901.060000002,563507764.74,695329104.1,131821339.36,7738253.15,3348.21,3504.51,861.24,1653.38,3981.44,2947.96,0.0,85.03,,,,,,,基础化工,化学制品,日用化学产品,15.62,15.77,15.88
sz002919,名臣健康,2019-11-14,15.53,15.79,15.1,15.36,15.57,4422150.0,68038628.0,818192563.2,1876005043.2,24925270.749999996,30899901.060000002,563507764.74,695329104.1,131821339.36,7738253.15,2656.26,3192.84,605.48,1081.36,3432.2,2529.66,109.93,0.0,,,,,,,基础化工,化学制品,日用化学产品,15.59,15.71,15.63
sz002919,名臣健康,2019-11-15,15.32,15.35,14.95,15.02,15.36,3433700.0,51756211.0,800081529.9,1834478889.9,24925270.749999996,30899901.060000002,563507764.74,695329104.1,131821339.36,7738253.15,2127.12,2316.21,531.29,788.01,2517.21,1995.83,0.0,75.57,,,,,,,基础化工,化学制品,日用化学产品,15.21,15.13,15.18
sz002919,名臣健康,2019-11-18,15.11,15.28,14.83,15.23,15.02,2779590.0,41993686.0,811267756.35,1860127396.35,24925270.749999996,30899901.060000002,563507764.74,695329104.1,131821339.36,7738253.15,2034.51,1878.06,328.12,412.16,1836.73,1909.14,0.0,0.0,,,,,,,基础化工,化学制品,日用化学产品,14.94,15.0,15.1
sz002919,名臣健康,2019-11-19,15.17,15.45,15.07,15.35,15.23,3989153.0,61050784.0,817659885.75,1874783685.75,24925270.749999996,30899901.060000002,563507764.74,695329104.1,131821339.36,7738253.15,2946.29,2901.92,649.65,992.36,2509.14,2180.94,0.0,29.86,,,,,,,基础化工,化学制品,日用化学产品,15.11,15.13,15.2
sz002919,名臣健康,2019-11-20,15.39,15.4,15.03,15.08,15.35,3195468.0,48417836.0,803277594.6,1841807034.6,24925270.749999996,30899901.060000002,563507764.74,695329104.1,131821339.36,7738253.15,2242.25,2577.47,213.33,690.13,2386.2,1574.18,0.0,0.0,,,,,,,基础化工,化学制品,日用化学产品,15.27,15.23,15.15
sz002919,名臣健康,2019-11-21,14.95,15.12,14.92,14.97,15.08,2132534.0,31990596.0,797418142.65,1828372102.65,24925270.749999996,30899901.060000002,563507764.74,695329104.1,131821339.36,7738253.15,1337.66,1339.72,164.59,427.11,1511.24,1246.66,0.0,0.0,,,,,,,基础化工,化学制品,日用化学产品,15.02,15.0,15.0
sz002919,名臣健康,2019-11-22,15.02,15.21,14.27,14.5,14.97,4018936.0,59308956.0,772382302.5,1770968302.5,24925270.749999996,30899901.060000002,563507764.74,695329104.1,131821339.36,7738253.15,2495.84,2630.2,359.49,812.84,3075.56,2487.85,0.0,0.0,,,,,,,基础化工,化学制品,日用化学产品,15.05,15.14,15.18
sz002919,名臣健康,2019-11-25,14.5,14.5,13.93,14.14,14.5,3495650.0,49357068.0,753205914.3,1726999434.3,24925270.749999996,30899901.060000002,563507764.74,695329104.1,131821339.36,7738253.15,1741.87,2422.89,385.76,697.89,2800.71,1807.56,0.0,0.0,,,,,,,基础化工,化学制品,日用化学产品,14.32,14.21,14.12
sz002919,名臣健康,2019-11-26,14.1,14.26,13.85,13.97,14.14,1976300.0,27726487.0,744150397.65,1706236357.65,24925270.749999996,30899901.060000002,563507764.74,695329104.1,131821339.36,7738253.15,1107.59,1190.97,285.38,338.51,1376.73,1240.22,0.0,0.0,,,,,,,基础化工,化学制品,日用化学产品,14.17,14.16,14.17
sz002919,名臣健康,2019-11-27,13.96,14.23,13.88,14.1,13.97,2098600.0,29598962.0,751075204.5,1722114004.5,24925270.749999996,30899901.060000002,563507764.74,695329104.1,131821339.36,7738253.15,1228.46,1405.66,268.43,68.84,1463.01,1485.39,0.0,0.0,,,,,,,基础化工,化学制品,日用化学产品,14.04,14.05,14.02
sz002919,名臣健康,2019-11-28,14.12,14.29,14.03,14.1,14.1,1600600.0,22624920.0,751075204.5,1722114004.5,24925270.749999996,30899901.060000002,563507764.74,695329104.1,131821339.36,7738253.15,884.79,945.23,161.3,218.72,1216.4,1098.53,0.0,0.0,,,,,,,基础化工,化学制品,日用化学产品,14.12,14.18,14.21
sz002919,名臣健康,2019-11-29,14.11,14.46,13.98,14.35,14.1,3274418.0,46534209.0,764392140.75,1752647940.75,24925270.749999996,30899901.060000002,563507764.74,695329104.1,131821339.36,7738253.15,1791.27,1889.67,936.97,766.33,1907.61,1979.86,0.0,0.0,,,,,,,基础化工,化学制品,日用化学产品,14.13,14.05,14.09
sz002919,名臣健康,2019-12-02,14.37,14.62,14.21,14.49,14.35,3373331.0,48769687.0,771849625.05,1769746945.05,24925270.749999996,30899901.060000002,563507764.74,695329104.1,131821339.36,7738253.15,2201.32,2009.51,653.08,716.82,1877.96,2150.63,144.61,0.0,,,,,,,基础化工,化学制品,日用化学产品,14.23,14.24,14.32
sz002919,名臣健康,2019-12-03,14.38,14.97,14.22,14.76,14.49,4288900.0,62625433.0,786231916.2,1802723596.2,24925270.749999996,30899901.060000002,563507764.74,695329104.1,131821339.36,7738253.15,2958.2,2648.28,1034.07,1221.42,2123.95,2392.84,146.31,0.0,,,,,,,基础化工,化学制品,日用化学产品,14.37,14.33,14.4
sz002919,名臣健康,2019-12-04,14.66,15.25,14.6,15.18,14.76,5056400.0,76085207.0,808604369.1,1854020609.1,24925270.749999996,30899901.060000002,563507764.74,695329104.1,131821339.36,7738253.15,3109.22,3299.84,1053.75,1342.0,2967.64,2966.67,477.91,0.0,,,,,,,基础化工,化学制品,日用化学产品,14.76,15.01,14.87
sz002919,名臣健康,2019-12-05,15.12,15.25,14.74,14.95,15.18,4709300.0,70310683.0,796352787.75,1825929387.75,24925270.749999996,30899901.060000002,563507764.74,695329104.1,131821339.36,7738253.15,2547.12,2731.43,560.49,1944.08,3536.73,2001.66,386.73,353.9,,,,,,,基础化工,化学制品,日用化学产品,15.21,14.97,14.91
sz002919,名臣健康,2019-12-06,14.95,14.98,14.66,14.7,14.95,2909981.0,42962756.0,783035851.5,1795395451.5,24925270.749999996,30899901.060000002,563507764.74,695329104.1,131821339.36,7738253.15,1892.26,2038.8,189.56,492.76,2214.45,1764.71,0.0,0.0,,,,,,,基础化工,化学制品,日用化学产品,14.93,14.87,14.85
sz002919,名臣健康,2019-12-09,14.7,14.84,14.56,14.69,14.7,2279050.0,33453093.0,782503174.05,1794174094.05,24925270.749999996,30899901.060000002,563507764.74,695329104.1,131821339.36,7738253.15,1468.31,1563.72,146.58,657.61,1730.41,1123.98,0.0,0.0,,,,,,,基础化工,化学制品,日用化学产品,14.83,14.74,14.68
sz002919,名臣健康,2019-12-10,14.53,14.75,14.51,14.55,14.69,2061345.0,30052221.0,775045689.75,1777075089.75,24925270.749999996,30899901.060000002,563507764.74,695329104.1,131821339.36,7738253.15,1241.31,1192.07,213.42,518.04,1550.48,1098.19,0.0,196.91,,,,,,,基础化工,化学制品,日用化学产品,14.7,14.61,14.61
sz002919,名臣健康,2019-12-11,14.64,14.93,14.52,14.83,14.55,3035813.0,44681557.0,789960658.35,1811273098.35,24925270.749999996,30899901.060000002,563507764.74,695329104.1,131821339.36,7738253.15,1808.88,2029.53,858.59,514.49,1800.69,1916.68,0.0,7.45,,,,,,,基础化工,化学制品,日用化学产品,14.55,14.59,14.63
sz002919,名臣健康,2019-12-12,14.82,14.82,14.23,14.24,14.83,3055300.0,44353138.0,758532688.8,1739213008.8,24925270.749999996,30899901.060000002,563507764.74,695329104.1,131821339.36,7738253.15,1739.18,1916.89,240.4,984.35,2455.72,1534.07,0.0,0.0,,,,,,,基础化工,化学制品,日用化学产品,14.7,14.62,14.69
sz002919,名臣健康,2019-12-13,14.37,14.43,14.25,14.41,14.24,2164150.0,31043332.0,767588205.45,1759976085.45,24925270.749999996,30899901.060000002,563507764.74,695329104.1,131821339.36,7738253.15,1311.02,1383.36,248.89,561.43,1398.76,1159.55,145.67,0.0,,,,,,,基础化工,化学制品,日用化学产品,14.31,14.32,14.3
sz002919,名臣健康,2019-12-16,14.48,14.64,14.4,14.63,14.41,2172450.0,31599348.0,779307109.35,1786845949.35,24925270.749999996,30899901.060000002,563507764.74,695329104.1,131821339.36,7738253.15,1377.05,1369.58,338.58,469.6,1444.3,1320.75,0.0,0.0,,,,,,,基础化工,化学制品,日用化学产品,14.4,14.44,14.48
sz002919,名臣健康,2019-12-17,14.72,15.03,14.7,14.91,14.63,3638678.0,54096732.0,794222077.95,1821043957.95,24925270.749999996,30899901.060000002,563507764.74,695329104.1,131821339.36,7738253.15,2205.37,2278.05,820.58,839.81,2383.72,2291.8,0.0,0.0,,,,,,,基础化工,化学制品,日用化学产品,14.81,14.75,14.73
sz002919,名臣健康,2019-12-18,14.94,15.15,14.85,15.04,14.91,3619837.0,54333541.0,801146884.8,1836921604.8,24925270.749999996,30899901.060000002,563507764.74,695329104.1,131821339.36,7738253.15,2141.05,2340.21,738.89,563.17,2553.42,2379.31,0.0,150.66,,,,,,,基础化工,化学制品,日用化学产品,14.9,14.96,15.1
sz002919,名臣健康,2019-12-19,15.1,15.27,14.91,15.19,15.04,3185439.0,48135153.0,809137046.55,1855241966.55,24925270.749999996,30899901.060000002,563507764.74,695329104.1,131821339.36,7738253.15,1689.67,2165.21,579.93,479.62,2543.92,2151.22,0.0,17.47,,,,,,,基础化工,化学制品,日用化学产品,15.0,14.99,15.01
sz002919,名臣健康,2019-12-20,15.19,15.3,14.85,14.87,15.19,2888412.0,43442896.0,792091368.15,1816158528.15,24925270.749999996,30899901.060000002,563507764.74,695329104.1,131821339.36,7738253.15,1879.11,2217.31,228.48,453.8,2236.7,1673.18,0.0,0.0,,,,,,,基础化工,化学制品,日用化学产品,15.26,15.21,15.14
sz002919,名臣健康,2019-12-23,14.91,15.03,14.7,14.82,14.87,2589900.0,38562131.0,789427980.9,1810051740.9,24925270.749999996,30899901.060000002,563507764.74,695329104.1,131821339.36,7738253.15,1601.18,1361.07,210.42,395.47,2038.52,2093.58,0.0,0.0,,,,,,,基础化工,化学制品,日用化学产品,14.7,14.8,14.93
sz002919,名臣健康,2019-12-24,14.79,15.1,14.79,15.06,14.82,2359662.0,35286356.0,802212239.7,1839364319.7,24925270.749999996,30899901.060000002,563507764.74,695329104.1,131821339.36,7738253.15,1444.27,1552.46,477.81,321.18,1606.55,1654.99,0.0,0.0,,,,,,,基础化工,化学制品,日用化学产品,14.83,14.83,14.82
sz002919,名臣健康,2019-12-25,15.21,15.25,14.85,15.0,15.06,2275475.0,34154750.0,799016175.0,1832036175.0,24925270.749999996,30899901.060000002,563507764.74,695329104.1,131821339.36,7738253.15,1274.61,1440.05,283.89,548.79,1856.97,1426.63,0.0,0.0,,,,,,,基础化工,化学制品,日用化学产品,15.17,15.08,15.12
sz002919,名臣健康,2019-12-26,15.03,15.48,14.92,15.34,15.0,4360838.0,66613994.0,817127208.3,1873562328.3,24925270.749999996,30899901.060000002,563507764.74,695329104.1,131821339.36,7738253.15,2937.63,2648.46,1065.67,760.59,2626.3,3252.35,31.79,0.0,,,,,,,基础化工,化学制品,日用化学产品,14.93,14.96,15.08
sz002919,名臣健康,2019-12-27,15.36,15.49,14.95,14.98,15.34,3625446.0,55053470.0,797950820.1,1829593460.1,24925270.749999996,30899901.060000002,563507764.74,695329104.1,131821339.36,7738253.15,2143.19,2381.95,244.93,1169.93,3108.54,1939.53,0.0,5.26,,,,,,,基础化工,化学制品,日用化学产品,15.4,15.35,15.37
sz002919,名臣健康,2019-12-30,15.03,15.03,14.25,14.88,14.98,2427961.0,35870456.0,792624045.6,1817379885.6,24925270.749999996,30899901.060000002,563507764.74,695329104.1,131821339.36,7738253.15,1202.45,1579.11,476.1,407.96,1908.49,1599.98,0.0,0.0,,,,,,,基础化工,化学制品,日用化学产品,14.86,14.61,14.69
sz002919,名臣健康,2019-12-31,14.88,15.28,14.83,15.17,14.88,2771311.0,41971769.0,808071691.65,1852799251.65,24925270.749999996,30899901.060000002,563507764.74,695329104.1,131821339.36,7738253.15,1618.09,1908.36,362.12,330.14,2216.96,1958.68,0.0,0.0,,,,,,,基础化工,化学制品,日用化学产品,15.0,15.08,15.08
sz002919,名臣健康,2020-01-02,15.22,15.63,15.21,15.63,15.17,4568978.0,70584240.0,832574854.35,1908981694.35,24925270.749999996,30899901.060000002,563507764.74,695329104.1,131821339.36,7738253.15,2281.1,2985.36,1107.75,1124.72,3342.73,2948.33,326.83,0.0,,,,,,,基础化工,化学制品,日用化学产品,15.3,15.26,15.31
sz002919,名臣健康,2020-01-03,16.0,16.1,15.26,15.53,15.63,4905302.0,76157598.0,827248079.85,1896768119.85,24925270.749999996,30899901.060000002,563507764.74,695329104.1,131821339.36,7738253.15,2834.23,3061.79,595.52,816.91,3658.94,3618.62,527.06,118.43,,,,,,,基础化工,化学制品,日用化学产品,15.68,15.56,15.5
sz002919,名臣健康,2020-01-06,15.49,15.85,15.35,15.67,15.53,4551881.0,71012024.0,834705564.15,1913867124.15,24925270.749999996,30899901.060000002,563507764.74,695329104.1,131821339.36,7738253.15,2990.2,2373.6,643.94,1298.53,3091.49,3319.87,375.56,109.2,,,,,,,基础化工,化学制品,日用化学产品,15.63,15.63,15.66
sz002919,名臣健康,2020-01-07,15.62,16.38,15.62,16.09,15.67,5929118.0,95015537.0,857078017.05,1965164137.05,24925270.749999996,30899901.060000002,563507764.74,695329104.1,131821339.36,7738253.15,4170.88,3539.89,1252.43,1521.29,3388.67,4203.78,689.58,236.59,,,,,,,基础化工,化学制品,日用化学产品,15.64,15.64,15.72
sz002919,名臣健康,2020-01-08,15.89,16.0,15.43,15.45,16.09,5014500.0,78719317.0,822986660.25,1886997260.25,24925270.749999996,30899901.060000002,563507764.74,695329104.1,131821339.36,7738253.15,2690.98,2875.22,834.72,1983.28,4346.23,2359.42,0.0,654.0,,,,,,,基础化工,化学制品,日用化学产品,15.92,15.83,15.78
sz002919,名臣健康,2020-01-09,15.65,16.49,15.55,16.15,15.45,6844564.0,110106479.0,860274081.75,1972492281.75,24925270.749999996,30899901.060000002,563507764.74,695329104.1,131821339.36,7738253.15,4394.1,4188.36,1521.3,1761.7,4135.38,5060.59,959.85,0.0,,,,,,,基础化工,化学制品,日用化学产品,15.61,15.88,15.99
sz002919,名臣健康,2020-01-10,16.2,17.68,15.91,16.86,16.15,9149028.0,153166726.0,898094180.7,2059208660.7,24925270.749999996,30899901.060000002,563507764.74,695329104.1,131821339.36,7738253.15,5854.48,6484.89,2360.07,2904.82,6136.64,5817.33,962.78,106.93,,,,,,,基础化工,化学制品,日用化学产品,16.08,16.0,16.12
sz002919,名臣健康,2020-01-13,16.77,16.8,16.25,16.7,16.86,5628948.0,92828295.0,889571341.5,2039666941.5,24925270.749999996,30899901.060000002,563507764.74,695329104.1,131821339.36,7738253.15,4019.4,3572.09,1069.67,962.71,4193.74,3817.13,0.0,930.89,,,,,,,基础化工,化学制品,日用化学产品,16.64,16.43,16.35
sz002919,名臣健康,2020-01-14,16.63,16.78,16.23,16.24,16.7,3910499.0,64098194.0,865068178.8,1983484498.8,24925270.749999996,30899901.060000002,563507764.74,695329104.1,131821339.36,7738253.15,2590.47,2700.94,486.56,1251.34,3332.78,2404.9,0.0,52.63,,,,,,,基础化工,化学制品,日用化学产品,16.43,16.43,16.43
sz002919,名臣健康,2020-01-15,16.26,16.29,15.71,15.95,16.24,3463064.0,55197121.0,849620532.75,1948065132.75,24925270.749999996,30899901.060000002,563507764.74,695329104.1,131821339.36,7738253.15,2320.97,2785.94,427.97,763.27,2770.76,1970.49,0.0,0.0,,,,,,,基础化工,化学制品,日用化学产品,16.21,16.22,16.11
sz002919,名臣健康,2020-01-16,15.95,16.34,15.82,16.1,15.95,2794288.0,45041777.0,857610694.5,1966385494.5,24925270.749999996,30899901.060000002,563507764.74,695329104.1,131821339.36,7738253.15,1897.48,2027.24,644.72,320.52,1961.97,2156.41,0.0,0.0,,,,,,,基础化工,化学制品,日用化学产品,15.89,15.93,15.9
sz002919,名臣健康,2020-01-17,16.05,16.11,15.73,15.74,16.1,2083068.0,33072933.0,838434306.3,1922416626.3,24925270.749999996,30899901.060000002,563507764.74,695329104.1,131821339.36,7738253.15,1305.29,1537.65,249.25,519.61,1752.75,1236.57,0.0,13.46,,,,,,,基础化工,化学制品,日用化学产品,16.08,15.98,15.89
sz002919,名臣健康,2020-01-20,15.64,15.83,15.42,15.8,15.74,2171042.0,33922856.0,841630371.0,1929744771.0,24925270.749999996,30899901.060000002,563507764.74,695329104.1,131821339.36,7738253.15,1481.86,1300.48,379.88,850.61,1530.55,1151.16,0.0,90.04,,,,,,,基础化工,化学制品,日用化学产品,15.62,15.5,15.52
sz002919,名臣健康,2020-01-21,15.8,16.19,15.48,15.54,15.8,2483356.0,39445530.0,827780757.3,1897989477.3,24925270.749999996,30899901.060000002,563507764.74,695329104.1,131821339.36,7738253.15,1501.9,1523.66,489.58,655.98,1953.07,1657.34,0.0,107.57,,,,,,,基础化工,化学制品,日用化学产品,15.92,15.99,16.06
sz002919,名臣健康,2020-01-22,15.67,15.67,15.03,15.29,15.54,2297057.0,35069746.0,814463821.05,1867455541.05,24925270.749999996,30899901.060000002,563507764.74,695329104.1,131821339.36,7738253.15,1105.83,1580.49,540.63,675.75,1860.51,1250.73,0.0,0.0,,,,,,,基础化工,化学制品,日用化学产品,15.07,15.16,15.15
sz002919,名臣健康,2020-01-23,15.3,15.38,14.61,14.75,15.29,2199500.0,32937361.0,785699238.75,1801502238.75,24925270.749999996,30899901.060000002,563507764.74,695329104.1,131821339.36,7738253.15,1338.93,1516.57,284.09,562.22,1670.72,1214.95,0.0,0.0,,,,,,,基础化工,化学制品,日用化学产品,15.21,15.18,15.29
sz002919,名臣健康,2020-02-03,13.28,13.28,13.28,13.28,14.75,449300.0,5966704.0,707395653.6,1621962693.6,24925270.749999996,30899901.060000002,563507764.74,695329104.1,131821339.36,7738253.15,169.85,324.96,95.62,42.1,287.64,186.05,0.0,0.0,,,,,,,基础化工,化学制品,日用化学产品,13.28,13.28,13.28
sz002919,名臣健康,2020-02-04,11.96,13.2,11.96,12.8,13.28,3396420.0,43234866.0,681827136.0,1563337536.0,24925270.749999996,30899901.060000002,563507764.74,695329104.1,131821339.36,7738253.15,1263.89,1914.77,520.08,735.5,2040.99,1507.91,498.52,165.3,,,,,,,基础化工,化学制品,日用化学产品,12.75,12.91,12.91
sz002919,名臣健康,2020-02-05,12.79,13.45,12.75,13.29,12.8,2701850.0,35808156.0,707928331.05,1623184051.05,24925270.749999996,30899901.060000002,563507764.74,695329104.1,131821339.36,7738253.15,1297.56,1663.52,440.33,242.67,1842.93,1674.62,0.0,0.0,,,,,,,基础化工,化学制品,日用化学产品,13.35,13.34,13.36
sz002919,名臣健康,2020-02-06,13.25,14.17,13.05,13.85,13.29,3294740.0,44879205.0,737758268.25,1691580068.25,24925270.749999996,30899901.060000002,563507764.74,695329104.1,131821339.36,7738253.15,1795.1,1878.07,537.7,427.13,2102.14,2129.74,0.0,0.0,,,,,,,基础化工,化学制品,日用化学产品,13.12,13.28,13.27
sz002919,名臣健康,2020-02-07,13.85,14.8,13.53,14.25,13.85,4707890.0,66446141.0,759065366.25,1740434366.25,24925270.749999996,30899901.060000002,563507764.74,695329104.1,131821339.36,7738253.15,2710.19,2751.38,733.52,1068.43,2706.34,2805.22,494.56,19.58,,,,,,,基础化工,化学制品,日用化学产品,13.81,13.93,13.8
sz002919,名臣健康,2020-02-10,14.2,14.24,13.87,14.1,14.25,2441042.0,34280956.0,751075204.5,1722114004.5,24925270.749999996,30899901.060000002,563507764.74,695329104.1,131821339.36,7738253.15,1238.74,1303.54,362.79,699.5,1826.56,1425.05,0.0,0.0,,,,,,,基础化工,化学制品,日用化学产品,14.08,13.97,14.05
sz002919,名臣健康,2020-02-11,14.02,14.15,13.67,13.79,14.1,2409618.0,33345939.0,734562203.55,1684251923.55,24925270.749999996,30899901.060000002,563507764.74,695329104.1,131821339.36,7738253.15,1084.8,1236.16,249.34,712.74,1766.73,1225.81,233.72,159.89,,,,,,,基础化工,化学制品,日用化学产品,13.96,13.96,13.9
sz002919,名臣健康,2020-02-12,13.78,13.92,13.63,13.87,13.79,1729000.0,23892011.0,738823623.15,1694022783.15,24925270.749999996,30899901.060000002,563507764.74,695329104.1,131821339.36,7738253.15,1077.69,1119.78,165.39,190.54,1146.12,1078.89,0.0,0.0,,,,,,,基础化工,化学制品,日用化学产品,13.82,13.89,13.85
sz002919,名臣健康,2020-02-13,13.72,14.07,13.72,13.73,13.87,1774468.0,24591735.0,731366138.85,1676923778.85,24925270.749999996,30899901.060000002,563507764.74,695329104.1,131821339.36,7738253.15,1029.86,1038.88,190.91,241.68,1238.4,1052.07,0.0,126.55,,,,,,,基础化工,化学制品,日用化学产品,13.91,13.92,13.86
sz002919,名臣健康,2020-02-14,13.77,13.85,13.58,13.65,13.73,1681150.0,23038618.0,727104719.25,1667152919.25,24925270.749999996,30899901.060000002,563507764.74,695329104.1,131821339.36,7738253.15,589.52,615.68,289.19,251.97,681.16,692.22,0.0,0.0,,,,,,,基础化工,化学制品,日用化学产品,13.75,13.76,13.69
sz002919,名臣健康,2020-02-17,13.4,13.96,13.3,13.88,13.65,2384031.0,32868098.0,739356300.6,1695244140.6,24925270.749999996,30899901.060000002,563507764.74,695329104.1,131821339.36,7738253.15,1433.55,1613.38,230.92,257.25,1622.33,1416.17,0.0,0.0,,,,,,,基础化工,化学制品,日用化学产品,13.64,13.72,13.75
sz002919,名臣健康,2020-02-18,13.9,14.22,13.85,14.16,13.88,2403614.0,33815912.0,754271269.2,1729442149.2,24925270.749999996,30899901.060000002,563507764.74,695329104.1,131821339.36,7738253.15,1503.76,1363.35,365.62,327.35,1512.21,1690.89,0.0,0.0,,,,,,,基础化工,化学制品,日用化学产品,13.91,13.96,13.96
sz002919,名臣健康,2020-02-19,14.19,14.19,13.88,13.9,14.16,2280100.0,31991773.0,740421655.5,1697686855.5,24925270.749999996,30899901.060000002,563507764.74,695329104.1,131821339.36,7738253.15,1248.48,1374.57,503.66,606.25,1447.04,1218.35,0.0,0.0,,,,,,,基础化工,化学制品,日用化学产品,14.17,14.12,14.13
sz002919,名臣健康,2020-02-20,13.96,14.21,13.78,14.21,13.9,2497802.0,35269535.0,756934656.45,1735548936.45,24925270.749999996,30899901.060000002,563507764.74,695329104.1,131821339.36,7738253.15,1475.4,1430.3,499.56,483.31,1551.98,1613.33,0.0,0.0,,,,,,,基础化工,化学制品,日用化学产品,14.1,14.05,14.01
sz002919,名臣健康,2020-02-21,14.27,14.34,14.15,14.2,14.21,2805714.0,39944744.0,756401979.0,1734327579.0,24925270.749999996,30899901.060000002,563507764.74,695329104.1,131821339.36,7738253.15,1701.63,1650.29,703.96,754.07,1588.88,1437.21,0.0,152.9,,,,,,,基础化工,化学制品,日用化学产品,14.29,14.23,14.23
sz002919,名臣健康,2020-02-24,14.2,14.63,14.14,14.45,14.2,2964150.0,42580072.0,769718915.25,1764861515.25,24925270.749999996,30899901.060000002,563507764.74,695329104.1,131821339.36,7738253.15,1911.99,1878.15,531.42,417.98,1814.6,1961.87,0.0,0.0,,,,,,,基础化工,化学制品,日用化学产品,14.26,14.2,14.22
sz002919,名臣健康,2020-02-25,14.22,14.55,13.65,14.51,14.45,3825354.0,54167140.0,772914979.95,1772189659.95,24925270.749999996,30899901.060000002,563507764.74,695329104.1,131821339.36,7738253.15,2054.17,1957.64,538.97,966.6,2309.21,1992.53,14.42,0.0,,,,,,,基础化工,化学制品,日用化学产品,14.27,14.28,14.22
sz002919,名臣健康,2020-02-26,14.34,14.78,14.12,14.25,14.51,3350914.0,48521886.0,759065366.25,1740434366.25,24925270.749999996,30899901.060000002,563507764.74,695329104.1,131821339.36,7738253.15,1105.93,1488.17,436.74,277.46,1639.37,1416.41,0.0,0.0,,,,,,,基础化工,化学制品,日用化学产品,14.24,14.25,14.33
sz002919,名臣健康,2020-02-27,14.2,15.13,14.2,14.81,14.25,4024968.0,59015387.0,788895303.45,1808830383.45,24925270.749999996,30899901.060000002,563507764.74,695329104.1,131821339.36,7738253.15,2519.57,2551.88,1314.5,769.7,2067.46,2579.95,0.0,0.0,,,,,,,基础化工,化学制品,日用化学产品,14.35,14.33,14.4
sz002919,名臣健康,2020-02-28,14.29,14.4,13.39,13.47,14.81,3970436.0,55284843.0,717516525.15,1645168485.15,24925270.749999996,30899901.060000002,563507764.74,695329104.1,131821339.36,7738253.15,2117.47,2043.38,561.22,1109.09,2849.79,2252.88,0.0,123.13,,,,,,,基础化工,化学制品,日用化学产品,14.33,14.32,14.2
sz002919,名臣健康,2020-03-02,13.6,14.15,13.55,13.99,13.47,2137868.0,29728594.0,745215752.55,1708679072.55,24925270.749999996,30899901.060000002,563507764.74,695329104.1,131821339.36,7738253.15,1273.92,1251.55,138.32,363.4,1400.67,1357.91,159.95,0.0,,,,,,,基础化工,化学制品,日用化学产品,13.71,13.68,13.68
sz002919,名臣健康,2020-03-03,14.14,14.34,13.89,13.97,13.99,2010650.0,28434014.0,744150397.65,1706236357.65,24925270.749999996,30899901.060000002,563507764.74,695329104.1,131821339.36,7738253.15,1272.38,1357.5,230.74,153.55,1340.27,1148.08,0.0,184.27,,,,,,,基础化工,化学制品,日用化学产品,14.24,14.25,14.2
sz002919,名臣健康,2020-03-04,13.79,14.46,13.79,14.33,13.97,3441777.0,48824268.0,763326785.85,1750205225.85,24925270.749999996,30899901.060000002,563507764.74,695329104.1,131821339.36,7738253.15,1590.45,1572.72,1669.65,1576.34,1622.33,1623.81,0.0,109.55,,,,,,,基础化工,化学制品,日用化学产品,13.96,14.03,14.05
sz002919,名臣健康,2020-03-05,14.43,14.85,14.35,14.85,14.33,3701393.0,54321979.0,791026013.25,1813715813.25,24925270.749999996,30899901.060000002,563507764.74,695329104.1,131821339.36,7738253.15,1977.61,2350.18,862.91,626.5,2591.67,2455.51,0.0,0.0,,,,,,,基础化工,化学制品,日用化学产品,14.4,14.38,14.46
sz002919,名臣健康,2020-03-06,14.66,15.15,14.46,14.69,14.85,3376300.0,49963346.0,782503174.05,1794174094.05,24925270.749999996,30899901.060000002,563507764.74,695329104.1,131821339.36,7738253.15,1854.98,2022.42,689.99,759.22,2235.12,2096.3,216.24,118.4,,,,,,,基础化工,化学制品,日用化学产品,14.62,14.66,14.66
sz002919,名臣健康,2020-03-09,14.58,15.69,14.58,15.11,14.69,7364248.0,111893212.0,804875626.95,1845471106.95,24925270.749999996,30899901.060000002,563507764.74,695329104.1,131821339.36,7738253.15,5307.28,4585.08,1853.82,1723.7,4028.22,4536.62,0.0,343.9,,,,,,,基础化工,化学制品,日用化学产品,14.83,14.73,14.77
sz002919,名臣健康,2020-03-10,14.9,16.54,14.66,16.4,15.11,8203836.0,128839434.0,873591018.0,2003026218.0,24925270.749999996,30899901.060000002,563507764.74,695329104.1,131821339.36,7738253.15,6361.41,5330.68,2560.84,1970.51,3545.66,5168.87,416.02,413.88,,,,,,,基础化工,化学制品,日用化学产品,15.03,14.88,15.1
sz002919,名臣健康,2020-03-11,16.2,16.47,15.87,16.25,16.4,7539297.0,121161486.0,865600856.25,1984705856.25,24925270.749999996,30899901.060000002,563507764.74,695329104.1,131821339.36,7738253.15,5797.1,6547.3,3068.8,1539.66,2887.72,3513.13,189.12,342.65,,,,,,,基础化工,化学制品,日用化学产品,15.96,15.93,16.04
sz002919,名臣健康,2020-03-12,15.98,16.75,15.76,16.49,16.25,5736421.0,93672976.0,878385115.05,2014018435.05,24925270.749999996,30899901.060000002,563507764.74,695329104.1,131821339.36,7738253.15,4947.55,4144.3,1957.53,2300.45,2406.1,2913.89,56.11,8.66,,,,,,,基础化工,化学制品,日用化学产品,15.89,15.99,16.07
sz002919,名臣健康,2020-03-13,16.0,17.43,15.11,16.74,16.49,6287120.0,104072746.0,891702051.3,2044552371.3,24925270.749999996,30899901.060000002,563507764.74,695329104.1,131821339.36,7738253.15,5691.04,4704.11,1713.6,2046.15,2661.47,3535.67,341.16,121.34,,,,,,,基础化工,化学制品,日用化学产品,15.75,16.0,16.1
sz002919,名臣健康,2020-03-16,17.0,17.17,15.51,15.7,16.74,3547050.0,58048304.0,836303596.5,1917531196.5,24925270.749999996,30899901.060000002,563507764.74,695329104.1,131821339.36,7738253.15,2589.91,2728.84,894.09,1017.16,2265.42,1906.79,55.41,152.03,,,,,,,基础化工,化学制品,日用化学产品,16.91,16.72,16.61
sz002919,名臣健康,2020-03-17,15.5,16.5,14.75,15.57,15.7,4104518.0,64000719.0,829378789.65,1901653549.65,24925270.749999996,30899901.060000002,563507764.74,695329104.1,131821339.36,7738253.15,2850.91,3185.13,1215.0,1327.58,2334.16,1799.94,0.0,87.43,,,,,,,基础化工,化学制品,日用化学产品,15.88,15.54,15.34
sz002919,名臣健康,2020-03-18,15.45,15.74,14.5,14.54,15.57,3307100.0,50394287.0,774513012.3,1775853732.3,24925270.749999996,30899901.060000002,563507764.74,695329104.1,131821339.36,7738253.15,2137.94,2441.21,772.77,1250.35,2128.72,1347.87,0.0,0.0,,,,,,,基础化工,化学制品,日用化学产品,15.33,15.41,15.54
sz002919,名臣健康,2020-03-19,14.48,14.53,13.59,14.04,14.54,3025366.0,42292814.0,747879139.8,1714785859.8,24925270.749999996,30899901.060000002,563507764.74,695329104.1,131821339.36,7738253.15,1796.0,1714.09,447.11,845.75,1851.21,1384.99,134.96,284.45,,,,,,,基础化工,化学制品,日用化学产品,14.19,14.08,14.0
sz002919,名臣健康,2020-03-20,14.14,14.45,13.9,14.19,14.04,1812236.0,25622369.0,755869301.55,1733106221.55,24925270.749999996,30899901.060000002,563507764.74,695329104.1,131821339.36,7738253.15,1088.35,1142.8,227.2,362.12,1246.68,1057.31,0.0,0.0,,,,,,,基础化工,化学制品,日用化学产品,14.12,14.05,14.19
sz002919,名臣健康,2020-03-23,13.9,14.34,13.45,13.85,14.19,1291450.0,18055280.0,737758268.25,1691580068.25,24925270.749999996,30899901.060000002,563507764.74,695329104.1,131821339.36,7738253.15,753.11,800.55,162.91,87.22,889.5,917.75,0.0,0.0,,,,,,,基础化工,化学制品,日用化学产品,14.09,14.16,14.19
sz002919,名臣健康,2020-03-24,14.14,14.28,13.77,14.25,13.85,1406133.0,19813545.0,759065366.25,1740434366.25,24925270.749999996,30899901.060000002,563507764.74,695329104.1,131821339.36,7738253.15,904.45,786.0,193.99,264.66,882.91,930.69,0.0,0.0,,,,,,,基础化工,化学制品,日用化学产品,14.2,14.15,14.21
sz002919,名臣健康,2020-03-25,14.5,14.76,14.39,14.62,14.25,1633500.0,23821947.0,778774431.9,1785624591.9,24925270.749999996,30899901.060000002,563507764.74,695329104.1,131821339.36,7738253.15,1008.27,1009.62,200.92,193.14,1156.78,1163.2,0.0,0.0,,,,,,,基础化工,化学制品,日用化学产品,14.46,14.5,14.41
sz002919,名臣健康,2020-03-26,14.8,15.9,14.51,15.46,14.62,3334127.0,51171726.0,823519337.7,1888218617.7,24925270.749999996,30899901.060000002,563507764.74,695329104.1,131821339.36,7738253.15,2178.43,2324.93,661.67,508.64,2277.08,2283.6,0.0,0.0,,,,,,,基础化工,化学制品,日用化学产品,14.77,14.93,15.08
sz002919,名臣健康,2020-03-27,15.46,16.08,15.46,15.66,15.46,2944918.0,46230122.0,834172886.7,1912645766.7,24925270.749999996,30899901.060000002,563507764.74,695329104.1,131821339.36,7738253.15,1734.72,2187.71,577.25,605.48,2311.04,1829.82,0.0,0.0,,,,,,,基础化工,化学制品,日用化学产品,15.65,15.51,15.62
sz002919,名臣健康,2020-03-30,15.35,15.93,15.23,15.4,15.66,2278301.0,35411650.0,820323273.0,1880890473.0,24925270.749999996,30899901.060000002,563507764.74,695329104.1,131821339.36,7738253.15,1493.61,1492.47,409.01,542.52,1638.55,1505.86,0.0,0.31,,,,,,,基础化工,化学制品,日用化学产品,15.34,15.8,15.63
sz002919,名臣健康,2020-03-31,15.52,16.29,15.4,16.05,15.4,3362954.0,53297032.0,854947307.25,1960278707.25,24925270.749999996,30899901.060000002,563507764.74,695329104.1,131821339.36,7738253.15,2317.26,2198.81,647.46,928.69,2317.61,2202.19,47.36,0.0,,,,,,,基础化工,化学制品,日用化学产品,15.68,15.51,15.51
sz002919,名臣健康,2020-04-01,16.0,16.3,15.29,15.3,16.05,2852150.0,44686993.0,814996498.5,1868676898.5,24925270.749999996,30899901.060000002,563507764.74,695329104.1,131821339.36,7738253.15,1762.23,1905.76,491.58,524.75,2214.89,2038.18,0.0,0.0,,,,,,,基础化工,化学制品,日用化学产品,16.21,16.01,15.82
sz002919,名臣健康,2020-04-02,15.65,15.65,15.0,15.52,15.3,1980950.0,30335032.0,826715402.4,1895546762.4,24925270.749999996,30899901.060000002,563507764.74,695329104.1,131821339.36,7738253.15,1174.59,1262.41,229.05,188.41,1629.86,1582.68,0.0,0.0,,,,,,,基础化工,化学制品,日用化学产品,15.31,15.22,15.27
sz002919,名臣健康,2020-04-03,15.4,16.15,15.4,15.7,15.52,2506468.0,39692870.0,836303596.5,1917531196.5,24925270.749999996,30899901.060000002,563507764.74,695329104.1,131821339.36,7738253.15,1618.04,1756.04,278.18,456.71,2073.07,1756.54,0.0,0.0,,,,,,,基础化工,化学制品,日用化学产品,15.65,15.57,15.85
sz002919,名臣健康,2020-04-07,16.04,16.47,15.8,16.06,15.7,3536000.0,56907298.0,855479984.7,1961500064.7,24925270.749999996,30899901.060000002,563507764.74,695329104.1,131821339.36,7738253.15,2194.08,2823.52,531.69,888.66,2808.69,1874.05,156.26,104.51,,,,,,,基础化工,化学制品,日用化学产品,15.96,16.0,15.95
sz002919,名臣健康,2020-04-08,16.06,16.48,15.88,16.12,16.06,3338550.0,53972180.0,858676049.4,1968828209.4,24925270.749999996,30899901.060000002,563507764.74,695329104.1,131821339.36,7738253.15,2493.82,3044.51,636.4,475.23,2266.99,1877.48,0.0,0.0,,,,,,,基础化工,化学制品,日用化学产品,16.16,16.16,16.15
sz002919,名臣健康,2020-04-09,16.18,16.28,15.61,15.71,16.12,3200200.0,50581013.0,836836273.95,1918752553.95,24925270.749999996,30899901.060000002,563507764.74,695329104.1,131821339.36,7738253.15,1997.73,2749.44,662.22,653.76,2398.15,1445.56,0.0,209.34,,,,,,,基础化工,化学制品,日用化学产品,15.96,16.05,16.0
sz002919,名臣健康,2020-04-10,15.8,16.5,15.31,15.35,15.71,3978950.0,63073459.0,817659885.75,1874783685.75,24925270.749999996,30899901.060000002,563507764.74,695329104.1,131821339.36,7738253.15,2636.02,2551.78,908.04,816.27,2763.28,2939.29,0.0,0.0,,,,,,,基础化工,化学制品,日用化学产品,16.08,16.13,16.05
sz002919,名臣健康,2020-04-13,14.88,15.69,14.64,15.24,15.35,2416586.0,36475165.0,811800433.8,1861348753.8,24925270.749999996,30899901.060000002,563507764.74,695329104.1,131821339.36,7738253.15,1548.72,1700.95,301.73,326.76,1796.45,1619.81,0.61,0.0,,,,,,,基础化工,化学制品,日用化学产品,14.72,14.83,14.91
sz002919,名臣健康,2020-04-14,15.34,15.55,15.11,15.41,15.24,1576750.0,24207767.0,820855950.45,1882111830.45,24925270.749999996,30899901.060000002,563507764.74,695329104.1,131821339.36,7738253.15,1018.71,1057.27,171.3,180.38,1230.76,1183.12,0.0,0.0,,,,,,,基础化工,化学制品,日用化学产品,15.29,15.34,15.34
sz002919,名臣健康,2020-04-15,15.49,15.63,15.16,15.2,15.41,1673100.0,25779166.0,809669724.0,1856463324.0,24925270.749999996,30899901.060000002,563507764.74,695329104.1,131821339.36,7738253.15,897.81,952.51,230.52,437.79,1449.59,1187.61,0.0,0.0,,,,,,,基础化工,化学制品,日用化学产品,15.33,15.4,15.36
sz002919,名臣健康,2020-04-16,15.19,15.35,14.8,15.2,15.2,1710650.0,25793472.0,809669724.0,1856463324.0,24925270.749999996,30899901.060000002,563507764.74,695329104.1,131821339.36,7738253.15,902.03,1140.39,109.52,183.97,1494.45,1181.64,0.0,0.0,,,,,,,基础化工,化学制品,日用化学产品,15.06,15.08,15.1
sz002919,名臣健康,2020-04-17,15.2,15.5,14.88,14.93,15.2,1864750.0,28400298.0,795287432.85,1823486672.85,24925270.749999996,30899901.060000002,563507764.74,695329104.1,131821339.36,7738253.15,1338.22,1351.22,122.15,295.69,1379.65,1193.12,0.0,0.0,,,,,,,基础化工,化学制品,日用化学产品,15.2,15.27,15.35
sz002919,名臣健康,2020-04-20,14.93,15.12,14.8,14.89,14.93,1764950.0,26323058.0,793156723.05,1818601243.05,24925270.749999996,30899901.060000002,563507764.74,695329104.1,131821339.36,7738253.15,836.96,937.79,401.43,521.2,1393.92,1173.32,0.0,0.0,,,,,,,基础化工,化学制品,日用化学产品,15.01,14.88,14.93
sz002919,名臣健康,2020-04-21,14.89,14.9,14.38,14.5,14.89,1680268.0,24414633.0,772382302.5,1770968302.5,24925270.749999996,30899901.060000002,563507764.74,695329104.1,131821339.36,7738253.15,924.53,1092.37,94.97,379.49,1421.97,969.6,0.0,0.0,,,,,,,基础化工,化学制品,日用化学产品,14.61,14.58,14.55
sz002919,名臣健康,2020-04-22,14.5,14.79,14.4,14.7,14.5,1247618.0,18248963.0,783035851.5,1795395451.5,24925270.749999996,30899901.060000002,563507764.74,695329104.1,131821339.36,7738253.15,705.41,757.42,116.13,126.47,1003.36,941.0,0.0,0.0,,,,,,,基础化工,化学制品,日用化学产品,14.59,14.6,14.52
sz002919,名臣健康,2020-04-23,14.8,15.58,14.76,15.36,14.7,2923400.0,44418024.0,818192563.2,1876005043.2,24925270.749999996,30899901.060000002,563507764.74,695329104.1,131821339.36,7738253.15,1860.65,2033.72,533.21,212.52,2047.94,2195.56,0.0,0.0,,,,,,,基础化工,化学制品,日用化学产品,14.82,14.97,14.9
sz002919,名臣健康,2020-04-24,15.25,15.5,14.61,14.68,15.36,2074850.0,31123612.0,781970496.6,1792952736.6,24925270.749999996,30899901.060000002,563507764.74,695329104.1,131821339.36,7738253.15,1117.38,1393.14,169.57,403.41,1723.56,1315.81,101.85,0.0,,,,,,,基础化工,化学制品,日用化学产品,15.44,15.25,15.19
sz002919,名臣健康,2020-04-27,14.69,16.15,14.51,16.15,14.68,4914752.0,77840331.0,860274081.75,1972492281.75,24925270.749999996,30899901.060000002,563507764.74,695329104.1,131821339.36,7738253.15,1959.89,3167.3,2777.1,1748.63,1434.89,2528.15,1612.14,339.95,,,,,,,基础化工,化学制品,日用化学产品,14.93,15.37,15.88
sz002919,名臣健康,2020-04-28,16.28,16.47,15.44,15.78,16.15,8046438.0,128058033.0,840565016.1,1927302056.1,24925270.749999996,30899901.060000002,563507764.74,695329104.1,131821339.36,7738253.15,5406.53,5828.18,1677.73,2510.04,5616.26,4292.08,105.27,175.5,,,,,,,基础化工,化学制品,日用化学产品,16.13,16.32,16.05
sz002919,名臣健康,2020-04-29,15.8,15.8,14.23,14.23,15.78,7473720.0,112153045.0,758000011.35,1737991651.35,24925270.749999996,30899901.060000002,563507764.74,695329104.1,131821339.36,7738253.15,4864.38,5429.28,1101.92,1750.47,5249.0,4035.55,0.0,0.0,,,,,,,基础化工,化学制品,日用化学产品,15.58,15.52,15.45
sz002919,名臣健康,2020-04-30,13.73,14.2,13.62,13.98,14.23,4927334.0,68608249.0,744683075.1,1707457715.1,20548811.049999997,60704302.18000001,571426267.02,674888759.54,103462492.52,6040118.93,2786.34,2841.84,955.27,823.11,3119.21,3195.88,0.0,0.0,,,,,,,基础化工,化学制品,日用化学产品,13.93,13.98,13.86
sz002919,名臣健康,2020-05-06,13.8,14.17,13.7,14.13,13.98,2207100.0,30844803.0,752673236.85,1725778076.85,20548811.049999997,60704302.18000001,571426267.02,674888759.54,103462492.52,6040118.93,1404.11,1107.96,199.16,421.89,1450.89,1554.63,30.33,0.0,,,,,,,基础化工,化学制品,日用化学产品,13.82,13.87,14.05
sz002919,名臣健康,2020-05-07,14.14,15.49,14.14,14.96,14.13,5234152.0,77394499.0,796885465.2,1827150745.2,20548811.049999997,60704302.18000001,571426267.02,674888759.54,103462492.52,6040118.93,2933.67,3544.7,1058.76,1142.09,3422.6,3052.66,324.43,0.0,,,,,,,基础化工,化学制品,日用化学产品,14.28,14.32,14.4
sz002919,名臣健康,2020-05-08,15.04,15.45,14.9,15.17,14.96,4901523.0,74413517.0,808071691.65,1852799251.65,20548811.049999997,60704302.18000001,571426267.02,674888759.54,103462492.52,6040118.93,2549.37,3122.73,630.53,1712.39,4158.25,2606.23,103.21,0.0,,,,,,,基础化工,化学制品,日用化学产品,15.01,15.14,15.19
sz002919,名臣健康,2020-05-11,15.39,15.4,14.66,14.77,15.17,3025052.0,45110004.0,786764593.65,1803944953.65,20548811.049999997,60704302.18000001,571426267.02,674888759.54,103462492.52,6040118.93,1572.85,1584.43,446.96,558.86,2491.19,2367.7,0.0,0.0,,,,,,,基础化工,化学制品,日用化学产品,15.16,15.03,15.07
sz002919,名臣健康,2020-05-12,14.77,14.95,14.52,14.69,14.77,2101218.0,30954556.0,782503174.05,1794174094.05,20548811.049999997,60704302.18000001,571426267.02,674888759.54,103462492.52,6040118.93,1421.73,1094.13,375.41,237.9,1298.32,1763.42,0.0,0.0,,,,,,,基础化工,化学制品,日用化学产品,14.73,14.65,14.64
sz002919,名臣健康,2020-05-13,14.61,16.16,14.41,16.16,14.69,6502699.0,101952653.0,860806759.2,1973713639.2,20548811.049999997,60704302.18000001,571426267.02,674888759.54,103462492.52,6040118.93,3335.89,3945.95,1356.91,2021.25,2979.59,3449.53,1991.91,247.57,,,,,,,基础化工,化学制品,日用化学产品,14.49,14.78,15.11
sz002919,名臣健康,2020-05-14,16.2,17.18,15.86,16.39,16.16,14110873.0,232435026.0,873058340.55,2001804860.55,20548811.049999997,60704302.18000001,571426267.02,674888759.54,103462492.52,6040118.93,9513.08,10517.9,2480.23,5246.74,10827.58,7074.21,422.6,404.64,,,,,,,基础化工,化学制品,日用化学产品,16.34,16.17,16.27
sz002919,名臣健康,2020-05-15,16.48,16.91,16.21,16.54,16.39,9407531.0,156584910.0,881048502.3,2020125222.3,20548811.049999997,60704302.18000001,571426267.02,674888759.54,103462492.52,6040118.93,6387.71,6119.55,2002.35,3082.81,6765.49,6204.22,301.03,50.0,,,,,,,基础化工,化学制品,日用化学产品,16.35,16.8,16.79
sz002919,名臣健康,2020-05-18,16.79,16.87,15.91,16.12,16.54,6613800.0,107060105.0,858676049.4,1968828209.4,20548811.049999997,60704302.18000001,571426267.02,674888759.54,103462492.52,6040118.93,3459.86,4082.65,1370.33,3032.69,5596.39,3482.01,279.43,108.66,,,,,,,基础化工,化学制品,日用化学产品,16.44,16.2,16.09
sz002919,名臣健康,2020-05-19,16.18,17.65,16.01,17.1,16.12,11371986.0,192000580.0,910878439.5,2088521239.5,20548811.049999997,60704302.18000001,571426267.02,674888759.54,103462492.52,6040118.93,6877.64,7089.94,5180.8,2820.82,6146.59,9010.37,995.02,278.92,,,,,,,基础化工,化学制品,日用化学产品,16.04,16.48,16.48
sz002919,名臣健康,2020-05-20,16.9,17.3,16.23,16.64,17.1,7720731.0,129462535.0,886375276.8,2032338796.8,20548811.049999997,60704302.18000001,571426267.02,674888759.54,103462492.52,6040118.93,5249.36,5409.95,1389.01,2784.06,6301.81,4420.53,6.07,331.71,,,,,,,基础化工,化学制品,日用化学产品,17.1,17.15,16.97
sz002919,名臣健康,2020-05-21,16.55,16.63,15.95,16.05,16.64,4400031.0,71332614.0,854947307.25,1960278707.25,20548811.049999997,60704302.18000001,571426267.02,674888759.54,103462492.52,6040118.93,2781.18,2720.71,559.74,1354.94,3792.34,3057.61,0.0,0.0,,,,,,,基础化工,化学制品,日用化学产品,16.38,16.31,16.29
sz002919,名臣健康,2020-05-22,16.16,16.17,15.18,15.6,16.05,4565062.0,71158525.0,830976822.0,1905317622.0,20548811.049999997,60704302.18000001,571426267.02,674888759.54,103462492.52,6040118.93,2920.49,2921.77,658.52,955.65,3536.84,3098.31,0.0,140.11,,,,,,,基础化工,化学制品,日用化学产品,15.86,15.67,15.7
sz002919,名臣健康,2020-05-25,15.65,15.96,15.27,15.64,15.6,4503436.0,69937723.0,833107531.8,1910203051.8,20548811.049999997,60704302.18000001,571426267.02,674888759.54,103462492.52,6040118.93,3043.24,2495.52,972.31,1202.58,2977.9,3295.67,0.32,0.0,,,,,,,基础化工,化学制品,日用化学产品,15.66,15.82,15.75
sz002919,名臣健康,2020-05-26,15.6,16.24,15.45,16.09,15.64,5702619.0,90851250.0,857078017.05,1965164137.05,20548811.049999997,60704302.18000001,571426267.02,674888759.54,103462492.52,6040118.93,3886.74,3514.65,1485.92,1230.61,3588.65,4339.86,123.81,0.0,,,,,,,基础化工,化学制品,日用化学产品,15.59,15.6,15.56
sz002919,名臣健康,2020-05-27,16.11,16.52,15.91,16.3,16.09,5491136.0,89123745.0,868264243.5,1990812643.5,20548811.049999997,60704302.18000001,571426267.02,674888759.54,103462492.52,6040118.93,3768.64,4165.34,1222.27,1269.51,3921.46,3477.53,0.0,0.0,,,,,,,基础化工,化学制品,日用化学产品,16.1,16.27,16.12
sz002919,名臣健康,2020-05-28,16.21,16.29,15.65,16.06,16.3,3873679.0,61683390.0,855479984.7,1961500064.7,20548811.049999997,60704302.18000001,571426267.02,674888759.54,103462492.52,6040118.93,2482.79,2514.31,577.09,1263.99,3006.87,2390.05,101.59,0.0,,,,,,,基础化工,化学制品,日用化学产品,16.12,16.13,15.98
sz002919,名臣健康,2020-05-29,16.08,16.78,15.97,16.27,16.06,5807600.0,95179278.0,866666211.15,1987148571.15,20548811.049999997,60704302.18000001,571426267.02,674888759.54,103462492.52,6040118.93,4395.55,3655.66,1216.44,1550.67,3781.85,4090.62,124.09,220.98,,,,,,,基础化工,化学制品,日用化学产品,16.21,16.34,16.26
sz002919,名臣健康,2020-06-01,16.39,16.71,16.2,16.7,16.27,5926598.0,98127518.0,889571341.5,2039666941.5,20548811.049999997,60704302.18000001,571426267.02,674888759.54,103462492.52,6040118.93,4229.05,4047.75,1702.4,1427.2,3881.31,3881.09,0.0,456.72,,,,,,,基础化工,化学制品,日用化学产品,16.38,16.43,16.36
sz002919,名臣健康,2020-06-02,16.55,16.7,16.06,16.19,16.7,5697150.0,92807889.0,862404791.55,1977377711.55,20548811.049999997,60704302.18000001,571426267.02,674888759.54,103462492.52,6040118.93,3558.38,3707.01,877.44,1768.65,4844.97,3551.18,0.0,253.95,,,,,,,基础化工,化学制品,日用化学产品,16.6,16.41,16.48
sz002919,名臣健康,2020-06-03,16.22,17.81,16.1,17.81,16.19,12013450.0,207138082.0,948698538.45,2175237618.45,20548811.049999997,60704302.18000001,571426267.02,674888759.54,103462492.52,6040118.93,6963.05,8116.98,4307.83,3443.25,5283.37,7301.16,4159.56,1852.42,,,,,,,基础化工,化学制品,日用化学产品,16.14,16.73,16.85
sz002919,名臣健康,2020-06-04,17.5,18.14,17.12,17.65,17.81,12337868.0,216485134.0,940175699.25,2155695899.25,20548811.049999997,60704302.18000001,571426267.02,674888759.54,103462492.52,6040118.93,8760.28,8656.2,2901.36,5724.69,9371.21,6877.83,615.66,389.79,,,,,,,基础化工,化学制品,日用化学产品,17.6,17.54,17.65
sz002919,名臣健康,2020-06-05,17.36,17.65,17.11,17.3,17.65,6697089.0,115764861.0,921531988.5,2112948388.5,20548811.049999997,60704302.18000001,571426267.02,674888759.54,103462492.52,6040118.93,4306.97,4422.12,1776.01,1829.35,4921.91,5052.45,432.19,133.15,,,,,,,基础化工,化学制品,日用化学产品,17.21,17.3,17.25
sz002919,名臣健康,2020-06-08,17.31,17.37,16.81,17.03,17.3,5221484.0,88823916.0,907149697.35,2079971737.35,20548811.049999997,60704302.18000001,571426267.02,674888759.54,103462492.52,6040118.93,3640.59,3939.72,1081.93,1517.97,3988.86,3424.7,171.0,0.0,,,,,,,基础化工,化学制品,日用化学产品,17.08,17.15,17.11
sz002919,名臣健康,2020-06-09,17.15,17.55,17.01,17.25,17.03,5953049.0,102403722.0,918868601.25,2106841601.25,20548811.049999997,60704302.18000001,571426267.02,674888759.54,103462492.52,6040118.93,4515.74,4192.66,1804.62,1548.16,3916.22,4396.52,3.78,103.02,,,,,,,基础化工,化学制品,日用化学产品,17.22,17.28,17.08
sz002919,名臣健康,2020-06-10,17.06,17.06,16.55,16.7,17.25,4838515.0,80850648.0,889571341.5,2039666941.5,20548811.049999997,60704302.18000001,571426267.02,674888759.54,103462492.52,6040118.93,3080.02,3416.35,1345.56,1583.15,3550.22,2942.04,109.26,143.53,,,,,,,基础化工,化学制品,日用化学产品,16.78,16.75,16.72
sz002919,名臣健康,2020-06-11,16.68,16.82,16.16,16.2,16.7,4497451.0,74207766.0,862937469.0,1978599069.0,20548811.049999997,60704302.18000001,571426267.02,674888759.54,103462492.52,6040118.93,3075.67,3238.21,1197.64,1573.12,3147.46,2609.45,0.0,0.0,,,,,,,基础化工,化学制品,日用化学产品,16.69,16.81,16.66
sz002919,名臣健康,2020-06-12,15.79,16.35,15.7,16.16,16.2,2995653.0,48166405.0,860806759.2,1973713639.2,20548811.049999997,60704302.18000001,571426267.02,674888759.54,103462492.52,6040118.93,2005.09,2030.69,692.89,840.94,2118.66,1742.95,0.0,202.05,,,,,,,基础化工,化学制品,日用化学产品,15.91,15.94,16.1
sz002919,名臣健康,2020-06-15,16.26,16.38,15.95,16.01,16.16,2692500.0,43461741.0,676918729.9499999,1955393277.45,20548811.049999997,60704302.18000001,571426267.02,674888759.54,103462492.52,6040118.93,2178.54,2204.23,313.65,615.52,1853.98,1526.42,0.0,0.0,,,,,,,基础化工,化学制品,日用化学产品,16.32,16.23,16.06
sz002919,名臣健康,2020-06-16,16.16,16.45,16.13,16.38,16.01,2510936.0,40999670.0,692562698.1,2000583503.1,20548811.049999997,60704302.18000001,571426267.02,674888759.54,103462492.52,6040118.93,2087.0,1547.37,459.23,655.96,1553.73,1896.64,0.0,0.0,,,,,,,基础化工,化学制品,日用化学产品,16.21,16.19,16.32
sz002919,名臣健康,2020-06-17,16.38,16.76,16.27,16.72,16.38,3638596.0,60357882.0,706938236.4,2042109656.4,20548811.049999997,60704302.18000001,571426267.02,674888759.54,103462492.52,6040118.93,2801.16,2653.22,1150.18,811.08,2084.43,2571.48,0.0,0.0,,,,,,,基础化工,化学制品,日用化学产品,16.39,16.56,16.5
sz002919,名臣健康,2020-06-18,16.63,16.68,16.35,16.51,16.72,2312904.0,38083197.0,698059227.45,2016461149.95,20548811.049999997,60704302.18000001,571426267.02,674888759.54,103462492.52,6040118.93,1836.63,1759.08,310.2,870.96,1661.48,1178.28,0.0,0.0,,,,,,,基础化工,化学制品,日用化学产品,16.5,16.51,16.48
sz002919,名臣健康,2020-06-19,16.51,16.54,16.32,16.43,16.51,1984550.0,32566305.0,694676747.8499999,2006690290.35,20548811.049999997,60704302.18000001,571426267.02,674888759.54,103462492.52,6040118.93,1490.37,1634.14,289.33,427.7,1473.48,1191.34,0.0,0.0,,,,,,,基础化工,化学制品,日用化学产品,16.47,16.41,16.49
sz002919,名臣健康,2020-06-22,16.43,16.45,16.07,16.3,16.43,1710200.0,27753361.0,689180218.5,1990812643.5,20548811.049999997,60704302.18000001,571426267.02,674888759.54,103462492.52,6040118.93,1143.76,1250.55,183.03,383.46,1448.55,1141.32,0.0,0.0,,,,,,,基础化工,化学制品,日用化学产品,16.31,16.18,16.13
sz002919,名臣健康,2020-06-23,16.25,16.34,15.94,16.05,16.2,2103410.0,33992490.0,678609969.75,1960278707.25,20548811.049999997,60704302.18000001,571426267.02,674888759.54,103462492.52,6040118.93,1439.93,1490.76,229.54,695.35,1619.15,1052.96,110.63,160.17,,,,,,,基础化工,化学制品,日用化学产品,16.3,16.23,16.17
sz002919,名臣健康,2020-06-24,16.14,16.14,15.76,15.78,16.05,2012950.0,31979030.0,667194101.1,1927302056.1,20548811.049999997,60704302.18000001,571426267.02,674888759.54,103462492.52,6040118.93,1364.18,1412.99,308.83,685.82,1524.89,1099.09,0.0,0.0,,,,,,,基础化工,化学制品,日用化学产品,16.05,16.0,15.84
sz002919,名臣健康,2020-06-29,15.77,16.36,15.45,16.31,15.78,2905097.0,46268610.0,689603028.4499999,1992034000.95,20548811.049999997,60704302.18000001,571426267.02,674888759.54,103462492.52,6040118.93,2036.21,2039.62,770.84,767.09,1805.55,1714.51,14.26,105.63,,,,,,,基础化工,化学制品,日用化学产品,15.6,15.52,15.89
sz002919,名臣健康,2020-06-30,16.31,16.45,16.19,16.35,16.31,2443431.0,39821661.0,691294268.25,1996919430.75,20548811.049999997,60704302.18000001,571426267.02,674888759.54,103462492.52,6040118.93,1752.95,1829.95,532.56,696.13,1555.95,1456.08,140.7,0.0,,,,,,,基础化工,化学制品,日用化学产品,16.4,16.36,16.26
sz002919,名臣健康,2020-07-01,16.36,16.47,16.16,16.35,16.35,2200050.0,35930788.0,691294268.25,1996919430.75,20548811.049999997,60704302.18000001,571426267.02,674888759.54,103462492.52,6040118.93,1458.04,1638.42,878.21,740.49,1256.83,1214.17,0.0,0.0,,,,,,,基础化工,化学制品,日用化学产品,16.31,16.4,16.44
sz002919,名臣健康,2020-07-02,16.3,16.63,16.16,16.52,16.35,3453000.0,56824487.0,698482037.4,2017682507.4,20548811.049999997,60704302.18000001,571426267.02,674888759.54,103462492.52,6040118.93,2456.65,2300.7,1000.11,1544.39,2225.69,1715.84,0.0,121.52,,,,,,,基础化工,化学制品,日用化学产品,16.26,16.24,16.39
sz002919,名臣健康,2020-07-03,16.52,16.65,16.32,16.55,16.52,2997278.0,49466964.0,699750467.2499999,2021346579.75,20548811.049999997,60704302.18000001,571426267.02,674888759.54,103462492.52,6040118.93,2206.46,2234.91,798.84,782.3,1941.39,1797.8,0.0,131.68,,,,,,,基础化工,化学制品,日用化学产品,16.36,16.39,16.47
sz002919,名臣健康,2020-07-06,16.53,17.16,16.53,17.02,16.55,4541751.0,76774846.0,719622534.9,2078750379.9,20548811.049999997,60704302.18000001,571426267.02,674888759.54,103462492.52,6040118.93,3238.82,3767.1,1375.08,1011.3,2617.36,2899.08,446.22,0.0,,,,,,,基础化工,化学制品,日用化学产品,16.68,16.81,16.76
sz002919,名臣健康,2020-07-07,17.15,17.3,16.83,16.93,17.02,5291950.0,90295329.0,715817245.35,2067758162.85,20548811.049999997,60704302.18000001,571426267.02,674888759.54,103462492.52,6040118.93,3871.77,4145.09,1741.34,1768.68,3309.93,2751.56,106.49,364.19,,,,,,,基础化工,化学制品,日用化学产品,17.06,16.88,16.88
sz002919,名臣健康,2020-07-08,17.01,17.42,16.8,17.26,16.93,4636173.0,79509043.0,729769973.6999999,2108062958.7,20548811.049999997,60704302.18000001,571426267.02,674888759.54,103462492.52,6040118.93,3640.64,3552.92,1579.9,1513.6,2730.36,2863.27,0.0,21.11,,,,,,,基础化工,化学制品,日用化学产品,17.1,17.05,16.97
sz002919,名臣健康,2020-07-09,17.27,17.96,17.25,17.74,17.26,5488561.0,96844395.0,750064851.3,2166688116.3,20548811.049999997,60704302.18000001,571426267.02,674888759.54,103462492.52,6040118.93,5048.66,4570.55,1665.56,1648.52,2970.22,3281.62,0.0,183.73,,,,,,,基础化工,化学制品,日用化学产品,17.38,17.58,17.62
sz002919,名臣健康,2020-07-10,17.6,18.0,17.36,17.36,17.74,4489216.0,79226301.0,733998073.2,2120276533.2,20548811.049999997,60704302.18000001,571426267.02,674888759.54,103462492.52,6040118.93,3243.57,3846.81,1158.62,1564.01,3520.44,2379.24,0.0,132.56,,,,,,,基础化工,化学制品,日用化学产品,17.61,17.73,17.98
sz002919,名臣健康,2020-07-13,17.32,18.5,17.27,18.25,17.36,5705318.0,103266828.0,771628158.75,2228977346.25,20548811.049999997,60704302.18000001,571426267.02,674888759.54,103462492.52,6040118.93,4153.19,4487.39,2455.58,2173.9,3667.11,3263.26,50.8,402.13,,,,,,,基础化工,化学制品,日用化学产品,17.76,17.71,18.17
sz002919,名臣健康,2020-07-14,18.28,19.19,18.07,18.96,18.25,7395841.0,138450067.0,801647665.2,2315693725.2,20548811.049999997,60704302.18000001,571426267.02,674888759.54,103462492.52,6040118.93,5676.03,5713.88,3111.94,3267.9,4346.95,4643.07,710.08,220.15,,,,,,,基础化工,化学制品,日用化学产品,18.43,18.58,18.48
sz002919,名臣健康,2020-07-15,18.67,18.83,17.5,17.59,18.96,6099700.0,109348861.0,743722702.05,2148367754.55,20548811.049999997,60704302.18000001,571426267.02,674888759.54,103462492.52,6040118.93,5057.17,4993.67,1990.08,2264.5,3887.63,3672.82,0.0,3.9,,,,,,,基础化工,化学制品,日用化学产品,18.31,17.78,17.86
sz002919,名臣健康,2020-07-16,17.5,18.4,17.04,17.13,17.59,4338119.0,76734108.0,724273444.35,2092185311.85,20548811.049999997,60704302.18000001,571426267.02,674888759.54,103462492.52,6040118.93,2988.86,3134.94,1554.49,1594.2,2975.27,2588.66,154.78,355.61,,,,,,,基础化工,化学制品,日用化学产品,17.4,17.97,17.99
sz002919,名臣健康,2020-07-17,17.5,17.5,16.75,17.24,17.13,2937267.0,50178874.0,728924353.8,2105620243.8,20548811.049999997,60704302.18000001,571426267.02,674888759.54,103462492.52,6040118.93,2228.6,1935.24,902.61,755.42,1886.67,2262.13,0.0,65.09,,,,,,,基础化工,化学制品,日用化学产品,17.07,17.04,16.84
sz002919,名臣健康,2020-07-20,17.22,17.95,17.22,17.84,17.24,3235817.0,57382281.0,754292950.8,2178901690.8,20548811.049999997,60704302.18000001,571426267.02,674888759.54,103462492.52,6040118.93,2195.99,2550.49,1238.55,1354.89,2162.05,1663.99,141.63,168.87,,,,,,,基础化工,化学制品,日用化学产品,17.6,17.74,17.58
sz002919,名臣健康,2020-07-21,17.88,18.13,17.66,17.87,17.84,2814450.0,50300401.0,755561380.6500001,2182565763.15,20548811.049999997,60704302.18000001,571426267.02,674888759.54,103462492.52,6040118.93,2110.29,2022.25,592.05,1210.43,2239.94,1786.71,77.11,0.0,,,,,,,基础化工,化学制品,日用化学产品,17.9,17.71,17.76
sz002919,名臣健康,2020-07-22,17.75,18.3,17.58,17.86,17.87,3387246.0,60802111.0,755138570.6999999,2181344405.7000003,20548811.049999997,60704302.18000001,571426267.02,674888759.54,103462492.52,6040118.93,2436.78,2651.14,1373.87,1535.27,2225.43,1725.44,44.13,168.36,,,,,,,基础化工,化学制品,日用化学产品,17.84,17.82,17.8
sz002919,名臣健康,2020-07-23,17.75,18.63,17.3,18.42,17.86,4928056.0,88630316.0,778815927.9,2249740422.9,20548811.049999997,60704302.18000001,571426267.02,674888759.54,103462492.52,6040118.93,3511.08,4161.85,1451.16,1568.12,3511.07,3094.4,389.71,38.65,,,,,,,基础化工,化学制品,日用化学产品,17.7,17.74,17.8
sz002919,名臣健康,2020-07-24,18.25,18.4,16.8,17.02,18.42,4387593.0,77387369.0,719622534.9,2078750379.9,20548811.049999997,60704302.18000001,571426267.02,674888759.54,103462492.52,6040118.93,3121.29,2714.27,1356.09,2226.86,3261.36,2797.6,0.0,0.0,,,,,,,基础化工,化学制品,日用化学产品,18.35,18.15,18.1
sz002919,名臣健康,2020-07-27,17.02,18.48,16.96,18.19,17.02,5259242.0,94529479.0,769091299.05,2221649201.55,20548811.049999997,60704302.18000001,571426267.02,674888759.54,103462492.52,6040118.93,4209.98,4286.63,1193.07,1471.21,3876.1,3695.1,173.79,0.0,,,,,,,基础化工,化学制品,日用化学产品,17.3,17.01,17.23
sz002919,名臣健康,2020-07-28,18.38,18.56,17.75,18.35,18.19,4229955.0,76931949.0,775856258.25,2241190920.75,20548811.049999997,60704302.18000001,571426267.02,674888759.54,103462492.52,6040118.93,3047.27,3185.94,1293.13,1131.34,3027.9,2958.7,324.89,417.21,,,,,,,基础化工,化学制品,日用化学产品,18.15,18.27,18.2
sz002919,名臣健康,2020-07-29,18.02,18.99,18.0,18.74,18.35,5082798.0,94496823.0,792345846.3,2288823861.3,20548811.049999997,60704302.18000001,571426267.02,674888759.54,103462492.52,6040118.93,3827.09,3803.7,2422.08,1497.56,3200.51,4014.36,0.0,134.06,,,,,,,基础化工,化学制品,日用化学产品,18.54,18.87,18.78
sz002919,名臣健康,2020-07-30,18.97,18.97,18.2,18.49,18.74,3503340.0,64595362.0,781775597.55,2258289925.05,20548811.049999997,60704302.18000001,571426267.02,674888759.54,103462492.52,6040118.93,2835.42,2307.27,1098.46,1774.81,2415.31,2144.84,110.34,232.62,,,,,,,基础化工,化学制品,日用化学产品,18.51,18.67,18.49
sz002919,名臣健康,2020-07-31,18.64,19.78,18.3,19.08,18.49,7468191.0,142959293.0,806721384.6,2330350014.6,20548811.049999997,60704302.18000001,571426267.02,674888759.54,103462492.52,6040118.93,5735.85,5871.19,3799.81,3644.33,4727.22,4396.78,33.04,383.63,,,,,,,基础化工,化学制品,日用化学产品,18.56,18.34,18.48
sz002919,名臣健康,2020-08-03,19.22,19.78,18.93,19.66,19.08,5089200.0,98823330.0,831244361.7,2401188746.7,20548811.049999997,60704302.18000001,571426267.02,674888759.54,103462492.52,6040118.93,3882.04,4231.38,2851.45,2404.49,3148.83,3178.79,0.0,67.67,,,,,,,基础化工,化学制品,日用化学产品,19.27,19.26,19.41
sz002919,名臣健康,2020-08-04,19.51,19.65,19.07,19.37,19.66,4203078.0,81375762.0,818982873.15,2365769380.65,20548811.049999997,60704302.18000001,571426267.02,674888759.54,103462492.52,6040118.93,2827.22,3414.11,1603.91,2281.88,2873.63,2177.65,832.8,263.93,,,,,,,基础化工,化学制品,日用化学产品,19.41,19.29,19.32
sz002919,名臣健康,2020-08-05,19.29,19.49,18.79,19.4,19.37,2586700.0,49656365.0,820251303.0,2369433453.0,20548811.049999997,60704302.18000001,571426267.02,674888759.54,103462492.52,6040118.93,2096.75,2157.74,880.51,1149.24,1765.16,1600.86,206.06,40.64,,,,,,,基础化工,化学制品,日用化学产品,19.07,18.99,18.99
sz002919,名臣健康,2020-08-06,19.32,19.96,19.05,19.77,19.4,3949000.0,77220451.0,835895271.1500001,2414623678.65,20548811.049999997,60704302.18000001,571426267.02,674888759.54,103462492.52,6040118.93,3251.27,3419.5,1679.36,1363.5,2765.95,2795.08,0.0,118.5,,,,,,,基础化工,化学制品,日用化学产品,19.66,19.63,19.59
sz002919,名臣健康,2020-08-07,19.8,21.27,19.54,20.62,19.77,6460296.0,131504493.0,871834116.9,2518439061.9,20548811.049999997,60704302.18000001,571426267.02,674888759.54,103462492.52,6040118.93,6028.46,5448.86,3182.98,2561.84,3939.0,4997.57,0.0,142.17,,,,,,,基础化工,化学制品,日用化学产品,19.85,19.77,19.66
sz002919,名臣健康,2020-08-10,22.68,22.68,22.68,22.68,20.62,558100.0,12657708.0,958932966.6,2770038696.6000004,20548811.049999997,60704302.18000001,571426267.02,674888759.54,103462492.52,6040118.93,136.99,419.58,192.1,343.6,45.13,388.05,891.55,114.53,,,,,,,基础化工,化学制品,日用化学产品,22.68,22.68,22.68
sz002919,名臣健康,2020-08-11,24.95,24.95,21.76,22.48,22.68,11846036.0,283206441.0,950476767.6,2745611547.6,20548811.049999997,60704302.18000001,571426267.02,674888759.54,103462492.52,6040118.93,8324.95,9770.23,8300.06,8818.57,7294.32,6799.65,4401.29,2932.18,,,,,,,基础化工,化学制品,日用化学产品,23.7,24.1,23.93
sz002919,名臣健康,2020-08-12,23.08,24.73,22.98,24.73,22.48,7622122.0,181725606.0,1045609006.35,3020416973.85,20548811.049999997,60704302.18000001,571426267.02,674888759.54,103462492.52,6040118.93,6785.8,6639.52,3878.37,4845.17,4841.94,6172.46,2666.44,515.41,,,,,,,基础化工,化学制品,日用化学产品,23.69,23.18,23.45
sz002919,名臣健康,2020-08-13,26.57,27.2,23.1,27.2,24.73,10603985.0,276332878.0,1150043064.0,3322092264.0,20548811.049999997,60704302.18000001,571426267.02,674888759.54,103462492.52,6040118.93,9717.56,10340.27,8645.68,6532.31,7340.28,8459.46,1929.75,2301.24,,,,,,,基础化工,化学制品,日用化学产品,25.2,24.72,25.49
sz002919,名臣健康,2020-08-14,27.02,29.92,26.96,29.92,27.2,11235942.0,322402427.0,1265047370.4,3654301490.4,20548811.049999997,60704302.18000001,571426267.02,674888759.54,103462492.52,6040118.93,9512.08,11591.85,10618.59,9433.66,7223.7,8131.16,4885.87,3083.55,,,,,,,基础化工,化学制品,日用化学产品,27.96,28.08,27.83
sz002919,名臣健康,2020-08-17,28.49,32.89,28.49,31.01,29.92,11319334.0,345042657.0,1311133654.95,3787429452.45,20548811.049999997,60704302.18000001,571426267.02,674888759.54,103462492.52,6040118.93,11379.93,12281.31,9966.37,10985.81,9785.32,8783.45,3372.62,2453.67,,,,,,,基础化工,化学制品,日用化学产品,30.69,29.98,30.5
sz002919,名臣健康,2020-08-18,29.27,33.95,29.23,32.51,31.01,10120094.0,326519020.0,1374555147.45,3970633069.95,20548811.049999997,60704302.18000001,571426267.02,674888759.54,103462492.52,6040118.93,10813.16,12857.43,9136.03,7936.57,11311.79,9808.98,1390.91,2048.9,,,,,,,基础化工,化学制品,日用化学产品,30.39,31.46,32.01
sz002919,名臣健康,2020-08-19,32.6,33.89,31.13,32.63,32.51,8382566.0,271121898.0,1379628866.85,3985289359.35,20548811.049999997,60704302.18000001,571426267.02,674888759.54,103462492.52,6040118.93,8740.9,9864.82,8842.92,6817.99,8811.81,9447.22,716.54,982.15,,,,,,,基础化工,化学制品,日用化学产品,33.02,32.1,32.27
sz002919,名臣健康,2020-08-20,32.0,33.9,30.65,33.0,32.63,5829150.0,187849623.0,1395272835.0,4030479585.0,20548811.049999997,60704302.18000001,571426267.02,674888759.54,103462492.52,6040118.93,6187.17,7330.66,6168.02,4376.11,6310.97,6357.81,118.8,720.38,,,,,,,基础化工,化学制品,日用化学产品,31.67,31.09,31.13
sz002919,名臣健康,2020-08-21,33.4,36.3,32.26,36.3,33.0,8049335.0,280662341.0,1534800118.5,4433527543.5,20548811.049999997,60704302.18000001,571426267.02,674888759.54,103462492.52,6040118.93,8950.53,8537.2,8373.02,7522.35,7643.96,8333.9,3098.71,3672.78,,,,,,,基础化工,化学制品,日用化学产品,33.19,34.06,33.7
sz002919,名臣健康,2020-08-24,36.0,39.93,36.0,39.93,36.3,8634246.0,330316097.0,1688280130.35,4876880297.85,20548811.049999997,60704302.18000001,571426267.02,674888759.54,103462492.52,6040118.93,9085.54,9517.43,9894.52,9265.51,8406.19,8796.71,5646.13,5452.74,,,,,,,基础化工,化学制品,日用化学产品,38.22,38.36,37.29
sz002919,名臣健康,2020-08-25,40.87,42.85,37.13,38.71,39.93,11111206.0,447253497.0,1636697316.4499998,4727874688.95,20548811.049999997,60704302.18000001,571426267.02,674888759.54,103462492.52,6040118.93,13777.96,13396.57,14561.59,15279.37,10949.8,10352.77,5435.99,5696.62,,,,,,,基础化工,化学制品,日用化学产品,41.0,41.3,41.21
sz002919,名臣健康,2020-08-26,38.7,40.0,36.01,38.99,38.71,7425427.0,285493162.0,1648535995.05,4762072697.55,20548811.049999997,60704302.18000001,571426267.02,674888759.54,103462492.52,6040118.93,8634.68,11263.35,7407.81,7537.61,9726.48,8047.6,2780.34,1700.76,,,,,,,基础化工,化学制品,日用化学产品,37.15,36.52,37.29
sz002919,名臣健康,2020-08-27,38.0,38.93,36.46,36.48,38.99,6622090.0,248211817.0,1542410697.6,4455511977.6,20548811.049999997,60704302.18000001,571426267.02,674888759.54,103462492.52,6040118.93,7276.12,8689.85,7344.94,6717.96,8935.02,7249.23,1265.1,2164.13,,,,,,,基础化工,化学制品,日用化学产品,37.76,37.4,37.95
sz002919,名臣健康,2020-08-28,35.5,38.2,35.5,36.3,36.48,5399350.0,198206388.0,1534800118.5,4433527543.5,20548811.049999997,60704302.18000001,571426267.02,674888759.54,103462492.52,6040118.93,7431.09,6830.92,3035.85,7462.25,8200.5,5182.59,1153.2,344.88,,,,,,,基础化工,化学制品,日用化学产品,37.67,36.99,37.1
sz002919,名臣健康,2020-08-31,37.69,37.83,35.63,36.7,36.3,3799608.0,139698803.0,1641444016.5000002,4482381841.5,26056129.04,113413663.18,569216421.7099999,725713278.06,156496856.35,9955222.56,4208.17,5577.05,3974.83,3948.78,5532.02,4367.26,254.86,76.79,,,,,,,基础化工,化学制品,日用化学产品,36.23,36.8,36.01
sz002919,名臣健康,2020-09-01,37.09,40.37,36.5,40.37,36.7,4572008.0,176180590.0,1805588418.15,4930620025.65,26056129.04,113413663.18,569216421.7099999,725713278.06,156496856.35,9955222.56,6222.04,5662.06,4006.46,4517.46,5475.34,6256.06,1914.21,1182.46,,,,,,,基础化工,化学制品,日用化学产品,37.12,37.3,37.1
sz002919,名臣健康,2020-09-02,40.8,44.4,40.8,43.9,40.37,6480440.0,277202989.0,1963471180.5,5361759205.5,26056129.04,113413663.18,569216421.7099999,725713278.06,156496856.35,9955222.56,9711.2,10020.33,7724.04,6862.03,8790.08,7860.03,1494.98,2977.9,,,,,,,基础化工,化学制品,日用化学产品,42.0,43.12,42.31
sz002919,名臣健康,2020-09-03,44.52,44.52,41.5,43.55,43.9,4436221.0,191580077.0,1947817082.25,5319011694.75,26056129.04,113413663.18,569216421.7099999,725713278.06,156496856.35,9955222.56,4806.18,5368.97,4449.47,3748.82,4760.26,5207.08,458.3,149.35,,,,,,,基础化工,化学制品,日用化学产品,42.99,42.81,43.44
sz002919,名臣健康,2020-09-04,42.5,43.0,41.0,41.48,43.55,4380564.0,182958481.0,1855234272.6,5066190702.6,26056129.04,113413663.18,569216421.7099999,725713278.06,156496856.35,9955222.56,5027.57,6941.3,6699.64,4721.73,5502.62,5410.39,1062.66,1219.07,,,,,,,基础化工,化学制品,日用化学产品,41.91,42.08,42.2
sz002919,名臣健康,2020-09-07,41.93,42.48,40.56,41.98,41.48,3050376.0,127066584.0,1877597270.1,5127258575.1,26056129.04,113413663.18,569216421.7099999,725713278.06,156496856.35,9955222.56,3829.42,4180.13,3367.56,3294.88,4760.14,3800.94,749.55,1430.7,,,,,,,基础化工,化学制品,日用化学产品,41.83,42.12,41.17
sz002919,名臣健康,2020-09-08,42.0,43.8,41.52,42.15,41.98,3206768.0,135982750.0,1885200689.25,5148021651.75,26056129.04,113413663.18,569216421.7099999,725713278.06,156496856.35,9955222.56,5011.48,4173.65,3874.41,3870.24,4221.43,3954.79,490.95,1599.59,,,,,,,基础化工,化学制品,日用化学产品,41.85,41.82,42.49
sz002919,名臣健康,2020-09-09,41.49,41.99,38.25,39.11,42.15,4486914.0,178456867.0,1749233664.4499998,4776728986.95,26056129.04,113413663.18,569216421.7099999,725713278.06,156496856.35,9955222.56,5513.72,5754.54,4278.26,4253.38,5242.63,5366.89,2811.09,2470.89,,,,,,,基础化工,化学制品,日用化学产品,41.81,40.48,39.5
sz002919,名臣健康,2020-09-10,38.39,42.29,38.39,41.56,39.11,3302319.0,134956061.0,1858812352.2,5075961562.2,26056129.04,113413663.18,569216421.7099999,725713278.06,156496856.35,9955222.56,4108.04,4689.52,3727.01,3455.51,5424.7,5026.71,235.85,323.86,,,,,,,基础化工,化学制品,日用化学产品,38.84,39.1,39.53
sz002919,名臣健康,2020-09-11,40.47,44.88,40.47,43.76,41.56,4066087.0,177050771.0,1957209541.2,5344660201.2,26056129.04,113413663.18,569216421.7099999,725713278.06,156496856.35,9955222.56,6183.46,5021.36,4046.84,4369.84,6384.11,8008.99,1090.66,304.89,,,,,,,基础化工,化学制品,日用化学产品,42.16,43.47,44.39
sz002919,名臣健康,2020-09-14,43.81,44.58,41.8,43.47,43.76,3591036.0,154783704.0,1944239002.65,5309240835.15,26056129.04,113413663.18,569216421.7099999,725713278.06,156496856.35,9955222.56,4992.38,5422.28,3741.13,2982.11,6472.42,6494.18,272.44,579.79,,,,,,,基础化工,化学制品,日用化学产品,43.67,43.8,43.54
sz002919,名臣健康,2020-09-15,43.5,45.2,42.82,45.1,43.47,3077986.0,136438429.0,2017142374.5,5508322099.5,26056129.04,113413663.18,569216421.7099999,725713278.06,156496856.35,9955222.56,4460.41,5083.46,3011.32,2266.66,5931.16,6028.32,240.95,265.4,,,,,,,基础化工,化学制品,日用化学产品,43.09,43.65,43.78
sz002919,名臣健康,2020-09-16,45.26,45.91,43.61,43.98,45.1,2767336.0,122421434.0,1967049260.1,5371530065.099999,26056129.04,113413663.18,569216421.7099999,725713278.06,156496856.35,9955222.56,4162.8,4164.44,2455.45,1766.66,4889.22,5123.58,734.66,1187.46,,,,,,,基础化工,化学制品,日用化学产品,45.43,44.95,44.47
sz002919,名臣健康,2020-09-17,43.98,44.88,43.48,43.7,43.98,1780600.0,78565336.0,1954525981.5,5337332056.5,26056129.04,113413663.18,569216421.7099999,725713278.06,156496856.35,9955222.56,2540.48,2716.73,1676.21,1971.99,3639.84,2865.38,0.0,302.44,,,,,,,基础化工,化学制品,日用化学产品,44.0,44.35,44.17
sz002919,名臣健康,2020-09-18,44.57,45.15,43.31,45.0,43.7,2910118.0,129876686.0,2012669775.0,5496108525.0,26056129.04,113413663.18,569216421.7099999,725713278.06,156496856.35,9955222.56,4266.81,3993.76,3919.63,5279.92,4801.23,3641.72,0.0,72.26,,,,,,,基础化工,化学制品,日用化学产品,43.65,44.29,45.0
sz002919,名臣健康,2020-09-21,44.99,48.0,44.3,47.75,45.0,2651550.0,124314260.0,2135666261.25,5831981823.75,26056129.04,113413663.18,569216421.7099999,725713278.06,156496856.35,9955222.56,4138.75,4108.08,3074.19,2093.86,4900.74,5535.32,317.74,694.18,,,,,,,基础化工,化学制品,日用化学产品,44.59,45.5,46.47
sz002919,名臣健康,2020-09-22,46.82,48.49,46.82,47.75,47.75,1991291.0,94981964.0,2135666261.25,5831981823.75,26056129.04,113413663.18,569216421.7099999,725713278.06,156496856.35,9955222.56,2796.07,2951.55,3004.79,2335.66,3697.34,3883.07,0.0,327.92,,,,,,,基础化工,化学制品,日用化学产品,47.55,47.21,47.82
sz002919,名臣健康,2020-09-23,47.3,48.88,46.6,47.4,47.75,1918940.0,91615157.0,2120012163.0,5789234313.000001,26056129.04,113413663.18,569216421.7099999,725713278.06,156496856.35,9955222.56,3158.97,3090.44,2373.28,2195.07,3504.23,3574.83,125.03,301.18,,,,,,,基础化工,化学制品,日用化学产品,47.21,47.81,47.36
sz002919,名臣健康,2020-09-24,46.91,47.98,45.97,46.19,47.4,1652902.0,77306375.0,2065893709.05,5641450061.549999,26056129.04,113413663.18,569216421.7099999,725713278.06,156496856.35,9955222.56,2316.2,2639.25,2144.18,2293.22,3270.26,2570.56,0.0,227.61,,,,,,,基础化工,化学制品,日用化学产品,47.46,46.95,46.9
sz002919,名臣健康,2020-09-25,46.25,46.97,45.29,46.3,46.19,1049400.0,48451765.0,2070813568.5,5654884993.500001,26056129.04,113413663.18,569216421.7099999,725713278.06,156496856.35,9955222.56,1618.77,2080.75,628.91,521.4,2597.5,2243.03,0.0,0.0,,,,,,,基础化工,化学制品,日用化学产品,45.52,45.3,46.36
sz002919,名臣健康,2020-09-28,45.91,47.2,44.5,44.96,46.3,1988300.0,90934248.0,2010880735.2,5491223095.2,26056129.04,113413663.18,569216421.7099999,725713278.06,156496856.35,9955222.56,2602.06,2311.44,2409.14,2370.68,3135.47,3397.32,946.75,1013.99,,,,,,,基础化工,化学制品,日用化学产品,46.5,45.73,46.11
sz002919,名臣健康,2020-09-29,45.78,46.25,43.55,43.55,44.96,1912950.0,85345882.0,1947817082.25,5319011694.75,26056129.04,113413663.18,569216421.7099999,725713278.06,156496856.35,9955222.56,2633.05,2367.96,1349.78,2822.06,4222.54,2719.52,329.22,625.06,,,,,,,基础化工,化学制品,日用化学产品,46.1,45.66,45.39
sz002919,名臣健康,2020-09-30,43.95,44.49,42.1,43.6,43.55,2846500.0,122697759.0,1950053382.0,5325118482.0,26056129.04,113413663.18,569216421.7099999,725713278.06,156496856.35,9955222.56,3168.46,3385.97,3437.37,3920.37,5135.73,4440.58,527.35,521.99,,,,,,,基础化工,化学制品,日用化学产品,43.99,43.74,43.63
sz002919,名臣健康,2020-10-09,44.06,45.23,43.7,44.7,43.6,1677214.0,74360036.0,1999251976.5,5459467801.5,26056129.04,113413663.18,569216421.7099999,725713278.06,156496856.35,9955222.56,2311.65,2253.94,1432.37,1128.02,3574.0,3399.76,117.99,654.29,,,,,,,基础化工,化学制品,日用化学产品,44.74,44.94,44.47
sz002919,名臣健康,2020-10-12,44.59,47.46,44.5,47.46,44.7,2858200.0,132168152.0,2122695722.7,5796562457.700001,26056129.04,113413663.18,569216421.7099999,725713278.06,156496856.35,9955222.56,3737.76,4303.81,3545.63,2882.78,4421.65,4458.82,1309.01,1368.65,,,,,,,基础化工,化学制品,日用化学产品,45.29,46.63,46.74
sz002919,名臣健康,2020-10-13,47.46,52.21,47.46,52.21,47.46,3858754.0,193681258.0,2335144198.95,6376707246.45,26056129.04,113413663.18,569216421.7099999,725713278.06,156496856.35,9955222.56,6553.99,6377.51,4850.38,4440.69,6247.46,7467.98,1716.3,1081.95,,,,,,,基础化工,化学制品,日用化学产品,48.1,49.76,49.95
sz002919,名臣健康,2020-10-14,53.17,56.85,52.71,56.05,52.21,3593019.0,198939094.0,2506892019.75,6845708507.25,26056129.04,113413663.18,569216421.7099999,725713278.06,156496856.35,9955222.56,6292.99,6198.39,4570.9,3988.58,7494.82,8934.02,1473.52,711.23,,,,,,,基础化工,化学制品,日用化学产品,53.89,54.59,55.23
sz002919,名臣健康,2020-10-15,56.06,56.45,52.9,55.63,56.05,2831589.0,154609874.0,2488107101.85,6794411494.35,26056129.04,113413663.18,569216421.7099999,725713278.06,156496856.35,9955222.56,4136.41,4200.47,1842.89,2837.66,7980.69,6907.91,1500.99,1514.94,,,,,,,基础化工,化学制品,日用化学产品,55.74,55.27,54.92
sz002919,名臣健康,2020-10-16,55.0,56.8,54.29,56.61,55.63,2025488.0,112810741.0,2531938576.9500003,6914104524.45,26056129.04,113413663.18,569216421.7099999,725713278.06,156496856.35,9955222.56,3241.85,3129.47,1318.04,1466.03,6551.56,6685.57,169.63,0.0,,,,,,,基础化工,化学制品,日用化学产品,55.25,55.06,55.84
sz002919,名臣健康,2020-10-19,56.99,58.87,55.11,57.7,56.61,2714200.0,154839087.0,2580689911.5,7047232486.5,26056129.04,113413663.18,569216421.7099999,725713278.06,156496856.35,9955222.56,4189.73,4574.23,4824.22,2653.38,4992.96,7615.21,1476.99,641.08,,,,,,,基础化工,化学制品,日用化学产品,55.52,55.72,55.65
sz002919,名臣健康,2020-10-20,57.0,58.88,56.56,58.05,57.7,1996900.0,115762574.0,2596344009.75,7089979997.25,26056129.04,113413663.18,569216421.7099999,725713278.06,156496856.35,9955222.56,2855.05,2812.36,3250.67,3245.41,4197.59,4618.79,859.22,485.97,,,,,,,基础化工,化学制品,日用化学产品,57.78,57.93,57.71
sz002919,名臣健康,2020-10-21,57.9,59.3,57.48,57.6,58.05,1865950.0,108897942.0,2576217312.0,7035018912.0,26056129.04,113413663.18,569216421.7099999,725713278.06,156496856.35,9955222.56,2835.81,3744.66,2756.8,1807.84,5004.8,4909.15,292.39,428.14,,,,,,,基础化工,化学制品,日用化学产品,58.35,58.2,58.86
sz002919,名臣健康,2020-10-22,58.15,58.8,55.95,58.27,57.6,2020400.0,116199803.0,2606183728.65,7116849861.15,26056129.04,113413663.18,569216421.7099999,725713278.06,156496856.35,9955222.56,3022.55,5378.5,2711.19,1676.78,5621.84,4533.73,257.39,23.95,,,,,,,基础化工,化学制品,日用化学产品,57.2,56.91,56.61
sz002919,名臣健康,2020-10-23,58.2,59.2,55.5,57.0,58.27,2615300.0,151107521.0,2549381715.0,6961737465.0,26056129.04,113413663.18,569216421.7099999,725713278.06,156496856.35,9955222.56,2943.33,4121.78,4790.97,2860.98,3448.82,4365.47,965.95,800.84,,,,,,,基础化工,化学制品,日用化学产品,56.49,57.37,57.3
sz002919,名臣健康,2020-10-26,57.35,58.6,54.78,56.15,57.0,2341118.0,132235452.0,2511364619.25,6857922081.75,49219633.66,131867332.36,600118179.48,893419335.2,293301155.72,30901757.769999996,3728.27,3779.8,2434.25,3085.77,6789.91,5670.42,265.43,681.86,,,,,,,基础化工,化学制品,日用化学产品,57.22,55.2,55.88
sz002919,名臣健康,2020-10-27,55.9,57.57,55.7,56.14,56.15,1673918.0,94612629.0,2510917359.3,6856700724.299999,49219633.66,131867332.36,600118179.48,893419335.2,293301155.72,30901757.769999996,2450.42,2633.8,1138.92,1304.12,4859.63,4220.21,257.53,548.36,,,,,,,基础化工,化学制品,日用化学产品,56.99,56.74,57.25
sz002919,名臣健康,2020-10-28,55.64,57.3,55.59,56.1,56.14,1706518.0,96529583.0,2509128319.5,6851815294.5,49219633.66,131867332.36,600118179.48,893419335.2,293301155.72,30901757.769999996,1996.23,2065.66,924.09,842.08,3663.46,3646.71,364.63,393.97,,,,,,,基础化工,化学制品,日用化学产品,56.59,56.01,56.09
sz002919,名臣健康,2020-10-29,56.56,57.3,55.7,56.58,56.1,1824250.0,103317129.0,2530596797.1,6910440452.1,49219633.66,131867332.36,600118179.48,893419335.2,293301155.72,30901757.769999996,2463.23,2452.62,898.83,984.45,3331.28,3499.17,373.82,130.92,,,,,,,基础化工,化学制品,日用化学产品,56.79,56.3,56.35
sz002919,名臣健康,2020-10-30,56.69,57.19,55.71,56.05,56.58,1721500.0,96998532.0,2506892019.75,6845708507.25,49219633.66,131867332.36,600118179.48,893419335.2,293301155.72,30901757.769999996,2438.76,2477.8,2580.57,2012.57,4082.91,3891.34,597.6,1318.14,,,,,,,基础化工,化学制品,日用化学产品,56.32,56.83,56.42
sz002919,名臣健康,2020-11-02,56.68,56.9,55.5,55.72,56.05,1398689.0,78562603.0,2492132441.4,6805403711.4,49219633.66,131867332.36,600118179.48,893419335.2,293301155.72,30901757.769999996,2705.74,1208.72,1150.09,2270.98,4000.42,3594.75,0.0,781.81,,,,,,,基础化工,化学制品,日用化学产品,55.74,56.68,56.46
sz002919,名臣健康,2020-11-03,55.51,55.98,54.66,55.61,55.72,1212819.0,66940342.0,2487212581.95,6791968779.45,49219633.66,131867332.36,600118179.48,893419335.2,293301155.72,30901757.769999996,1532.33,1631.21,1301.04,1444.11,3470.11,2608.49,390.55,1010.21,,,,,,,基础化工,化学制品,日用化学产品,55.3,54.94,55.44
sz002919,名臣健康,2020-11-04,56.01,57.12,54.5,57.03,55.61,1634240.0,91275873.0,2550723494.85,6965401537.35,49219633.66,131867332.36,600118179.48,893419335.2,293301155.72,30901757.769999996,2664.98,2920.42,1633.22,1684.65,3754.33,3410.08,0.0,37.38,,,,,,,基础化工,化学制品,日用化学产品,55.3,55.65,55.12
sz002919,名臣健康,2020-11-05,57.69,59.49,56.2,58.66,57.03,1827643.0,105266620.0,2623626866.7000003,7164482801.700002,49219633.66,131867332.36,600118179.48,893419335.2,293301155.72,30901757.769999996,3131.22,3274.08,2363.41,1335.26,4811.53,5845.04,220.5,72.28,,,,,,,基础化工,化学制品,日用化学产品,57.52,56.75,56.6
sz002919,名臣健康,2020-11-06,58.51,59.58,57.27,58.7,58.66,1884700.0,110667261.0,2625415906.5000005,7169368231.5,49219633.66,131867332.36,600118179.48,893419335.2,293301155.72,30901757.769999996,3453.42,3366.95,2764.85,2258.58,4055.74,4204.77,792.72,1236.43,,,,,,,基础化工,化学制品,日用化学产品,58.5,58.18,58.05
sz002919,名臣健康,2020-11-09,58.7,58.7,52.83,52.83,58.7,2233554.0,121795726.0,2362874315.85,6452431408.349999,49219633.66,131867332.36,600118179.48,893419335.2,293301155.72,30901757.769999996,5048.17,3154.45,3427.28,2223.28,3468.02,2311.23,236.1,4490.6,,,,,,,基础化工,化学制品,日用化学产品,58.1,57.61,53.17
sz002919,名臣健康,2020-11-10,47.55,47.98,47.55,47.55,52.83,628900.0,29907329.0,2126721062.25,5807554674.75,49219633.66,131867332.36,600118179.48,893419335.2,293301155.72,30901757.769999996,789.89,511.72,1079.86,1412.83,761.51,268.29,359.48,797.89,,,,,,,基础化工,化学制品,日用化学产品,47.55,47.55,47.55
sz002919,名臣健康,2020-11-11,42.8,42.8,42.8,42.8,47.55,218700.0,9360360.0,1914272586.0,5227409886.0,49219633.66,131867332.36,600118179.48,893419335.2,293301155.72,30901757.769999996,306.02,17.98,107.0,267.93,309.02,3.85,214.0,646.28,,,,,,,基础化工,化学制品,日用化学产品,42.8,42.8,42.8
sz002919,名臣健康,2020-11-12,38.52,44.98,38.52,43.99,42.8,5739154.0,232343767.0,1967496520.05,5372751422.549999,49219633.66,131867332.36,600118179.48,893419335.2,293301155.72,30901757.769999996,6002.6,6189.66,6977.67,7715.6,5910.51,5415.04,4343.59,3914.07,,,,,,,基础化工,化学制品,日用化学产品,38.52,38.52,38.52
sz002919,名臣健康,2020-11-13,41.05,43.88,40.2,41.9,43.99,4940659.0,205878221.0,1874019190.5,5117487715.5,49219633.66,131867332.36,600118179.48,893419335.2,293301155.72,30901757.769999996,7124.47,6672.27,6203.9,4220.25,5871.01,9315.03,1388.43,380.26,,,,,,,基础化工,化学制品,日用化学产品,43.69,42.63,41.5
sz002919,名臣健康,2020-11-16,42.1,42.1,38.0,38.11,41.9,3817790.0,149241768.0,1704507669.45,4654593241.95,49219633.66,131867332.36,600118179.48,893419335.2,293301155.72,30901757.769999996,6060.26,5383.03,2817.45,3634.77,5920.69,5219.55,125.77,686.81,,,,,,,基础化工,化学制品,日用化学产品,39.38,39.94,39.51
sz002919,名臣健康,2020-11-17,38.05,39.18,35.84,38.9,38.11,3453029.0,128580729.0,1739841205.5,4751080480.5,49219633.66,131867332.36,600118179.48,893419335.2,293301155.72,30901757.769999996,4078.12,4842.02,3021.24,2692.49,5724.03,5035.51,34.68,288.05,,,,,,,基础化工,化学制品,日用化学产品,36.97,36.45,36.16
sz002919,名臣健康,2020-11-18,38.76,39.49,37.68,38.06,38.9,1974568.0,76101841.0,1702271369.6999998,4648486454.7,49219633.66,131867332.36,600118179.48,893419335.2,293301155.72,30901757.769999996,2655.13,2594.86,1041.08,1220.19,3913.96,3665.83,0.0,129.31,,,,,,,基础化工,化学制品,日用化学产品,39.03,38.96,38.9
sz002919,名臣健康,2020-11-19,38.09,38.59,37.5,37.52,38.06,1587050.0,60061515.0,1678119332.4,4582533152.400001,49219633.66,131867332.36,600118179.48,893419335.2,293301155.72,30901757.769999996,1729.74,2411.15,937.35,673.42,3337.53,2921.58,1.53,0.0,,,,,,,基础化工,化学制品,日用化学产品,37.79,37.76,38.3
sz002919,名臣健康,2020-11-20,37.9,39.38,37.48,38.62,37.52,2680500.0,103461841.0,1727317926.9,4716882471.900001,49219633.66,131867332.36,600118179.48,893419335.2,293301155.72,30901757.769999996,3560.24,3673.19,1959.55,1890.26,4826.39,4663.25,0.0,119.48,,,,,,,基础化工,化学制品,日用化学产品,37.53,37.88,38.02
sz002919,名臣健康,2020-11-23,38.69,39.28,38.01,38.33,38.62,1161850.0,44583899.0,1714347388.35,4681463105.85,49219633.66,131867332.36,600118179.48,893419335.2,293301155.72,30901757.769999996,1173.28,1495.91,654.84,383.19,2630.27,2463.22,0.0,116.07,,,,,,,基础化工,化学制品,日用化学产品,38.45,38.63,38.59
sz002919,名臣健康,2020-11-24,37.68,38.48,37.53,37.78,38.33,770750.0,29165520.0,1689748091.1,4614288446.099999,49219633.66,131867332.36,600118179.48,893419335.2,293301155.72,30901757.769999996,794.83,750.17,130.42,446.4,1485.44,1214.12,0.0,0.0,,,,,,,基础化工,化学制品,日用化学产品,38.3,38.0,37.72
sz002919,名臣健康,2020-11-25,37.8,38.1,36.7,37.28,37.78,1020100.0,38021852.0,1667385093.6,4553220573.599999,49219633.66,131867332.36,600118179.48,893419335.2,293301155.72,30901757.769999996,1142.07,1325.28,311.43,856.07,2348.69,1591.39,0.0,29.44,,,,,,,基础化工,化学制品,日用化学产品,37.82,37.58,37.42
sz002919,名臣健康,2020-11-26,37.28,37.5,36.77,37.5,37.28,1040150.0,38638337.0,1677224812.5,4580090437.5,49219633.66,131867332.36,600118179.48,893419335.2,293301155.72,30901757.769999996,1317.94,1656.22,940.1,947.73,1605.8,1258.78,0.0,1.11,,,,,,,基础化工,化学制品,日用化学产品,37.12,37.27,37.21
sz002919,名臣健康,2020-11-27,37.6,38.45,36.57,38.35,37.5,1965050.0,73467706.0,1715241908.25,4683905820.75,49219633.66,131867332.36,600118179.48,893419335.2,293301155.72,30901757.769999996,2584.81,2970.32,1483.5,1441.66,2699.79,2327.81,578.66,606.98,,,,,,,基础化工,化学制品,日用化学产品,37.41,37.22,37.29
sz002919,名臣健康,2020-11-30,38.0,38.5,37.0,37.61,38.35,1449950.0,54603060.0,1682144671.95,4593525369.45,49219633.66,131867332.36,600118179.48,893419335.2,293301155.72,30901757.769999996,1764.97,1567.48,992.37,777.8,2702.97,3115.02,0.0,0.0,,,,,,,基础化工,化学制品,日用化学产品,37.19,37.47,37.41
sz002919,名臣健康,2020-12-01,37.71,38.45,37.31,38.35,37.61,1562454.0,59440770.0,1715241908.25,4683905820.75,49219633.66,131867332.36,600118179.48,893419335.2,293301155.72,30901757.769999996,2235.06,2333.0,516.86,497.43,3192.15,3006.0,0.0,107.64,,,,,,,基础化工,化学制品,日用化学产品,37.87,37.92,37.88
sz002919,名臣健康,2020-12-02,38.35,38.66,37.78,38.01,38.35,1116250.0,42454402.0,1700035069.95,4642379667.45,49219633.66,131867332.36,600118179.48,893419335.2,293301155.72,30901757.769999996,1777.24,987.79,466.76,221.11,2001.44,2777.28,0.0,259.25,,,,,,,基础化工,化学制品,日用化学产品,38.35,38.58,38.33
sz002919,名臣健康,2020-12-03,37.7,38.18,37.59,37.84,38.01,809750.0,30647351.0,1692431650.8,4621616590.8,49219633.66,131867332.36,600118179.48,893419335.2,293301155.72,30901757.769999996,1090.94,1267.28,242.45,268.5,1628.5,1528.96,102.84,0.0,,,,,,,基础化工,化学制品,日用化学产品,38.13,37.67,37.84
sz002919,名臣健康,2020-12-04,37.86,38.43,37.35,38.19,37.84,1309172.0,49914609.0,1708085749.05,4664364101.55,49219633.66,131867332.36,600118179.48,893419335.2,293301155.72,30901757.769999996,2089.6,2168.09,423.19,698.29,2134.9,1872.37,343.77,252.71,,,,,,,基础化工,化学制品,日用化学产品,37.63,37.7,37.75
sz002919,名臣健康,2020-12-07,38.28,38.35,37.74,37.89,38.19,711500.0,27027603.0,1694667950.55,4627723378.05,49219633.66,131867332.36,600118179.48,893419335.2,293301155.72,30901757.769999996,877.8,870.91,116.49,518.28,1708.47,1313.57,0.0,0.0,,,,,,,基础化工,化学制品,日用化学产品,37.91,37.82,37.9
sz002919,名臣健康,2020-12-08,38.22,38.69,37.7,38.44,37.89,1447150.0,55599992.0,1719267247.8,4694898037.8,49219633.66,131867332.36,600118179.48,893419335.2,293301155.72,30901757.769999996,1503.1,2026.09,1463.16,1330.62,2183.13,1741.76,151.78,202.7,,,,,,,基础化工,化学制品,日用化学产品,37.94,38.07,38.03
sz002919,名臣健康,2020-12-09,38.8,42.28,38.58,42.28,38.44,3385526.0,140611607.0,1891015068.6,5163899298.599999,49219633.66,131867332.36,600118179.48,893419335.2,293301155.72,30901757.769999996,4586.3,4174.32,3701.15,4054.18,3329.54,3498.37,2444.18,2334.3,,,,,,,基础化工,化学制品,日用化学产品,39.18,40.5,40.88
sz002919,名臣健康,2020-12-10,42.47,42.76,38.3,39.0,42.28,3885500.0,154635006.0,1744313805.0,4763294055.0,49219633.66,131867332.36,600118179.48,893419335.2,293301155.72,30901757.769999996,5821.99,4450.91,2384.44,2800.64,6295.57,7687.42,671.49,234.53,,,,,,,基础化工,化学制品,日用化学产品,40.74,40.75,39.75
sz002919,名臣健康,2020-12-11,38.11,39.25,37.18,38.5,39.0,1988928.0,76150826.0,1721950807.5,4702226182.5,49219633.66,131867332.36,600118179.48,893419335.2,293301155.72,30901757.769999996,2742.86,2847.2,1021.05,821.88,3695.19,3903.49,155.98,42.51,,,,,,,基础化工,化学制品,日用化学产品,37.33,37.8,38.7
sz002919,名臣健康,2020-12-14,38.5,38.6,36.5,37.44,38.5,1449118.0,54076383.0,1674541252.8000002,4572762292.8,49219633.66,131867332.36,600118179.48,893419335.2,293301155.72,30901757.769999996,1741.43,1864.84,698.05,776.16,2957.71,2756.19,0.0,0.0,,,,,,,基础化工,化学制品,日用化学产品,37.49,37.15,37.07
sz002919,名臣健康,2020-12-15,38.5,38.7,36.85,38.0,37.44,1569468.0,58712132.0,1699587810.0,4641158310.0,49219633.66,131867332.36,600118179.48,893419335.2,293301155.72,30901757.769999996,2256.73,1929.01,836.19,646.94,2712.73,3229.7,0.0,0.0,,,,,,,基础化工,化学制品,日用化学产品,37.86,37.2,37.04
sz002919,名臣健康,2020-12-16,37.8,38.3,37.0,37.4,38.0,929500.0,34806514.0,1672752213.0,4567876863.0,49219633.66,131867332.36,600118179.48,893419335.2,293301155.72,30901757.769999996,1372.04,1405.46,273.11,319.63,1835.5,1755.57,0.0,0.0,,,,,,,基础化工,化学制品,日用化学产品,37.52,37.67,37.22
sz002919,名臣健康,2020-12-17,37.34,37.72,36.66,37.34,37.4,1192894.0,44226078.0,1670068653.3,4560548718.3,49219633.66,131867332.36,600118179.48,893419335.2,293301155.72,30901757.769999996,1620.38,1822.07,433.42,506.77,2368.81,2093.77,0.0,0.0,,,,,,,基础化工,化学制品,日用化学产品,37.58,36.89,36.86
sz002919,名臣健康,2020-12-18,37.33,38.88,36.6,37.89,37.34,1287627.0,48539647.0,2591694755.55,4627723378.05,49219633.66,131867332.36,600118179.48,893419335.2,293301155.72,30901757.769999996,1832.19,1729.13,435.38,238.56,2586.4,2886.27,0.0,0.0,,,,,,,基础化工,化学制品,日用化学产品,36.84,37.08,37.34
sz002919,名臣健康,2020-12-21,37.72,38.0,36.9,37.82,37.89,728150.0,27281365.0,2586906720.9,4619173875.9,49219633.66,131867332.36,600118179.48,893419335.2,293301155.72,30901757.769999996,950.63,1070.37,344.91,149.88,1432.6,1507.89,0.0,0.0,,,,,,,基础化工,化学制品,日用化学产品,37.17,37.06,37.45
sz002919,名臣健康,2020-12-22,37.81,38.1,37.35,37.7,37.82,711868.0,26812885.0,2578698661.5,4604517586.5,49219633.66,131867332.36,600118179.48,893419335.2,293301155.72,30901757.769999996,1047.81,928.9,221.18,37.57,1412.3,1714.82,0.0,0.0,,,,,,,基础化工,化学制品,日用化学产品,37.74,37.83,37.69
sz002919,名臣健康,2020-12-23,37.49,38.81,37.02,38.16,37.7,1066350.0,40545066.0,2610162889.2,4660700029.2,49219633.66,131867332.36,600118179.48,893419335.2,293301155.72,30901757.769999996,1595.64,1738.55,537.85,694.29,1818.02,1621.66,103.01,0.0,,,,,,,基础化工,化学制品,日用化学产品,37.24,37.3,37.3
sz002919,名臣健康,2020-12-24,38.16,38.94,37.81,38.88,38.16,905844.0,35010358.0,2659411245.6000004,4748637765.6,49219633.66,131867332.36,600118179.48,893419335.2,293301155.72,30901757.769999996,1114.0,1166.56,591.01,508.34,1796.03,1826.14,0.0,0.0,,,,,,,基础化工,化学制品,日用化学产品,37.98,38.38,38.94
sz002919,名臣健康,2020-12-25,41.0,41.0,37.5,38.76,38.88,1621544.0,62618557.0,2651203186.2,4733981476.2,49219633.66,131867332.36,600118179.48,893419335.2,293301155.72,30901757.769999996,2538.45,2272.12,1186.48,523.09,2534.67,3466.65,2.26,0.0,,,,,,,基础化工,化学制品,日用化学产品,40.2,38.91,38.42
sz002919,名臣健康,2020-12-28,38.0,38.5,37.08,37.7,38.76,1071199.0,40216476.0,2578698661.5,4604517586.5,49219633.66,131867332.36,600118179.48,893419335.2,293301155.72,30901757.769999996,1739.87,1540.53,750.73,463.29,1531.05,2017.83,0.0,0.0,,,,,,,基础化工,化学制品,日用化学产品,37.34,37.44,37.42
sz002919,名臣健康,2020-12-29,37.18,37.65,36.7,37.0,37.7,989703.0,36648857.0,2530818315.0,4519022565.0,49219633.66,131867332.36,600118179.48,893419335.2,293301155.72,30901757.769999996,1720.36,1415.23,425.02,386.1,1519.51,1665.42,0.0,198.13,,,,,,,基础化工,化学制品,日用化学产品,36.86,36.8,36.87
sz002919,名臣健康,2020-12-30,37.8,37.8,33.3,35.18,37.0,2573500.0,88260190.0,2406329414.1,4296735509.1,49219633.66,131867332.36,600118179.48,893419335.2,293301155.72,30901757.769999996,2898.82,2198.37,2853.46,2945.0,2826.74,2467.19,247.01,1215.46,,,,,,,基础化工,化学制品,日用化学产品,36.56,36.37,35.65
sz002919,名臣健康,2020-12-31,34.9,38.15,33.91,38.0,35.18,2428518.0,88684506.0,2599218810.0,4641158310.0,49219633.66,131867332.36,600118179.48,893419335.2,293301155.72,30901757.769999996,3146.74,3545.16,1646.29,781.36,3964.84,4541.93,110.58,0.0,,,,,,,基础化工,化学制品,日用化学产品,34.72,35.13,35.54
sz002919,名臣健康,2021-01-04,37.97,39.3,37.6,38.7,38.0,1811783.0,69844043.0,2647099156.5,4726653331.5,49219633.66,131867332.36,600118179.48,893419335.2,293301155.72,30901757.769999996,2610.43,2813.23,1542.51,1301.18,2684.3,2705.21,88.34,105.95,,,,,,,基础化工,化学制品,日用化学产品,38.01,38.25,37.99
sz002919,名臣健康,2021-01-05,38.6,39.11,38.3,38.68,38.7,1134218.0,43891327.0,2645731146.6000004,4724210616.6,49219633.66,131867332.36,600118179.48,893419335.2,293301155.72,30901757.769999996,1461.06,1825.9,301.7,582.82,2598.84,1952.88,0.0,0.0,,,,,,,基础化工,化学制品,日用化学产品,38.8,38.7,38.55
sz002919,名臣健康,2021-01-06,38.99,38.99,36.9,37.83,38.68,1647850.0,61704067.0,2587590725.85,4620395233.349999,49219633.66,131867332.36,600118179.48,893419335.2,293301155.72,30901757.769999996,2261.91,2663.78,1498.56,592.8,2401.79,2538.82,8.15,375.0,,,,,,,基础化工,化学制品,日用化学产品,38.24,37.82,37.53
sz002919,名臣健康,2021-01-07,37.45,37.72,36.1,37.14,37.83,1005592.0,37408738.0,2540394384.3,4536121569.3,49219633.66,131867332.36,600118179.48,893419335.2,293301155.72,30901757.769999996,1407.37,1067.05,479.7,367.33,1853.8,2085.31,0.0,221.18,,,,,,,基础化工,化学制品,日用化学产品,37.18,37.14,37.33
sz002919,名臣健康,2021-01-08,37.14,37.49,36.91,37.23,37.14,711100.0,26373842.0,2546550428.85,4547113786.349999,49219633.66,131867332.36,600118179.48,893419335.2,293301155.72,30901757.769999996,890.44,740.15,322.78,268.56,1424.16,1628.67,0.0,0.0,,,,,,,基础化工,化学制品,日用化学产品,37.03,37.02,37.06
sz002919,名臣健康,2021-01-11,36.46,37.19,35.0,36.99,37.23,908850.0,32743517.0,2530134310.05,4517801207.55,49219633.66,131867332.36,600118179.48,893419335.2,293301155.72,30901757.769999996,1275.58,1055.2,492.45,440.29,1395.35,1778.86,110.97,0.0,,,,,,,基础化工,化学制品,日用化学产品,36.24,36.22,36.09
sz002919,名臣健康,2021-01-12,36.87,36.98,35.88,36.97,36.99,899300.0,32700200.0,2528766300.15,4515358492.650001,49219633.66,131867332.36,600118179.48,893419335.2,293301155.72,30901757.769999996,1072.62,1040.44,917.58,191.3,1165.38,1922.76,114.44,115.52,,,,,,,基础化工,化学制品,日用化学产品,36.19,36.07,36.27
sz002919,名臣健康,2021-01-13,37.39,39.1,35.5,38.0,36.97,1074546.0,40132617.0,2599218810.0,4641158310.0,49219633.66,131867332.36,600118179.48,893419335.2,293301155.72,30901757.769999996,1651.76,1362.47,971.0,551.26,1390.5,1999.43,0.0,100.1,,,,,,,基础化工,化学制品,日用化学产品,35.7,36.24,36.27
sz002919,名臣健康,2021-01-14,37.86,38.63,36.98,38.14,38.0,1129677.0,42783071.0,2608794879.3,4658257314.3,49219633.66,131867332.36,600118179.48,893419335.2,293301155.72,30901757.769999996,1887.43,1611.38,605.62,659.07,1776.62,1999.22,0.0,0.0,,,,,,,基础化工,化学制品,日用化学产品,37.49,37.78,37.69
sz002919,名臣健康,2021-01-15,37.18,39.09,37.18,38.59,38.14,830800.0,31940232.0,2639575102.05,4713218399.55,49219633.66,131867332.36,600118179.48,893419335.2,293301155.72,30901757.769999996,1313.18,1381.08,519.21,481.57,1361.64,1331.37,0.0,0.0,,,,,,,基础化工,化学制品,日用化学产品,37.41,38.14,37.79
sz002919,名臣健康,2021-01-18,36.32,38.99,36.32,38.45,38.59,1968107.0,74720170.0,2629999032.75,4696119395.25,49219633.66,131867332.36,600118179.48,893419335.2,293301155.72,30901757.769999996,1657.89,1808.05,1671.87,1858.42,1575.25,1059.15,2566.62,2746.01,,,,,,,基础化工,化学制品,日用化学产品,37.51,38.01,38.0
sz002919,名臣健康,2021-01-19,38.1,38.67,37.98,38.25,38.45,848516.0,32546772.0,2616318933.75,4671692246.25,49219633.66,131867332.36,600118179.48,893419335.2,293301155.72,30901757.769999996,1310.2,1298.21,721.67,810.81,1222.81,1036.25,0.0,109.4,,,,,,,基础化工,化学制品,日用化学产品,38.27,38.17,38.44
sz002919,名臣健康,2021-01-20,38.25,39.9,38.05,39.4,38.25,1214956.0,47692267.0,2694979503.0000005,4812148353.0,49219633.66,131867332.36,600118179.48,893419335.2,293301155.72,30901757.769999996,1632.18,2223.24,678.61,878.05,2361.43,1636.46,97.01,31.47,,,,,,,基础化工,化学制品,日用化学产品,38.32,38.35,38.49
sz002919,名臣健康,2021-01-21,39.4,42.89,38.01,41.79,39.4,1891774.0,78461847.0,2858456686.05,5104052783.55,49219633.66,131867332.36,600118179.48,893419335.2,293301155.72,30901757.769999996,2980.55,3279.46,1506.73,1210.15,3340.78,2665.79,18.13,690.79,,,,,,,基础化工,化学制品,日用化学产品,40.13,40.81,41.13
sz002919,名臣健康,2021-01-22,41.54,41.57,39.07,39.85,41.79,1623500.0,64628983.0,2725759725.75,4867109438.25,49219633.66,131867332.36,600118179.48,893419335.2,293301155.72,30901757.769999996,2314.65,2035.68,1400.62,1250.72,2747.62,2979.36,0.0,197.15,,,,,,,基础化工,化学制品,日用化学产品,40.09,39.73,40.3
sz002919,名臣健康,2021-01-25,39.85,41.55,39.12,40.2,39.85,1311642.0,52925217.0,2749699899.0,4909856949.0,49219633.66,131867332.36,600118179.48,893419335.2,293301155.72,30901757.769999996,2068.81,2216.48,986.63,974.14,2237.08,2101.9,0.0,0.0,,,,,,,基础化工,化学制品,日用化学产品,39.95,39.5,39.4
sz002919,名臣健康,2021-01-26,39.5,40.53,39.0,39.08,40.2,867500.0,34344502.0,2673091344.6,4773064914.599999,49219633.66,131867332.36,600118179.48,893419335.2,293301155.72,30901757.769999996,1609.63,1237.79,351.92,570.01,1472.89,1626.65,0.0,0.0,,,,,,,基础化工,化学制品,日用化学产品,39.85,39.95,40.14
sz002919,名臣健康,2021-01-27,38.89,39.37,38.38,38.62,39.08,991150.0,38367568.0,2641627116.9,4716882471.900001,49219633.66,131867332.36,600118179.48,893419335.2,293301155.72,30901757.769999996,1579.08,1520.59,692.63,610.66,1563.11,1621.82,0.0,81.75,,,,,,,基础化工,化学制品,日用化学产品,39.03,39.26,39.0
sz002919,名臣健康,2021-01-28,38.1,40.4,38.1,39.64,38.62,1470486.0,58184943.0,2711395621.8,4841460931.8,49219633.66,131867332.36,600118179.48,893419335.2,293301155.72,30901757.769999996,2098.15,1800.69,1621.79,2419.04,1949.13,1587.96,138.61,0.0,,,,,,,基础化工,化学制品,日用化学产品,38.7,39.2,39.63
sz002919,名臣健康,2021-01-29,39.1,42.0,39.1,41.4,39.64,1744850.0,71681301.0,2831780493.0,5056419843.0,49219633.66,131867332.36,600118179.48,893419335.2,293301155.72,30901757.769999996,2665.8,2625.77,1563.2,1871.22,2711.53,2459.48,226.79,210.84,,,,,,,基础化工,化学制品,日用化学产品,39.73,40.7,40.53
sz002919,名臣健康,2021-02-01,41.49,44.03,41.0,43.63,41.4,1732413.0,73832003.0,2984313596.85,5328782554.35,49219633.66,131867332.36,600118179.48,893419335.2,293301155.72,30901757.769999996,2929.14,2818.04,1532.45,1488.07,2804.0,3077.09,117.61,0.0,,,,,,,基础化工,化学制品,日用化学产品,41.28,41.41,41.25
sz002919,名臣健康,2021-02-02,44.01,44.63,42.18,42.97,43.63,1350763.0,58328814.0,2939169270.15,5248172962.650001,49219633.66,131867332.36,600118179.48,893419335.2,293301155.72,30901757.769999996,2113.7,2097.72,1225.88,892.59,2314.67,2433.7,178.64,408.87,,,,,,,基础化工,化学制品,日用化学产品,44.02,42.99,43.15
sz002919,名臣健康,2021-02-03,42.12,44.95,42.11,44.38,42.97,1257850.0,55073009.0,3035613968.1,5420384363.1,49219633.66,131867332.36,600118179.48,893419335.2,293301155.72,30901757.769999996,2181.8,1761.91,986.22,950.92,2001.36,2195.94,337.92,598.52,,,,,,,基础化工,化学制品,日用化学产品,42.55,43.17,43.4
sz002919,名臣健康,2021-02-04,44.0,45.93,43.83,45.0,44.38,1570144.0,70976833.0,3078022275.0,5496108525.0,49219633.66,131867332.36,600118179.48,893419335.2,293301155.72,30901757.769999996,3078.84,2704.96,1542.37,1582.77,2476.47,2697.46,0.0,112.5,,,,,,,基础化工,化学制品,日用化学产品,44.49,44.92,45.3
sz002919,名臣健康,2021-02-05,44.9,47.2,44.5,45.3,45.0,1315092.0,60607482.0,3098542423.5,5532749248.499999,49219633.66,131867332.36,600118179.48,893419335.2,293301155.72,30901757.769999996,2846.64,2973.01,816.28,898.83,2397.84,2146.66,0.0,42.25,,,,,,,基础化工,化学制品,日用化学产品,45.04,46.21,46.44
sz002919,名臣健康,2021-02-08,43.0,44.9,43.0,43.72,45.3,1453600.0,63793665.0,2990469641.4,5339774771.4,49219633.66,131867332.36,600118179.48,893419335.2,293301155.72,30901757.769999996,2204.27,2056.41,572.8,1237.63,2513.22,1895.65,1089.07,1189.68,,,,,,,基础化工,化学制品,日用化学产品,43.49,44.2,44.13
sz002919,名臣健康,2021-02-09,43.07,45.8,43.07,44.23,43.72,943144.0,42048218.0,3025353893.85,5402064001.35,49219633.66,131867332.36,600118179.48,893419335.2,293301155.72,30901757.769999996,1445.48,1610.76,587.57,873.1,2171.77,1680.81,0.0,40.15,,,,,,,基础化工,化学制品,日用化学产品,43.99,45.03,45.44
sz002919,名臣健康,2021-02-10,44.42,47.75,43.89,47.19,44.23,1604642.0,74302803.0,3227819359.05,5763585806.55,49219633.66,131867332.36,600118179.48,893419335.2,293301155.72,30901757.769999996,2423.95,2936.07,2453.8,2264.8,2396.09,2229.41,156.44,0.0,,,,,,,基础化工,化学制品,日用化学产品,44.24,44.92,45.48
sz002919,名臣健康,2021-02-18,48.47,48.88,46.01,47.56,47.19,1380024.0,65831209.0,3253127542.2,5808776032.200001,49219633.66,131867332.36,600118179.48,893419335.2,293301155.72,30901757.769999996,2587.05,2264.86,1479.63,1252.78,2258.52,2862.88,257.92,202.61,,,,,,,基础化工,化学制品,日用化学产品,46.63,47.76,48.58
sz002919,名臣健康,2021-02-19,47.47,48.47,46.12,47.2,47.56,981210.0,46487189.0,3228503363.9999995,5764807164.0,49219633.66,131867332.36,600118179.48,893419335.2,293301155.72,30901757.769999996,1697.93,1908.04,916.8,657.27,2004.18,2053.6,0.0,0.0,,,,,,,基础化工,化学制品,日用化学产品,47.42,48.18,48.0
sz002919,名臣健康,2021-02-22,47.11,48.5,47.11,47.42,47.2,919268.0,43928911.0,3243551472.9,5791677027.900001,49219633.66,131867332.36,600118179.48,893419335.2,293301155.72,30901757.769999996,1564.6,1568.11,847.32,1024.81,1980.97,1799.98,0.0,0.0,,,,,,,基础化工,化学制品,日用化学产品,47.9,47.57,47.64
sz002919,名臣健康,2021-02-23,46.9,47.71,44.55,45.82,47.42,998168.0,45880170.0,3134110680.9,5596259835.9,49219633.66,131867332.36,600118179.48,893419335.2,293301155.72,30901757.769999996,1854.1,1778.31,787.1,1025.64,1946.81,1784.06,0.0,0.0,,,,,,,基础化工,化学制品,日用化学产品,46.85,46.1,46.0
sz002919,名臣健康,2021-02-24,45.82,46.53,45.08,45.41,45.82,663300.0,30278629.0,3106066477.95,5546184180.450001,49219633.66,131867332.36,600118179.48,893419335.2,293301155.72,30901757.769999996,1197.92,1201.36,461.08,570.82,1368.86,1255.69,0.0,0.0,,,,,,,基础化工,化学制品,日用化学产品,46.48,46.07,46.32
sz002919,名臣健康,2021-02-25,45.41,45.95,44.15,44.48,45.41,999200.0,44743187.0,3042454017.6,5432597937.6,49219633.66,131867332.36,600118179.48,893419335.2,293301155.72,30901757.769999996,1610.11,1276.02,1179.36,1554.9,1684.85,1354.22,0.0,289.18,,,,,,,基础化工,化学制品,日用化学产品,45.42,44.59,44.24
sz002919,名臣健康,2021-02-26,44.28,45.31,43.71,44.5,44.48,825900.0,36786099.0,3043822027.5,5435040652.5,49219633.66,131867332.36,600118179.48,893419335.2,293301155.72,30901757.769999996,1254.73,1129.93,825.69,778.37,1598.18,1609.12,0.0,161.19,,,,,,,基础化工,化学制品,日用化学产品,44.59,44.17,44.14
sz002919,名臣健康,2021-03-01,44.56,45.7,44.2,44.88,44.5,605300.0,27275551.0,3069814215.6,5481452235.599999,49219633.66,131867332.36,600118179.48,893419335.2,293301155.72,30901757.769999996,1108.51,1029.88,397.16,708.19,1221.89,989.48,0.0,0.0,,,,,,,基础化工,化学制品,日用化学产品,45.21,45.6,45.6
sz002919,名臣健康,2021-03-02,44.88,45.3,43.0,44.16,44.88,810142.0,35749502.0,3020565859.2,5393514499.200001,49219633.66,131867332.36,600118179.48,893419335.2,293301155.72,30901757.769999996,1158.72,1115.31,1069.52,1031.64,1346.71,1428.01,0.0,0.0,,,,,,,基础化工,化学制品,日用化学产品,45.01,44.54,44.0
sz002919,名臣健康,2021-03-03,44.19,46.13,43.8,45.98,44.16,1062800.0,48334520.0,3145054760.1,5615801555.099999,49219633.66,131867332.36,600118179.48,893419335.2,293301155.72,30901757.769999996,1877.48,2186.35,993.22,1053.62,1953.17,1583.91,0.0,0.0,,,,,,,基础化工,化学制品,日用化学产品,44.59,44.7,44.88
sz002919,名臣健康,2021-03-04,45.98,46.76,44.16,45.26,45.98,731250.0,33090454.0,3095806403.7,5527863818.700001,49219633.66,131867332.36,600118179.48,893419335.2,293301155.72,30901757.769999996,1209.76,1124.89,538.83,466.61,1560.46,1717.54,0.0,0.0,,,,,,,基础化工,化学制品,日用化学产品,46.11,46.04,45.29
sz002919,名臣健康,2021-03-05,45.43,46.08,44.94,45.88,45.26,561550.0,25648674.0,3138214710.6,5603587980.599999,49219633.66,131867332.36,600118179.48,893419335.2,293301155.72,30901757.769999996,968.21,1070.84,261.41,224.28,1292.15,1226.66,0.0,0.0,,,,,,,基础化工,化学制品,日用化学产品,45.28,45.18,46.04
sz002919,名臣健康,2021-03-08,45.92,46.76,44.98,45.7,45.88,626700.0,28573583.0,3125902621.5000005,5581603546.5,49219633.66,131867332.36,600118179.48,893419335.2,293301155.72,30901757.769999996,820.45,696.67,1091.12,1153.67,945.79,1004.74,0.0,2.28,,,,,,,基础化工,化学制品,日用化学产品,45.9,45.6,45.9
sz002919,名臣健康,2021-03-09,45.68,46.22,44.0,45.87,45.7,578977.0,26317639.0,3137530705.65,5602366623.15,49219633.66,131867332.36,600118179.48,893419335.2,293301155.72,30901757.769999996,1067.38,711.05,304.1,681.06,1260.28,1239.65,0.0,0.0,,,,,,,基础化工,化学制品,日用化学产品,44.67,44.81,45.05
sz002919,名臣健康,2021-03-10,46.7,46.7,44.89,45.09,45.87,571150.0,25956326.0,3084178319.55,5507100742.049999,49219633.66,131867332.36,600118179.48,893419335.2,293301155.72,30901757.769999996,994.78,1015.2,474.33,540.34,1126.52,1040.09,0.0,0.0,,,,,,,基础化工,化学制品,日用化学产品,46.11,45.82,45.8
sz002919,名臣健康,2021-03-11,45.09,45.3,43.3,43.41,45.09,951050.0,41804424.0,2969265487.9500003,5301912690.45,49219633.66,131867332.36,600118179.48,893419335.2,293301155.72,30901757.769999996,1626.54,2168.6,868.3,1005.96,1685.6,1005.88,0.0,0.0,,,,,,,基础化工,化学制品,日用化学产品,45.05,44.2,44.35
sz002919,名臣健康,2021-03-12,43.44,44.25,43.03,43.6,43.41,391050.0,17098565.0,2982261582.0,5325118482.0,49219633.66,131867332.36,600118179.48,893419335.2,293301155.72,30901757.769999996,360.12,663.11,95.03,95.79,1254.7,950.96,0.0,0.0,,,,,,,基础化工,化学制品,日用化学产品,43.28,43.52,44.04
sz002919,名臣健康,2021-03-15,43.31,44.6,41.51,42.61,43.6,879850.0,38135758.0,2914545091.95,5204204094.45,49219633.66,131867332.36,600118179.48,893419335.2,293301155.72,30901757.769999996,1250.39,1146.47,955.32,1426.87,1455.06,1193.16,152.8,47.08,,,,,,,基础化工,化学制品,日用化学产品,42.5,43.05,43.54
sz002919,名臣健康,2021-03-16,42.99,43.62,42.11,43.18,42.61,528990.0,22815259.0,2953533374.1,5273821469.1,49219633.66,131867332.36,600118179.48,893419335.2,293301155.72,30901757.769999996,632.67,716.99,516.62,429.67,1108.87,852.51,0.0,258.99,,,,,,,基础化工,化学制品,日用化学产品,42.9,42.8,42.86
sz002919,名臣健康,2021-03-17,42.45,44.65,42.32,43.96,43.18,675868.0,29745718.0,3006885760.2,5369087350.2,49219633.66,131867332.36,600118179.48,893419335.2,293301155.72,30901757.769999996,913.38,979.01,830.52,754.06,1114.54,826.99,69.94,368.31,,,,,,,基础化工,化学制品,日用化学产品,43.69,43.8,43.65
sz002919,名臣健康,2021-03-18,43.52,45.56,43.52,45.23,43.96,847068.0,37891903.0,3093754388.85,5524199746.35,49219633.66,131867332.36,600118179.48,893419335.2,293301155.72,30901757.769999996,1302.29,1580.2,1035.2,1019.65,1347.59,1188.89,103.66,0.0,,,,,,,基础化工,化学制品,日用化学产品,44.51,44.52,44.68
sz002919,名臣健康,2021-03-19,44.98,45.95,44.37,45.58,45.23,735955.0,33408827.0,3117694562.1,5566947257.1,49219633.66,131867332.36,600118179.48,893419335.2,293301155.72,30901757.769999996,973.07,991.49,1001.08,1165.99,1366.74,1183.4,0.0,0.0,,,,,,,基础化工,化学制品,日用化学产品,45.04,45.19,45.48
sz002919,名臣健康,2021-03-22,45.66,45.95,42.99,44.88,45.58,740203.0,33031826.0,3069814215.6,5481452235.599999,49219633.66,131867332.36,600118179.48,893419335.2,293301155.72,30901757.769999996,1124.24,1021.69,678.16,680.35,1500.78,1468.39,0.0,132.75,,,,,,,基础化工,化学制品,日用化学产品,45.6,45.46,45.12
sz002919,名臣健康,2021-03-23,45.14,45.5,44.3,45.05,44.88,420350.0,18887238.0,3081442299.75,5502215312.25,49219633.66,131867332.36,600118179.48,893419335.2,293301155.72,30901757.769999996,576.22,579.0,222.3,101.85,1090.21,1035.94,0.0,171.93,,,,,,,基础化工,化学制品,日用化学产品,45.12,45.25,44.86
sz002919,名臣健康,2021-03-24,44.59,45.01,43.72,44.41,45.05,430100.0,19008999.0,3037665982.95,5424048435.45,49219633.66,131867332.36,600118179.48,893419335.2,293301155.72,30901757.769999996,729.96,567.35,263.23,142.04,907.7,1187.07,0.0,4.44,,,,,,,基础化工,化学制品,日用化学产品,44.49,44.61,44.33
sz002919,名臣健康,2021-03-25,43.5,44.4,43.02,44.16,44.41,281000.0,12371643.0,3020565859.2,5393514499.200001,49219633.66,131867332.36,600118179.48,893419335.2,293301155.72,30901757.769999996,416.25,334.26,118.6,81.49,702.31,821.41,0.0,0.0,,,,,,,基础化工,化学制品,日用化学产品,43.9,44.08,44.18
sz002919,名臣健康,2021-03-26,43.9,44.87,43.65,44.25,44.16,540750.0,23908019.0,3026721903.75,5404506716.25,49219633.66,131867332.36,600118179.48,893419335.2,293301155.72,30901757.769999996,937.29,599.65,562.49,803.36,891.01,876.87,0.0,110.92,,,,,,,基础化工,化学制品,日用化学产品,43.87,44.59,44.27
sz002919,名臣健康,2021-03-29,43.9,45.5,43.75,44.43,44.25,613250.0,27312108.0,3039033992.85,5426491150.35,49219633.66,131867332.36,600118179.48,893419335.2,293301155.72,30901757.769999996,1169.26,1157.9,461.84,256.63,1100.11,1316.68,0.0,0.0,,,,,,,基础化工,化学制品,日用化学产品,44.1,43.89,43.96
sz002919,名臣健康,2021-03-30,44.61,46.6,44.61,46.42,44.43,1328816.0,61210380.0,3175150977.9,5669541282.900001,49219633.66,131867332.36,600118179.48,893419335.2,293301155.72,30901757.769999996,2287.56,2567.27,1716.74,1185.16,2116.74,2266.17,0.0,102.44,,,,,,,基础化工,化学制品,日用化学产品,45.4,45.8,46.15
sz002919,名臣健康,2021-03-31,46.5,47.33,46.01,46.96,46.42,912635.0,42845198.0,3212087245.2,5735494585.2,49219633.66,131867332.36,600118179.48,893419335.2,293301155.72,30901757.769999996,1648.21,1503.48,433.53,1030.03,2192.94,1741.18,0.0,0.0,,,,,,,基础化工,化学制品,日用化学产品,46.82,46.75,46.93
sz002919,名臣健康,2021-04-01,47.1,47.57,46.7,47.1,46.96,638608.0,30029245.0,3221663314.5,5752593589.5,49219633.66,131867332.36,600118179.48,893419335.2,293301155.72,30901757.769999996,958.14,1167.78,766.8,410.01,1277.98,1362.25,0.0,62.89,,,,,,,基础化工,化学制品,日用化学产品,47.39,46.94,46.95
sz002919,名臣健康,2021-04-02,47.1,47.2,46.13,46.41,47.1,505108.0,23511144.0,3174466972.9500003,5668319925.450001,49219633.66,131867332.36,600118179.48,893419335.2,293301155.72,30901757.769999996,934.11,963.45,372.15,204.41,895.11,1042.44,149.74,140.82,,,,,,,基础化工,化学制品,日用化学产品,46.75,47.01,46.95
sz002919,名臣健康,2021-04-06,46.0,46.66,45.51,46.35,46.41,456168.0,20969885.0,3170362943.2500005,5660991780.749999,49219633.66,131867332.36,600118179.48,893419335.2,293301155.72,30901757.769999996,708.53,860.33,359.5,233.81,1028.95,1002.86,0.0,0.0,,,,,,,基础化工,化学制品,日用化学产品,46.0,45.63,45.99
sz002919,名臣健康,2021-04-07,46.35,47.15,46.0,46.89,46.35,330143.0,15391161.0,3207299210.55,5726945083.05,49219633.66,131867332.36,600118179.48,893419335.2,293301155.72,30901757.769999996,562.3,588.56,108.02,125.76,868.8,824.8,0.0,0.0,,,,,,,基础化工,化学制品,日用化学产品,46.33,46.42,46.48
sz002919,名臣健康,2021-04-08,47.18,47.47,46.0,46.96,46.89,356200.0,16703501.0,3212087245.2,5735494585.2,49219633.66,131867332.36,600118179.48,893419335.2,293301155.72,30901757.769999996,632.48,657.38,155.24,87.88,881.69,774.45,0.0,149.71,,,,,,,基础化工,化学制品,日用化学产品,47.23,46.54,46.49
sz002919,名臣健康,2021-04-09,46.89,47.17,46.0,46.43,46.96,250050.0,11635165.0,3175834982.85,5670762640.35,49219633.66,131867332.36,600118179.48,893419335.2,293301155.72,30901757.769999996,460.54,447.63,80.75,92.24,622.23,623.64,0.0,0.0,,,,,,,基础化工,化学制品,日用化学产品,46.55,46.95,46.89
sz002919,名臣健康,2021-04-12,46.45,47.47,45.43,45.55,46.43,492067.0,22780768.0,3115642547.25,5563283184.75,49219633.66,131867332.36,600118179.48,893419335.2,293301155.72,30901757.769999996,940.3,905.89,359.24,203.2,978.53,1168.99,0.0,0.0,,,,,,,基础化工,化学制品,日用化学产品,46.86,46.81,46.9
sz002919,名臣健康,2021-04-13,45.32,45.89,44.0,44.7,45.55,435600.0,19660631.0,3057502126.5,5459467801.5,49219633.66,131867332.36,600118179.48,893419335.2,293301155.72,30901757.769999996,797.89,550.95,334.89,238.28,833.28,902.12,0.0,274.71,,,,,,,基础化工,化学制品,日用化学产品,45.68,45.53,45.46
sz002919,名臣健康,2021-04-14,44.8,45.51,44.2,44.89,44.7,473400.0,21257886.0,3070498220.55,5482673593.05,49219633.66,131867332.36,600118179.48,893419335.2,293301155.72,30901757.769999996,918.08,550.23,295.7,745.64,906.69,824.6,0.0,0.0,,,,,,,基础化工,化学制品,日用化学产品,44.9,45.35,45.31
sz002919,名臣健康,2021-04-15,45.45,46.32,44.68,44.95,44.89,545904.0,24906898.0,3074602250.25,5490001737.75,49219633.66,131867332.36,600118179.48,893419335.2,293301155.72,30901757.769999996,811.06,863.3,532.88,462.16,1146.75,1146.38,0.0,18.84,,,,,,,基础化工,化学制品,日用化学产品,46.0,45.78,45.8
sz002919,名臣健康,2021-04-16,44.75,46.31,44.6,46.0,44.95,546168.0,25009206.0,3146422770.0,5618244270.0,49219633.66,131867332.36,600118179.48,893419335.2,293301155.72,30901757.769999996,736.55,1026.9,304.38,446.38,1276.01,688.63,183.98,339.02,,,,,,,基础化工,化学制品,日用化学产品,45.08,45.24,45.34
sz002919,名臣健康,2021-04-19,46.1,48.2,46.1,46.99,46.0,671909.0,31716329.0,3214139260.05,5739158657.55,49219633.66,131867332.36,600118179.48,893419335.2,293301155.72,30901757.769999996,1132.01,1246.11,764.26,506.77,1071.33,1418.76,204.03,0.0,,,,,,,基础化工,化学制品,日用化学产品,48.0,47.69,47.46
sz002919,名臣健康,2021-04-20,46.99,47.88,45.5,47.3,46.99,574049.0,27007047.0,3235343413.5,5777020738.5,49219633.66,131867332.36,600118179.48,893419335.2,293301155.72,30901757.769999996,1228.89,867.06,309.56,282.89,1162.25,1279.16,0.0,271.6,,,,,,,基础化工,化学制品,日用化学产品,46.26,46.15,46.32
sz002919,名臣健康,2021-04-21,47.3,47.95,46.9,47.58,47.3,457900.0,21782826.0,3254495552.1000004,5811218747.1,49219633.66,131867332.36,600118179.48,893419335.2,293301155.72,30901757.769999996,752.59,956.73,229.78,342.24,1195.91,879.31,0.0,0.0,,,,,,,基础化工,化学制品,日用化学产品,47.57,47.35,47.44
sz002919,名臣健康,2021-04-22,47.52,47.96,47.03,47.7,47.58,633100.0,30140268.0,3262703611.5,5825875036.5,49219633.66,131867332.36,600118179.48,893419335.2,293301155.72,30901757.769999996,793.91,1059.15,491.45,453.9,1080.8,759.44,647.86,741.53,,,,,,,基础化工,化学制品,日用化学产品,47.63,47.15,47.77
sz002919,名臣健康,2021-04-23,47.7,48.09,46.8,47.58,47.7,345708.0,16425243.0,3254495552.1000004,5811218747.1,49219633.66,131867332.36,600118179.48,893419335.2,293301155.72,30901757.769999996,658.9,691.81,251.15,346.81,732.47,603.91,0.0,0.0,,,,,,,基础化工,化学制品,日用化学产品,47.89,47.7,47.76
sz002919,名臣健康,2021-04-26,47.6,48.2,47.17,47.49,47.58,480592.0,22923097.0,3248339507.55,5800226530.049999,49219633.66,131867332.36,600118179.48,893419335.2,293301155.72,30901757.769999996,900.14,850.82,326.12,398.73,1066.06,1042.76,0.0,0.0,,,,,,,基础化工,化学制品,日用化学产品,47.62,47.77,48.1
sz002919,名臣健康,2021-04-27,47.49,48.8,47.15,48.76,47.49,735077.0,35544655.0,3335208136.2,5955338926.200001,49219633.66,131867332.36,600118179.48,893419335.2,293301155.72,30901757.769999996,1500.12,1383.98,433.31,843.76,1621.04,1326.72,0.0,0.0,,,,,,,基础化工,化学制品,日用化学产品,47.77,47.85,48.04
sz002919,名臣健康,2021-04-28,48.76,52.88,48.76,52.24,48.76,1444835.0,74262375.0,3573241858.8,6380371318.8,49219633.66,131867332.36,600118179.48,893419335.2,293301155.72,30901757.769999996,2543.01,2741.36,1689.83,1181.93,3165.59,2890.7,27.8,612.24,,,,,,,基础化工,化学制品,日用化学产品,50.43,51.05,50.88
sz002919,名臣健康,2021-04-29,53.99,54.5,51.51,53.2,52.24,1542309.0,82663360.0,3638740084.0,6497621634.0,158876193.06,186458258.37,717279575.95,917974155.75,200694579.8,62676044.09,2910.27,3350.88,1828.78,2079.58,3290.25,2566.26,237.04,269.62,,,,,,,基础化工,化学制品,日用化学产品,54.09,54.1,54.27
sz002919,名臣健康,2021-04-30,52.3,54.28,52.02,53.41,53.2,887600.0,47303364.0,3653103531.7,6523270140.45,158876193.06,186458258.37,717279575.95,917974155.75,200694579.8,62676044.09,1524.0,1600.69,723.56,871.1,2482.78,1959.04,0.0,299.51,,,,,,,基础化工,化学制品,日用化学产品,53.64,54.0,53.95
sz002919,名臣健康,2021-05-06,54.01,54.03,52.69,52.8,53.41,826034.0,43959997.0,3611381136.0,6448767336.0,158876193.06,186458258.37,717279575.95,917974155.75,200694579.8,62676044.09,1432.06,1157.16,575.58,808.24,2228.54,2430.6,159.81,0.0,,,,,,,基础化工,化学制品,日用化学产品,53.43,53.34,53.83
sz002919,名臣健康,2021-05-07,52.71,53.72,50.99,51.3,52.8,825350.0,42786836.0,3508785081.0,6265563718.5,158876193.06,186458258.37,717279575.95,917974155.75,200694579.8,62676044.09,1394.55,1462.41,472.93,943.24,2305.21,1834.54,106.0,38.49,,,,,,,基础化工,化学制品,日用化学产品,53.14,52.74,52.48
sz002919,名臣健康,2021-05-10,51.29,54.3,50.88,53.87,51.3,1076042.0,57821465.0,3684566321.9,6579452583.15,158876193.06,186458258.37,717279575.95,917974155.75,200694579.8,62676044.09,1909.02,2422.22,1537.84,1069.59,2142.41,2048.96,192.87,241.38,,,,,,,基础化工,化学制品,日用化学产品,52.91,53.88,53.85
sz002919,名臣健康,2021-05-11,54.08,54.37,52.2,53.76,53.87,545891.0,29302905.0,3677042611.2,6566017651.2,158876193.06,186458258.37,717279575.95,917974155.75,200694579.8,62676044.09,987.11,874.29,527.39,340.54,1415.8,1678.82,0.0,36.63,,,,,,,基础化工,化学制品,日用化学产品,53.61,53.61,53.59
sz002919,名臣健康,2021-05-12,53.86,53.99,52.62,53.41,53.76,464655.0,24754686.0,3653103531.7,6523270140.45,158876193.06,186458258.37,717279575.95,917974155.75,200694579.8,62676044.09,788.92,860.81,348.18,448.6,1026.21,1166.06,312.16,0.0,,,,,,,基础化工,化学制品,日用化学产品,53.53,53.08,52.76
sz002919,名臣健康,2021-05-13,52.68,53.78,52.06,52.7,53.41,333450.0,17671768.0,3604541399.0,6436553761.5,158876193.06,186458258.37,717279575.95,917974155.75,200694579.8,62676044.09,770.81,529.75,232.84,414.82,763.52,822.61,0.0,0.0,,,,,,,基础化工,化学制品,日用化学产品,53.35,53.35,53.48
sz002919,名臣健康,2021-05-14,52.69,53.45,52.06,52.72,52.7,346635.0,18305922.0,3605909346.4,6438996476.4,158876193.06,186458258.37,717279575.95,917974155.75,200694579.8,62676044.09,471.14,573.64,365.36,247.35,966.65,878.74,0.0,103.42,,,,,,,基础化工,化学制品,日用化学产品,53.28,52.72,52.9
sz002919,名臣健康,2021-05-17,53.15,53.74,51.7,52.0,52.72,573750.0,30163383.0,3556663240.0,6351058740.0,158876193.06,186458258.37,717279575.95,917974155.75,200694579.8,62676044.09,931.06,1002.99,541.81,764.86,1438.47,1143.05,105.0,105.44,,,,,,,基础化工,化学制品,日用化学产品,53.13,52.54,52.68
sz002919,名臣健康,2021-05-18,52.85,52.85,50.98,51.34,52.0,612501.0,31616422.0,3511520975.8,6270449148.3,158876193.06,186458258.37,717279575.95,917974155.75,200694579.8,62676044.09,1093.93,1300.05,409.68,822.91,1658.03,1013.12,0.0,25.56,,,,,,,基础化工,化学制品,日用化学产品,52.62,52.22,52.22
sz002919,名臣健康,2021-05-19,51.37,52.42,49.6,49.88,51.34,661833.0,33507020.0,3411660815.6000004,6092130960.6,158876193.06,186458258.37,717279575.95,917974155.75,200694579.8,62676044.09,1283.75,1255.77,609.81,909.7,1457.14,1176.16,0.0,9.06,,,,,,,基础化工,化学制品,日用化学产品,51.55,51.26,51.38
sz002919,名臣健康,2021-05-20,49.26,50.7,49.26,49.87,49.88,534700.0,26806551.0,3410976841.9,6090909603.150001,158876193.06,186458258.37,717279575.95,917974155.75,200694579.8,62676044.09,1109.92,1083.01,470.78,620.18,1099.96,977.46,0.0,0.0,,,,,,,基础化工,化学制品,日用化学产品,50.12,50.21,50.44
sz002919,名臣健康,2021-05-21,49.86,51.6,49.14,50.02,49.87,578091.0,28921426.0,3421236447.4,6109229964.900001,158876193.06,186458258.37,717279575.95,917974155.75,200694579.8,62676044.09,1073.59,1116.26,444.56,336.46,1273.49,1220.62,100.5,218.81,,,,,,,基础化工,化学制品,日用化学产品,51.0,50.39,50.14
sz002919,名臣健康,2021-05-24,49.78,50.45,49.29,49.76,50.02,509900.0,25401152.0,3403453131.2000003,6077474671.200001,158876193.06,186458258.37,717279575.95,917974155.75,200694579.8,62676044.09,960.23,913.6,503.81,540.06,1076.08,798.88,0.0,287.57,,,,,,,基础化工,化学制品,日用化学产品,49.89,49.91,50.06
sz002919,名臣健康,2021-05-25,49.76,50.72,48.81,49.14,49.76,548650.0,27080468.0,3361046761.8,6001750509.3,158876193.06,186458258.37,717279575.95,917974155.75,200694579.8,62676044.09,715.6,1059.3,564.03,359.96,1428.42,1288.78,0.0,0.0,,,,,,,基础化工,化学制品,日用化学产品,50.18,49.77,49.69
sz002919,名臣健康,2021-05-26,49.67,49.67,48.61,48.96,49.14,365600.0,17920833.0,3348735235.2,5979766075.2,158876193.06,186458258.37,717279575.95,917974155.75,200694579.8,62676044.09,740.34,676.15,154.85,217.34,896.9,898.59,0.0,0.0,,,,,,,基础化工,化学制品,日用化学产品,49.37,48.68,48.8
sz002919,名臣健康,2021-05-27,48.95,51.22,48.65,51.22,48.96,945109.0,47291249.0,3503313291.4,6255792858.900001,158876193.06,186458258.37,717279575.95,917974155.75,200694579.8,62676044.09,1767.8,1846.87,1140.82,1043.67,1618.21,1535.7,202.3,302.88,,,,,,,基础化工,化学制品,日用化学产品,49.21,49.04,48.8
sz002919,名臣健康,2021-05-28,51.25,53.11,50.15,51.41,51.22,902176.0,46555415.0,3516308791.7,6278998650.45,158876193.06,186458258.37,717279575.95,917974155.75,200694579.8,62676044.09,2209.84,1587.24,803.93,544.05,1622.3,2504.77,0.0,0.0,,,,,,,基础化工,化学制品,日用化学产品,50.92,51.2,51.97
sz002919,名臣健康,2021-05-31,51.41,52.35,49.51,50.77,51.41,606349.0,30673980.0,3472534474.9,6200831773.650001,158876193.06,186458258.37,717279575.95,917974155.75,200694579.8,62676044.09,1161.88,778.9,715.2,477.21,1190.31,1811.28,0.0,0.0,,,,,,,基础化工,化学制品,日用化学产品,50.36,51.0,50.42
sz002919,名臣健康,2021-06-01,50.41,50.76,49.23,49.37,50.77,532992.0,26435739.0,3376778156.9,6029841730.65,158876193.06,186458258.37,717279575.95,917974155.75,200694579.8,62676044.09,1115.41,622.19,257.33,377.04,1270.84,1644.35,0.0,0.0,,,,,,,基础化工,化学制品,日用化学产品,50.02,49.78,49.75
sz002919,名臣健康,2021-06-02,49.21,49.88,48.35,48.6,49.37,423408.0,20752251.0,3324112182.0,5935797206.999999,158876193.06,186458258.37,717279575.95,917974155.75,200694579.8,62676044.09,807.15,602.58,77.11,252.95,1190.96,1219.69,0.0,0.0,,,,,,,基础化工,化学制品,日用化学产品,49.61,49.24,49.36
sz002919,名臣健康,2021-06-03,48.6,51.37,48.31,49.88,48.6,679542.0,34137992.0,3411660815.6000004,6092130960.6,158876193.06,186458258.37,717279575.95,917974155.75,200694579.8,62676044.09,1161.7,1451.31,769.18,567.79,1482.91,1283.07,0.0,111.63,,,,,,,基础化工,化学制品,日用化学产品,48.9,48.87,48.9
sz002919,名臣健康,2021-06-04,49.5,50.0,48.15,48.41,49.88,544220.0,26507773.0,3311116681.7000003,5912591415.45,158876193.06,186458258.37,717279575.95,917974155.75,200694579.8,62676044.09,1395.29,833.98,157.37,211.09,1098.11,1518.68,0.0,87.02,,,,,,,基础化工,化学制品,日用化学产品,49.25,48.94,49.43
sz002919,名臣健康,2021-06-07,48.97,49.59,48.17,48.51,48.41,375117.0,18341626.0,3317956418.7,5924804989.950001,158876193.06,186458258.37,717279575.95,917974155.75,200694579.8,62676044.09,471.84,660.82,195.12,300.71,1155.98,861.41,0.0,0.0,,,,,,,基础化工,化学制品,日用化学产品,48.76,49.24,49.09
sz002919,名臣健康,2021-06-08,48.93,49.1,47.39,48.0,48.51,407850.0,19623636.0,3283073760.0,5862515760.0,158876193.06,186458258.37,717279575.95,917974155.75,200694579.8,62676044.09,950.42,581.79,128.54,76.14,883.4,1246.34,0.0,58.09,,,,,,,基础化工,化学制品,日用化学产品,48.49,48.82,48.54
sz002919,名臣健康,2021-06-09,48.0,48.69,47.6,47.66,48.0,419850.0,20172018.0,3259818654.2,5820989606.7,158876193.06,186458258.37,717279575.95,917974155.75,200694579.8,62676044.09,577.7,745.11,417.87,493.53,1021.63,778.56,0.0,0.0,,,,,,,基础化工,化学制品,日用化学产品,48.13,47.84,47.85
sz002919,名臣健康,2021-06-10,47.66,49.38,47.4,49.13,47.66,698233.0,33650486.0,3360362788.1,6000529151.85,158876193.06,186458258.37,717279575.95,917974155.75,200694579.8,62676044.09,1036.87,938.97,1079.52,1220.87,836.8,1205.21,411.86,0.0,,,,,,,基础化工,化学制品,日用化学产品,47.6,47.73,47.9
sz002919,名臣健康,2021-06-11,48.62,50.5,48.62,50.43,49.13,800283.0,39884787.0,3449279369.1,6159305620.349999,158876193.06,186458258.37,717279575.95,917974155.75,200694579.8,62676044.09,1594.38,1573.36,1129.21,255.77,1264.89,1741.19,0.0,418.16,,,,,,,基础化工,化学制品,日用化学产品,48.65,49.03,48.86
sz002919,名臣健康,2021-06-15,50.43,50.6,48.74,49.0,50.43,446384.0,22071384.0,3351471130.0,5984651505.0,158876193.06,186458258.37,717279575.95,917974155.75,200694579.8,62676044.09,921.69,569.1,174.51,142.09,1110.94,1495.95,0.0,0.0,,,,,,,基础化工,化学制品,日用化学产品,50.6,49.68,49.71
sz002919,名臣健康,2021-06-16,49.84,49.84,47.1,47.14,49.0,595250.0,28451340.0,3224252021.8,5757479019.3,158876193.06,186458258.37,717279575.95,917974155.75,200694579.8,62676044.09,1003.05,777.78,783.41,497.42,1043.74,1569.93,14.93,0.0,,,,,,,基础化工,化学制品,日用化学产品,48.34,48.42,48.53
sz002919,名臣健康,2021-06-17,47.14,47.55,46.05,47.28,47.14,436867.0,20510836.0,3233827653.6000004,5774578023.599999,158876193.06,186458258.37,717279575.95,917974155.75,200694579.8,62676044.09,644.4,485.36,322.57,207.53,1084.11,804.36,0.0,553.84,,,,,,,基础化工,化学制品,日用化学产品,46.9,46.75,46.61
sz002919,名臣健康,2021-06-18,46.5,49.54,45.84,47.13,47.28,515318.0,24011857.0,3223568048.1,5756257661.849999,158876193.06,186458258.37,717279575.95,917974155.75,200694579.8,62676044.09,855.06,751.57,814.09,638.22,732.04,902.81,0.0,108.59,,,,,,,基础化工,化学制品,日用化学产品,46.7,46.22,46.32
sz002919,名臣健康,2021-06-21,47.04,48.21,46.31,46.93,47.13,745900.0,35267319.0,3209888574.1,5731830512.85,158876193.06,186458258.37,717279575.95,917974155.75,200694579.8,62676044.09,1308.68,1405.95,1130.68,800.35,1087.38,1179.43,0.0,141.0,,,,,,,基础化工,化学制品,日用化学产品,46.69,46.86,46.68
sz002919,名臣健康,2021-06-22,47.58,47.61,45.85,45.94,46.93,720690.0,33649776.0,3142175177.8,5610916125.3,158876193.06,186458258.37,717279575.95,917974155.75,200694579.8,62676044.09,932.91,1115.29,1104.78,1339.11,1186.58,792.86,140.7,117.72,,,,,,,基础化工,化学制品,日用化学产品,47.18,47.0,47.15
sz002919,名臣健康,2021-06-23,47.18,47.18,45.0,45.55,45.94,613360.0,28193082.0,3115500203.5,5563283184.75,158876193.06,186458258.37,717279575.95,917974155.75,200694579.8,62676044.09,689.61,537.24,861.03,1350.0,1154.14,932.07,114.53,0.0,,,,,,,基础化工,化学制品,日用化学产品,45.79,45.9,45.77
sz002919,名臣健康,2021-06-24,45.5,45.54,43.92,44.5,45.55,706750.0,31437551.0,3043682965.0,5435040652.5,158876193.06,186458258.37,717279575.95,917974155.75,200694579.8,62676044.09,1128.57,1171.33,677.83,1086.15,1337.36,886.28,0.0,0.0,,,,,,,基础化工,化学制品,日用化学产品,44.8,45.04,45.21
sz002919,名臣健康,2021-06-25,44.56,44.95,43.88,44.75,44.5,374133.0,16623656.0,3060782307.5,5465574588.75,158876193.06,186458258.37,717279575.95,917974155.75,200694579.8,62676044.09,511.21,790.44,243.44,95.4,907.71,776.53,0.0,0.0,,,,,,,基础化工,化学制品,日用化学产品,44.27,44.17,44.24
sz002919,名臣健康,2021-06-28,45.0,46.64,44.47,46.26,44.75,640486.0,29335449.0,3164062336.2000003,5649999563.700001,158876193.06,186458258.37,717279575.95,917974155.75,200694579.8,62676044.09,1107.73,1232.03,574.19,143.58,1251.62,1557.94,0.0,0.0,,,,,,,基础化工,化学制品,日用化学产品,44.86,44.91,44.6
sz002919,名臣健康,2021-06-29,46.25,46.36,45.25,45.87,46.01,447166.0,20502770.0,3137387361.9,5602366623.15,158876193.06,186458258.37,717279575.95,917974155.75,200694579.8,62676044.09,698.38,649.32,570.05,568.99,781.84,831.96,0.0,0.0,,,,,,,基础化工,化学制品,日用化学产品,45.79,45.72,45.51
sz002919,名臣健康,2021-06-30,46.39,46.39,44.66,45.2,45.87,615050.0,27789318.0,3091561124.0,5520535674.000001,158876193.06,186458258.37,717279575.95,917974155.75,200694579.8,62676044.09,1004.11,811.81,773.28,658.16,1001.54,1083.97,0.0,224.99,,,,,,,基础化工,化学制品,日用化学产品,45.72,45.22,45.1
sz002919,名臣健康,2021-07-01,44.88,45.77,44.0,44.6,45.2,488478.0,21806098.0,3050522702.0000005,5447254227.0,158876193.06,186458258.37,717279575.95,917974155.75,200694579.8,62676044.09,731.69,615.98,294.4,427.78,1154.52,979.05,0.0,157.79,,,,,,,基础化工,化学制品,日用化学产品,44.94,44.79,44.6
sz002919,名臣健康,2021-07-02,44.6,44.87,43.5,43.53,44.6,486244.0,21415529.0,2977337516.1,5316568979.85,158876193.06,186458258.37,717279575.95,917974155.75,200694579.8,62676044.09,471.0,512.49,291.56,357.36,983.44,876.15,395.55,395.55,,,,,,,基础化工,化学制品,日用化学产品,44.87,44.37,44.33
sz002919,名臣健康,2021-07-05,43.54,43.79,42.4,42.68,43.53,576483.0,24734739.0,2919199751.6,5212753596.6,158876193.06,186458258.37,717279575.95,917974155.75,200694579.8,62676044.09,776.19,845.43,632.76,657.15,1064.52,832.39,0.0,138.5,,,,,,,基础化工,化学制品,日用化学产品,43.46,42.99,42.95
sz002919,名臣健康,2021-07-06,43.0,43.8,40.98,41.56,42.68,482476.0,20330878.0,2842594697.2,5075961562.2,158876193.06,186458258.37,717279575.95,917974155.75,200694579.8,62676044.09,565.06,613.03,336.58,378.36,1131.44,797.82,0.0,243.87,,,,,,,基础化工,化学制品,日用化学产品,43.46,43.2,42.98
sz002919,名臣健康,2021-07-07,41.7,42.57,40.9,42.07,41.56,593150.0,24669609.0,2877477355.9,5138250792.15,158876193.06,186458258.37,717279575.95,917974155.75,200694579.8,62676044.09,769.48,567.36,567.82,304.99,1129.66,697.28,0.0,897.33,,,,,,,基础化工,化学制品,日用化学产品,41.87,41.78,42.06
sz002919,名臣健康,2021-07-08,41.53,41.72,40.63,40.72,42.07,683584.0,28120084.0,2785140906.4,4973367536.400001,158876193.06,186458258.37,717279575.95,917974155.75,200694579.8,62676044.09,813.76,798.13,253.67,489.32,1744.58,1270.79,0.0,253.76,,,,,,,基础化工,化学制品,日用化学产品,41.08,41.03,40.84
sz002919,名臣健康,2021-07-09,40.6,41.78,39.96,41.42,40.72,650860.0,26791536.0,2833019065.4,5058862557.900001,158876193.06,186458258.37,717279575.95,917974155.75,200694579.8,62676044.09,1089.7,972.76,223.04,347.19,1366.42,1153.46,0.0,205.75,,,,,,,基础化工,化学制品,日用化学产品,41.01,41.15,40.71
sz002919,名臣健康,2021-07-12,41.87,43.89,41.51,42.97,41.42,840731.0,36095256.0,2939034988.9,5248172962.650001,158876193.06,186458258.37,717279575.95,917974155.75,200694579.8,62676044.09,1206.09,1326.86,718.63,497.56,1420.13,1373.49,264.67,411.61,,,,,,,基础化工,化学制品,日用化学产品,42.1,42.62,42.96
sz002919,名臣健康,2021-07-13,42.84,42.84,41.23,41.41,42.97,454468.0,18969541.0,2832335091.7,5057641200.45,158876193.06,186458258.37,717279575.95,917974155.75,200694579.8,62676044.09,687.05,692.35,257.6,227.46,945.61,977.14,6.7,0.0,,,,,,,基础化工,化学制品,日用化学产品,42.29,42.11,41.91
sz002919,名臣健康,2021-07-14,41.41,42.47,41.32,41.73,41.41,445436.0,18682936.0,2854222250.1,5096724638.849999,158876193.06,186458258.37,717279575.95,917974155.75,200694579.8,62676044.09,500.14,568.1,435.45,510.17,932.71,790.02,0.0,0.0,,,,,,,基础化工,化学制品,日用化学产品,41.96,42.0,42.47
sz002919,名臣健康,2021-07-15,41.87,42.24,40.99,41.18,41.73,299668.0,12398034.0,2816603696.6000004,5029549979.099999,158876193.06,186458258.37,717279575.95,917974155.75,200694579.8,62676044.09,337.07,466.91,117.94,50.04,784.79,722.86,0.0,0.0,,,,,,,基础化工,化学制品,日用化学产品,41.18,41.7,41.21
sz002919,名臣健康,2021-07-16,40.93,41.3,39.8,40.96,41.18,353873.0,14397043.0,2801556275.2,5002680115.2,158876193.06,186458258.37,717279575.95,917974155.75,200694579.8,62676044.09,459.67,526.29,81.57,64.02,898.46,849.4,0.0,0.0,,,,,,,基础化工,化学制品,日用化学产品,40.74,41.02,40.79
sz002919,名臣健康,2021-07-19,40.4,41.69,40.2,40.83,40.96,347736.0,14233916.0,2792664617.1,4986802468.35,158876193.06,186458258.37,717279575.95,917974155.75,200694579.8,62676044.09,470.54,540.36,194.8,120.12,721.99,726.85,0.0,0.0,,,,,,,基础化工,化学制品,日用化学产品,40.53,40.63,40.57
sz002919,名臣健康,2021-07-20,40.28,41.48,38.85,39.79,40.83,670186.0,26654848.0,2721531352.3,4859781293.55,158876193.06,186458258.37,717279575.95,917974155.75,200694579.8,62676044.09,882.33,659.6,686.35,805.32,1096.81,1200.57,0.0,0.0,,,,,,,基础化工,化学制品,日用化学产品,40.34,40.24,39.95
sz002919,名臣健康,2021-07-21,40.3,40.58,39.22,39.98,39.79,380250.0,15226334.0,2734526852.6,4882987085.1,158876193.06,186458258.37,717279575.95,917974155.75,200694579.8,62676044.09,549.92,460.19,142.73,292.34,829.99,770.11,0.0,0.0,,,,,,,基础化工,化学制品,日用化学产品,39.65,40.18,40.3
sz002919,名臣健康,2021-07-22,40.34,43.98,40.06,43.65,39.98,1572160.0,67161261.0,2985545200.5,5331225269.25,158876193.06,186458258.37,717279575.95,917974155.75,200694579.8,62676044.09,2371.14,2652.37,1037.5,1232.79,3307.49,2830.96,0.0,0.0,,,,,,,基础化工,化学制品,日用化学产品,42.2,41.72,41.82
sz002919,名臣健康,2021-07-23,44.04,45.39,41.67,41.99,43.65,1422468.0,61291128.0,2872005566.3,5128479932.55,158876193.06,186458258.37,717279575.95,917974155.75,200694579.8,62676044.09,2236.46,1868.13,1201.68,834.71,2426.62,3111.47,264.35,314.81,,,,,,,基础化工,化学制品,日用化学产品,44.88,43.15,43.02
sz002919,名臣健康,2021-07-26,42.94,43.0,39.39,40.68,41.99,844120.0,34609768.0,2782405011.6,4968482106.599999,158876193.06,186458258.37,717279575.95,917974155.75,200694579.8,62676044.09,1255.88,1274.92,533.62,453.79,1531.33,1592.15,140.15,140.12,,,,,,,基础化工,化学制品,日用化学产品,41.04,41.39,41.04
sz002919,名臣健康,2021-07-27,40.68,41.1,39.01,39.82,40.68,679032.0,27261643.0,2723583273.4,4863445365.9,158876193.06,186458258.37,717279575.95,917974155.75,200694579.8,62676044.09,828.75,972.44,633.11,340.34,1258.69,1413.39,5.61,0.0,,,,,,,基础化工,化学制品,日用化学产品,40.41,39.99,40.38
sz002919,名臣健康,2021-07-28,39.62,41.38,37.54,40.8,39.82,1091187.0,43233696.0,2790612696.0,4983138396.0,158876193.06,186458258.37,717279575.95,917974155.75,200694579.8,62676044.09,1504.69,1299.49,1282.04,1145.0,1537.03,1879.27,0.0,0.0,,,,,,,基础化工,化学制品,日用化学产品,38.9,37.89,38.78
sz002919,名臣健康,2021-07-29,40.8,42.29,39.8,42.29,40.8,1057933.0,43330293.0,2892524777.3,5165120656.05,158876193.06,186458258.37,717279575.95,917974155.75,200694579.8,62676044.09,1140.51,1042.91,1613.79,914.79,1578.73,2375.33,0.0,0.0,,,,,,,基础化工,化学制品,日用化学产品,40.19,40.0,40.09
sz002919,名臣健康,2021-07-30,44.0,45.0,41.02,41.08,42.29,1433952.0,61492689.0,2809763959.6,5017336404.6,158876193.06,186458258.37,717279575.95,917974155.75,200694579.8,62676044.09,2024.05,1729.38,2112.94,1317.87,1562.67,2671.68,449.61,430.34,,,,,,,美容护理,个护用品,洗护用品,44.44,44.38,42.54
sz002919,名臣健康,2021-08-02,40.01,42.53,40.0,41.94,41.08,672197.0,27847134.0,2868585697.8,5122373145.3,158876193.06,186458258.37,717279575.95,917974155.75,200694579.8,62676044.09,878.07,1060.19,535.67,505.14,1370.97,1204.21,0.0,15.17,,,,,,,美容护理,个护用品,洗护用品,41.08,41.0,40.38
sz002919,名臣健康,2021-08-03,41.92,42.18,40.2,40.25,41.94,765150.0,31458371.0,2752994142.4999995,4915963736.25,158876193.06,186458258.37,717279575.95,917974155.75,200694579.8,62676044.09,883.32,1050.83,656.15,743.09,1307.43,1017.74,298.94,334.17,,,,,,,美容护理,个护用品,洗护用品,41.71,41.88,41.62
sz002919,名臣健康,2021-08-04,40.26,40.57,39.57,40.16,40.25,284708.0,11420360.0,2746838379.2000003,4904971519.2,158876193.06,186458258.37,717279575.95,917974155.75,200694579.8,62676044.09,500.13,452.39,24.1,45.31,617.8,644.33,0.0,0.0,,,,,,,美容护理,个护用品,洗护用品,39.7,39.84,40.08
sz002919,名臣健康,2021-08-05,40.34,40.34,38.8,39.62,40.16,749550.0,29564467.0,2709903799.4,4839018216.900001,158876193.06,186458258.37,717279575.95,917974155.75,200694579.8,62676044.09,632.84,779.21,260.87,431.91,1097.8,780.36,964.94,964.97,,,,,,,美容护理,个护用品,洗护用品,39.9,39.43,39.53
sz002919,名臣健康,2021-08-06,39.4,39.98,38.3,38.91,39.62,590850.0,22998357.0,2661341666.7000003,4752301837.95,158876193.06,186458258.37,717279575.95,917974155.75,200694579.8,62676044.09,800.65,737.4,535.15,545.14,964.04,1017.29,0.0,0.0,,,,,,,美容护理,个护用品,洗护用品,39.14,38.97,38.7
sz002919,名臣健康,2021-08-09,38.9,39.49,38.08,39.39,38.91,528488.0,20669425.0,2694172404.3,4810926995.55,158876193.06,186458258.37,717279575.95,917974155.75,200694579.8,62676044.09,635.14,1150.49,98.84,202.02,1332.96,714.44,0.0,0.0,,,,,,,美容护理,个护用品,洗护用品,39.15,39.1,38.88
sz002919,名臣健康,2021-08-10,39.32,41.47,39.18,40.07,39.39,926400.0,37270316.0,2740682615.9,4893979302.15,158876193.06,186458258.37,717279575.95,917974155.75,200694579.8,62676044.09,979.01,1241.5,882.27,859.34,1215.21,950.73,650.54,675.46,,,,,,,美容护理,个护用品,洗护用品,39.31,39.54,39.58
sz002919,名臣健康,2021-08-11,39.81,40.8,39.3,39.56,40.07,513968.0,20433335.0,2705799957.2000003,4831690072.200001,158876193.06,186458258.37,717279575.95,917974155.75,200694579.8,62676044.09,647.81,729.47,473.42,570.76,821.94,623.16,100.16,119.94,,,,,,,美容护理,个护用品,洗护用品,39.82,40.1,40.13
sz002919,名臣健康,2021-08-12,39.33,39.82,38.45,38.52,39.56,377300.0,14677894.0,2634666692.4,4704668897.400001,158876193.06,186458258.37,717279575.95,917974155.75,200694579.8,62676044.09,448.45,530.94,118.14,336.27,901.2,489.19,0.0,111.38,,,,,,,美容护理,个护用品,洗护用品,39.68,39.55,39.37
sz002919,名臣健康,2021-08-13,38.62,38.89,38.02,38.8,38.52,833154.0,32055582.0,2653817956.0,4738866906.0,158876193.06,186458258.37,717279575.95,917974155.75,200694579.8,62676044.09,739.39,983.91,1410.7,1460.94,1055.47,753.8,0.0,6.92,,,,,,,美容护理,个护用品,洗护用品,38.25,38.31,38.25
sz002919,名臣健康,2021-08-16,38.8,39.86,38.7,39.21,38.8,521936.0,20524798.0,2681860877.7,4788942561.45,158876193.06,186458258.37,717279575.95,917974155.75,200694579.8,62676044.09,655.14,825.79,188.0,189.39,1208.81,1037.3,0.53,0.0,,,,,,,美容护理,个护用品,洗护用品,39.64,39.47,39.48
sz002919,名臣健康,2021-08-17,39.26,39.8,37.9,38.05,39.21,481750.0,18579760.0,2602519928.5,4647265097.25,158876193.06,186458258.37,717279575.95,917974155.75,200694579.8,62676044.09,433.08,558.51,283.17,237.8,1008.17,1061.67,133.56,0.0,,,,,,,美容护理,个护用品,洗护用品,39.23,39.47,39.12
sz002919,名臣健康,2021-08-18,38.0,39.5,36.92,39.11,38.05,1257343.0,48303732.0,2675021140.7000003,4776728986.95,158876193.06,186458258.37,717279575.95,917974155.75,200694579.8,62676044.09,1559.42,1673.84,1675.86,1304.83,1361.29,1476.68,233.81,375.03,,,,,,,美容护理,个护用品,洗护用品,37.9,37.46,37.6
sz002919,名臣健康,2021-08-19,38.72,38.73,37.52,38.49,39.11,572379.0,21763808.0,2632614771.3,4701004825.05,158876193.06,186458258.37,717279575.95,917974155.75,200694579.8,62676044.09,724.45,689.53,427.6,298.59,1024.33,1188.26,0.0,0.0,,,,,,,美容护理,个护用品,洗护用品,38.45,37.91,37.99
sz002919,名臣健康,2021-08-20,38.3,38.3,37.03,37.67,38.49,410630.0,15448591.0,2576528927.9,4600853514.15,158876193.06,186458258.37,717279575.95,917974155.75,200694579.8,62676044.09,730.77,607.9,62.48,128.61,751.61,808.35,0.0,0.0,,,,,,,美容护理,个护用品,洗护用品,38.15,37.54,37.43
sz002919,名臣健康,2021-08-23,37.94,39.08,37.23,38.57,37.67,565500.0,21730771.0,2638086560.9,4710775684.650001,158876193.06,186458258.37,717279575.95,917974155.75,200694579.8,62676044.09,561.5,803.69,379.79,371.97,1193.61,997.42,38.18,0.0,,,,,,,美容护理,个护用品,洗护用品,37.63,38.04,38.0
sz002919,名臣健康,2021-08-24,38.8,38.97,38.38,38.38,38.57,247650.0,9552716.0,2625091060.6000004,4687569893.099999,158876193.06,186458258.37,717279575.95,917974155.75,200694579.8,62676044.09,213.71,338.08,57.44,112.21,684.13,504.99,0.0,0.0,,,,,,,美容护理,个护用品,洗护用品,38.9,38.82,38.64
sz002919,名臣健康,2021-08-25,38.54,38.66,38.07,38.21,38.38,230108.0,8817938.0,2613463507.7,4666806816.45,158876193.06,186458258.37,717279575.95,917974155.75,200694579.8,62676044.09,136.74,194.75,62.84,115.6,682.21,571.44,0.0,0.0,,,,,,,美容护理,个护用品,洗护用品,38.11,38.42,38.43
sz002919,名臣健康,2021-08-26,38.47,39.36,38.04,38.78,38.21,458500.0,17784924.0,2652450008.6,4736424191.1,158876193.06,186458258.37,717279575.95,917974155.75,200694579.8,62676044.09,348.03,669.46,58.66,142.69,1371.8,966.35,0.0,0.0,,,,,,,美容护理,个护用品,洗护用品,38.52,38.24,38.36
sz002919,名臣健康,2021-08-27,39.41,39.8,37.6,39.35,38.78,778842.0,30606252.0,2691436509.5,4806041565.75,158876193.06,186458258.37,717279575.95,917974155.75,200694579.8,62676044.09,532.58,1032.01,325.94,287.18,2202.1,1534.76,0.0,206.67,,,,,,,美容护理,个护用品,洗护用品,38.78,38.96,38.81
sz002919,名臣健康,2021-08-30,39.15,41.0,38.0,38.7,39.35,1240192.0,49091275.0,2646978219.0,4726653331.5,158876193.06,186458258.37,717279575.95,917974155.75,200694579.8,62676044.09,1762.87,1388.23,761.11,548.06,2385.14,2900.68,0.0,72.15,,,,,,,美容护理,个护用品,洗护用品,39.63,39.68,39.74
sz002919,名臣健康,2021-08-31,38.7,38.83,36.5,37.97,38.7,1420198.0,53658174.0,2576553831.4,4637494237.650001,185144895.64,123248032.85999998,723216702.37,915214466.76,191997764.39,36223925.14,1197.36,1619.8,533.63,949.32,3634.83,2685.65,0.0,111.05,,,,,,,美容护理,个护用品,洗护用品,37.2,37.35,37.02
sz002919,名臣健康,2021-09-01,37.57,37.6,36.2,36.82,37.97,834753.0,30637487.0,2498517568.4,4497038130.900001,185144895.64,123248032.85999998,723216702.37,915214466.76,191997764.39,36223925.14,1036.11,778.11,691.68,527.63,1335.96,1758.01,0.0,0.0,,,,,,,美容护理,个护用品,洗护用品,36.68,36.58,36.95
sz002919,名臣健康,2021-09-02,36.67,36.67,34.8,34.96,36.82,721700.0,25526699.0,2372302395.2,4269865645.2,185144895.64,123248032.85999998,723216702.37,915214466.76,191997764.39,36223925.14,1016.44,905.61,405.79,680.09,1130.44,966.97,0.0,0.0,,,,,,,美容护理,个护用品,洗护用品,35.99,35.8,35.57
sz002919,名臣健康,2021-09-03,34.0,35.27,34.0,34.93,34.96,608607.0,21141195.0,2370266666.6,4266201572.85,185144895.64,123248032.85999998,723216702.37,915214466.76,191997764.39,36223925.14,956.02,742.07,449.95,430.21,708.16,941.85,0.0,0.0,,,,,,,美容护理,个护用品,洗护用品,34.51,34.66,34.99
sz002919,名臣健康,2021-09-06,35.0,35.14,34.2,34.47,34.93,1171121.0,40514290.0,2339052161.4,4210019130.15,185144895.64,123248032.85999998,723216702.37,915214466.76,191997764.39,36223925.14,1218.61,1727.57,1042.38,965.85,1399.58,731.7,390.86,626.31,,,,,,,美容护理,个护用品,洗护用品,34.89,34.98,34.8
sz002919,名臣健康,2021-09-07,34.44,34.99,34.41,34.53,34.47,696503.0,24130566.0,2343123618.6,4217347274.85,185144895.64,123248032.85999998,723216702.37,915214466.76,191997764.39,36223925.14,891.05,1043.34,514.74,527.05,994.47,842.67,12.8,0.0,,,,,,,美容护理,个护用品,洗护用品,34.77,34.85,34.89
sz002919,名臣健康,2021-09-08,34.51,37.07,34.42,36.3,34.53,1425375.0,51046382.0,2463231606.0,4433527543.5,185144895.64,123248032.85999998,723216702.37,915214466.76,191997764.39,36223925.14,1943.82,2275.56,901.28,1127.82,2259.53,1701.26,0.0,0.0,,,,,,,美容护理,个护用品,洗护用品,34.8,34.69,34.76
sz002919,名臣健康,2021-09-09,36.03,37.76,34.89,35.1,36.3,939768.0,33692839.0,2381802462.0,4286964649.5,185144895.64,123248032.85999998,723216702.37,915214466.76,191997764.39,36223925.14,1243.14,935.37,842.38,654.02,1256.48,1752.6,0.0,0.0,,,,,,,美容护理,个护用品,洗护用品,37.46,36.56,36.7
sz002919,名臣健康,2021-09-10,35.1,35.79,34.27,34.8,35.1,803371.0,27934625.0,2361445176.0,4250323926.0,185144895.64,123248032.85999998,723216702.37,915214466.76,191997764.39,36223925.14,993.35,1077.62,578.84,839.53,1221.27,874.58,0.0,1.73,,,,,,,美容护理,个护用品,洗护用品,35.52,35.39,34.83
sz002919,名臣健康,2021-09-13,34.43,35.33,34.25,34.49,34.8,635000.0,22039365.0,2340409313.8,4212461845.05,185144895.64,123248032.85999998,723216702.37,915214466.76,191997764.39,36223925.14,774.88,967.91,452.95,470.77,976.11,765.25,0.0,0.0,,,,,,,美容护理,个护用品,洗护用品,34.89,35.19,34.9
sz002919,名臣健康,2021-09-14,34.36,37.38,34.2,36.74,34.49,1226700.0,44130330.0,2493088958.8,4487267271.3,185144895.64,123248032.85999998,723216702.37,915214466.76,191997764.39,36223925.14,1559.85,1822.87,851.86,610.07,2001.32,1871.82,0.0,108.27,,,,,,,美容护理,个护用品,洗护用品,34.39,34.55,34.67
sz002919,名臣健康,2021-09-15,36.89,40.41,36.49,40.41,36.74,1643659.0,63937889.0,2742126424.2,4935505455.45,185144895.64,123248032.85999998,723216702.37,915214466.76,191997764.39,36223925.14,2165.26,2741.47,1665.7,1182.84,2260.81,2350.59,302.03,118.89,,,,,,,美容护理,个护用品,洗护用品,37.25,36.77,37.62
sz002919,名臣健康,2021-09-16,40.41,44.38,40.41,44.18,40.41,2216971.0,95265394.0,2997949651.6000004,5395957214.1,185144895.64,123248032.85999998,723216702.37,915214466.76,191997764.39,36223925.14,3344.86,3746.18,3271.47,2045.56,2904.32,3612.07,5.88,122.72,,,,,,,美容护理,个护用品,洗护用品,42.72,42.5,42.89
sz002919,名臣健康,2021-09-17,44.35,46.12,42.48,43.09,44.18,1876959.0,81803874.0,2923984845.8,5262829252.05,185144895.64,123248032.85999998,723216702.37,915214466.76,191997764.39,36223925.14,2583.31,2638.6,2188.56,1753.37,3176.78,3733.64,231.75,54.78,,,,,,,美容护理,个护用品,洗护用品,45.26,43.23,42.9
sz002919,名臣健康,2021-09-22,43.1,45.5,42.49,45.16,43.09,1212008.0,54062075.0,3064450119.2000003,5515650244.200001,185144895.64,123248032.85999998,723216702.37,915214466.76,191997764.39,36223925.14,1749.84,2124.37,1329.53,1219.2,2127.67,2045.61,199.16,17.04,,,,,,,美容护理,个护用品,洗护用品,43.66,43.61,44.36
sz002919,名臣健康,2021-09-23,46.0,47.35,44.9,46.72,45.16,1219125.0,56372853.0,3170308006.4,5706182006.400001,185144895.64,123248032.85999998,723216702.37,915214466.76,191997764.39,36223925.14,1798.95,1942.54,1496.39,1587.23,1932.94,2107.52,409.01,0.0,,,,,,,美容护理,个护用品,洗护用品,45.25,46.22,45.7
sz002919,名臣健康,2021-09-24,46.72,47.24,45.44,45.75,46.72,826508.0,37978915.0,3104486115.0,5587710333.75,185144895.64,123248032.85999998,723216702.37,915214466.76,191997764.39,36223925.14,1175.4,1400.36,506.74,541.16,2001.81,1699.82,113.94,156.56,,,,,,,美容护理,个护用品,洗护用品,46.01,45.99,45.84
sz002919,名臣健康,2021-09-27,45.76,46.5,44.3,44.98,45.75,908300.0,41118114.0,3052235747.6,5493665810.099999,185144895.64,123248032.85999998,723216702.37,915214466.76,191997764.39,36223925.14,1210.92,1456.49,901.97,931.84,1998.93,1615.0,0.0,108.48,,,,,,,美容护理,个护用品,洗护用品,45.7,45.01,45.1
sz002919,名臣健康,2021-09-28,44.97,45.9,43.5,44.39,44.98,786608.0,34816401.0,3012199751.8,5421605720.55,185144895.64,123248032.85999998,723216702.37,915214466.76,191997764.39,36223925.14,1136.49,956.4,506.45,924.54,1838.7,1564.2,0.0,36.5,,,,,,,美容护理,个护用品,洗护用品,44.78,44.71,44.38
sz002919,名臣健康,2021-09-29,44.71,44.71,42.97,43.04,44.39,836000.0,36386423.0,2920591964.8,5256722464.8,185144895.64,123248032.85999998,723216702.37,915214466.76,191997764.39,36223925.14,1359.92,974.89,936.15,1309.44,1342.57,1239.58,0.0,114.73,,,,,,,美容护理,个护用品,洗护用品,43.08,43.88,43.69
sz002919,名臣健康,2021-09-30,43.04,45.5,43.02,45.49,43.04,738856.0,32849442.0,3086843133.8,5555955040.05,185144895.64,123248032.85999998,723216702.37,915214466.76,191997764.39,36223925.14,1047.12,966.86,897.49,493.69,1340.33,1495.18,0.0,329.21,,,,,,,美容护理,个护用品,洗护用品,43.49,43.57,44.49
sz002919,名臣健康,2021-10-08,47.05,48.01,43.07,43.87,45.49,962512.0,42629092.0,2976913789.4,5358095133.15,185144895.64,123248032.85999998,723216702.37,915214466.76,191997764.39,36223925.14,1588.14,959.1,1200.07,504.38,1474.7,2799.43,0.0,0.0,,,,,,,美容护理,个护用品,洗护用品,45.0,44.16,43.65
sz002919,名臣健康,2021-10-11,43.74,45.84,43.54,45.48,43.87,572525.0,25687454.0,3086164557.6,5554733682.6,185144895.64,123248032.85999998,723216702.37,915214466.76,191997764.39,36223925.14,1037.4,948.23,357.89,588.09,1173.46,1032.42,0.0,0.0,,,,,,,美容护理,个护用品,洗护用品,44.32,44.75,44.6
sz002919,名臣健康,2021-10-12,45.44,47.0,45.01,46.46,45.48,818650.0,37770709.0,3152665025.2,5674426712.700001,185144895.64,123248032.85999998,723216702.37,915214466.76,191997764.39,36223925.14,1143.87,1106.63,1334.04,764.81,1299.16,1867.68,0.0,37.94,,,,,,,美容护理,个护用品,洗护用品,45.65,46.28,46.43
sz002919,名臣健康,2021-10-13,46.48,47.37,45.34,46.96,46.46,460125.0,21404408.0,3186593835.2,5735494585.2,185144895.64,123248032.85999998,723216702.37,915214466.76,191997764.39,36223925.14,906.15,627.87,502.58,494.0,731.71,1004.15,0.0,14.42,,,,,,,美容护理,个护用品,洗护用品,45.71,45.98,45.96
sz002919,名臣健康,2021-10-14,47.27,47.8,46.51,47.22,46.96,409450.0,19309145.0,3204236816.4,5767249878.9,185144895.64,123248032.85999998,723216702.37,915214466.76,191997764.39,36223925.14,661.78,647.01,378.15,476.33,890.98,697.94,0.0,109.63,,,,,,,美容护理,个护用品,洗护用品,47.18,46.66,46.81
sz002919,名臣健康,2021-10-15,47.5,47.7,45.51,47.38,47.22,497250.0,23395809.0,3215094035.6,5786791598.099999,185144895.64,123248032.85999998,723216702.37,915214466.76,191997764.39,36223925.14,1026.59,709.46,510.25,691.91,802.75,938.21,0.0,0.0,,,,,,,美容护理,个护用品,洗护用品,47.25,46.97,46.4
sz002919,名臣健康,2021-10-18,47.59,48.5,46.18,46.59,47.38,689950.0,32412657.0,3161486515.8,5690304359.55,185144895.64,123248032.85999998,723216702.37,915214466.76,191997764.39,36223925.14,1282.32,851.47,994.71,805.87,946.99,1566.68,0.0,0.0,,,,,,,美容护理,个护用品,洗护用品,48.19,48.12,47.58
sz002919,名臣健康,2021-10-19,46.88,47.8,46.53,46.59,46.59,726400.0,34111648.0,3161486515.8,5690304359.55,185144895.64,123248032.85999998,723216702.37,915214466.76,191997764.39,36223925.14,1048.11,1080.72,434.46,922.28,1928.6,1061.84,0.0,346.33,,,,,,,美容护理,个护用品,洗护用品,47.09,47.09,47.33
sz002919,名臣健康,2021-10-20,46.4,46.88,45.83,46.35,46.59,685000.0,31630017.0,3145200687.0,5660991780.749999,185144895.64,123248032.85999998,723216702.37,915214466.76,191997764.39,36223925.14,884.47,1371.8,814.81,916.39,1230.32,874.82,233.4,0.0,,,,,,,美容护理,个护用品,洗护用品,46.63,46.09,45.97
sz002919,名臣健康,2021-10-21,46.4,48.5,45.5,48.5,46.35,817292.0,39106118.0,3291094570.0,5923583632.500001,185144895.64,123248032.85999998,723216702.37,915214466.76,191997764.39,36223925.14,1408.99,1203.21,765.49,1434.38,1601.46,1185.0,134.68,88.03,,,,,,,美容护理,个护用品,洗护用品,46.38,46.5,46.86
sz002919,名臣健康,2021-10-22,48.51,49.0,46.66,47.48,48.5,732634.0,34600694.0,3221879797.6000004,5799005172.6,185144895.64,123248032.85999998,723216702.37,915214466.76,191997764.39,36223925.14,1526.62,935.66,1069.68,138.2,863.77,2368.19,0.0,18.02,,,,,,,美容护理,个护用品,洗护用品,47.73,47.39,47.46
sz002919,名臣健康,2021-10-25,47.48,47.79,46.08,46.77,47.48,422550.0,19720843.0,3173700887.4,5712288793.65,185144895.64,123248032.85999998,723216702.37,915214466.76,191997764.39,36223925.14,726.61,467.73,431.54,535.25,627.66,969.11,186.27,0.0,,,,,,,美容护理,个护用品,洗护用品,46.86,46.82,47.06
sz002919,名臣健康,2021-10-26,46.5,47.2,45.6,46.82,46.77,360900.0,16761701.0,3177093768.4,5718395580.9,185144895.64,123248032.85999998,723216702.37,915214466.76,191997764.39,36223925.14,549.65,672.52,81.96,326.16,903.61,677.49,140.95,0.0,,,,,,,美容护理,个护用品,洗护用品,46.46,46.38,46.14
sz002919,名臣健康,2021-10-27,46.82,46.82,45.78,46.18,46.82,286850.0,13273385.0,3133664891.6,5640228704.1,185144895.64,123248032.85999998,723216702.37,915214466.76,191997764.39,36223925.14,559.96,491.17,176.37,196.25,591.0,639.91,0.0,0.0,,,,,,,美容护理,个护用品,洗护用品,45.79,46.13,46.58
sz002919,名臣健康,2021-10-28,45.26,47.23,45.02,46.82,46.18,612550.0,28616732.0,3177093768.4,5718395580.9,185144895.64,123248032.85999998,723216702.37,915214466.76,191997764.39,36223925.14,891.52,1126.86,911.76,626.89,941.59,874.67,116.8,233.25,,,,,,,美容护理,个护用品,洗护用品,45.89,46.4,46.38
sz002919,名臣健康,2021-10-29,46.81,47.79,46.11,47.06,46.82,660000.0,31077818.0,3193379597.2,5747708159.7,176365050.14000002,90815515.26,745369301.56,909953766.03,164584464.47,22121912.269999996,1288.8,1012.67,805.21,1122.54,1013.77,972.58,0.0,0.0,,,,,,,美容护理,个护用品,洗护用品,47.07,46.75,46.76
sz002919,名臣健康,2021-11-01,49.0,51.77,47.0,48.56,47.06,2441250.0,121716392.0,3295166027.2000003,5930911777.200001,176365050.14000002,90815515.26,745369301.56,909953766.03,164584464.47,22121912.269999996,3544.56,3078.75,3967.47,4331.58,2954.59,3605.72,1705.02,1155.59,,,,,,,美容护理,个护用品,洗护用品,51.5,51.77,51.4
sz002919,名臣健康,2021-11-02,47.42,48.86,43.8,43.8,48.56,1817656.0,83021560.0,2972163756.0000005,5349545631.0,176365050.14000002,90815515.26,745369301.56,909953766.03,164584464.47,22121912.269999996,3267.76,2872.11,1768.45,1976.8,2866.19,2885.63,399.75,567.62,,,,,,,美容护理,个护用品,洗护用品,47.48,47.0,46.69
sz002919,名臣健康,2021-11-03,43.58,43.58,39.42,39.99,43.8,1716410.0,69611929.0,2713626223.8,4884208442.55,176365050.14000002,90815515.26,745369301.56,909953766.03,164584464.47,22121912.269999996,2489.84,2665.84,1827.71,2102.27,2524.24,1602.58,119.4,590.51,,,,,,,美容护理,个护用品,洗护用品,41.66,41.0,41.66
sz002919,名臣健康,2021-11-04,39.99,43.99,39.5,43.99,39.99,1853710.0,78352444.0,2985056703.8,5372751422.549999,176365050.14000002,90815515.26,745369301.56,909953766.03,164584464.47,22121912.269999996,2040.82,2566.41,2385.75,2943.01,1830.88,2086.2,1577.79,239.63,,,,,,,美容护理,个护用品,洗护用品,40.12,40.31,41.8
sz002919,名臣健康,2021-11-05,44.85,48.3,42.13,43.6,43.99,2178250.0,97007613.0,2958592232.0,5325118482.0,176365050.14000002,90815515.26,745369301.56,909953766.03,164584464.47,22121912.269999996,3606.83,4097.97,2673.71,1575.57,3420.22,3376.0,0.0,651.22,,,,,,,美容护理,个护用品,洗护用品,47.88,45.81,43.01
sz002919,名臣健康,2021-11-08,43.6,44.6,42.0,43.47,43.6,996868.0,43400566.0,2949770741.4,5309240835.15,176365050.14000002,90815515.26,745369301.56,909953766.03,164584464.47,22121912.269999996,1674.12,1523.76,1322.0,880.13,1343.93,1936.17,0.0,0.0,,,,,,,美容护理,个护用品,洗护用品,43.13,43.02,44.0
sz002919,名臣健康,2021-11-09,43.34,45.33,43.06,44.85,43.47,672950.0,29900599.0,3043414257.0,5477788163.25,176365050.14000002,90815515.26,745369301.56,909953766.03,164584464.47,22121912.269999996,1063.69,1514.47,422.44,436.96,1503.93,1038.63,0.0,0.0,,,,,,,美容护理,个护用品,洗护用品,43.41,43.4,43.51
sz002919,名臣健康,2021-11-10,44.65,46.86,44.48,44.92,44.85,779700.0,35426627.0,3048164290.4,5486337665.4,176365050.14000002,90815515.26,745369301.56,909953766.03,164584464.47,22121912.269999996,1553.68,1496.03,645.09,773.77,1343.89,1149.31,0.0,123.56,,,,,,,美容护理,个护用品,洗护用品,45.22,45.62,45.9
sz002919,名臣健康,2021-11-11,44.97,45.87,44.22,44.38,44.92,612903.0,27456643.0,3011521175.6,5420384363.1,176365050.14000002,90815515.26,745369301.56,909953766.03,164584464.47,22121912.269999996,932.04,1009.02,576.32,767.55,1237.3,969.1,0.0,0.0,,,,,,,美容护理,个护用品,洗护用品,44.87,45.23,45.25
sz002919,名臣健康,2021-11-12,44.02,44.6,43.52,43.8,44.38,667600.0,29334226.0,2972163756.0000005,5349545631.0,176365050.14000002,90815515.26,745369301.56,909953766.03,164584464.47,22121912.269999996,764.05,690.68,952.76,1277.57,1216.62,827.17,0.0,138.0,,,,,,,美容护理,个护用品,洗护用品,43.88,43.62,43.72
sz002919,名臣健康,2021-11-15,43.6,44.5,42.76,43.15,43.8,416018.0,17992531.0,2928056303.0,5270157396.75,176365050.14000002,90815515.26,745369301.56,909953766.03,164584464.47,22121912.269999996,612.77,725.89,354.64,353.71,831.84,719.66,0.0,0.0,,,,,,,美容护理,个护用品,洗护用品,43.58,43.1,43.15
sz002919,名臣健康,2021-11-16,42.8,44.61,42.5,44.16,43.15,906300.0,39627029.0,2996592499.2,5393514499.200001,176365050.14000002,90815515.26,745369301.56,909953766.03,164584464.47,22121912.269999996,1452.42,1495.09,1369.18,867.26,1106.15,1422.35,34.95,178.0,,,,,,,美容护理,个护用品,洗护用品,43.28,43.17,42.8
sz002919,名臣健康,2021-11-17,43.86,44.62,42.73,43.32,44.16,468242.0,20336249.0,2939592098.4,5290920473.400001,176365050.14000002,90815515.26,745369301.56,909953766.03,164584464.47,22121912.269999996,810.05,515.47,282.65,590.45,940.92,927.71,0.0,0.0,,,,,,,美容护理,个护用品,洗护用品,43.78,43.51,43.77
sz002919,名臣健康,2021-11-18,45.26,45.26,43.8,44.89,43.32,1398968.0,62528944.0,3046128561.8,5482673593.05,176365050.14000002,90815515.26,745369301.56,909953766.03,164584464.47,22121912.269999996,1950.56,2161.77,1034.36,1438.65,2648.52,1684.99,619.44,967.5,,,,,,,美容护理,个护用品,洗护用品,44.73,44.43,44.15
sz002919,名臣健康,2021-11-19,44.84,46.81,44.21,46.34,44.89,1106718.0,50637071.0,3144522110.8,5659770423.299999,176365050.14000002,90815515.26,745369301.56,909953766.03,164584464.47,22121912.269999996,1826.01,1635.46,1129.41,1845.68,2108.29,1401.53,0.0,181.04,,,,,,,美容护理,个护用品,洗护用品,44.31,44.4,44.6
sz002919,名臣健康,2021-11-22,45.41,46.49,44.75,45.0,46.34,958459.0,43441938.0,3053592900.0,5496108525.0,176365050.14000002,90815515.26,745369301.56,909953766.03,164584464.47,22121912.269999996,1527.72,1586.28,961.83,572.62,1526.7,2017.87,327.93,167.43,,,,,,,美容护理,个护用品,洗护用品,46.22,45.86,45.77
sz002919,名臣健康,2021-11-23,44.96,45.19,43.83,43.86,45.0,595650.0,26442353.0,2976235213.2,5356873775.7,176365050.14000002,90815515.26,745369301.56,909953766.03,164584464.47,22121912.269999996,820.45,751.28,930.11,906.68,893.68,986.28,0.0,0.0,,,,,,,美容护理,个护用品,洗护用品,45.07,44.86,44.71
sz002919,名臣健康,2021-11-24,43.85,44.23,43.03,43.52,43.86,398118.0,17288438.0,2953163622.4,5315347622.4,176365050.14000002,90815515.26,745369301.56,909953766.03,164584464.47,22121912.269999996,676.25,484.93,423.22,481.81,629.38,762.11,0.0,0.0,,,,,,,美容护理,个护用品,洗护用品,44.23,43.65,43.66
sz002919,名臣健康,2021-11-25,43.16,44.55,42.01,43.6,43.52,981113.0,42453201.0,2958592232.0,5325118482.0,176365050.14000002,90815515.26,745369301.56,909953766.03,164584464.47,22121912.269999996,1195.98,1379.17,1690.94,1891.06,1358.4,975.08,0.0,0.0,,,,,,,美容护理,个护用品,洗护用品,43.52,43.0,42.65
sz002919,名臣健康,2021-11-26,43.79,45.43,42.85,44.76,43.6,1061945.0,47439889.0,3037307071.2,5466795946.2,176365050.14000002,90815515.26,745369301.56,909953766.03,164584464.47,22121912.269999996,1161.1,1920.76,1416.97,1705.21,2165.93,993.65,0.0,124.37,,,,,,,美容护理,个护用品,洗护用品,44.18,44.38,44.48
sz002919,名臣健康,2021-11-29,43.87,45.0,42.91,43.83,44.76,1211950.0,52862022.0,2974199484.6,5353209703.349999,176365050.14000002,90815515.26,745369301.56,909953766.03,164584464.47,22121912.269999996,1191.0,1364.54,2503.84,1749.4,1432.45,1909.91,158.91,262.35,,,,,,,美容护理,个护用品,洗护用品,44.55,43.87,44.0
sz002919,名臣健康,2021-11-30,44.65,44.68,42.99,43.1,43.83,503850.0,21879549.0,2924663422.0,5264050609.5,176365050.14000002,90815515.26,745369301.56,909953766.03,164584464.47,22121912.269999996,875.78,574.91,495.22,463.72,816.96,1149.32,0.0,0.0,,,,,,,美容护理,个护用品,洗护用品,44.2,44.08,43.89
sz002919,名臣健康,2021-12-01,43.07,43.66,42.5,43.11,43.1,488518.0,21099367.0,2925341998.2,5265271966.950001,176365050.14000002,90815515.26,745369301.56,909953766.03,164584464.47,22121912.269999996,586.09,630.97,283.42,266.58,877.48,819.28,362.94,393.1,,,,,,,美容护理,个护用品,洗护用品,42.6,42.67,42.77
sz002919,名臣健康,2021-12-02,43.36,43.36,42.5,42.5,43.11,400200.0,17085344.0,2883948850.0,5190769162.5,176365050.14000002,90815515.26,745369301.56,909953766.03,164584464.47,22121912.269999996,554.09,536.44,455.64,283.97,698.8,888.12,0.0,0.0,,,,,,,美容护理,个护用品,洗护用品,42.88,42.92,42.89
sz002919,名臣健康,2021-12-03,42.35,43.34,41.6,41.92,42.5,366900.0,15393619.0,2844591430.4,5119930430.400001,176365050.14000002,90815515.26,745369301.56,909953766.03,164584464.47,22121912.269999996,604.13,477.48,292.82,549.0,642.41,512.88,0.0,0.0,,,,,,,美容护理,个护用品,洗护用品,42.45,42.3,42.29
sz002919,名臣健康,2021-12-06,42.05,42.12,40.61,40.67,41.92,502700.0,20593204.0,2759769405.4,4967260749.15,176365050.14000002,90815515.26,745369301.56,909953766.03,164584464.47,22121912.269999996,841.98,761.01,463.12,496.03,754.22,802.29,0.0,0.0,,,,,,,美容护理,个护用品,洗护用品,41.28,41.14,41.03
sz002919,名臣健康,2021-12-07,40.8,41.03,39.78,40.25,40.67,407717.0,16412772.0,2731269205.0,4915963736.25,176365050.14000002,90815515.26,745369301.56,909953766.03,164584464.47,22121912.269999996,660.35,408.85,366.47,397.43,614.45,714.68,0.0,120.32,,,,,,,美容护理,个护用品,洗护用品,40.81,40.62,40.41
sz002919,名臣健康,2021-12-08,40.66,42.48,39.56,41.37,40.25,608800.0,25297209.0,2807269739.4,5052755770.650001,176365050.14000002,90815515.26,745369301.56,909953766.03,164584464.47,22121912.269999996,919.76,952.05,576.28,668.28,1033.68,909.39,0.0,0.0,,,,,,,美容护理,个护用品,洗护用品,40.3,41.07,41.0
sz002919,名臣健康,2021-12-09,41.5,41.62,40.82,41.23,41.37,301300.0,12395334.0,2797769672.6,5035656766.349999,176365050.14000002,90815515.26,745369301.56,909953766.03,164584464.47,22121912.269999996,575.11,428.02,101.61,309.04,562.81,502.48,0.0,0.0,,,,,,,美容护理,个护用品,洗护用品,41.44,41.21,41.18
sz002919,名臣健康,2021-12-10,43.5,43.5,41.13,42.77,41.23,971900.0,41049553.0,2902270407.4,5223745813.65,176365050.14000002,90815515.26,745369301.56,909953766.03,164584464.47,22121912.269999996,1196.72,1198.22,1040.23,1050.06,1759.08,1856.67,108.92,0.0,,,,,,,美容护理,个护用品,洗护用品,42.63,42.35,41.7
sz002919,名臣健康,2021-12-13,42.69,44.8,42.0,44.21,42.77,1250535.0,54544794.0,2999985380.2,5399621286.450001,176365050.14000002,90815515.26,745369301.56,909953766.03,164584464.47,22121912.269999996,2162.81,2404.79,934.63,1423.73,2277.4,1625.96,79.64,0.0,,,,,,,美容护理,个护用品,洗护用品,43.25,43.53,43.39
sz002919,名臣健康,2021-12-14,44.35,45.85,43.4,44.97,44.21,1110400.0,49743657.0,3051557171.4,5492444452.65,176365050.14000002,90815515.26,745369301.56,909953766.03,164584464.47,22121912.269999996,1655.6,1874.28,903.26,984.33,2146.12,1707.4,269.38,408.35,,,,,,,美容护理,个护用品,洗护用品,43.64,43.66,43.7
sz002919,名臣健康,2021-12-15,45.24,45.29,44.4,44.7,44.97,1361809.0,60985734.0,3033235614.0,5459467801.5,176365050.14000002,90815515.26,745369301.56,909953766.03,164584464.47,22121912.269999996,1209.33,1654.14,2330.2,1303.76,1423.31,1411.15,1135.73,1729.52,,,,,,,美容护理,个护用品,洗护用品,44.53,44.56,44.42
sz002919,名臣健康,2021-12-16,44.57,45.55,42.88,43.0,44.7,975500.0,42605207.0,2917877660.0,5251837034.999999,176365050.14000002,90815515.26,745369301.56,909953766.03,164584464.47,22121912.269999996,1506.3,1317.18,1211.86,1338.17,1542.36,1439.5,0.0,165.66,,,,,,,美容护理,个护用品,洗护用品,44.59,44.59,44.26
sz002919,名臣健康,2021-12-17,43.25,43.65,42.0,42.77,43.0,659777.0,28071957.0,2902270407.4,5223745813.65,176365050.14000002,90815515.26,745369301.56,909953766.03,164584464.47,22121912.269999996,1025.42,989.24,480.76,483.07,1301.02,1334.89,0.0,0.0,,,,,,,美容护理,个护用品,洗护用品,42.99,42.85,42.42
sz002919,名臣健康,2021-12-20,42.63,42.77,40.8,41.1,42.77,763508.0,31567054.0,2788948182.0,5019779119.5,176365050.14000002,90815515.26,745369301.56,909953766.03,164584464.47,22121912.269999996,1101.54,790.7,1019.02,692.91,1036.15,1373.91,0.0,299.18,,,,,,,美容护理,个护用品,洗护用品,42.08,41.75,41.63
sz002919,名臣健康,2021-12-21,41.05,43.0,41.05,42.14,41.1,726958.0,30752466.0,2859520106.8,5146800294.3,176365050.14000002,90815515.26,745369301.56,909953766.03,164584464.47,22121912.269999996,1060.21,977.37,253.6,919.77,1761.43,1170.83,0.0,7.29,,,,,,,美容护理,个护用品,洗护用品,41.4,41.74,41.68
sz002919,名臣健康,2021-12-22,42.5,42.93,41.32,42.0,42.14,554653.0,23198873.0,2850020040.0,5129701290.0,176365050.14000002,90815515.26,745369301.56,909953766.03,164584464.47,22121912.269999996,540.12,506.61,687.8,814.25,1091.97,999.02,0.0,0.0,,,,,,,美容护理,个护用品,洗护用品,41.85,41.56,41.5
sz002919,名臣健康,2021-12-23,42.0,42.49,40.7,40.9,42.0,864345.0,35624714.0,2775376658.0,4995351970.5,176365050.14000002,90815515.26,745369301.56,909953766.03,164584464.47,22121912.269999996,1045.5,694.95,1623.44,1142.14,836.91,1401.54,56.63,323.84,,,,,,,美容护理,个护用品,洗护用品,41.81,41.26,41.33
sz002919,名臣健康,2021-12-24,40.91,41.9,40.7,40.77,40.9,577350.0,23824070.0,2766555167.4,4979474323.650001,176365050.14000002,90815515.26,745369301.56,909953766.03,164584464.47,22121912.269999996,892.48,698.3,721.78,770.53,768.14,913.58,0.0,0.0,,,,,,,美容护理,个护用品,洗护用品,40.84,41.52,41.65
sz002919,名臣健康,2021-12-27,40.79,41.24,39.68,39.83,40.77,748500.0,29983785.0,2702769004.6,4864666723.35,176365050.14000002,90815515.26,745369301.56,909953766.03,164584464.47,22121912.269999996,966.1,742.72,681.19,1351.33,1351.09,904.32,0.0,0.0,,,,,,,美容护理,个护用品,洗护用品,40.66,40.2,39.76
sz002919,名臣健康,2021-12-28,40.24,40.48,39.83,39.88,39.83,307000.0,12305252.0,2706161885.6,4870773510.6,176365050.14000002,90815515.26,745369301.56,909953766.03,164584464.47,22121912.269999996,441.95,299.23,48.03,280.39,740.55,650.91,0.0,0.0,,,,,,,美容护理,个护用品,洗护用品,40.33,40.3,40.11
sz002919,名臣健康,2021-12-29,40.07,41.62,39.64,40.77,39.88,960550.0,39042226.0,2766555167.4,4979474323.650001,176365050.14000002,90815515.26,745369301.56,909953766.03,164584464.47,22121912.269999996,1181.78,1080.93,845.55,1042.57,1672.13,1281.59,204.77,499.13,,,,,,,美容护理,个护用品,洗护用品,39.91,39.82,40.11
sz002919,名臣健康,2021-12-30,40.79,41.84,40.41,40.62,40.77,858147.0,35227579.0,2756376524.4,4961153961.9,176365050.14000002,90815515.26,745369301.56,909953766.03,164584464.47,22121912.269999996,1721.82,787.02,826.38,1453.46,974.56,1002.16,0.0,280.12,,,,,,,美容护理,个护用品,洗护用品,40.73,40.84,40.62
sz002919,名臣健康,2021-12-31,40.3,40.74,38.5,39.39,40.62,2068939.0,81461063.0,2672911651.8,4810926995.55,176365050.14000002,90815515.26,745369301.56,909953766.03,164584464.47,22121912.269999996,2505.37,2045.86,2677.77,3536.19,2730.53,1204.84,232.44,1359.21,,,,,,,美容护理,个护用品,洗护用品,40.2,40.41,40.62
sz002919,名臣健康,2022-01-04,39.19,39.42,37.68,38.73,39.39,1352292.0,52118184.0,2628125622.6,4730317403.85,176365050.14000002,90815515.26,745369301.56,909953766.03,164584464.47,22121912.269999996,1558.04,1307.49,1007.15,1823.22,2416.01,1784.5,230.62,296.61,,,,,,,美容护理,个护用品,洗护用品,39.35,39.0,38.78
sz002919,名臣健康,2022-01-05,38.94,38.94,37.64,38.5,38.73,715850.0,27318784.0,2612518370.0,4702226182.5,176365050.14000002,90815515.26,745369301.56,909953766.03,164584464.47,22121912.269999996,959.67,997.4,552.74,342.68,1204.33,1391.79,15.15,0.0,,,,,,,美容护理,个护用品,洗护用品,37.78,38.46,38.02
sz002919,名臣健康,2022-01-06,38.26,38.66,38.0,38.27,38.5,409800.0,15654523.0,2596911117.4,4674134961.15,176365050.14000002,90815515.26,745369301.56,909953766.03,164584464.47,22121912.269999996,352.33,431.43,441.58,224.37,771.55,909.66,0.0,0.0,,,,,,,美容护理,个护用品,洗护用品,38.32,38.12,38.18
sz002919,名臣健康,2022-01-07,38.27,38.49,37.16,37.48,38.27,775250.0,29168727.0,2543303597.6,4577647722.6,176365050.14000002,90815515.26,745369301.56,909953766.03,164584464.47,22121912.269999996,1094.64,761.02,486.55,1027.44,1320.33,1128.42,15.35,0.0,,,,,,,美容护理,个护用品,洗护用品,38.29,38.18,37.92
sz002919,名臣健康,2022-01-10,37.48,38.02,36.36,36.85,37.48,1165516.0,43175324.0,2500553297.0,4500702203.25,176365050.14000002,90815515.26,745369301.56,909953766.03,164584464.47,22121912.269999996,1775.57,1075.22,846.72,1729.54,1415.55,1174.62,279.69,338.15,,,,,,,美容护理,个护用品,洗护用品,36.6,36.59,36.67
sz002919,名臣健康,2022-01-11,37.0,37.66,36.09,36.38,36.85,1274550.0,46712088.0,2468660215.6,4443298403.1,176365050.14000002,90815515.26,745369301.56,909953766.03,164584464.47,22121912.269999996,1447.54,1736.33,714.21,1492.86,2187.37,1155.48,322.09,286.54,,,,,,,美容护理,个护用品,洗护用品,37.23,36.84,36.7
sz002919,名臣健康,2022-01-12,36.59,36.99,36.14,36.68,36.38,849709.0,31051331.0,2489017501.6,4479939126.599999,176365050.14000002,90815515.26,745369301.56,909953766.03,164584464.47,22121912.269999996,1310.88,1325.15,401.37,527.85,1392.89,1241.52,0.0,10.61,,,,,,,美容护理,个护用品,洗护用品,36.65,36.7,36.8
sz002919,名臣健康,2022-01-13,36.69,36.89,36.25,36.71,36.68,1038474.0,38045582.0,2491053230.2000003,4483603198.95,176365050.14000002,90815515.26,745369301.56,909953766.03,164584464.47,22121912.269999996,1256.42,1557.76,894.67,653.86,1470.36,1300.04,183.1,292.9,,,,,,,美容护理,个护用品,洗护用品,36.72,36.43,36.3
sz002919,名臣健康,2022-01-14,36.75,37.8,35.75,37.45,36.71,1784730.0,66128173.0,2541267869.0,4573983650.25,176365050.14000002,90815515.26,745369301.56,909953766.03,164584464.47,22121912.269999996,2524.34,3018.33,877.06,901.32,2785.18,2226.19,426.23,466.98,,,,,,,美容护理,个护用品,洗护用品,35.8,36.28,36.48
sz002919,名臣健康,2022-01-17,37.03,37.58,36.26,36.35,37.45,1359377.0,49909391.0,2466624487.0,4439634330.75,176365050.14000002,90815515.26,745369301.56,909953766.03,164584464.47,22121912.269999996,2721.92,2067.53,492.45,1110.55,1776.56,1812.86,0.0,0.0,,,,,,,美容护理,个护用品,洗护用品,37.03,37.11,37.06
sz002919,名臣健康,2022-01-18,36.67,36.67,35.75,35.9,36.35,556145.0,19988360.0,2436088558.0,4384673245.5,176365050.14000002,90815515.26,745369301.56,909953766.03,164584464.47,22121912.269999996,566.07,569.57,281.57,199.32,1151.19,1229.94,0.0,0.0,,,,,,,美容护理,个护用品,洗护用品,36.16,35.84,35.85
sz002919,名臣健康,2022-01-19,35.5,36.21,35.24,35.49,35.9,401050.0,14271167.0,2408266933.8,4334597590.05,176365050.14000002,90815515.26,745369301.56,909953766.03,164584464.47,22121912.269999996,382.28,482.65,179.87,141.93,864.96,802.54,0.0,0.0,,,,,,,美容护理,个护用品,洗护用品,35.31,35.59,35.8
sz002919,名臣健康,2022-01-20,35.43,36.17,34.23,34.29,35.49,770550.0,26794651.0,2326837789.8,4188034696.05,176365050.14000002,90815515.26,745369301.56,909953766.03,164584464.47,22121912.269999996,906.26,767.22,408.01,348.77,1365.19,1563.47,0.0,0.0,,,,,,,美容护理,个护用品,洗护用品,36.09,35.56,35.47
sz002919,名臣健康,2022-01-21,34.04,34.55,33.86,34.32,34.29,351700.0,12053657.0,2328873518.4,4191698768.4,176365050.14000002,90815515.26,745369301.56,909953766.03,164584464.47,22121912.269999996,407.71,439.4,135.91,119.04,661.75,646.92,0.0,0.0,,,,,,,美容护理,个护用品,洗护用品,34.43,34.25,34.15
sz002919,名臣健康,2022-01-24,34.32,35.78,34.02,34.36,34.32,956877.0,33310958.0,2331587823.2,4196584198.2,176365050.14000002,90815515.26,745369301.56,909953766.03,164584464.47,22121912.269999996,1298.34,1110.66,419.4,786.92,1507.79,1433.52,105.57,0.0,,,,,,,美容护理,个护用品,洗护用品,34.4,34.64,34.83
sz002919,名臣健康,2022-01-25,34.36,34.4,32.5,32.6,34.36,721018.0,23986448.0,2212158412.0,3981625287.000001,176365050.14000002,90815515.26,745369301.56,909953766.03,164584464.47,22121912.269999996,685.95,818.68,150.6,575.8,1459.86,1004.17,102.24,0.0,,,,,,,美容护理,个护用品,洗护用品,34.2,34.34,33.55
sz002919,名臣健康,2022-01-26,32.68,33.69,32.3,33.51,32.6,614668.0,20425762.0,2273908846.2,4092768814.95,176365050.14000002,90815515.26,745369301.56,909953766.03,164584464.47,22121912.269999996,465.28,768.06,71.52,312.42,1505.78,962.1,0.0,0.0,,,,,,,美容护理,个护用品,洗护用品,32.89,32.96,33.21
sz002919,名臣健康,2022-01-27,33.45,33.51,31.71,31.8,33.51,581450.0,18808734.0,2157872316.0,3883916691.0,176365050.14000002,90815515.26,745369301.56,909953766.03,164584464.47,22121912.269999996,633.41,425.88,54.38,178.93,1193.09,1276.07,0.0,0.0,,,,,,,美容护理,个护用品,洗护用品,33.51,33.11,33.0
sz002919,名臣健康,2022-01-28,31.8,32.56,31.55,31.58,31.8,610300.0,19456405.0,2142943639.6,3857046827.1,176365050.14000002,90815515.26,745369301.56,909953766.03,164584464.47,22121912.269999996,430.25,610.79,328.54,364.83,1186.86,970.02,0.0,0.0,,,,,,,美容护理,个护用品,洗护用品,32.52,32.26,32.07
sz002919,名臣健康,2022-02-07,32.06,32.85,31.87,32.49,31.58,588350.0,19068707.0,2204694073.8,3968190355.05,176365050.14000002,90815515.26,745369301.56,909953766.03,164584464.47,22121912.269999996,506.35,755.59,199.58,212.92,1200.93,938.35,0.0,0.0,,,,,,,美容护理,个护用品,洗护用品,32.2,31.88,32.14
sz002919,名臣健康,2022-02-08,32.76,33.12,32.28,33.07,32.49,409100.0,13444203.0,2244051493.4,4039029087.15,176365050.14000002,90815515.26,745369301.56,909953766.03,164584464.47,22121912.269999996,328.61,324.65,258.12,263.46,757.69,756.31,0.0,0.0,,,,,,,美容护理,个护用品,洗护用品,32.49,32.4,32.78
sz002919,名臣健康,2022-02-09,33.29,33.85,33.0,33.85,33.07,320018.0,10734286.0,2296980437.0,4134294968.25,176365050.14000002,90815515.26,745369301.56,909953766.03,164584464.47,22121912.269999996,249.82,317.4,248.62,154.23,574.99,601.8,0.0,0.0,,,,,,,美容护理,个护用品,洗护用品,33.13,33.34,33.29
sz002919,名臣健康,2022-02-10,33.64,34.05,33.3,34.0,33.85,450700.0,15214078.0,2307159080.0,4152615330.0,176365050.14000002,90815515.26,745369301.56,909953766.03,164584464.47,22121912.269999996,512.06,493.08,283.32,229.94,726.03,798.39,0.0,0.0,,,,,,,美容护理,个护用品,洗护用品,33.91,34.03,33.38
sz002919,名臣健康,2022-02-11,33.93,34.18,33.11,33.64,34.0,429200.0,14394804.0,2282730336.8,4108646461.8,176365050.14000002,90815515.26,745369301.56,909953766.03,164584464.47,22121912.269999996,436.04,599.89,372.4,51.22,631.04,788.37,0.0,0.0,,,,,,,美容护理,个护用品,洗护用品,33.99,33.88,33.66
sz002919,名臣健康,2022-02-14,33.3,34.21,33.2,33.44,33.64,443800.0,14900999.0,2269158812.8,4084219312.8,176365050.14000002,90815515.26,745369301.56,909953766.03,164584464.47,22121912.269999996,375.68,401.61,257.4,171.76,739.08,916.72,117.93,0.0,,,,,,,美容护理,个护用品,洗护用品,33.39,33.64,34.16
sz002919,名臣健康,2022-02-15,33.45,33.64,32.7,33.08,33.44,383550.0,12699266.0,2244730069.6,4040250444.6,176365050.14000002,90815515.26,745369301.56,909953766.03,164584464.47,22121912.269999996,311.42,425.49,169.48,263.8,789.03,580.63,0.0,0.0,,,,,,,美容护理,个护用品,洗护用品,33.57,33.03,33.11
sz002919,名臣健康,2022-02-16,33.1,34.0,33.1,33.7,33.08,487418.0,16416348.0,2286801794.0,4115974606.5,176365050.14000002,90815515.26,745369301.56,909953766.03,164584464.47,22121912.269999996,526.8,615.02,78.12,257.9,1036.72,768.72,0.0,0.0,,,,,,,美容护理,个护用品,洗护用品,33.26,33.22,33.2
sz002919,名臣健康,2022-02-17,33.71,34.14,33.41,33.46,33.7,559824.0,18885772.0,2270515965.2,4086662027.7,176365050.14000002,90815515.26,745369301.56,909953766.03,164584464.47,22121912.269999996,687.72,566.97,291.07,569.68,909.79,750.92,0.0,1.01,,,,,,,美容护理,个护用品,洗护用品,33.68,33.68,33.98
sz002919,名臣健康,2022-02-18,33.46,33.88,32.81,33.73,33.46,335900.0,11237955.0,2288837522.6,4119638678.85,176365050.14000002,90815515.26,745369301.56,909953766.03,164584464.47,22121912.269999996,305.23,339.59,134.66,216.47,683.9,567.73,0.0,0.0,,,,,,,美容护理,个护用品,洗护用品,33.0,32.84,33.09
sz002919,名臣健康,2022-02-21,33.74,34.0,33.2,33.85,33.73,258050.0,8714493.0,2296980437.0,4134294968.25,176365050.14000002,90815515.26,745369301.56,909953766.03,164584464.47,22121912.269999996,304.57,362.31,147.27,71.18,419.6,437.96,0.0,0.0,,,,,,,美容护理,个护用品,洗护用品,33.67,33.56,33.83
sz002919,名臣健康,2022-02-22,33.75,33.75,32.33,32.65,33.85,654150.0,21378114.0,2215551293.0,3987732074.25,176365050.14000002,90815515.26,745369301.56,909953766.03,164584464.47,22121912.269999996,866.6,768.11,228.14,401.04,1043.07,968.67,0.0,0.0,,,,,,,美容护理,个护用品,洗护用品,33.34,33.0,32.42
sz002919,名臣健康,2022-02-23,32.96,33.95,32.74,33.93,32.65,713150.0,23973664.0,2302409046.6,4144065827.85,176365050.14000002,90815515.26,745369301.56,909953766.03,164584464.47,22121912.269999996,837.02,1078.99,196.59,243.13,1363.75,1075.25,0.0,0.0,,,,,,,美容护理,个护用品,洗护用品,33.13,33.04,32.86
sz002919,名臣健康,2022-02-24,33.88,33.88,30.54,32.06,33.93,962350.0,31180481.0,2175515297.2,3915671984.7,176365050.14000002,90815515.26,745369301.56,909953766.03,164584464.47,22121912.269999996,1055.23,760.75,265.56,817.64,1797.26,1539.66,0.0,0.0,,,,,,,美容护理,个护用品,洗护用品,33.77,33.7,33.74
sz002919,名臣健康,2022-02-25,32.44,33.38,32.33,33.01,32.06,505900.0,16650223.0,2239980036.2,4031700942.45,176365050.14000002,90815515.26,745369301.56,909953766.03,164584464.47,22121912.269999996,496.41,679.22,89.63,82.57,1078.98,903.23,0.0,0.0,,,,,,,美容护理,个护用品,洗护用品,32.66,32.98,33.35
sz002919,名臣健康,2022-02-28,33.01,33.42,31.85,32.49,33.01,392900.0,12732179.0,2204694073.8,3968190355.05,176365050.14000002,90815515.26,745369301.56,909953766.03,164584464.47,22121912.269999996,539.25,335.6,49.73,225.32,684.24,712.3,0.0,0.0,,,,,,,美容护理,个护用品,洗护用品,32.98,32.04,32.08
sz002919,名臣健康,2022-03-01,32.78,33.0,32.34,32.55,32.49,278600.0,9110320.0,2208765531.0,3975518499.75,176365050.14000002,90815515.26,745369301.56,909953766.03,164584464.47,22121912.269999996,175.21,257.46,32.8,61.07,703.02,592.51,0.0,0.0,,,,,,,美容护理,个护用品,洗护用品,32.76,32.47,32.55
sz002919,名臣健康,2022-03-02,32.68,33.0,31.99,32.22,32.55,293900.0,9476842.0,2186372516.4,3935213703.9,176365050.14000002,90815515.26,745369301.56,909953766.03,164584464.47,22121912.269999996,224.73,260.94,126.06,36.22,596.9,650.53,0.0,0.0,,,,,,,美容护理,个护用品,洗护用品,32.38,32.38,32.26
sz002919,名臣健康,2022-03-03,32.23,32.34,31.62,31.75,32.22,269700.0,8593372.0,2154479435.0,3877809903.75,176365050.14000002,90815515.26,745369301.56,909953766.03,164584464.47,22121912.269999996,246.78,323.92,75.27,92.99,537.29,442.42,0.0,0.0,,,,,,,美容护理,个护用品,洗护用品,32.09,32.0,31.91
sz002919,名臣健康,2022-03-04,31.99,31.99,31.1,31.24,31.75,295600.0,9275823.0,2119872048.8,3815520673.8,176365050.14000002,90815515.26,745369301.56,909953766.03,164584464.47,22121912.269999996,370.01,188.18,46.85,33.88,510.72,518.24,0.0,187.28,,,,,,,美容护理,个护用品,洗护用品,31.35,31.5,31.59
sz002919,名臣健康,2022-03-07,31.5,31.5,30.01,30.21,31.24,619000.0,18810614.0,2049978700.2,3689720856.45,176365050.14000002,90815515.26,745369301.56,909953766.03,164584464.47,22121912.269999996,644.12,619.94,155.86,418.48,1081.08,842.64,0.0,0.0,,,,,,,美容护理,个护用品,洗护用品,31.15,30.84,30.56
sz002919,名臣健康,2022-03-08,30.21,31.75,30.21,30.51,30.21,1386200.0,42914009.0,2070335986.2,3726361579.95,176365050.14000002,90815515.26,745369301.56,909953766.03,164584464.47,22121912.269999996,1602.14,1285.17,975.39,987.38,1713.87,2018.84,0.0,0.0,,,,,,,美容护理,个护用品,洗护用品,30.61,31.3,30.95
sz002919,名臣健康,2022-03-09,31.0,31.0,28.0,30.03,30.51,970050.0,28851763.0,2037764328.6,3667736422.35,176365050.14000002,90815515.26,745369301.56,909953766.03,164584464.47,22121912.269999996,767.05,749.08,510.83,739.03,1462.48,1251.67,144.82,145.4,,,,,,,美容护理,个护用品,洗护用品,29.76,30.39,30.65
sz002919,名臣健康,2022-03-10,30.29,31.33,29.0,29.22,30.03,1052400.0,31577069.0,1982799656.4,3568806468.9,176365050.14000002,90815515.26,745369301.56,909953766.03,164584464.47,22121912.269999996,1095.85,927.73,518.3,962.38,1543.55,1209.45,0.0,58.15,,,,,,,美容护理,个护用品,洗护用品,31.11,30.89,30.93
sz002919,名臣健康,2022-03-11,29.13,29.39,28.44,29.2,29.22,685000.0,19778120.0,1981442504.0,3566363754.0,176365050.14000002,90815515.26,745369301.56,909953766.03,164584464.47,22121912.269999996,552.95,640.71,36.53,404.64,1388.34,932.47,0.0,0.0,,,,,,,美容护理,个护用品,洗护用品,28.48,28.86,28.65
sz002919,名臣健康,2022-03-14,29.31,29.7,27.78,29.09,29.2,1492150.0,42834199.0,1973978165.8,3552928822.05,176365050.14000002,90815515.26,745369301.56,909953766.03,164584464.47,22121912.269999996,1930.13,1432.57,454.64,613.92,1898.65,2133.25,0.0,103.68,,,,,,,美容护理,个护用品,洗护用品,28.86,28.28,28.03
sz002919,名臣健康,2022-03-15,28.9,28.9,26.42,26.78,29.09,1358450.0,37267556.0,1817227063.6,3270795251.1,176365050.14000002,90815515.26,745369301.56,909953766.03,164584464.47,22121912.269999996,1151.53,1327.5,598.69,458.54,1856.73,1940.72,119.81,0.0,,,,,,,美容护理,个护用品,洗护用品,28.09,28.2,27.8
sz002919,名臣健康,2022-03-16,26.99,27.5,25.11,26.29,26.78,1351921.0,35140961.0,1783976829.8000004,3210948736.05,176365050.14000002,90815515.26,745369301.56,909953766.03,164584464.47,22121912.269999996,1040.48,1319.39,625.18,766.78,1848.44,1427.92,0.0,0.0,,,,,,,美容护理,个护用品,洗护用品,26.48,25.69,25.86
sz002919,名臣健康,2022-03-17,26.31,28.81,26.31,28.0,26.29,1573071.0,43809457.0,1900013360.0,3419800860.0,176365050.14000002,90815515.26,745369301.56,909953766.03,164584464.47,22121912.269999996,1314.71,1630.35,448.56,562.86,2500.99,2187.74,116.69,0.0,,,,,,,美容护理,个护用品,洗护用品,27.1,27.61,28.04
sz002919,名臣健康,2022-03-18,27.32,28.28,27.32,27.44,28.0,508550.0,14075518.0,1862013092.8,3351404842.8,176365050.14000002,90815515.26,745369301.56,909953766.03,164584464.47,22121912.269999996,445.43,454.03,149.89,143.81,812.23,809.72,0.0,0.0,,,,,,,美容护理,个护用品,洗护用品,28.08,27.76,27.77
sz002919,名臣健康,2022-03-21,27.36,28.88,26.81,28.78,27.44,981100.0,27753238.0,1952942303.6,3515066741.1000004,176365050.14000002,90815515.26,745369301.56,909953766.03,164584464.47,22121912.269999996,857.34,1115.95,567.1,398.95,1350.88,1260.43,0.0,0.0,,,,,,,美容护理,个护用品,洗护用品,27.33,28.07,28.03
sz002919,名臣健康,2022-03-22,28.67,29.58,28.08,28.73,28.78,961900.0,27667602.0,1949549422.6,3508959953.8500004,176365050.14000002,90815515.26,745369301.56,909953766.03,164584464.47,22121912.269999996,1235.64,973.65,416.02,236.15,1115.1,1556.96,0.0,0.0,,,,,,,美容护理,个护用品,洗护用品,28.33,28.33,28.23
sz002919,名臣健康,2022-03-23,28.7,28.99,28.43,28.5,28.73,528600.0,15154762.0,1933942170.0,3480868732.5,176365050.14000002,90815515.26,745369301.56,909953766.03,164584464.47,22121912.269999996,562.94,479.81,81.89,263.82,870.64,771.84,0.0,0.0,,,,,,,美容护理,个护用品,洗护用品,28.66,28.73,28.77
sz002919,名臣健康,2022-03-24,28.55,28.88,28.06,28.34,28.5,297400.0,8445622.0,1923084950.8,3461327013.3,176365050.14000002,90815515.26,745369301.56,909953766.03,164584464.47,22121912.269999996,266.67,292.0,53.44,0.0,524.45,552.56,0.0,0.0,,,,,,,美容护理,个护用品,洗护用品,28.24,28.24,28.21
sz002919,名臣健康,2022-03-25,28.34,29.22,28.01,28.31,28.34,457050.0,13103818.0,1921049222.2,3457662940.9500003,176365050.14000002,90815515.26,745369301.56,909953766.03,164584464.47,22121912.269999996,347.01,398.33,182.24,51.37,739.51,819.07,0.0,0.0,,,,,,,美容护理,个护用品,洗护用品,28.72,28.74,29.08
sz002919,名臣健康,2022-03-28,28.31,29.01,27.6,28.9,28.31,1057275.0,30172028.0,1961085218.0,3529723030.5,176365050.14000002,90815515.26,745369301.56,909953766.03,164584464.47,22121912.269999996,1414.25,1290.61,306.71,389.97,1296.24,1336.61,0.0,0.0,,,,,,,美容护理,个护用品,洗护用品,27.91,28.0,28.15
sz002919,名臣健康,2022-03-29,28.93,29.09,28.02,28.28,28.9,660900.0,18759646.0,1919013493.6,3453998868.6000004,176365050.14000002,90815515.26,745369301.56,909953766.03,164584464.47,22121912.269999996,718.33,544.22,412.7,194.14,744.93,1137.61,0.0,0.0,,,,,,,美容护理,个护用品,洗护用品,28.64,29.03,28.58
sz002919,名臣健康,2022-03-30,28.28,29.19,27.86,28.89,28.28,501875.0,14395125.0,1960406641.8,3528501673.05,176365050.14000002,90815515.26,745369301.56,909953766.03,164584464.47,22121912.269999996,406.69,379.52,175.17,198.57,857.66,861.42,0.0,0.0,,,,,,,美容护理,个护用品,洗护用品,28.22,28.35,28.55
sz002919,名臣健康,2022-03-31,29.14,29.46,28.74,29.05,28.89,461000.0,13447514.0,1971263861.0,3548043392.25,176365050.14000002,90815515.26,745369301.56,909953766.03,164584464.47,22121912.269999996,260.43,390.06,251.2,157.51,833.12,797.18,0.0,0.0,,,,,,,美容护理,个护用品,洗护用品,29.18,28.95,29.33
sz002919,名臣健康,2022-04-01,28.88,29.28,28.3,29.04,29.05,485050.0,13952841.0,1970585284.8,3546822034.8,176365050.14000002,90815515.26,745369301.56,909953766.03,164584464.47,22121912.269999996,464.63,316.12,171.68,72.36,758.97,1006.8,0.0,0.0,,,,,,,美容护理,个护用品,洗护用品,28.78,28.61,28.59
sz002919,名臣健康,2022-04-06,29.0,29.23,28.61,28.98,29.04,512900.0,14861798.0,1966513827.6,3539493890.1,176365050.14000002,90815515.26,745369301.56,909953766.03,164584464.47,22121912.269999996,438.17,374.98,94.82,142.33,953.18,794.61,0.0,174.26,,,,,,,美容护理,个护用品,洗护用品,28.61,29.07,29.12
sz002919,名臣健康,2022-04-07,28.73,29.02,27.95,28.45,28.98,750086.0,21263439.0,1930549289.0,3474761945.25,176365050.14000002,90815515.26,745369301.56,909953766.03,164584464.47,22121912.269999996,768.47,643.92,339.47,559.88,1018.4,922.55,0.0,0.0,,,,,,,美容护理,个护用品,洗护用品,28.87,28.9,28.99
sz002919,名臣健康,2022-04-08,28.46,28.46,26.88,27.4,28.45,634650.0,17269293.0,1859298788.0,3346519413.0,176365050.14000002,90815515.26,745369301.56,909953766.03,164584464.47,22121912.269999996,629.28,576.66,293.83,150.49,803.83,999.79,0.0,0.0,,,,,,,美容护理,个护用品,洗护用品,27.84,27.61,27.27
sz002919,名臣健康,2022-04-11,27.5,28.19,26.9,26.93,27.4,1022200.0,28213511.0,1827405706.6,3289115612.85,176365050.14000002,90815515.26,745369301.56,909953766.03,164584464.47,22121912.269999996,929.98,723.78,467.84,847.0,1376.5,1250.58,47.03,0.0,,,,,,,美容护理,个护用品,洗护用品,27.28,27.68,28.05
sz002919,名臣健康,2022-04-12,27.85,29.62,27.8,29.62,26.93,2931685.0,86189543.0,2009942704.4,3617660766.9,176365050.14000002,90815515.26,745369301.56,909953766.03,164584464.47,22121912.269999996,912.67,2184.26,2018.18,2774.11,665.72,1316.74,5022.39,2343.84,,,,,,,美容护理,个护用品,洗护用品,29.25,29.62,29.62
sz002919,名臣健康,2022-04-13,29.99,31.5,29.18,31.4,29.62,5677180.0,173588177.0,2130729268.0,3835062393.0,176365050.14000002,90815515.26,745369301.56,909953766.03,164584464.47,22121912.269999996,5688.46,6294.56,5651.56,4517.06,5140.31,5805.09,878.49,742.11,,,,,,,美容护理,个护用品,洗护用品,31.2,31.09,30.75
sz002919,名臣健康,2022-04-14,31.1,31.34,30.14,30.62,31.4,2474116.0,75627847.0,2077800324.4,3739796511.9,176365050.14000002,90815515.26,745369301.56,909953766.03,164584464.47,22121912.269999996,2622.2,3276.63,1092.22,1000.36,3603.83,3285.79,244.54,0.0,,,,,,,美容护理,个护用品,洗护用品,30.24,30.3,30.29
sz002919,名臣健康,2022-04-15,30.58,30.58,29.3,29.36,30.62,1759940.0,52352237.0,1992299723.2,3585905473.200001,176365050.14000002,90815515.26,745369301.56,909953766.03,164584464.47,22121912.269999996,2168.59,2108.37,715.17,741.54,2351.46,2385.32,0.0,0.0,,,,,,,美容护理,个护用品,洗护用品,29.89,29.79,29.85
sz002919,名臣健康,2022-04-18,29.1,29.69,28.0,29.56,29.36,1229524.0,35790659.0,2005871247.2,3610332622.2,176365050.14000002,90815515.26,745369301.56,909953766.03,164584464.47,22121912.269999996,1213.67,1444.86,481.09,494.02,1729.2,1485.08,155.1,155.11,,,,,,,美容护理,个护用品,洗护用品,28.53,28.5,28.58
sz002919,名臣健康,2022-04-19,29.56,29.77,28.22,28.6,29.56,1396808.0,40215868.0,1940727932.0,3493082307.0,176365050.14000002,90815515.26,745369301.56,909953766.03,164584464.47,22121912.269999996,1512.55,1159.48,837.32,999.63,1671.71,1862.48,0.0,0.0,,,,,,,美容护理,个护用品,洗护用品,29.62,29.51,29.09
sz002919,名臣健康,2022-04-20,28.76,28.8,27.52,27.62,28.6,964600.0,27006826.0,1874227464.4,3373389276.9,176365050.14000002,90815515.26,745369301.56,909953766.03,164584464.47,22121912.269999996,936.5,1024.46,261.74,347.19,1502.44,1329.04,0.0,0.0,,,,,,,美容护理,个护用品,洗护用品,28.16,28.37,28.3
sz002919,名臣健康,2022-04-21,27.53,27.62,25.72,25.8,27.62,1275600.0,33883420.0,1750726596.0000002,3151102221.0,176365050.14000002,90815515.26,745369301.56,909953766.03,164584464.47,22121912.269999996,1090.42,1280.98,518.46,532.34,1779.46,1575.03,0.0,0.0,,,,,,,美容护理,个护用品,洗护用品,27.16,27.0,27.29
sz002919,名臣健康,2022-04-22,25.24,25.47,24.0,24.56,25.8,1076208.0,26619671.0,1666583147.2,2999653897.2,176365050.14000002,90815515.26,745369301.56,909953766.03,164584464.47,22121912.269999996,893.07,1035.68,416.11,483.85,1250.53,1142.44,102.26,0.0,,,,,,,美容护理,个护用品,洗护用品,24.94,24.75,24.82
sz002919,名臣健康,2022-04-25,24.55,24.55,22.1,22.1,24.56,1625592.0,37283812.0,1499653402.0,2699199964.5,176365050.14000002,90815515.26,745369301.56,909953766.03,164584464.47,22121912.269999996,1229.77,1497.33,350.53,775.5,1911.57,1008.07,236.51,447.48,,,,,,,美容护理,个护用品,洗护用品,23.97,23.6,23.47
sz002919,名臣健康,2022-04-26,22.1,23.8,21.2,22.74,22.1,2573453.0,58899198.0,1543082278.8,2777366841.3,176365050.14000002,90815515.26,745369301.56,909953766.03,164584464.47,22121912.269999996,2391.22,2804.15,1230.38,1175.58,2166.71,1690.95,101.61,219.24,,,,,,,美容护理,个护用品,洗护用品,21.5,21.99,22.2
sz002919,名臣健康,2022-04-27,23.3,24.09,22.82,23.45,22.74,2543209.0,59555996.0,1591261189.0,2864083220.25,176365050.14000002,90815515.26,745369301.56,909953766.03,164584464.47,22121912.269999996,2521.87,1399.95,1282.6,2721.55,2136.86,1819.83,0.0,0.0,,,,,,,美容护理,个护用品,洗护用品,23.57,24.0,23.56
sz002919,名臣健康,2022-04-28,23.1,23.63,22.46,22.77,23.45,1267750.0,29160734.0,1545118007.4,2781030913.65,176365050.14000002,90815515.26,745369301.56,909953766.03,164584464.47,22121912.269999996,1248.01,778.26,391.33,769.62,1272.13,1246.75,0.0,116.84,,,,,,,美容护理,个护用品,洗护用品,23.13,23.2,23.59
sz002919,名臣健康,2022-04-29,22.96,23.57,22.55,23.06,22.77,1811300.0,41828203.0,2772884174.7,2816450279.7,72456072.26999998,42531861.96000001,759448849.5,947253566.02,187804716.52,1638200.89,1490.25,1384.2,1030.92,1135.97,1557.58,1483.65,41.57,116.5,,,,,,,美容护理,个护用品,洗护用品,22.81,23.0,22.67
sz002919,名臣健康,2022-05-05,22.77,23.58,22.36,23.14,23.06,931100.0,21531380.0,2782503894.3,2826221139.3,72456072.26999998,42531861.96000001,759448849.5,947253566.02,187804716.52,1638200.89,562.53,601.94,444.96,565.4,1145.65,985.8,0.0,0.0,,,,,,,美容护理,个护用品,洗护用品,22.51,22.61,22.68
sz002919,名臣健康,2022-05-06,22.77,23.4,22.52,23.2,23.14,576100.0,13311579.0,2789718684.0,2833549283.9999995,72456072.26999998,42531861.96000001,759448849.5,947253566.02,187804716.52,1638200.89,352.0,275.33,232.12,390.63,696.23,614.39,0.0,0.0,,,,,,,美容护理,个护用品,洗护用品,22.84,22.98,23.04
sz002919,名臣健康,2022-05-09,23.22,24.11,23.0,23.21,23.2,472100.0,11052336.0,2790921148.9500003,2834770641.4500003,72456072.26999998,42531861.96000001,759448849.5,947253566.02,187804716.52,1638200.89,342.85,310.49,94.79,79.48,665.45,715.26,2.14,0.0,,,,,,,美容护理,个护用品,洗护用品,23.32,23.81,23.71
sz002919,名臣健康,2022-05-10,23.39,23.39,22.5,23.24,23.21,571585.0,13214858.0,2794528543.8,2838434713.8,72456072.26999998,42531861.96000001,759448849.5,947253566.02,187804716.52,1638200.89,558.79,333.82,63.02,233.59,698.05,752.44,0.0,0.0,,,,,,,美容护理,个护用品,洗护用品,22.91,22.91,22.88
sz002919,名臣健康,2022-05-11,23.29,24.74,23.08,24.02,23.24,1074950.0,25768595.0,2888320809.9,2933700594.9,72456072.26999998,42531861.96000001,759448849.5,947253566.02,187804716.52,1638200.89,817.84,1098.99,566.55,373.99,1167.43,1080.28,1.44,0.0,,,,,,,美容护理,个护用品,洗护用品,23.4,23.4,23.4
sz002919,名臣健康,2022-05-12,23.7,24.3,23.6,23.99,24.02,545000.0,13032112.0,2884713415.05,2930036522.55,72456072.26999998,42531861.96000001,759448849.5,947253566.02,187804716.52,1638200.89,364.18,413.14,274.17,97.0,661.51,789.72,0.0,0.0,,,,,,,美容护理,个护用品,洗护用品,23.81,23.98,24.02
sz002919,名臣健康,2022-05-13,24.14,24.3,23.37,23.45,23.99,526350.0,12423854.0,2819780307.75,2864083220.25,72456072.26999998,42531861.96000001,759448849.5,947253566.02,187804716.52,1638200.89,464.02,272.94,117.87,337.73,660.49,575.55,0.0,56.17,,,,,,,美容护理,个护用品,洗护用品,24.08,23.89,23.85
sz002919,名臣健康,2022-05-16,23.45,23.84,23.27,23.53,23.45,328050.0,7706689.0,2829400027.35,2873854079.85,72456072.26999998,42531861.96000001,759448849.5,947253566.02,187804716.52,1638200.89,194.3,228.73,39.4,20.92,530.61,514.65,0.0,0.0,,,,,,,美容护理,个护用品,洗护用品,23.75,23.6,23.56
sz002919,名臣健康,2022-05-17,23.64,23.67,22.95,23.16,23.53,381924.0,8828470.0,2784908824.2,2828663854.2000003,72456072.26999998,42531861.96000001,759448849.5,947253566.02,187804716.52,1638200.89,307.37,250.36,49.88,87.84,493.11,512.16,0.0,0.0,,,,,,,美容护理,个护用品,洗护用品,23.58,23.15,23.24
sz002919,名臣健康,2022-05-18,23.1,24.24,23.07,23.7,23.16,588300.0,13951322.0,2849841931.5,2894617156.5000005,72456072.26999998,42531861.96000001,759448849.5,947253566.02,187804716.52,1638200.89,363.29,423.17,236.28,143.55,771.22,804.07,0.0,0.0,,,,,,,美容护理,个护用品,洗护用品,23.17,23.34,23.47
sz002919,名臣健康,2022-05-19,23.68,23.68,23.18,23.3,23.7,449400.0,10500633.0,2801743333.4999995,2845762858.5,72456072.26999998,42531861.96000001,759448849.5,947253566.02,187804716.52,1638200.89,464.06,389.18,111.39,177.92,463.36,471.71,0.0,0.0,,,,,,,美容护理,个护用品,洗护用品,23.5,23.5,23.44
sz002919,名臣健康,2022-05-20,23.31,24.9,23.31,24.67,23.3,932150.0,22635093.0,2966481031.65,3013088829.15,72456072.26999998,42531861.96000001,759448849.5,947253566.02,187804716.52,1638200.89,654.87,715.16,335.62,187.97,1217.43,1304.79,0.0,0.0,,,,,,,美容护理,个护用品,洗护用品,23.43,23.7,23.89
sz002919,名臣健康,2022-05-23,24.8,25.6,24.3,25.15,24.67,785926.0,19757057.0,3024199349.25,3071713986.75,72456072.26999998,42531861.96000001,759448849.5,947253566.02,187804716.52,1638200.89,692.21,681.95,431.57,352.78,810.95,899.99,0.0,0.0,,,,,,,美容护理,个护用品,洗护用品,24.59,24.82,24.82
sz002919,名臣健康,2022-05-24,25.16,25.21,24.0,24.0,25.15,554200.0,13629399.0,2885915880.0,2931257880.0,72456072.26999998,42531861.96000001,759448849.5,947253566.02,187804716.52,1638200.89,579.86,477.96,92.99,113.56,688.37,769.7,0.0,0.0,,,,,,,美容护理,个护用品,洗护用品,24.96,25.13,25.01
sz002919,名臣健康,2022-05-25,24.19,24.95,24.14,24.66,24.0,482643.0,11834611.0,2965278566.7000003,3011867471.7,72456072.26999998,42531861.96000001,759448849.5,947253566.02,187804716.52,1638200.89,472.27,350.06,271.2,109.92,439.99,723.48,0.0,0.0,,,,,,,美容护理,个护用品,洗护用品,24.42,24.38,24.52
sz002919,名臣健康,2022-05-26,24.76,24.76,24.08,24.54,24.66,298350.0,7272163.0,2950848987.3,2997211182.3,72456072.26999998,42531861.96000001,759448849.5,947253566.02,187804716.52,1638200.89,292.23,185.7,37.89,46.99,397.09,494.53,0.0,0.0,,,,,,,美容护理,个护用品,洗护用品,24.41,24.19,24.14
sz002919,名臣健康,2022-05-27,24.9,25.55,24.82,25.27,24.54,552333.0,13937735.0,3044352583.65,3086370276.15,72456072.26999998,42531861.96000001,759448849.5,947253566.02,187804716.52,1638200.89,468.18,574.97,71.11,105.69,854.48,713.11,0.0,0.0,,,,,,,美容护理,个护用品,洗护用品,24.87,25.28,25.05
sz002919,名臣健康,2022-05-30,25.26,25.52,25.0,25.3,25.27,510882.0,12874518.0,3047966773.5,3090034348.5,72456072.26999998,42531861.96000001,759448849.5,947253566.02,187804716.52,1638200.89,448.54,328.54,186.37,322.07,475.84,636.84,176.7,0.0,,,,,,,美容护理,个护用品,洗护用品,25.06,25.3,25.29
sz002919,名臣健康,2022-05-31,25.45,27.59,25.04,26.4,25.3,1603650.0,42257746.0,3180487068.0,3224383668.0,72456072.26999998,42531861.96000001,759448849.5,947253566.02,187804716.52,1638200.89,1490.79,1828.95,1006.25,680.23,1405.98,1716.59,322.76,0.0,,,,,,,美容护理,个护用品,洗护用品,25.55,25.74,25.71
sz002919,名臣健康,2022-06-01,26.35,27.45,26.35,26.59,26.4,1063861.0,28572325.0,3203376937.05,3247589459.55,72456072.26999998,42531861.96000001,759448849.5,947253566.02,187804716.52,1638200.89,1229.0,1338.93,344.79,305.43,1283.44,1212.87,0.0,0.0,,,,,,,美容护理,个护用品,洗护用品,26.44,26.8,27.0
sz002919,名臣健康,2022-06-02,26.59,27.12,26.03,27.0,26.59,609645.0,16286528.0,3252770864.9999995,3297665115.0,72456072.26999998,42531861.96000001,759448849.5,947253566.02,187804716.52,1638200.89,469.65,497.9,206.83,172.91,736.36,874.53,132.5,0.0,,,,,,,美容护理,个护用品,洗护用品,26.5,26.4,26.56
sz002919,名臣健康,2022-06-06,19.08,19.19,18.68,19.0,19.07,755900.0,14359014.0,3204581667.0,3248810817.0,72456072.26999998,42531861.96000001,759448849.5,947253566.02,187804716.52,1638200.89,606.16,573.1,110.47,107.09,719.27,755.72,0.0,0.0,,,,,,,美容护理,个护用品,洗护用品,19.01,19.06,19.0
sz002919,名臣健康,2022-06-07,19.0,19.86,18.82,18.87,19.0,928180.0,17772196.0,3182655581.9100003,3226582111.41,72456072.26999998,42531861.96000001,759448849.5,947253566.02,187804716.52,1638200.89,598.22,580.22,255.57,304.32,922.29,891.54,0.0,0.0,,,,,,,美容护理,个护用品,洗护用品,19.42,19.41,19.27
sz002919,名臣健康,2022-06-08,19.4,19.4,18.4,18.82,18.87,756600.0,14255029.0,3174222472.26,3218032609.26,72456072.26999998,42531861.96000001,759448849.5,947253566.02,187804716.52,1638200.89,488.16,313.2,68.47,274.41,804.03,776.49,3.43,0.0,,,,,,,美容护理,个护用品,洗护用品,18.98,19.16,19.02
sz002919,名臣健康,2022-06-09,18.84,18.84,18.01,18.18,18.82,736520.0,13528646.0,3066278668.74,3108598981.74,72456072.26999998,42531861.96000001,759448849.5,947253566.02,187804716.52,1638200.89,403.93,400.3,15.01,142.52,928.73,804.86,0.0,0.0,,,,,,,美容护理,个护用品,洗护用品,18.55,18.66,18.72
sz002919,名臣健康,2022-06-10,18.0,18.47,17.81,18.02,18.18,986280.0,17771097.0,3039292717.86,3081240574.86,72456072.26999998,42531861.96000001,759448849.5,947253566.02,187804716.52,1638200.89,590.18,334.75,162.48,70.17,1024.45,1372.18,0.0,0.0,,,,,,,美容护理,个护用品,洗护用品,18.4,18.23,18.09
sz002919,名臣健康,2022-06-13,17.81,18.01,17.39,17.7,18.02,1761900.0,31047559.0,2985320816.1,3026523761.1,72456072.26999998,42531861.96000001,759448849.5,947253566.02,187804716.52,1638200.89,1008.96,826.25,307.45,726.15,1788.35,1552.36,0.0,0.0,,,,,,,美容护理,个护用品,洗护用品,17.87,17.75,17.82
sz002919,名臣健康,2022-06-14,17.71,17.71,16.93,17.38,17.7,733360.0,12640290.0,2931348914.34,2971806947.34,72456072.26999998,42531861.96000001,759448849.5,947253566.02,187804716.52,1638200.89,500.21,368.15,0.0,187.79,763.82,708.09,0.0,0.0,,,,,,,美容护理,个护用品,洗护用品,17.38,17.22,17.26
sz002919,名臣健康,2022-06-15,17.57,17.72,17.11,17.13,17.38,959838.0,16664764.0,2889183366.09,2929059436.59,72456072.26999998,42531861.96000001,759448849.5,947253566.02,187804716.52,1638200.89,458.04,546.96,179.02,387.91,1029.41,719.95,0.0,11.66,,,,,,,美容护理,个护用品,洗护用品,17.61,17.64,17.37
sz002919,名臣健康,2022-06-16,17.31,17.71,16.9,17.42,17.13,874150.0,15212298.0,2938095402.06,2978646549.06,72456072.26999998,42531861.96000001,759448849.5,947253566.02,187804716.52,1638200.89,503.72,449.86,176.01,161.29,830.7,899.28,0.0,0.0,,,,,,,美容护理,个护用品,洗护用品,17.05,17.26,17.29
sz002919,名臣健康,2022-06-17,17.41,17.57,16.92,17.48,17.42,1485669.0,25734295.0,2948215133.6400003,2988905951.64,72456072.26999998,42531861.96000001,759448849.5,947253566.02,187804716.52,1638200.89,731.35,833.38,501.03,761.5,1341.05,978.55,0.0,0.0,,,,,,,美容护理,个护用品,洗护用品,17.39,17.39,17.44
sz002919,名臣健康,2022-06-20,17.49,17.75,17.1,17.7,17.48,1329533.0,23221841.0,2985320816.1,3026523761.1,72456072.26999998,42531861.96000001,759448849.5,947253566.02,187804716.52,1638200.89,1025.5,1052.93,316.14,493.81,978.78,775.44,1.76,0.0,,,,,,,美容护理,个护用品,洗护用品,17.6,17.5,17.36
sz002919,名臣健康,2022-06-21,17.71,18.52,17.5,17.59,17.7,1715643.0,30792177.0,2966767974.87,3007714856.37,72456072.26999998,42531861.96000001,759448849.5,947253566.02,187804716.52,1638200.89,1073.43,1007.29,426.53,251.67,1442.38,1820.26,136.87,0.0,,,,,,,美容护理,个护用品,洗护用品,17.63,17.89,18.03
sz002919,名臣健康,2022-06-22,17.59,17.64,17.05,17.08,17.59,826840.0,14276271.0,2880750256.44,2920509934.44,72456072.26999998,42531861.96000001,759448849.5,947253566.02,187804716.52,1638200.89,421.32,437.94,133.73,179.48,864.08,810.2,8.49,0.0,,,,,,,美容护理,个护用品,洗护用品,17.38,17.23,17.2
sz002919,名臣健康,2022-06-23,17.14,17.35,16.98,17.18,17.08,701332.0,12028969.0,2897616475.74,2937608938.74,72456072.26999998,42531861.96000001,759448849.5,947253566.02,187804716.52,1638200.89,463.34,387.6,80.13,99.77,518.07,574.17,0.0,0.0,,,,,,,美容护理,个护用品,洗护用品,17.16,17.13,17.1
sz002919,名臣健康,2022-06-24,17.24,18.45,17.24,18.13,17.18,1865522.0,33503215.0,3057845559.09,3100049479.59,72456072.26999998,42531861.96000001,759448849.5,947253566.02,187804716.52,1638200.89,1155.74,1480.06,407.99,395.84,1786.59,1474.42,0.0,0.0,,,,,,,美容护理,个护用品,洗护用品,17.37,17.59,17.64
sz002919,名臣健康,2022-06-27,18.13,18.66,17.94,18.35,18.13,1110501.0,20425257.0,3094951241.55,3137667289.05,72456072.26999998,42531861.96000001,759448849.5,947253566.02,187804716.52,1638200.89,695.81,905.49,219.36,276.74,1127.36,860.3,0.0,0.0,,,,,,,美容护理,个护用品,洗护用品,18.6,18.51,18.36
sz002919,名臣健康,2022-06-28,18.5,18.63,18.09,18.44,18.35,1090420.0,20095009.0,3110130838.92,3153056392.92,72456072.26999998,42531861.96000001,759448849.5,947253566.02,187804716.52,1638200.89,775.12,889.87,117.34,152.05,981.18,800.38,108.32,139.65,,,,,,,美容护理,个护用品,洗护用品,18.12,18.28,18.3
sz002919,名臣健康,2022-06-29,18.26,18.68,18.17,18.2,18.44,963170.0,17677798.0,3069651912.6,3112018782.6000004,72456072.26999998,42531861.96000001,759448849.5,947253566.02,187804716.52,1638200.89,669.33,418.28,104.33,182.69,871.22,1043.91,0.0,0.0,,,,,,,美容护理,个护用品,洗护用品,18.32,18.32,18.2
sz002919,名臣健康,2022-06-30,18.2,20.02,18.2,19.81,18.2,4003219.0,78195809.0,3341198043.33,3387312751.8300004,72456072.26999998,42531861.96000001,759448849.5,947253566.02,187804716.52,1638200.89,1949.68,2736.44,2373.77,978.4,2047.07,2949.6,1430.38,1136.45,,,,,,,美容护理,个护用品,洗护用品,18.58,18.75,19.05
sz002919,名臣健康,2022-07-01,19.81,19.91,18.46,18.59,19.81,2950700.0,55835257.0,3135430167.87,3178704899.37,72456072.26999998,42531861.96000001,759448849.5,947253566.02,187804716.52,1638200.89,2114.39,2096.26,400.46,949.18,2962.55,2538.08,106.13,0.0,,,,,,,美容护理,个护用品,洗护用品,19.35,19.03,19.03
sz002919,名臣健康,2022-07-04,18.86,18.99,18.38,18.48,18.59,1470450.0,27263960.0,3116877326.64,3159895994.6400003,72456072.26999998,42531861.96000001,759448849.5,947253566.02,187804716.52,1638200.89,1070.62,937.7,304.44,595.93,1351.33,1081.91,0.0,110.86,,,,,,,美容护理,个护用品,洗护用品,18.49,18.55,18.6
sz002919,名臣健康,2022-07-05,18.57,18.72,18.1,18.3,18.48,1219443.0,22333345.0,3086518131.9,3129117786.9,72456072.26999998,42531861.96000001,759448849.5,947253566.02,187804716.52,1638200.89,868.3,774.74,200.88,500.92,1164.15,957.67,0.0,0.0,,,,,,,美容护理,个护用品,洗护用品,18.46,18.46,18.3
sz002919,名臣健康,2022-07-06,18.3,18.55,18.02,18.1,18.3,974840.0,17731591.0,3052785693.3,3094919778.3,72456072.26999998,42531861.96000001,759448849.5,947253566.02,187804716.52,1638200.89,588.26,520.39,263.11,292.28,921.79,852.25,0.0,108.24,,,,,,,美容护理,个护用品,洗护用品,18.1,18.45,18.41
sz002919,名臣健康,2022-07-07,18.2,18.25,17.95,18.02,18.1,711540.0,12847363.0,3039292717.86,3081240574.86,72456072.26999998,42531861.96000001,759448849.5,947253566.02,187804716.52,1638200.89,545.51,483.26,51.6,171.94,687.63,629.54,0.0,0.0,,,,,,,美容护理,个护用品,洗护用品,18.07,18.02,18.02
sz002919,名臣健康,2022-07-08,18.02,18.6,18.0,18.37,18.02,1225420.0,22404153.0,3098324485.4100003,3141087089.9100003,72456072.26999998,42531861.96000001,759448849.5,947253566.02,187804716.52,1638200.89,997.18,1209.28,180.26,132.45,859.57,898.68,203.41,0.0,,,,,,,美容护理,个护用品,洗护用品,18.12,18.13,18.15
sz002919,名臣健康,2022-07-11,18.38,18.4,17.76,17.95,18.37,784094.0,14080878.0,3027486364.35,3069271271.85,72456072.26999998,42531861.96000001,759448849.5,947253566.02,187804716.52,1638200.89,435.92,446.37,189.89,137.08,782.27,824.63,0.0,0.0,,,,,,,美容护理,个护用品,洗护用品,18.06,18.24,18.19
sz002919,名臣健康,2022-07-12,17.95,18.12,17.4,17.47,17.95,728200.0,12799257.0,2946528511.71,2987196051.21,72456072.26999998,42531861.96000001,759448849.5,947253566.02,187804716.52,1638200.89,486.07,476.47,79.97,154.01,713.89,649.44,0.0,0.0,,,,,,,美容护理,个护用品,洗护用品,17.76,17.65,17.5
sz002919,名臣健康,2022-07-13,17.47,17.62,17.37,17.47,17.47,541862.0,9472388.0,2946528511.71,2987196051.21,72456072.26999998,42531861.96000001,759448849.5,947253566.02,187804716.52,1638200.89,257.75,279.66,209.04,202.21,480.45,465.37,0.0,0.0,,,,,,,美容护理,个护用品,洗护用品,17.49,17.45,17.41
sz002919,名臣健康,2022-07-14,17.9,17.9,17.22,17.29,17.47,706589.0,12263665.0,2916169316.97,2956417843.4700003,72456072.26999998,42531861.96000001,759448849.5,947253566.02,187804716.52,1638200.89,457.53,519.31,87.2,167.74,681.64,539.32,0.0,0.0,,,,,,,美容护理,个护用品,洗护用品,17.45,17.4,17.43
sz002919,名臣健康,2022-07-15,17.2,17.4,16.78,16.98,17.29,1001519.0,17068888.0,2863884037.1400003,2903410930.14,72456072.26999998,42531861.96000001,759448849.5,947253566.02,187804716.52,1638200.89,710.67,749.65,222.53,218.42,773.69,738.82,0.0,0.0,,,,,,,美容护理,个护用品,洗护用品,17.07,16.83,16.9
sz002919,名臣健康,2022-07-18,16.83,17.68,16.78,17.61,16.98,889668.0,15458049.0,2970141218.73,3011134657.23,72456072.26999998,42531861.96000001,759448849.5,947253566.02,187804716.52,1638200.89,516.48,499.42,256.65,152.51,772.68,893.88,0.0,0.0,,,,,,,美容护理,个护用品,洗护用品,17.16,17.28,17.29
sz002919,名臣健康,2022-07-19,17.61,18.85,17.61,18.62,17.61,2122104.0,39020365.0,3140490033.6600003,3183834600.66,72456072.26999998,42531861.96000001,759448849.5,947253566.02,187804716.52,1638200.89,1430.37,1314.19,752.12,687.85,1618.68,1651.56,100.87,248.44,,,,,,,美容护理,个护用品,洗护用品,18.4,18.1,18.16
sz002919,名臣健康,2022-07-20,18.59,19.78,18.47,19.27,18.62,2537580.0,49059135.0,3250120459.11,3294978128.61,72456072.26999998,42531861.96000001,759448849.5,947253566.02,187804716.52,1638200.89,1814.05,2077.44,688.07,345.2,2237.94,2130.76,111.68,298.34,,,,,,,美容护理,个护用品,洗护用品,18.71,19.18,19.19
sz002919,名臣健康,2022-07-21,19.52,19.58,19.0,19.2,19.27,1134060.0,21816232.0,3238314105.6,3283008825.6,72456072.26999998,42531861.96000001,759448849.5,947253566.02,187804716.52,1638200.89,924.19,685.61,228.06,318.38,1029.38,1123.83,0.0,53.8,,,,,,,美容护理,个护用品,洗护用品,19.13,19.18,19.16
sz002919,名臣健康,2022-07-22,19.3,20.16,19.2,19.91,19.2,2081750.0,41269790.0,3358064262.63,3404411756.13,72456072.26999998,42531861.96000001,759448849.5,947253566.02,187804716.52,1638200.89,1543.52,1414.96,960.3,754.13,1623.16,1957.89,0.0,0.0,,,,,,,美容护理,个护用品,洗护用品,19.77,19.74,19.89
sz002919,名臣健康,2022-07-25,19.96,20.93,19.67,19.7,19.91,2513560.0,50936252.0,3322645202.1,3368503847.1,72456072.26999998,42531861.96000001,759448849.5,947253566.02,187804716.52,1638200.89,1925.82,2004.69,853.22,699.37,2095.5,1966.93,219.08,422.64,,,,,,,美容护理,个护用品,洗护用品,20.1,19.97,19.97
sz002919,名臣健康,2022-07-26,19.71,20.89,19.71,20.45,19.7,2759600.0,56370244.0,3449141846.85,3496746379.35,72456072.26999998,42531861.96000001,759448849.5,947253566.02,187804716.52,1638200.89,1920.12,2275.44,1267.62,1401.62,2071.6,1850.59,377.69,109.37,,,,,,,美容护理,个护用品,洗护用品,20.15,20.5,20.56
sz002919,名臣健康,2022-07-27,20.0,21.35,20.0,21.13,20.45,2583360.0,54179661.0,3563832138.09,3613019608.59,72456072.26999998,42531861.96000001,759448849.5,947253566.02,187804716.52,1638200.89,1462.05,2644.17,1759.66,1122.17,2072.12,1651.63,124.13,0.0,,,,,,,美容护理,个护用品,洗护用品,20.66,20.9,20.89
sz002919,名臣健康,2022-07-28,21.14,21.3,20.36,20.65,21.13,2077235.0,43040248.0,3482874285.45,3530944387.9500003,72456072.26999998,42531861.96000001,759448849.5,947253566.02,187804716.52,1638200.89,1338.65,1531.18,862.97,854.85,1802.64,1917.99,299.76,0.0,,,,,,,美容护理,个护用品,洗护用品,20.88,20.82,20.79
sz002919,名臣健康,2022-07-29,20.74,20.74,19.88,20.5,20.65,1675662.0,33948974.0,3457574956.5,3505295881.5000005,72456072.26999998,42531861.96000001,759448849.5,947253566.02,187804716.52,1638200.89,1174.5,1194.12,749.32,807.97,1336.43,1368.53,134.64,24.28,,,,,,,美容护理,个护用品,洗护用品,20.16,20.03,20.03
sz002919,名臣健康,2022-08-01,20.52,21.64,20.27,21.52,20.5,2082650.0,44186475.0,3629610393.36,3679705725.36,72456072.26999998,42531861.96000001,759448849.5,947253566.02,187804716.52,1638200.89,1553.14,1971.07,1242.84,434.37,1581.75,2013.2,40.92,0.0,,,,,,,美容护理,个护用品,洗护用品,20.71,20.63,21.0
sz002919,名臣健康,2022-08-02,21.71,21.71,20.24,20.53,21.52,1796054.0,37173669.0,3462634822.29,3510425582.79,72456072.26999998,42531861.96000001,759448849.5,947253566.02,187804716.52,1638200.89,1517.81,1252.7,682.62,545.6,1516.94,1835.84,0.0,83.23,,,,,,,美容护理,个护用品,洗护用品,21.03,20.91,20.79
sz002919,名臣健康,2022-08-03,20.99,21.02,20.0,20.21,20.53,1362659.0,28046469.0,3408662920.53,3455708769.03,72456072.26999998,42531861.96000001,759448849.5,947253566.02,187804716.52,1638200.89,1106.97,826.71,532.27,846.28,1165.41,993.26,0.0,138.4,,,,,,,美容护理,个护用品,洗护用品,20.88,20.82,20.72
sz002919,名臣健康,2022-08-04,20.35,20.76,20.06,20.34,20.21,827580.0,16838876.0,3430589005.62,3477937474.62,72456072.26999998,42531861.96000001,759448849.5,947253566.02,187804716.52,1638200.89,450.31,456.02,215.43,181.49,1018.15,1046.38,0.0,0.0,,,,,,,美容护理,个护用品,洗护用品,20.24,20.36,20.48
sz002919,名臣健康,2022-08-05,20.72,20.98,20.2,20.87,20.34,763650.0,15786861.0,3519979967.9100003,3568562197.41,72456072.26999998,42531861.96000001,759448849.5,947253566.02,187804716.52,1638200.89,604.06,614.54,142.24,191.66,832.39,772.48,0.0,0.0,,,,,,,美容护理,个护用品,洗护用品,20.41,20.29,20.31
sz002919,名臣健康,2022-08-08,20.85,22.52,20.72,22.38,20.87,2116708.0,46539494.0,3774659879.34,3826757162.34,72456072.26999998,42531861.96000001,759448849.5,947253566.02,187804716.52,1638200.89,1670.42,1749.77,1388.17,864.91,1595.36,1754.46,0.0,284.8,,,,,,,美容护理,个护用品,洗护用品,21.08,21.47,21.7
sz002919,名臣健康,2022-08-09,22.38,24.62,22.3,24.62,22.38,3096070.0,74898034.0,4152463191.66,4209774858.66,72456072.26999998,42531861.96000001,759448849.5,947253566.02,187804716.52,1638200.89,1442.28,2946.07,2530.65,1880.0,1816.85,2323.77,1700.03,339.96,,,,,,,美容护理,个护用品,洗护用品,23.74,24.2,24.54
sz002919,名臣健康,2022-08-10,25.14,26.9,24.12,26.53,24.62,6058698.0,158358513.0,4474607980.29,4536365840.79,72456072.26999998,42531861.96000001,759448849.5,947253566.02,187804716.52,1638200.89,5742.9,6125.43,3584.2,4388.53,5771.84,5170.09,736.92,151.79,,,,,,,美容护理,个护用品,洗护用品,25.5,25.84,26.47
sz002919,名臣健康,2022-08-11,27.03,27.6,26.2,26.81,26.53,3649970.0,97812096.0,4521833394.33,4584243052.83,72456072.26999998,42531861.96000001,759448849.5,947253566.02,187804716.52,1638200.89,3471.25,3659.94,1653.09,1886.05,4537.31,3865.45,119.56,369.77,,,,,,,美容护理,个护用品,洗护用品,27.41,26.86,26.6
sz002919,名臣健康,2022-08-12,27.23,27.6,26.5,26.88,26.81,1797860.0,48476009.0,4533639747.84,4596212355.84,72456072.26999998,42531861.96000001,759448849.5,947253566.02,187804716.52,1638200.89,1631.85,1706.85,639.36,747.58,2246.06,2393.17,330.34,0.0,,,,,,,美容护理,个护用品,洗护用品,27.0,27.05,27.26
sz002919,名臣健康,2022-08-15,27.01,27.02,25.7,25.79,26.88,2801910.0,73193725.0,4349797957.47,4409833208.97,72456072.26999998,42531861.96000001,759448849.5,947253566.02,187804716.52,1638200.89,2641.8,1907.06,1015.04,1883.77,3277.7,2830.13,384.84,698.42,,,,,,,美容护理,个护用品,洗护用品,26.56,26.13,26.25
sz002919,名臣健康,2022-08-16,25.98,26.36,25.33,25.51,25.79,1370650.0,35047386.0,4302572543.43,4361955996.93,72456072.26999998,42531861.96000001,759448849.5,947253566.02,187804716.52,1638200.89,974.39,968.97,725.6,591.36,1804.75,1731.92,0.0,212.48,,,,,,,美容护理,个护用品,洗护用品,25.57,25.85,25.6
sz002919,名臣健康,2022-08-17,25.65,26.4,25.15,25.38,25.51,1463620.0,37402382.0,4280646458.34,4339727291.34,72456072.26999998,42531861.96000001,759448849.5,947253566.02,187804716.52,1638200.89,1710.82,1215.27,545.19,339.51,1454.2,1999.71,30.03,185.74,,,,,,,美容护理,个护用品,洗护用品,25.51,25.73,25.74
sz002919,名臣健康,2022-08-18,25.96,25.96,25.11,25.5,25.38,1225920.0,31216457.0,4300885921.5,4360246096.5,72456072.26999998,42531861.96000001,759448849.5,947253566.02,187804716.52,1638200.89,1110.72,1291.26,777.65,440.19,1233.28,1390.2,0.0,0.0,,,,,,,美容护理,个护用品,洗护用品,25.35,25.45,25.5
sz002919,名臣健康,2022-08-19,25.75,27.46,25.42,27.32,25.5,3297733.0,88436257.0,4607851112.76,4671447974.76,72456072.26999998,42531861.96000001,759448849.5,947253566.02,187804716.52,1638200.89,3051.3,3084.12,2450.03,1747.19,2427.44,3137.85,914.86,874.46,,,,,,,美容护理,个护用品,洗护用品,26.18,26.65,26.51
sz002919,名臣健康,2022-08-22,27.0,27.33,26.43,26.97,27.32,2029710.0,54428098.0,4548819345.21,4611601459.71,72456072.26999998,42531861.96000001,759448849.5,947253566.02,187804716.52,1638200.89,2232.21,1678.98,1141.04,881.56,1967.73,2731.0,101.82,151.27,,,,,,,美容护理,个护用品,洗护用品,27.03,26.82,26.82
sz002919,名臣健康,2022-08-23,26.97,27.29,26.31,26.82,26.97,992330.0,26385847.0,4523520016.26,4585952953.26,72456072.26999998,42531861.96000001,759448849.5,947253566.02,187804716.52,1638200.89,1049.1,826.33,347.48,236.48,1120.89,1431.71,121.12,144.07,,,,,,,美容护理,个护用品,洗护用品,26.67,26.66,26.44
sz002919,名臣健康,2022-08-24,27.32,27.71,26.11,26.59,26.82,2265600.0,60987425.0,4484727711.87,4546625243.37,72456072.26999998,42531861.96000001,759448849.5,947253566.02,187804716.52,1638200.89,2321.01,2011.51,1280.84,1463.91,2270.06,2623.32,226.83,0.0,,,,,,,美容护理,个护用品,洗护用品,26.91,27.57,27.63
sz002919,名臣健康,2022-08-25,27.35,27.35,25.88,26.52,26.59,1462210.0,38494390.0,4472921358.36,4534655940.360001,72456072.26999998,42531861.96000001,759448849.5,947253566.02,187804716.52,1638200.89,1454.23,1133.55,805.31,490.12,1458.62,1767.31,131.28,458.46,,,,,,,美容护理,个护用品,洗护用品,26.14,26.39,26.48
sz002919,名臣健康,2022-08-26,26.69,26.98,26.11,26.3,26.52,886020.0,23404318.0,4435815675.9,4497038130.900001,72456072.26999998,42531861.96000001,759448849.5,947253566.02,187804716.52,1638200.89,783.49,608.91,343.05,556.37,1213.9,1175.15,0.0,0.0,,,,,,,美容护理,个护用品,洗护用品,26.83,26.6,26.72
sz002919,名臣健康,2022-08-29,26.49,27.19,25.9,26.88,26.3,1606690.0,42923262.0,4533639747.84,4596212355.84,72456072.26999998,42531861.96000001,759448849.5,947253566.02,187804716.52,1638200.89,1579.33,1324.56,868.34,1080.55,1844.66,1608.52,0.0,278.69,,,,,,,美容护理,个护用品,洗护用品,26.21,26.4,26.39
sz002919,名臣健康,2022-08-30,26.95,27.47,25.98,26.29,26.88,1729560.0,45907638.0,4434129053.97,4495328230.47,72456072.26999998,42531861.96000001,759448849.5,947253566.02,187804716.52,1638200.89,1515.04,1020.86,817.9,758.23,2154.5,2327.84,103.32,483.83,,,,,,,美容护理,个护用品,洗护用品,26.69,26.96,26.89
sz002919,名臣健康,2022-08-31,26.8,26.8,25.01,25.45,26.29,2179319.0,55422609.0,4292452811.85,4351696594.349999,61740555.239999995,68561200.33000001,744957382.9000001,968673474.97,223716092.07,25508408.11,1348.29,1358.6,908.72,786.88,2915.52,2729.89,369.73,666.89,,,,,,,美容护理,个护用品,洗护用品,25.76,25.89,25.48
sz002919,名臣健康,2022-09-01,25.78,25.89,25.02,25.5,25.45,1088198.0,27706087.0,4300885921.5,4360246096.5,61740555.239999995,68561200.33000001,744957382.9000001,968673474.97,223716092.07,25508408.11,650.09,675.81,328.17,370.92,1655.41,1619.62,136.94,104.25,,,,,,,美容护理,个护用品,洗护用品,25.4,25.22,25.3
sz002919,名臣健康,2022-09-02,25.69,26.78,25.42,26.69,25.5,1337881.0,34930481.0,4501593931.17,4563724247.67,61740555.239999995,68561200.33000001,744957382.9000001,968673474.97,223716092.07,25508408.11,1038.66,907.87,739.87,790.08,1556.72,1677.6,157.8,117.5,,,,,,,美容护理,个护用品,洗护用品,25.51,25.53,25.64
sz002919,名臣健康,2022-09-05,26.69,29.27,26.58,29.23,26.69,2952559.0,83685840.0,4929995901.389999,4998038956.89,61740555.239999995,68561200.33000001,744957382.9000001,968673474.97,223716092.07,25508408.11,3463.13,2809.21,1704.97,1727.5,3159.26,3608.06,41.23,223.82,,,,,,,美容护理,个护用品,洗护用品,27.65,27.94,28.34
sz002919,名臣健康,2022-09-06,29.5,30.72,28.91,29.5,29.23,3761482.0,112786248.0,4975534693.5,5044206268.5,61740555.239999995,68561200.33000001,744957382.9000001,968673474.97,223716092.07,25508408.11,3727.95,4043.87,3652.84,3375.81,3750.28,3735.36,147.55,123.58,,,,,,,美容护理,个护用品,洗护用品,29.94,30.12,30.26
sz002919,名臣健康,2022-09-07,29.51,29.55,28.28,29.07,29.5,1737881.0,50242707.0,4903009950.51,4970680550.01,61740555.239999995,68561200.33000001,744957382.9000001,968673474.97,223716092.07,25508408.11,2146.86,1625.71,536.68,602.02,2143.45,2653.13,197.28,143.42,,,,,,,美容护理,个护用品,洗护用品,28.73,28.7,28.97
sz002919,名臣健康,2022-09-08,30.17,30.17,27.3,28.07,29.07,1333090.0,37815114.0,4734347757.51,4799690507.009999,61740555.239999995,68561200.33000001,744957382.9000001,968673474.97,223716092.07,25508408.11,1311.84,1110.49,470.97,425.47,1744.42,2017.2,254.27,228.35,,,,,,,美容护理,个护用品,洗护用品,28.36,28.91,28.66
sz002919,名臣健康,2022-09-09,28.06,28.98,27.81,28.41,28.07,1136077.0,32223779.0,4791692903.13,4857827121.63,61740555.239999995,68561200.33000001,744957382.9000001,968673474.97,223716092.07,25508408.11,1189.84,1172.78,831.68,496.92,1027.12,1552.68,173.74,0.0,,,,,,,美容护理,个护用品,洗护用品,28.08,28.4,28.39
sz002919,名臣健康,2022-09-13,28.35,29.35,28.13,29.28,28.41,1003290.0,29000668.0,4938429011.04,5006588459.04,61740555.239999995,68561200.33000001,744957382.9000001,968673474.97,223716092.07,25508408.11,1156.2,1342.63,449.23,243.53,1165.46,1165.94,129.17,147.97,,,,,,,美容护理,个护用品,洗护用品,28.17,28.41,28.8
sz002919,名臣健康,2022-09-14,29.28,30.49,28.21,29.27,29.28,1854340.0,54422107.0,4936742389.110001,5004878558.610001,61740555.239999995,68561200.33000001,744957382.9000001,968673474.97,223716092.07,25508408.11,2182.07,2168.29,1286.82,1099.36,1731.8,1981.55,241.52,193.0,,,,,,,美容护理,个护用品,洗护用品,29.73,29.81,29.42
sz002919,名臣健康,2022-09-15,29.27,30.2,28.67,29.88,29.27,2185590.0,64164266.0,5039626326.84,5109182484.84,61740555.239999995,68561200.33000001,744957382.9000001,968673474.97,223716092.07,25508408.11,1623.65,1743.45,1967.23,1150.41,1736.97,1481.89,1088.58,2040.67,,,,,,,美容护理,个护用品,洗护用品,28.94,29.14,28.73
sz002919,名臣健康,2022-09-16,29.99,31.49,29.56,30.48,29.88,2792886.0,85594191.0,5140823642.639999,5211776510.639999,61740555.239999995,68561200.33000001,744957382.9000001,968673474.97,223716092.07,25508408.11,3462.73,3213.68,1602.89,2041.51,2738.49,2667.97,755.31,636.27,,,,,,,美容护理,个护用品,洗护用品,30.0,30.1,30.25
sz002919,名臣健康,2022-09-19,30.5,30.9,29.31,30.06,30.48,2050829.0,61365999.0,5069985521.58,5139960692.58,61740555.239999995,68561200.33000001,744957382.9000001,968673474.97,223716092.07,25508408.11,2188.79,2668.44,1754.87,1207.09,2056.2,2042.06,136.73,219.0,,,,,,,美容护理,个护用品,洗护用品,29.71,29.88,29.95
sz002919,名臣健康,2022-09-20,30.0,30.98,29.81,30.44,30.06,1337243.0,40843395.0,5134077154.92,5204936908.92,61740555.239999995,68561200.33000001,744957382.9000001,968673474.97,223716092.07,25508408.11,1526.05,2038.49,497.72,412.03,1933.38,1500.64,127.18,133.19,,,,,,,美容护理,个护用品,洗护用品,30.14,30.9,30.78
sz002919,名臣健康,2022-09-21,30.42,30.99,28.86,29.78,30.44,1633240.0,48315939.0,5022760107.54,5092083480.54,61740555.239999995,68561200.33000001,744957382.9000001,968673474.97,223716092.07,25508408.11,1876.6,1563.28,926.92,829.89,1702.85,1919.26,91.29,285.23,,,,,,,美容护理,个护用品,洗护用品,30.4,30.26,30.16
sz002919,名臣健康,2022-09-22,30.19,30.28,29.33,29.49,29.78,1696206.0,50700506.0,4973848071.57,5042496368.07,61740555.239999995,68561200.33000001,744957382.9000001,968673474.97,223716092.07,25508408.11,1273.48,1359.38,1221.83,1582.54,1973.51,1195.58,601.23,932.55,,,,,,,美容护理,个护用品,洗护用品,29.5,30.01,29.89
sz002919,名臣健康,2022-09-23,29.5,29.78,28.45,29.18,29.49,1312330.0,38077103.0,4921562791.74,4989489454.74,61740555.239999995,68561200.33000001,744957382.9000001,968673474.97,223716092.07,25508408.11,1088.2,1388.11,868.21,793.53,1729.7,1482.06,121.6,144.02,,,,,,,美容护理,个护用品,洗护用品,29.47,28.75,29.02
sz002919,名臣健康,2022-09-26,29.49,30.3,28.5,29.65,29.18,1485154.0,44083232.0,5000834022.45,5069854774.95,61740555.239999995,68561200.33000001,744957382.9000001,968673474.97,223716092.07,25508408.11,1756.26,1591.66,1063.95,1254.26,1487.34,1399.16,100.76,163.25,,,,,,,美容护理,个护用品,洗护用品,29.16,29.23,29.31
sz002919,名臣健康,2022-09-27,29.66,30.49,29.56,29.9,29.65,1024466.0,30617093.0,5042999570.7,5112602285.7,61740555.239999995,68561200.33000001,744957382.9000001,968673474.97,223716092.07,25508408.11,652.26,885.82,695.71,546.8,1327.31,1007.08,386.44,622.0,,,,,,,美容护理,个护用品,洗护用品,29.63,29.79,29.91
sz002919,名臣健康,2022-09-28,29.59,30.29,28.6,28.95,29.9,1288176.0,37873552.0,4882770487.35,4950161744.85,61740555.239999995,68561200.33000001,744957382.9000001,968673474.97,223716092.07,25508408.11,1025.11,1143.11,560.69,901.53,1638.41,1313.48,563.14,429.24,,,,,,,美容护理,个护用品,洗护用品,29.88,30.0,30.0
sz002919,名臣健康,2022-09-29,29.8,29.9,29.01,29.05,28.95,1398416.0,41147293.0,4899636706.65,4967260749.15,61740555.239999995,68561200.33000001,744957382.9000001,968673474.97,223716092.07,25508408.11,1397.49,1870.0,1106.52,629.49,1356.8,1146.49,253.92,468.76,,,,,,,美容护理,个护用品,洗护用品,29.66,29.67,29.88
sz002919,名臣健康,2022-09-30,29.5,30.5,27.3,27.77,29.05,3844103.0,111477672.0,4683749099.610001,4748393494.11,61740555.239999995,68561200.33000001,744957382.9000001,968673474.97,223716092.07,25508408.11,3642.1,3639.13,3056.99,2997.14,3670.13,2930.89,778.55,1580.61,,,,,,,美容护理,个护用品,洗护用品,30.1,30.03,29.8
sz002919,名臣健康,2022-10-10,27.32,28.51,27.0,27.4,27.77,1408060.0,39028130.0,4621344088.2,4685127178.2,61740555.239999995,68561200.33000001,744957382.9000001,968673474.97,223716092.07,25508408.11,937.18,1131.33,371.38,643.91,2475.22,1983.28,119.04,144.3,,,,,,,美容护理,个护用品,洗护用品,27.88,28.29,28.14
sz002919,名臣健康,2022-10-11,27.8,27.8,26.03,26.94,27.4,1274070.0,33837797.0,4543759479.42,4606471758.42,61740555.239999995,68561200.33000001,744957382.9000001,968673474.97,223716092.07,25508408.11,1024.95,715.14,714.23,916.78,1644.6,1468.52,0.0,283.35,,,,,,,美容护理,个护用品,洗护用品,26.75,26.43,26.49
sz002919,名臣健康,2022-10-12,26.9,27.48,25.92,27.26,26.94,1636380.0,43621892.0,4597731381.18,4661188572.18,61740555.239999995,68561200.33000001,744957382.9000001,968673474.97,223716092.07,25508408.11,1422.99,1590.5,724.57,630.98,2082.63,1753.5,132.0,387.2,,,,,,,美容护理,个护用品,洗护用品,26.44,26.2,25.96
sz002919,名臣健康,2022-10-13,27.24,27.96,26.15,27.29,27.26,1040880.0,28421090.0,4602791246.97,4666318273.47,61740555.239999995,68561200.33000001,744957382.9000001,968673474.97,223716092.07,25508408.11,848.78,788.2,286.04,504.3,1425.77,1547.98,281.53,1.63,,,,,,,美容护理,个护用品,洗护用品,27.14,27.19,27.03
sz002919,名臣健康,2022-10-14,27.39,27.81,27.01,27.2,27.29,782794.0,21345418.0,4587611649.6,4650929169.6,61740555.239999995,68561200.33000001,744957382.9000001,968673474.97,223716092.07,25508408.11,760.01,673.03,180.71,236.02,1070.62,1090.72,123.21,134.77,,,,,,,美容护理,个护用品,洗护用品,27.63,27.54,27.28
sz002919,名臣健康,2022-10-17,27.2,27.41,26.26,26.53,27.2,967190.0,25790558.0,4474607980.29,4536365840.79,61740555.239999995,68561200.33000001,744957382.9000001,968673474.97,223716092.07,25508408.11,846.25,652.13,482.15,827.41,1138.65,949.58,112.01,149.94,,,,,,,美容护理,个护用品,洗护用品,27.1,26.78,26.79
sz002919,名臣健康,2022-10-18,27.0,28.18,26.35,27.87,26.53,2118658.0,58505134.0,4700615318.91,4765492498.41,61740555.239999995,68561200.33000001,744957382.9000001,968673474.97,223716092.07,25508408.11,2262.18,1743.1,1138.68,1733.46,2091.13,1791.76,358.52,582.2,,,,,,,美容护理,个护用品,洗护用品,26.9,27.17,27.64
sz002919,名臣健康,2022-10-19,28.0,28.6,27.06,27.25,27.87,1600070.0,44779296.0,4596044759.25,4659478671.75,61740555.239999995,68561200.33000001,744957382.9000001,968673474.97,223716092.07,25508408.11,1785.43,1575.03,805.18,927.59,1760.7,1752.17,126.62,223.14,,,,,,,美容护理,个护用品,洗护用品,28.13,28.38,28.28
sz002919,名臣健康,2022-10-20,27.24,27.96,26.53,26.96,27.25,1120180.0,30425067.0,4547132723.28,4609891559.28,61740555.239999995,68561200.33000001,744957382.9000001,968673474.97,223716092.07,25508408.11,1198.08,1046.69,632.85,741.3,1211.57,1125.71,0.0,128.81,,,,,,,美容护理,个护用品,洗护用品,26.71,26.9,26.95
sz002919,名臣健康,2022-10-21,26.96,27.59,26.02,26.67,26.96,835860.0,22198351.0,4498220687.31,4560304446.81,61740555.239999995,68561200.33000001,744957382.9000001,968673474.97,223716092.07,25508408.11,747.29,644.04,326.23,431.92,1057.65,1037.82,84.94,102.34,,,,,,,美容护理,个护用品,洗护用品,26.74,26.87,26.43
sz002919,名臣健康,2022-10-24,27.17,27.17,25.32,26.31,26.67,995034.0,26009229.0,4437502297.83,4498748031.33,61740555.239999995,68561200.33000001,744957382.9000001,968673474.97,223716092.07,25508408.11,729.06,759.29,645.31,238.61,1226.55,1446.15,0.0,156.87,,,,,,,美容护理,个护用品,洗护用品,26.27,26.37,26.49
sz002919,名臣健康,2022-10-25,25.03,26.0,25.02,25.62,26.31,971110.0,24842088.0,4321125384.66,4380764901.66,61740555.239999995,68561200.33000001,744957382.9000001,968673474.97,223716092.07,25508408.11,640.06,801.34,390.18,582.15,1315.59,1100.73,138.38,0.0,,,,,,,美容护理,个护用品,洗护用品,25.68,25.7,25.58
sz002919,名臣健康,2022-10-26,25.7,26.79,25.25,25.85,25.62,1748190.0,44904787.0,4359917689.05,4420092611.55,61740555.239999995,68561200.33000001,744957382.9000001,968673474.97,223716092.07,25508408.11,1177.84,1941.28,1710.1,982.15,1493.37,1302.78,109.17,264.27,,,,,,,美容护理,个护用品,洗护用品,26.0,25.99,25.99
sz002919,名臣健康,2022-10-27,26.4,28.44,25.53,27.9,25.85,5527999.0,153290706.0,4705675184.7,4770622199.7,61740555.239999995,68561200.33000001,744957382.9000001,968673474.97,223716092.07,25508408.11,4722.2,4558.29,4776.69,6465.34,3946.85,2800.12,1883.33,1505.31,,,,,,,美容护理,个护用品,洗护用品,26.24,26.49,26.55
sz002919,名臣健康,2022-10-28,28.53,28.68,26.3,26.85,27.9,2933370.0,79155010.0,4528579882.05,4591082654.55,61740555.239999995,68561200.33000001,744957382.9000001,968673474.97,223716092.07,25508408.11,2542.1,3552.3,2377.82,1319.33,2862.54,2891.58,133.05,152.3,,,,,,,美容护理,个护用品,洗护用品,27.76,27.59,26.82
sz002919,名臣健康,2022-10-31,26.26,27.88,25.03,27.64,26.85,2038897.0,55235543.0,4661823014.52,4726164788.52,-5908346.540000007,-8523502.79999999,695537734.1,978654484.61,283116750.51,-45526989.510000005,2243.63,1827.77,1385.0,1179.44,1758.91,2239.25,136.01,277.09,,,,,,,美容护理,个护用品,洗护用品,26.21,25.8,26.26
sz002919,名臣健康,2022-11-01,27.62,29.28,27.62,29.2,27.64,2009375.0,57588742.0,4924936035.6,4992909255.6,-5908346.540000007,-8523502.79999999,695537734.1,978654484.61,283116750.51,-45526989.510000005,1945.11,2071.43,1438.86,1361.01,2122.54,1885.41,252.36,441.02,,,,,,,美容护理,个护用品,洗护用品,28.05,28.08,28.36
sz002919,名臣健康,2022-11-02,29.34,30.26,28.68,29.92,29.2,1800497.0,53497330.0,5046372814.56,5116022086.559999,-5908346.540000007,-8523502.79999999,695537734.1,978654484.61,283116750.51,-45526989.510000005,1676.18,2025.85,1400.69,1240.16,1893.99,1907.77,378.87,175.95,,,,,,,美容护理,个护用品,洗护用品,29.43,29.3,29.36
sz002919,名臣健康,2022-11-03,30.65,30.65,29.26,30.45,29.92,1856320.0,56126735.0,5135763776.85,5206646809.35,-5908346.540000007,-8523502.79999999,695537734.1,978654484.61,283116750.51,-45526989.510000005,1615.22,1695.15,1636.45,1532.34,1862.81,1661.93,498.2,723.26,,,,,,,美容护理,个护用品,洗护用品,29.9,30.23,30.2
sz002919,名臣健康,2022-11-04,30.45,31.15,28.4,29.47,30.45,3239790.0,95836406.0,4970474827.71,5039076567.21,-5908346.540000007,-8523502.79999999,695537734.1,978654484.61,283116750.51,-45526989.510000005,3939.58,3974.23,1892.13,2320.49,3611.4,3093.86,140.53,195.05,,,,,,,美容护理,个护用品,洗护用品,30.53,30.43,30.39
sz002919,名臣健康,2022-11-07,29.34,30.8,28.6,30.67,29.47,2483480.0,73962352.0,5172869459.31,5244264618.809999,-5908346.540000007,-8523502.79999999,695537734.1,978654484.61,283116750.51,-45526989.510000005,2629.02,2591.7,2345.86,1618.42,2147.93,2742.03,273.43,444.09,,,,,,,美容护理,个护用品,洗护用品,28.95,29.0,29.28
sz002919,名臣健康,2022-11-08,30.64,31.61,30.33,31.51,30.67,2126170.0,65992706.0,5314545701.43,5387896254.93,-5908346.540000007,-8523502.79999999,695537734.1,978654484.61,283116750.51,-45526989.510000005,2474.47,2184.63,1639.59,1766.72,2049.84,2413.48,435.37,234.45,,,,,,,美容护理,个护用品,洗护用品,30.52,30.56,30.79
sz002919,名臣健康,2022-11-09,31.01,34.5,30.94,34.34,31.51,3391743.0,113144134.0,5791859707.62,5871798076.62,-5908346.540000007,-8523502.79999999,695537734.1,978654484.61,283116750.51,-45526989.510000005,4208.36,3694.32,3394.87,3352.38,3306.65,4040.98,404.54,226.73,,,,,,,美容护理,个护用品,洗护用品,32.68,32.77,32.88
sz002919,名臣健康,2022-11-10,34.26,36.28,33.62,36.23,34.34,3001715.0,106082492.0,6110631252.389999,6194969257.89,-5908346.540000007,-8523502.79999999,695537734.1,978654484.61,283116750.51,-45526989.510000005,4205.21,4164.58,2898.96,2197.85,2766.24,3681.41,737.84,564.41,,,,,,,美容护理,个护用品,洗护用品,34.63,35.0,35.08
sz002919,名臣健康,2022-11-11,36.8,36.98,34.59,35.37,36.23,2958863.0,104436913.0,5965581766.41,6047917820.91,-5908346.540000007,-8523502.79999999,695537734.1,978654484.61,283116750.51,-45526989.510000005,4319.31,3573.0,1937.52,1947.75,3390.02,4403.01,796.84,519.94,,,,,,,美容护理,个护用品,洗护用品,35.65,35.84,35.68
sz002919,名臣健康,2022-11-14,35.59,38.07,34.88,37.96,35.37,3645835.0,133220966.0,6402416846.28,6490782032.28,-5908346.540000007,-8523502.79999999,695537734.1,978654484.61,283116750.51,-45526989.510000005,5345.98,5103.46,3310.68,3223.67,2944.14,4160.0,1721.3,834.97,,,,,,,美容护理,个护用品,洗护用品,35.26,35.82,35.82
sz002919,名臣健康,2022-11-15,38.99,38.99,36.65,36.88,37.96,3883150.0,145712401.0,6220261677.84,6306112785.839999,-5908346.540000007,-8523502.79999999,695537734.1,978654484.61,283116750.51,-45526989.510000005,6199.79,5431.89,4304.51,3755.48,3616.47,4457.09,450.47,926.78,,,,,,,美容护理,个护用品,洗护用品,38.22,38.78,37.97
sz002919,名臣健康,2022-11-16,36.75,36.78,35.09,36.2,36.88,2239130.0,81094792.0,6105571386.6,6189839556.599999,-5908346.540000007,-8523502.79999999,695537734.1,978654484.61,283116750.51,-45526989.510000005,2925.62,3150.8,1173.95,2054.51,3665.05,2327.83,344.87,576.35,,,,,,,美容护理,个护用品,洗护用品,36.05,35.72,36.17
sz002919,名臣健康,2022-11-17,37.22,37.5,34.68,35.68,36.2,2863950.0,101496314.0,6017867046.24,6100924734.24,-5908346.540000007,-8523502.79999999,695537734.1,978654484.61,283116750.51,-45526989.510000005,3332.53,3286.85,2434.85,1695.69,4049.13,3052.72,333.11,2114.38,,,,,,,美容护理,个护用品,洗护用品,36.09,35.6,35.31
sz002919,名臣健康,2022-11-18,35.2,36.84,34.88,35.2,35.68,2404940.0,85380283.0,5936909193.6,6018849513.599999,-5908346.540000007,-8523502.79999999,695537734.1,978654484.61,283116750.51,-45526989.510000005,2696.05,2952.58,2098.7,2929.69,3253.14,2306.18,490.13,349.58,,,,,,,美容护理,个护用品,洗护用品,36.1,35.6,35.75
sz002919,名臣健康,2022-11-21,35.97,35.97,32.53,33.95,35.2,1920544.0,65606179.0,5726081452.349999,5805111959.85,-5908346.540000007,-8523502.79999999,695537734.1,978654484.61,283116750.51,-45526989.510000005,2411.64,2753.75,968.03,1303.61,3045.13,2262.97,135.81,240.29,,,,,,,美容护理,个护用品,洗护用品,34.77,34.7,34.1
sz002919,名臣健康,2022-11-22,33.81,33.99,32.61,32.75,33.95,2260150.0,74840470.0,5523686820.75,5599923908.25,-5908346.540000007,-8523502.79999999,695537734.1,978654484.61,283116750.51,-45526989.510000005,2640.92,3297.63,1331.73,1058.43,3365.15,2559.06,146.24,568.93,,,,,,,美容护理,个护用品,洗护用品,33.65,33.54,33.45
sz002919,名臣健康,2022-11-23,33.49,33.49,31.68,32.35,32.75,1821720.0,58758972.0,5456221943.55,5531527891.05,-5908346.540000007,-8523502.79999999,695537734.1,978654484.61,283116750.51,-45526989.510000005,2442.37,2246.41,940.23,1378.33,2254.31,1973.44,239.0,277.73,,,,,,,美容护理,个护用品,洗护用品,32.59,32.32,32.11
sz002919,名臣健康,2022-11-24,32.24,32.82,32.01,32.56,32.35,1161967.0,37691120.0,5491641004.080001,5567435800.08,-5908346.540000007,-8523502.79999999,695537734.1,978654484.61,283116750.51,-45526989.510000005,1033.97,1086.02,545.62,409.21,2038.78,2091.67,150.74,182.21,,,,,,,美容护理,个护用品,洗护用品,32.56,32.48,32.47
sz002919,名臣健康,2022-11-25,32.49,33.62,31.79,32.77,32.56,1356116.0,44135832.0,5527060064.61,5603343709.11,-5908346.540000007,-8523502.79999999,695537734.1,978654484.61,283116750.51,-45526989.510000005,1392.57,1026.75,778.46,611.84,1985.52,2435.67,257.05,339.32,,,,,,,美容护理,个护用品,洗护用品,32.71,33.03,32.23
sz002919,名臣健康,2022-11-28,31.91,33.67,31.91,32.5,32.77,1043365.0,33910372.0,5481521272.5,5557176397.5,-5908346.540000007,-8523502.79999999,695537734.1,978654484.61,283116750.51,-45526989.510000005,953.8,896.08,367.79,430.71,1839.96,1755.44,229.49,308.81,,,,,,,美容护理,个护用品,洗护用品,32.63,32.61,32.31
sz002919,名臣健康,2022-11-29,32.49,33.0,32.01,32.5,32.5,925480.0,30096603.0,5481521272.5,5557176397.5,-5908346.540000007,-8523502.79999999,695537734.1,978654484.61,283116750.51,-45526989.510000005,917.68,909.35,502.28,243.94,1454.56,1547.52,135.14,308.84,,,,,,,美容护理,个护用品,洗护用品,32.37,32.51,32.31
sz002919,名臣健康,2022-11-30,32.66,33.48,31.7,32.2,32.5,1195330.0,38395889.0,5430922614.599999,5505879384.599999,-5908346.540000007,-8523502.79999999,695537734.1,978654484.61,283116750.51,-45526989.510000005,990.96,1099.52,512.66,527.41,2177.15,2064.66,158.81,148.0,,,,,,,美容护理,个护用品,洗护用品,32.54,32.05,31.81
sz002919,名臣健康,2022-12-01,32.21,32.99,31.71,32.24,32.2,1113103.0,35845525.0,5437669102.320001,5512718986.32,-5908346.540000007,-8523502.79999999,695537734.1,978654484.61,283116750.51,-45526989.510000005,1102.26,1205.82,889.31,656.22,1449.95,1423.3,143.03,299.2,,,,,,,美容护理,个护用品,洗护用品,32.65,32.48,32.44
sz002919,名臣健康,2022-12-02,32.22,32.95,31.39,32.21,32.24,1449340.0,46862328.0,5432609236.530001,5507589285.03,-5908346.540000007,-8523502.79999999,695537734.1,978654484.61,283116750.51,-45526989.510000005,1815.84,1757.18,702.76,1030.2,2040.44,1770.41,127.19,128.44,,,,,,,美容护理,个护用品,洗护用品,31.63,31.92,31.81
sz002919,名臣健康,2022-12-05,32.23,32.52,32.0,32.18,32.21,1153060.0,37105503.0,5427549370.74,5502459583.740001,-5908346.540000007,-8523502.79999999,695537734.1,978654484.61,283116750.51,-45526989.510000005,622.72,1352.74,406.7,578.22,2569.93,1623.6,111.2,155.99,,,,,,,美容护理,个护用品,洗护用品,32.22,32.26,32.16
sz002919,名臣健康,2022-12-06,32.29,33.75,32.12,32.9,32.18,2287452.0,75566370.0,5548986149.7,5625572414.7,-5908346.540000007,-8523502.79999999,695537734.1,978654484.61,283116750.51,-45526989.510000005,2972.48,2264.0,1684.91,1998.92,2430.16,2656.63,412.2,580.2,,,,,,,美容护理,个护用品,洗护用品,32.6,32.76,32.81
sz002919,名臣健康,2022-12-07,32.9,35.99,32.5,35.98,32.9,4088145.0,142757333.0,6068465704.139999,6152221747.139999,-5908346.540000007,-8523502.79999999,695537734.1,978654484.61,283116750.51,-45526989.510000005,4674.44,5748.76,3774.01,4129.16,4602.3,3645.41,1224.99,752.4,,,,,,,美容护理,个护用品,洗护用品,33.47,34.39,34.43
sz002919,名臣健康,2022-12-08,35.96,36.92,35.38,36.21,35.98,2108170.0,75909913.0,6107258008.530001,6191549457.03,-5908346.540000007,-8523502.79999999,695537734.1,978654484.61,283116750.51,-45526989.510000005,2838.78,2983.85,1927.92,1504.07,2271.33,2544.45,552.96,558.63,,,,,,,美容护理,个护用品,洗护用品,35.84,36.15,35.6
sz002919,名臣健康,2022-12-09,36.51,36.66,35.21,35.98,36.21,2467820.0,88970132.0,6068465704.139999,6152221747.139999,-5908346.540000007,-8523502.79999999,695537734.1,978654484.61,283116750.51,-45526989.510000005,2478.8,3586.22,2769.25,1763.33,2199.38,2632.84,1449.59,914.62,,,,,,,美容护理,个护用品,洗护用品,35.6,35.33,35.72
sz002919,名臣健康,2022-12-12,35.93,36.92,34.32,34.88,35.98,2156210.0,76208161.0,5882937291.84,5964132699.84,-5908346.540000007,-8523502.79999999,695537734.1,978654484.61,283116750.51,-45526989.510000005,2205.28,2401.14,1780.88,2079.72,3258.47,2181.52,376.19,958.43,,,,,,,美容护理,个护用品,洗护用品,35.57,35.5,35.47
sz002919,名臣健康,2022-12-13,34.94,36.14,34.72,35.75,34.88,2583930.0,92115071.0,6029673399.75,6112894037.25,-5908346.540000007,-8523502.79999999,695537734.1,978654484.61,283116750.51,-45526989.510000005,2881.9,3942.07,1998.31,1912.64,2732.75,2574.13,1598.55,782.66,,,,,,,美容护理,个护用品,洗护用品,35.34,35.43,35.6
sz002919,名臣健康,2022-12-14,36.05,36.67,35.26,35.99,35.75,1772530.0,63547150.0,6070152326.070001,6153931647.570001,-5908346.540000007,-8523502.79999999,695537734.1,978654484.61,283116750.51,-45526989.510000005,1507.37,1923.62,1627.48,1763.13,1623.24,1052.78,1596.63,1615.19,,,,,,,美容护理,个护用品,洗护用品,36.09,35.65,35.88
sz002919,名臣健康,2022-12-15,36.0,36.3,34.0,34.94,35.99,1343420.0,47342031.0,5893057023.42,5974392102.419999,-5908346.540000007,-8523502.79999999,695537734.1,978654484.61,283116750.51,-45526989.510000005,1883.38,1415.91,1391.37,1429.78,1320.82,1195.74,138.63,692.78,,,,,,,美容护理,个护用品,洗护用品,36.26,35.9,35.63
sz002919,名臣健康,2022-12-16,35.08,35.88,32.32,33.93,34.94,3286280.0,110256499.0,5722708208.49,5801692158.99,-5908346.540000007,-8523502.79999999,695537734.1,978654484.61,283116750.51,-45526989.510000005,3513.41,3394.34,2750.83,3360.01,3670.53,2557.74,1090.88,1713.57,,,,,,,美容护理,个护用品,洗护用品,34.7,34.35,34.23
sz002919,名臣健康,2022-12-19,33.87,33.99,32.52,32.9,33.93,1841819.0,60839845.0,5548986149.7,5625572414.7,-5908346.540000007,-8523502.79999999,695537734.1,978654484.61,283116750.51,-45526989.510000005,1451.98,1862.88,1256.28,1630.09,3233.55,2474.08,142.17,116.93,,,,,,,美容护理,个护用品,洗护用品,33.32,33.37,32.7
sz002919,名臣健康,2022-12-20,32.51,33.49,31.6,31.88,32.9,2075050.0,67002953.0,5376950712.839999,5451162570.84,-5908346.540000007,-8523502.79999999,695537734.1,978654484.61,283116750.51,-45526989.510000005,2656.27,1911.56,1653.97,2993.04,2249.17,1301.88,140.89,493.81,,,,,,,美容护理,个护用品,洗护用品,32.89,32.74,32.74
sz002919,名臣健康,2022-12-21,32.19,32.19,29.88,30.55,31.88,2254380.0,69220465.0,5152629996.15,5223745813.65,-5908346.540000007,-8523502.79999999,695537734.1,978654484.61,283116750.51,-45526989.510000005,2143.08,2089.39,1368.58,2020.82,3095.55,1750.64,314.83,1061.2,,,,,,,美容护理,个护用品,洗护用品,31.01,30.83,30.99
sz002919,名臣健康,2022-12-22,31.1,31.1,29.01,29.37,30.55,1850060.0,54878741.0,4953608608.41,5021977562.91,-5908346.540000007,-8523502.79999999,695537734.1,978654484.61,283116750.51,-45526989.510000005,1605.99,2096.54,605.52,895.95,2920.95,2297.99,355.41,197.39,,,,,,,美容护理,个护用品,洗护用品,30.16,29.93,30.01
sz002919,名臣健康,2022-12-23,29.25,31.5,28.81,30.3,29.37,4682660.0,142642204.0,5110464447.9,5180998302.900001,-5908346.540000007,-8523502.79999999,695537734.1,978654484.61,283116750.51,-45526989.510000005,4595.1,6418.44,4081.79,2864.42,4668.39,4663.24,918.94,318.12,,,,,,,美容护理,个护用品,洗护用品,29.95,30.55,30.87
sz002919,名臣健康,2022-12-26,30.31,32.99,30.31,32.37,30.3,3273900.0,104917893.0,5459595187.41,5534947691.91,-5908346.540000007,-8523502.79999999,695537734.1,978654484.61,283116750.51,-45526989.510000005,2880.19,3738.49,2775.6,2996.52,3647.33,3198.62,1188.67,558.16,,,,,,,美容护理,个护用品,洗护用品,30.87,31.66,31.52
sz002919,名臣健康,2022-12-27,32.11,32.4,31.4,31.67,32.37,2154416.0,68358348.0,5341531652.31,5415254661.81,-5908346.540000007,-8523502.79999999,695537734.1,978654484.61,283116750.51,-45526989.510000005,2495.4,2498.43,1309.8,787.63,2722.36,3203.23,308.27,346.55,,,,,,,美容护理,个护用品,洗护用品,32.09,31.67,31.83
sz002919,名臣健康,2022-12-28,31.18,33.28,30.4,32.85,31.67,5421164.0,172844380.0,5540553040.05,5617022912.55,-5908346.540000007,-8523502.79999999,695537734.1,978654484.61,283116750.51,-45526989.510000005,5152.05,4601.07,5866.48,4935.92,4256.3,4424.5,2009.6,3322.95,,,,,,,美容护理,个护用品,洗护用品,30.68,31.29,31.38
sz002919,名臣健康,2022-12-29,33.9,35.23,32.67,34.55,32.85,4001960.0,137731623.0,5827278768.15,5907705985.65,-5908346.540000007,-8523502.79999999,695537734.1,978654484.61,283116750.51,-45526989.510000005,4603.88,5203.36,3439.24,2933.18,4694.65,4105.32,1035.39,1531.31,,,,,,,美容护理,个护用品,洗护用品,33.95,34.56,34.25
sz002919,名臣健康,2022-12-30,34.0,35.87,34.0,35.66,34.55,2965350.0,104843582.0,6014493802.379999,6097504933.38,-5908346.540000007,-8523502.79999999,695537734.1,978654484.61,283116750.51,-45526989.510000005,4418.14,4605.82,2621.52,1395.99,2826.99,3711.62,617.7,770.93,,,,,,,美容护理,个护用品,洗护用品,34.47,35.37,35.58
sz002919,名臣健康,2023-01-03,36.21,36.79,34.4,34.97,35.66,3015040.0,107152705.0,5898116889.21,5979521803.71,-5908346.540000007,-8523502.79999999,695537734.1,978654484.61,283116750.51,-45526989.510000005,3202.58,4135.65,2233.89,2322.04,4515.41,3369.58,763.4,888.01,,,,,,,美容护理,个护用品,洗护用品,35.6,36.3,36.02
sz002919,名臣健康,2023-01-04,35.15,36.88,34.62,36.1,34.97,4005690.0,144131169.0,6088705167.3,6172740552.3,-5908346.540000007,-8523502.79999999,695537734.1,978654484.61,283116750.51,-45526989.510000005,3949.45,5167.41,2929.57,3576.99,4667.14,3876.96,2866.96,1791.75,,,,,,,美容护理,个护用品,洗护用品,34.91,35.56,35.93
sz002919,名臣健康,2023-01-05,36.02,37.22,35.66,36.9,36.1,2706900.0,99497429.0,6223634921.7,6309532586.7,-5908346.540000007,-8523502.79999999,695537734.1,978654484.61,283116750.51,-45526989.510000005,3057.51,3680.42,2629.1,2243.05,3534.43,3038.14,728.71,988.13,,,,,,,美容护理,个护用品,洗护用品,35.8,36.29,36.5
sz002919,名臣健康,2023-01-06,37.15,37.95,36.96,37.38,36.9,1834180.0,68922132.0,6304592774.34,6391607807.34,-5908346.540000007,-8523502.79999999,695537734.1,978654484.61,283116750.51,-45526989.510000005,2797.4,3404.06,1294.73,1437.37,2219.28,1936.83,580.8,113.95,,,,,,,美容护理,个护用品,洗护用品,37.2,37.6,37.57
sz002919,名臣健康,2023-01-09,37.55,37.62,36.38,37.14,37.38,1791840.0,66410455.0,6264113848.02,6350570197.02,-5908346.540000007,-8523502.79999999,695537734.1,978654484.61,283116750.51,-45526989.510000005,2357.21,2610.87,1426.82,1555.94,2567.35,1821.29,289.67,652.95,,,,,,,美容护理,个护用品,洗护用品,36.71,37.27,37.16
sz002919,名臣健康,2023-01-10,37.5,38.54,37.0,37.04,37.14,2109320.0,79444217.0,6247247628.72,6333471192.72,-5908346.540000007,-8523502.79999999,695537734.1,978654484.61,283116750.51,-45526989.510000005,2707.67,3544.7,1622.29,1828.19,3220.65,2078.89,393.81,492.64,,,,,,,美容护理,个护用品,洗护用品,38.15,38.14,37.68
sz002919,名臣健康,2023-01-11,37.08,37.78,34.54,34.8,37.04,3334000.0,119508200.0,5869444316.4,5950453496.400001,-5908346.540000007,-8523502.79999999,695537734.1,978654484.61,283116750.51,-45526989.510000005,4025.91,3493.5,1747.48,4204.07,5816.4,2684.29,361.03,1568.96,,,,,,,美容护理,个护用品,洗护用品,36.56,36.16,36.84
sz002919,名臣健康,2023-01-12,35.31,35.5,32.86,33.15,34.8,4538174.0,153700318.0,5591151697.95,5668319925.450001,-5908346.540000007,-8523502.79999999,695537734.1,978654484.61,283116750.51,-45526989.510000005,4888.17,4568.49,3621.68,4312.37,6333.15,3636.7,527.03,2852.47,,,,,,,美容护理,个护用品,洗护用品,35.05,34.94,34.86
sz002919,名臣健康,2023-01-13,33.28,34.19,32.73,33.4,33.15,2426540.0,81148228.0,5633317246.2,5711067436.2,-5908346.540000007,-8523502.79999999,695537734.1,978654484.61,283116750.51,-45526989.510000005,2394.55,3076.95,1173.75,1271.04,3948.38,3549.38,598.15,217.45,,,,,,,美容护理,个护用品,洗护用品,33.03,33.12,33.5
sz002919,名臣健康,2023-01-16,33.4,33.78,31.49,31.82,33.4,4050800.0,129668193.0,5366830981.26,5440903168.26,-5908346.540000007,-8523502.79999999,695537734.1,978654484.61,283116750.51,-45526989.510000005,4907.13,4137.08,2746.69,2796.38,4928.84,5350.66,384.16,682.69,,,,,,,美容护理,个护用品,洗护用品,32.94,32.6,32.14
sz002919,名臣健康,2023-01-17,31.82,32.28,31.39,31.72,31.82,1874060.0,59422592.0,5349964761.96,5423804163.96,-5908346.540000007,-8523502.79999999,695537734.1,978654484.61,283116750.51,-45526989.510000005,1989.06,2255.78,825.67,867.78,2968.12,2818.7,159.41,0.0,,,,,,,美容护理,个护用品,洗护用品,31.65,31.79,31.8
sz002919,名臣健康,2023-01-18,31.65,31.65,30.78,31.07,31.72,1678900.0,52249080.0,5240334336.51,5312660636.01,-5908346.540000007,-8523502.79999999,695537734.1,978654484.61,283116750.51,-45526989.510000005,1866.93,1351.02,1001.46,711.68,2356.52,2712.29,0.0,449.92,,,,,,,美容护理,个护用品,洗护用品,31.3,30.99,31.05
sz002919,名臣健康,2023-01-19,30.98,31.0,30.3,30.47,31.07,1758860.0,53650182.0,5139137020.71,5210066610.21,-5908346.540000007,-8523502.79999999,695537734.1,978654484.61,283116750.51,-45526989.510000005,2011.98,2242.67,717.44,509.13,2360.5,2613.22,275.1,0.0,,,,,,,美容护理,个护用品,洗护用品,30.52,30.64,30.4
sz002919,名臣健康,2023-01-20,30.79,32.15,30.4,31.82,30.47,3645160.0,115279523.0,5366830981.26,5440903168.26,-5908346.540000007,-8523502.79999999,695537734.1,978654484.61,283116750.51,-45526989.510000005,4376.32,4950.16,2887.94,1693.01,3011.1,4770.71,1252.6,114.08,,,,,,,美容护理,个护用品,洗护用品,30.64,31.36,31.71
sz002919,名臣健康,2023-01-30,32.32,32.77,31.2,31.52,31.82,3983960.0,126213822.0,5316232323.36,5389606155.36,-5908346.540000007,-8523502.79999999,695537734.1,978654484.61,283116750.51,-45526989.510000005,5185.46,5494.79,3181.42,2443.32,3659.89,4569.96,594.62,113.31,,,,,,,美容护理,个护用品,洗护用品,32.18,31.75,31.74
sz002919,名臣健康,2023-01-31,31.54,31.55,30.21,30.55,31.52,3101190.0,94931289.0,5152629996.15,5223745813.65,-5908346.540000007,-8523502.79999999,695537734.1,978654484.61,283116750.51,-45526989.510000005,3927.91,3158.87,2372.88,2594.03,3043.52,3267.2,148.81,473.03,,,,,,,美容护理,个护用品,洗护用品,31.22,31.25,31.0
sz002919,名臣健康,2023-02-01,30.65,31.97,30.65,31.63,30.55,3152490.0,98858438.0,5334785164.589999,5408415060.09,-5908346.540000007,-8523502.79999999,695537734.1,978654484.61,283116750.51,-45526989.510000005,3336.66,5214.1,1924.2,1249.07,3459.25,3422.67,1165.74,0.0,,,,,,,美容护理,个护用品,洗护用品,31.33,30.87,31.22
sz002919,名臣健康,2023-02-02,32.08,32.83,31.24,32.0,31.63,3664277.0,117878591.0,5397190176.0,5471681376.0,-5908346.540000007,-8523502.79999999,695537734.1,978654484.61,283116750.51,-45526989.510000005,4919.83,3802.15,2378.99,2296.84,3675.0,5293.46,719.59,300.97,,,,,,,美容护理,个护用品,洗护用品,31.49,32.33,32.62
sz002919,名臣健康,2023-02-03,32.33,32.33,31.04,31.29,32.0,1698840.0,53194670.0,5277440018.97,5350278445.47,-5908346.540000007,-8523502.79999999,695537734.1,978654484.61,283116750.51,-45526989.510000005,2114.01,1713.56,808.65,1124.56,2240.36,2325.42,156.45,155.93,,,,,,,美容护理,个护用品,洗护用品,31.69,31.33,31.35
sz002919,名臣健康,2023-02-06,31.29,31.41,30.83,31.07,31.29,1362800.0,42295951.0,5240334336.51,5312660636.01,-5908346.540000007,-8523502.79999999,695537734.1,978654484.61,283116750.51,-45526989.510000005,1375.49,1179.56,1043.61,1064.86,1683.04,1728.63,127.45,256.56,,,,,,,美容护理,个护用品,洗护用品,30.9,31.01,31.25
sz002919,名臣健康,2023-02-07,31.17,31.68,30.75,30.92,31.07,1231640.0,38201921.0,5215035007.559999,5287012129.56,-5908346.540000007,-8523502.79999999,695537734.1,978654484.61,283116750.51,-45526989.510000005,1596.59,1361.76,460.05,744.85,1763.56,1713.58,0.0,0.0,,,,,,,美容护理,个护用品,洗护用品,31.55,31.34,31.15
sz002919,名臣健康,2023-02-08,30.91,31.26,30.65,30.8,30.92,1435340.0,44379032.0,5194795544.4,5266493324.400001,-5908346.540000007,-8523502.79999999,695537734.1,978654484.61,283116750.51,-45526989.510000005,1414.94,1417.86,910.21,695.26,1543.15,1743.42,569.61,581.36,,,,,,,美容护理,个护用品,洗护用品,30.7,30.81,30.95
sz002919,名臣健康,2023-02-09,30.8,31.81,30.74,31.4,30.8,1802830.0,56572233.0,5295992860.2,5369087350.2,-5908346.540000007,-8523502.79999999,695537734.1,978654484.61,283116750.51,-45526989.510000005,1845.82,2454.87,1404.27,946.63,2203.82,2255.72,203.31,0.0,,,,,,,美容护理,个护用品,洗护用品,30.9,30.98,31.08
sz002919,名臣健康,2023-02-10,31.5,31.88,30.92,31.0,31.4,1990440.0,62374562.0,5228527983.0,5300691333.0,-5908346.540000007,-8523502.79999999,695537734.1,978654484.61,283116750.51,-45526989.510000005,2149.0,1602.31,1030.76,1340.04,2766.88,2035.71,290.81,1259.39,,,,,,,美容护理,个护用品,洗护用品,31.25,31.31,31.3
sz002919,名臣健康,2023-02-13,31.11,31.62,30.92,31.43,31.0,1454000.0,45623331.0,5301052725.99,5374217051.490001,-5908346.540000007,-8523502.79999999,695537734.1,978654484.61,283116750.51,-45526989.510000005,1568.24,1657.54,755.91,898.3,2238.18,2006.5,0.0,0.0,,,,,,,美容护理,个护用品,洗护用品,31.23,31.28,31.45
sz002919,名臣健康,2023-02-14,31.48,31.6,31.0,31.35,31.43,1265910.0,39589175.0,5287559750.55,5360537848.049999,-5908346.540000007,-8523502.79999999,695537734.1,978654484.61,283116750.51,-45526989.510000005,1116.37,928.4,203.85,761.64,2638.7,2268.88,0.0,0.0,,,,,,,美容护理,个护用品,洗护用品,31.4,31.38,31.31
sz002919,名臣健康,2023-02-15,31.36,31.39,30.65,31.29,31.35,1746110.0,54076490.0,5277440018.97,5350278445.47,-5908346.540000007,-8523502.79999999,695537734.1,978654484.61,283116750.51,-45526989.510000005,1676.05,1062.96,886.74,1573.87,2844.87,2632.6,0.0,138.22,,,,,,,美容护理,个护用品,洗护用品,31.3,31.13,30.9
sz002919,名臣健康,2023-02-16,31.5,33.01,31.01,31.9,31.29,3923225.0,126799942.0,5380323956.7,5454582371.7,-5908346.540000007,-8523502.79999999,695537734.1,978654484.61,283116750.51,-45526989.510000005,5429.04,4539.2,2579.81,2899.98,4471.83,4331.06,199.31,909.75,,,,,,,美容护理,个护用品,洗护用品,31.69,31.88,32.9
sz002919,名臣健康,2023-02-17,31.68,33.22,31.65,32.57,31.9,2779143.0,90900104.0,5493327626.01,5569145700.51,-5908346.540000007,-8523502.79999999,695537734.1,978654484.61,283116750.51,-45526989.510000005,3074.91,2558.23,2232.21,1824.52,3451.75,4240.14,331.14,467.12,,,,,,,美容护理,个护用品,洗护用品,32.37,32.48,32.6
sz002919,名臣健康,2023-02-20,32.72,33.3,31.65,31.91,32.57,3059380.0,98273929.0,5382010578.63,5456292272.129999,-5908346.540000007,-8523502.79999999,695537734.1,978654484.61,283116750.51,-45526989.510000005,3078.36,2921.06,2939.73,1462.22,3809.31,5072.65,0.0,371.47,,,,,,,美容护理,个护用品,洗护用品,33.22,32.37,31.77
sz002919,名臣健康,2023-02-21,31.94,33.68,31.85,33.31,31.91,4637747.0,153518989.0,5618137648.830001,5695678332.33,-5908346.540000007,-8523502.79999999,695537734.1,978654484.61,283116750.51,-45526989.510000005,6164.42,5943.4,2825.96,2969.22,5599.4,5914.21,762.12,525.07,,,,,,,美容护理,个护用品,洗护用品,32.68,33.07,33.15
sz002919,名臣健康,2023-02-22,33.0,33.99,32.87,33.73,33.31,2936057.0,98873579.0,5688975769.889999,5767494150.389999,-5908346.540000007,-8523502.79999999,695537734.1,978654484.61,283116750.51,-45526989.510000005,4824.1,2414.99,2123.92,1917.03,2639.26,5092.88,297.42,459.81,,,,,,,美容护理,个护用品,洗护用品,33.21,33.22,33.1
sz002919,名臣健康,2023-02-23,33.67,35.18,33.58,35.15,33.73,2874320.0,100009193.0,5928476083.95,6010300011.45,-5908346.540000007,-8523502.79999999,695537734.1,978654484.61,283116750.51,-45526989.510000005,2995.99,2998.95,1622.27,1789.77,5137.22,5107.68,245.44,104.52,,,,,,,美容护理,个护用品,洗护用品,34.5,34.72,34.85
sz002919,名臣健康,2023-02-24,35.35,35.35,34.33,34.71,35.15,2079140.0,71956433.0,5854264719.030001,5935064392.53,-5908346.540000007,-8523502.79999999,695537734.1,978654484.61,283116750.51,-45526989.510000005,2234.27,1843.36,2196.0,1445.18,2381.86,3718.25,383.51,188.85,,,,,,,美容护理,个护用品,洗护用品,34.88,34.68,34.64
sz002919,名臣健康,2023-02-27,34.69,35.23,33.76,33.93,34.71,2408560.0,82513207.0,5722708208.49,5801692158.99,-5908346.540000007,-8523502.79999999,695537734.1,978654484.61,283116750.51,-45526989.510000005,2490.88,2205.03,1211.0,1739.67,3807.19,3192.11,742.25,1114.51,,,,,,,美容护理,个护用品,洗护用品,34.84,34.88,34.98
sz002919,名臣健康,2023-02-28,33.93,34.72,33.73,34.16,33.93,1604920.0,54967179.0,5761500512.879999,5841019868.88,-5908346.540000007,-8523502.79999999,695537734.1,978654484.61,283116750.51,-45526989.510000005,1489.91,1870.6,717.81,747.93,3232.34,2878.19,56.66,0.0,,,,,,,美容护理,个护用品,洗护用品,33.75,33.99,34.55
sz002919,名臣健康,2023-03-01,34.3,34.49,32.97,33.59,34.16,2761140.0,92458425.0,5665363062.87,5743555544.37,-5908346.540000007,-8523502.79999999,695537734.1,978654484.61,283116750.51,-45526989.510000005,2920.06,2538.27,1751.92,1325.5,3544.88,3014.83,1028.98,2367.23,,,,,,,美容护理,个护用品,洗护用品,33.7,33.86,33.71
sz002919,名臣健康,2023-03-02,33.32,34.38,33.32,33.57,33.59,1550920.0,52541240.0,5661989819.01,5740135743.51,-5908346.540000007,-8523502.79999999,695537734.1,978654484.61,283116750.51,-45526989.510000005,1518.91,1841.92,1199.45,1225.32,2531.39,2179.32,4.38,7.56,,,,,,,美容护理,个护用品,洗护用品,33.79,34.16,34.23
sz002919,名臣健康,2023-03-03,33.73,33.98,33.02,33.55,33.57,965130.0,32350927.0,5658616575.15,5736715942.65,-5908346.540000007,-8523502.79999999,695537734.1,978654484.61,283116750.51,-45526989.510000005,631.72,715.49,328.86,615.1,2224.98,1768.49,49.53,136.01,,,,,,,美容护理,个护用品,洗护用品,33.73,33.87,33.64
sz002919,名臣健康,2023-03-06,33.55,34.35,33.1,33.72,33.55,1655450.0,55900344.0,5687289147.96,5765784249.96,-5908346.540000007,-8523502.79999999,695537734.1,978654484.61,283116750.51,-45526989.510000005,2168.0,2086.52,847.79,1477.2,2397.5,2026.32,176.74,0.0,,,,,,,美容护理,个护用品,洗护用品,33.4,33.63,33.5
sz002919,名臣健康,2023-03-07,33.72,33.94,32.92,32.98,33.72,1022080.0,33974577.0,5562479125.139999,5639251618.14,-5908346.540000007,-8523502.79999999,695537734.1,978654484.61,283116750.51,-45526989.510000005,1100.36,1171.33,577.7,551.24,1709.08,1610.56,10.32,64.33,,,,,,,美容护理,个护用品,洗护用品,33.64,33.58,33.49
sz002919,名臣健康,2023-03-08,32.98,33.25,32.8,33.15,32.98,586200.0,19373755.0,5591151697.95,5668319925.450001,-5908346.540000007,-8523502.79999999,695537734.1,978654484.61,283116750.51,-45526989.510000005,610.27,610.11,426.99,234.83,900.11,989.82,0.0,102.61,,,,,,,美容护理,个护用品,洗护用品,33.1,33.13,33.19
sz002919,名臣健康,2023-03-09,33.1,33.33,32.8,33.24,33.15,716840.0,23688321.0,5606331295.320001,5683709029.32,-5908346.540000007,-8523502.79999999,695537734.1,978654484.61,283116750.51,-45526989.510000005,765.16,615.85,429.45,319.07,1049.9,1216.9,124.32,217.01,,,,,,,美容护理,个护用品,洗护用品,33.1,33.08,33.03
sz002919,名臣健康,2023-03-10,33.05,33.17,32.51,32.81,33.24,749350.0,24529311.0,5533806552.330001,5610183310.830001,-5908346.540000007,-8523502.79999999,695537734.1,978654484.61,283116750.51,-45526989.510000005,1153.8,664.11,317.54,134.07,915.06,1654.75,66.54,0.0,,,,,,,美容护理,个护用品,洗护用品,32.74,32.64,32.6
sz002919,名臣健康,2023-03-13,32.51,33.08,32.11,32.8,32.81,752260.0,24604697.0,5532119930.4,5608473410.4,-5908346.540000007,-8523502.79999999,695537734.1,978654484.61,283116750.51,-45526989.510000005,913.44,554.4,318.31,343.62,1228.72,1320.17,0.0,242.28,,,,,,,美容护理,个护用品,洗护用品,32.72,32.83,32.89
sz002919,名臣健康,2023-03-14,32.8,33.08,31.78,32.15,32.8,1630440.0,52614061.0,5422489504.95,5497329882.45,-5908346.540000007,-8523502.79999999,695537734.1,978654484.61,283116750.51,-45526989.510000005,1401.85,1189.78,1816.01,1651.81,1913.73,1794.28,129.82,625.53,,,,,,,美容护理,个护用品,洗护用品,32.69,32.46,32.49
sz002919,名臣健康,2023-03-15,32.1,33.94,31.94,32.8,32.15,2608597.0,85966787.0,5532119930.4,5608473410.4,-5908346.540000007,-8523502.79999999,695537734.1,978654484.61,283116750.51,-45526989.510000005,2013.81,2457.26,3291.2,2613.77,2923.44,2864.28,368.22,661.37,,,,,,,美容护理,个护用品,洗护用品,32.57,32.77,32.75
sz002919,名臣健康,2023-03-16,32.81,33.28,32.2,32.37,32.8,1465560.0,47722365.0,5459595187.41,5534947691.91,-5908346.540000007,-8523502.79999999,695537734.1,978654484.61,283116750.51,-45526989.510000005,1377.72,1123.56,1823.65,1607.76,1570.87,1939.39,0.0,101.53,,,,,,,美容护理,个护用品,洗护用品,32.7,32.75,32.49
sz002919,名臣健康,2023-03-17,32.42,32.71,31.78,32.26,32.37,1748660.0,56416690.0,5441042346.18,5516138787.18,-5908346.540000007,-8523502.79999999,695537734.1,978654484.61,283116750.51,-45526989.510000005,1654.29,1644.35,1731.88,1559.86,1932.3,2437.46,323.2,0.0,,,,,,,美容护理,个护用品,洗护用品,32.0,31.99,32.03
sz002919,名臣健康,2023-03-20,32.26,34.04,32.01,33.33,32.26,2564550.0,85326471.0,5621510892.69,5699098133.19,-5908346.540000007,-8523502.79999999,695537734.1,978654484.61,283116750.51,-45526989.510000005,2433.17,2252.92,2140.12,2683.46,3290.45,3014.69,668.91,581.58,,,,,,,美容护理,个护用品,洗护用品,32.29,32.46,33.1
sz002919,名臣健康,2023-03-21,33.16,36.02,32.95,34.81,33.33,3965330.0,137622675.0,5871130938.330001,5952163396.83,-5908346.540000007,-8523502.79999999,695537734.1,978654484.61,283116750.51,-45526989.510000005,4335.41,5384.06,4461.17,3077.48,4571.64,5195.12,394.05,105.61,,,,,,,美容护理,个护用品,洗护用品,33.13,33.08,33.27
sz002919,名臣健康,2023-03-22,35.39,36.0,34.54,35.12,34.81,2933580.0,103058560.0,5923416218.16,6005170310.16,-5908346.540000007,-8523502.79999999,695537734.1,978654484.61,283116750.51,-45526989.510000005,3366.82,3494.03,1822.73,2025.14,4274.47,4388.44,841.83,398.25,,,,,,,美容护理,个护用品,洗护用品,35.37,35.23,34.81
sz002919,名臣健康,2023-03-23,35.39,36.96,34.94,36.69,35.12,5024154.0,181470929.0,6188215861.17,6273624677.67,-5908346.540000007,-8523502.79999999,695537734.1,978654484.61,283116750.51,-45526989.510000005,5799.14,5751.51,4364.23,5532.65,5508.36,4824.43,2475.37,2038.5,,,,,,,美容护理,个护用品,洗护用品,35.62,35.95,35.88
sz002919,名臣健康,2023-03-24,36.7,38.21,36.58,36.75,36.69,4863800.0,181639261.0,6198335592.75,6283884080.25,-5908346.540000007,-8523502.79999999,695537734.1,978654484.61,283116750.51,-45526989.510000005,5944.56,6406.93,3857.13,3946.66,5524.3,5461.32,2837.93,2349.02,,,,,,,美容护理,个护用品,洗护用品,37.2,37.3,37.42
sz002919,名臣健康,2023-03-27,36.75,38.49,36.3,36.8,36.75,3918280.0,145870125.0,6206768702.4,6292433582.4,-5908346.540000007,-8523502.79999999,695537734.1,978654484.61,283116750.51,-45526989.510000005,4728.16,5069.25,2979.97,3809.76,6042.38,4811.38,836.5,896.62,,,,,,,美容护理,个护用品,洗护用品,37.34,38.38,37.76
sz002919,名臣健康,2023-03-28,36.8,37.71,35.6,36.98,36.8,3621540.0,133616616.0,6237127897.139999,6323211790.14,-5908346.540000007,-8523502.79999999,695537734.1,978654484.61,283116750.51,-45526989.510000005,4389.81,4610.22,3838.94,4048.83,4617.35,3688.46,515.57,1014.15,,,,,,,美容护理,个护用品,洗护用品,35.94,36.63,36.66
sz002919,名臣健康,2023-03-29,36.98,37.05,34.5,34.68,36.98,5666725.0,202405102.0,5849204853.24,5929934691.240001,-5908346.540000007,-8523502.79999999,695537734.1,978654484.61,283116750.51,-45526989.510000005,5635.86,6656.03,4819.22,6328.53,8187.54,4414.5,1597.89,2841.45,,,,,,,美容护理,个护用品,洗护用品,36.58,36.69,36.96
sz002919,名臣健康,2023-03-30,34.8,36.0,34.69,34.97,34.68,4289840.0,151908447.0,5898116889.21,5979521803.71,-5908346.540000007,-8523502.79999999,695537734.1,978654484.61,283116750.51,-45526989.510000005,4645.45,3764.45,3978.15,4176.56,5764.76,4210.09,802.49,3039.75,,,,,,,美容护理,个护用品,洗护用品,35.07,35.3,35.8
sz002919,名臣健康,2023-03-31,35.7,37.8,34.97,37.0,34.97,6735541.0,244027120.0,6240501141.0,6326631591.000001,-5908346.540000007,-8523502.79999999,695537734.1,978654484.61,283116750.51,-45526989.510000005,8023.66,6566.74,5358.43,8067.21,6339.7,6635.12,4680.92,3133.65,,,,,,,美容护理,个护用品,洗护用品,35.27,35.44,35.61
sz002919,名臣健康,2023-04-03,37.0,40.7,36.08,40.7,37.0,14615533.0,571291781.0,6864551255.1,6959294750.1,-5908346.540000007,-8523502.79999999,695537734.1,978654484.61,283116750.51,-45526989.510000005,16242.78,15233.89,15282.82,17754.05,12956.73,11807.05,12646.84,12334.2,,,,,,,美容护理,个护用品,洗护用品,36.63,38.03,37.67
sz002919,名臣健康,2023-04-04,40.0,44.77,39.66,42.5,40.7,12554669.0,544179617.0,7168143202.5,7267076827.5,-5908346.540000007,-8523502.79999999,695537734.1,978654484.61,283116750.51,-45526989.510000005,18792.87,11447.1,11819.92,21541.55,17379.01,11976.39,6426.17,9452.92,,,,,,,美容护理,个护用品,洗护用品,42.07,44.53,44.32
sz002919,名臣健康,2023-04-06,44.52,44.52,41.6,42.6,42.5,7404521.0,314766327.0,7185009421.8,7284175831.799999,-5908346.540000007,-8523502.79999999,695537734.1,978654484.61,283116750.51,-45526989.510000005,10152.41,7761.86,7139.34,6570.01,11917.65,13180.56,2267.22,3964.2,,,,,,,美容护理,个护用品,洗护用品,42.32,42.21,42.22
sz002919,名臣健康,2023-04-07,41.68,43.22,40.54,41.66,42.6,6981520.0,292175410.0,7026466960.38,7123445191.38,-5908346.540000007,-8523502.79999999,695537734.1,978654484.61,283116750.51,-45526989.510000005,9802.36,7765.25,6186.46,6094.27,11724.89,11432.69,1503.83,3925.34,,,,,,,美容护理,个护用品,洗护用品,42.62,41.79,41.43
sz002919,名臣健康,2023-04-10,41.64,45.48,41.17,42.6,41.66,9123220.0,397074984.0,7185009421.8,7284175831.799999,-5908346.540000007,-8523502.79999999,695537734.1,978654484.61,283116750.51,-45526989.510000005,17174.41,10870.41,9067.57,9793.29,11383.83,14295.62,970.41,3636.91,,,,,,,美容护理,个护用品,洗护用品,42.5,42.72,43.81
sz002919,名臣健康,2023-04-11,41.99,44.56,41.91,43.37,42.6,6795930.0,293826985.0,7314879310.41,7415838164.91,-5908346.540000007,-8523502.79999999,695537734.1,978654484.61,283116750.51,-45526989.510000005,11395.94,8672.01,6204.79,7988.7,9495.02,12395.28,2286.95,326.71,,,,,,,美容护理,个护用品,洗护用品,42.77,42.35,42.29
sz002919,名臣健康,2023-04-12,44.71,47.71,43.03,47.71,43.37,8676485.0,398161234.0,8046873228.03,8157934951.53,-5908346.540000007,-8523502.79999999,695537734.1,978654484.61,283116750.51,-45526989.510000005,10910.95,10354.92,11757.53,12496.22,5967.79,9475.69,11179.85,7489.29,,,,,,,美容护理,个护用品,洗护用品,44.38,43.49,43.89
sz002919,名臣健康,2023-04-13,49.99,52.48,46.9,47.23,47.71,18086348.0,906071798.0,7965915375.39,8075859730.889999,-5908346.540000007,-8523502.79999999,695537734.1,978654484.61,283116750.51,-45526989.510000005,32197.96,23645.89,18259.72,28272.55,21283.45,17140.23,18866.05,21548.51,,,,,,,美容护理,个护用品,洗护用品,51.66,52.48,52.48
sz002919,名臣健康,2023-04-14,47.23,49.5,43.48,45.4,47.23,11652910.0,535236607.0,7657263562.2,7762947952.2,-5908346.540000007,-8523502.79999999,695537734.1,978654484.61,283116750.51,-45526989.510000005,19764.38,18780.15,10876.57,14319.68,19500.34,15775.04,3382.37,4648.79,,,,,,,美容护理,个护用品,洗护用品,48.42,48.79,48.1
sz002919,名臣健康,2023-04-17,45.18,45.18,42.34,42.7,45.4,4461632.0,193344473.0,7201875641.1,7301274836.1,-5908346.540000007,-8523502.79999999,695537734.1,978654484.61,283116750.51,-45526989.510000005,5874.1,7061.09,3877.32,3792.66,9323.08,7155.08,259.95,1325.62,,,,,,,美容护理,个护用品,洗护用品,43.63,43.98,44.16
sz002919,名臣健康,2023-04-18,42.51,44.6,41.69,43.42,42.7,5095548.0,219989807.0,7323312420.06,7424387667.059999,-5908346.540000007,-8523502.79999999,695537734.1,978654484.61,283116750.51,-45526989.510000005,7010.71,8534.38,4165.45,3975.04,10093.0,8697.89,729.82,791.68,,,,,,,美容护理,个护用品,洗护用品,42.7,41.87,42.52
sz002919,名臣健康,2023-04-19,43.6,44.0,41.08,41.4,43.42,8179810.0,343522076.0,6982614790.2,7078987780.2,-5908346.540000007,-8523502.79999999,695537734.1,978654484.61,283116750.51,-45526989.510000005,11647.42,16901.54,5003.81,6005.89,15981.22,10824.02,1719.75,620.76,,,,,,,美容护理,个护用品,洗护用品,42.9,41.79,42.46
sz002919,名臣健康,2023-04-20,41.48,44.94,40.82,43.99,41.4,7025362.0,302284719.0,7419449870.070001,7521851991.570001,-5908346.540000007,-8523502.79999999,695537734.1,978654484.61,283116750.51,-45526989.510000005,10730.47,11500.74,7833.53,6868.04,9602.63,11048.05,2061.84,811.65,,,,,,,美容护理,个护用品,洗护用品,41.39,41.68,40.93
sz002919,名臣健康,2023-04-21,44.0,45.46,41.0,42.34,43.99,4728410.0,204050901.0,7141157251.620001,7239718420.62,-5908346.540000007,-8523502.79999999,695537734.1,978654484.61,283116750.51,-45526989.510000005,7613.04,5842.21,4000.05,4142.15,8111.14,8688.35,680.85,1732.38,,,,,,,美容护理,个护用品,洗护用品,44.98,44.93,44.0
sz002919,名臣健康,2023-04-24,42.34,46.57,41.5,45.75,42.34,8089154.0,365028313.0,7716295329.75,7822794467.25,-5908346.540000007,-8523502.79999999,695537734.1,978654484.61,283116750.51,-45526989.510000005,7148.39,9283.77,8972.41,8448.59,7378.25,9978.41,13003.78,8792.07,,,,,,,美容护理,个护用品,洗护用品,42.32,42.01,41.99
sz002919,名臣健康,2023-04-25,44.07,49.66,44.07,47.86,45.75,11922152.0,568734040.0,8072172556.98,8183583457.98,-5908346.540000007,-8523502.79999999,695537734.1,978654484.61,283116750.51,-45526989.510000005,17316.48,22698.46,17599.69,17199.37,16544.5,13471.74,5412.74,3503.83,,,,,,,美容护理,个护用品,洗护用品,46.0,48.34,48.98
sz002919,名臣健康,2023-04-26,47.14,48.9,43.07,43.75,47.86,14811251.0,668945256.0,7378970943.75,7480814381.25,-5908346.540000007,-8523502.79999999,695537734.1,978654484.61,283116750.51,-45526989.510000005,27383.67,25395.82,17372.37,15584.56,16093.88,19002.59,6044.6,6911.55,,,,,,,美容护理,个护用品,洗护用品,47.82,48.32,47.0
sz002919,名臣健康,2023-04-27,39.38,39.38,39.38,39.38,43.75,1666000.0,65607080.0,6664806785.339999,6733587893.34,57795718.66,84081746.57000001,773352034.16,1264401026.81,491048992.65,34104153.62,875.02,0.0,1278.67,267.39,872.27,0.0,3534.75,6293.32,,,,,,,美容护理,个护用品,洗护用品,39.38,39.38,39.38
sz002919,名臣健康,2023-04-28,35.44,35.44,35.44,35.44,39.38,1929100.0,68367304.0,5997987619.92,6059887123.92,57795718.66,84081746.57000001,773352034.16,1264401026.81,491048992.65,34104153.62,1412.99,721.56,2115.77,2101.95,1137.62,233.55,2170.35,3779.68,,,,,,,美容护理,个护用品,洗护用品,35.44,35.44,35.44
sz002919,名臣健康,2023-05-04,37.9,38.55,34.08,37.95,35.44,19397857.0,691075629.0,6422788661.85,6489072131.85,57795718.66,84081746.57000001,773352034.16,1264401026.81,491048992.65,34104153.62,22043.52,18734.61,21280.16,22729.63,17768.89,17181.8,8014.99,10461.52,,,,,,,美容护理,个护用品,洗护用品,34.63,34.76,34.66
sz002919,名臣健康,2023-05-05,37.56,38.6,35.58,37.09,37.95,12309359.0,454394742.0,6277239300.87,6342020694.87,57795718.66,84081746.57000001,773352034.16,1264401026.81,491048992.65,34104153.62,14425.67,16057.42,11345.67,11226.7,18326.67,13615.24,1333.19,4531.83,,,,,,,美容护理,个护用品,洗护用品,37.49,36.98,37.27
sz002919,名臣健康,2023-05-08,36.97,38.88,35.4,35.73,37.09,11687455.0,431697693.0,6047068218.389999,6109474236.39,57795718.66,84081746.57000001,773352034.16,1264401026.81,491048992.65,34104153.62,14664.76,16382.9,11726.66,9809.53,15188.96,14470.38,1589.4,2506.96,,,,,,,美容护理,个护用品,洗护用品,38.69,37.8,38.51
sz002919,名臣健康,2023-05-09,35.2,36.0,33.36,33.6,35.73,12339872.0,424583762.0,5686579684.8,5745265444.8,57795718.66,84081746.57000001,773352034.16,1264401026.81,491048992.65,34104153.62,12046.65,17028.12,6621.36,6252.26,21816.68,17131.85,1973.69,2046.14,,,,,,,美容护理,个护用品,洗护用品,35.34,34.85,35.63
sz002919,名臣健康,2023-05-10,32.97,35.16,31.15,34.49,33.6,10183800.0,340081731.0,5837206349.07,5897446583.07,57795718.66,84081746.57000001,773352034.16,1264401026.81,491048992.65,34104153.62,10369.13,10785.94,5991.48,5196.45,15709.0,13039.55,1938.57,4986.24,,,,,,,美容护理,个护用品,洗护用品,32.26,33.3,33.5
sz002919,名臣健康,2023-05-11,34.85,35.85,34.3,34.3,34.49,6292500.0,219880990.0,5805050094.9,5864958474.9,57795718.66,84081746.57000001,773352034.16,1264401026.81,491048992.65,34104153.62,7811.57,7021.84,3116.72,2717.48,10387.58,10364.02,672.23,1884.77,,,,,,,美容护理,个护用品,洗护用品,34.91,34.99,35.0
sz002919,名臣健康,2023-05-12,35.5,36.75,33.92,34.2,34.3,6277270.0,220664026.0,5788125750.599999,5847859470.6,57795718.66,84081746.57000001,773352034.16,1264401026.81,491048992.65,34104153.62,6212.19,6321.27,5066.78,3023.43,9079.42,11319.36,1708.01,1402.34,,,,,,,美容护理,个护用品,洗护用品,36.25,35.46,35.59
sz002919,名臣健康,2023-05-15,34.67,34.93,33.6,34.54,34.2,4213935.0,144578145.0,5845668521.219999,5905996085.22,57795718.66,84081746.57000001,773352034.16,1264401026.81,491048992.65,34104153.62,5360.92,4571.93,2096.42,2402.46,6514.26,7479.26,486.21,4.16,,,,,,,美容护理,个护用品,洗护用品,34.11,34.25,34.25
sz002919,名臣健康,2023-05-16,34.21,35.19,33.6,33.74,34.54,4877200.0,167310649.0,5710273766.82,5769204050.82,57795718.66,84081746.57000001,773352034.16,1264401026.81,491048992.65,34104153.62,5260.96,4344.69,2879.02,2650.63,7614.71,7728.15,976.38,2007.59,,,,,,,美容护理,个护用品,洗护用品,34.56,34.79,34.96
sz002919,名臣健康,2023-05-17,33.74,34.68,33.33,33.94,33.74,3357230.0,114006684.0,5744122455.42,5803402059.42,57795718.66,84081746.57000001,773352034.16,1264401026.81,491048992.65,34104153.62,3040.08,3118.89,1955.17,1492.46,6303.18,6354.71,102.24,434.61,,,,,,,美容护理,个护用品,洗护用品,33.99,33.78,34.4
sz002919,名臣健康,2023-05-18,34.0,37.33,33.7,37.33,33.94,9157600.0,327932601.0,6317857727.19,6383058305.19,57795718.66,84081746.57000001,773352034.16,1264401026.81,491048992.65,34104153.62,10605.08,9869.7,8505.89,8925.65,10127.5,11478.85,3554.8,2519.06,,,,,,,美容护理,个护用品,洗护用品,34.29,33.82,34.63
sz002919,名臣健康,2023-05-19,40.0,41.06,40.0,41.06,37.33,15149937.0,618648930.0,6949135769.58,7020851165.58,57795718.66,84081746.57000001,773352034.16,1264401026.81,491048992.65,34104153.62,13158.1,13072.38,19261.94,20586.8,8601.03,11056.27,20843.83,17149.44,,,,,,,美容护理,个护用品,洗护用品,40.82,41.01,41.06
sz002919,名臣健康,2023-05-22,39.93,41.38,38.86,40.1,41.06,16079231.0,643552142.0,6786662064.3,6856700724.299999,57795718.66,84081746.57000001,773352034.16,1264401026.81,491048992.65,34104153.62,18963.25,14655.89,7843.34,9320.25,20548.61,20160.41,2265.43,5484.1,,,,,,,美容护理,个护用品,洗护用品,40.23,40.75,40.01
sz002919,名臣健康,2023-05-23,40.4,40.77,38.7,38.7,40.1,8221494.0,327296203.0,6549721244.1,6617314664.1,57795718.66,84081746.57000001,773352034.16,1264401026.81,491048992.65,34104153.62,10886.14,11311.74,5554.77,7308.26,14383.83,12202.66,1904.87,1906.95,,,,,,,美容护理,个护用品,洗护用品,39.49,40.32,39.98
sz002919,名臣健康,2023-05-24,38.6,39.3,38.0,38.6,38.7,5512660.0,212829444.0,6532796899.8,6600215659.799999,57795718.66,84081746.57000001,773352034.16,1264401026.81,491048992.65,34104153.62,6374.31,7797.68,3460.0,3697.48,10839.05,9156.76,609.59,631.03,,,,,,,美容护理,个护用品,洗护用品,38.15,38.38,38.41
sz002919,名臣健康,2023-05-25,39.0,39.0,36.95,37.33,38.6,5242200.0,197009539.0,6317857727.19,6383058305.19,57795718.66,84081746.57000001,773352034.16,1264401026.81,491048992.65,34104153.62,5769.64,7022.38,3512.02,3488.07,9652.84,8197.53,766.46,992.97,,,,,,,美容护理,个护用品,洗护用品,38.86,38.51,38.1
sz002919,名臣健康,2023-05-26,37.97,41.06,37.52,41.06,37.33,6322057.0,251694692.0,6949135769.58,7020851165.58,57795718.66,84081746.57000001,773352034.16,1264401026.81,491048992.65,34104153.62,5095.14,7460.2,6239.13,5410.08,5673.81,8591.01,8161.39,3708.18,,,,,,,美容护理,个护用品,洗护用品,38.79,38.57,39.01
sz002919,名臣健康,2023-05-29,43.65,45.17,41.53,45.17,41.06,14239787.0,636957864.0,7644726320.309999,7723620242.309999,57795718.66,84081746.57000001,773352034.16,1264401026.81,491048992.65,34104153.62,10899.25,14263.11,17415.77,17377.33,8236.4,7703.9,27144.38,24351.45,,,,,,,美容护理,个护用品,洗护用品,44.5,45.17,45.17
sz002919,名臣健康,2023-05-30,44.7,47.1,44.11,46.33,45.17,16134876.0,736661175.0,7841048714.19,7921968692.19,57795718.66,84081746.57000001,773352034.16,1264401026.81,491048992.65,34104153.62,29224.77,25252.61,15986.56,22556.94,23633.57,19054.74,4821.22,6801.82,,,,,,,美容护理,个护用品,洗护用品,44.55,44.99,44.52
sz002919,名臣健康,2023-05-31,35.63,39.23,35.48,39.23,35.66,6323923.0,239594064.0,8626656443.48,8715731257.65,57795718.66,84081746.57000001,773352034.16,1264401026.81,491048992.65,34104153.62,6388.12,8206.64,7225.05,5966.77,4752.75,7441.65,5593.49,2344.35,,,,,,,美容护理,个护用品,洗护用品,38.0,39.23,39.23
sz002919,名臣健康,2023-06-01,39.55,41.52,38.5,38.75,39.23,18377348.0,727810227.0,8521104695.0,8609089631.25,57795718.66,84081746.57000001,773352034.16,1264401026.81,491048992.65,34104153.62,23027.52,25870.37,11832.67,17387.98,34104.0,21791.33,3816.83,7731.34,,,,,,,美容护理,个护用品,洗护用品,39.79,39.77,39.91
sz002919,名臣健康,2023-06-02,39.01,39.5,37.02,37.83,38.75,10778648.0,410560186.0,8318797177.08,8404693180.65,57795718.66,84081746.57000001,773352034.16,1264401026.81,491048992.65,34104153.62,12287.61,12544.42,6045.68,11926.21,20586.78,13776.26,2135.95,2809.13,,,,,,,美容护理,个护用品,洗护用品,38.36,38.2,38.26
sz002919,名臣健康,2023-06-05,37.89,41.6,37.89,40.4,37.83,12932986.0,519375492.0,8883938830.4,8975670222.0,57795718.66,84081746.57000001,773352034.16,1264401026.81,491048992.65,34104153.62,18674.76,17921.29,10229.71,12389.91,19864.62,18141.53,3168.46,3484.82,,,,,,,美容护理,个护用品,洗护用品,38.52,39.83,40.51
sz002919,名臣健康,2023-06-06,39.98,43.89,39.98,40.86,40.4,9707593.0,402278564.0,8985092589.36,9077868447.3,57795718.66,84081746.57000001,773352034.16,1264401026.81,491048992.65,34104153.62,13121.53,12567.6,10914.25,9260.29,13546.27,15405.52,2645.8,2994.45,,,,,,,美容护理,个护用品,洗护用品,40.44,42.46,41.6
sz002919,名臣健康,2023-06-07,40.87,41.99,39.0,40.1,40.86,7807932.0,318999059.0,8817968987.6,8909019205.5,57795718.66,84081746.57000001,773352034.16,1264401026.81,491048992.65,34104153.62,10502.17,10714.73,6796.19,8093.95,14077.68,11182.09,523.86,1909.14,,,,,,,美容护理,个护用品,洗护用品,40.73,40.82,41.97
sz002919,名臣健康,2023-06-08,40.31,41.1,38.9,40.44,40.1,7910918.0,316271734.0,8892734809.439999,8984557024.2,57795718.66,84081746.57000001,773352034.16,1264401026.81,491048992.65,34104153.62,8642.76,8676.37,4110.4,6380.77,17386.96,13779.59,1487.06,2790.45,,,,,,,美容护理,个护用品,洗护用品,39.85,39.34,39.65
sz002919,名臣健康,2023-06-09,40.32,43.88,40.01,42.71,40.44,9032334.0,381411150.0,9391906619.96,9488883049.05,57795718.66,84081746.57000001,773352034.16,1264401026.81,491048992.65,34104153.62,15247.27,11080.2,8546.99,5909.07,11940.0,19960.31,2406.85,1191.53,,,,,,,美容护理,个护用品,洗护用品,40.23,40.64,42.05
sz002919,名臣健康,2023-06-12,42.18,43.68,41.2,42.45,42.71,5838610.0,248024346.0,9334732756.2,9431118834.75,57795718.66,84081746.57000001,773352034.16,1264401026.81,491048992.65,34104153.62,8320.86,6605.09,5359.16,6150.96,10496.3,10690.72,626.12,1355.66,,,,,,,美容护理,个护用品,洗护用品,42.06,42.66,42.76
sz002919,名臣健康,2023-06-13,42.45,43.99,41.51,41.92,42.45,5009528.0,213878783.0,9218186033.92,9313368705.6,57795718.66,84081746.57000001,773352034.16,1264401026.81,491048992.65,34104153.62,6737.56,5589.06,3462.17,3842.63,10170.46,10975.04,1017.69,981.14,,,,,,,美容护理,个护用品,洗护用品,42.35,42.88,43.31
sz002919,名臣健康,2023-06-14,41.49,42.58,40.88,41.2,41.92,5474731.0,226925307.0,9059858411.2,9153406266.0,57795718.66,84081746.57000001,773352034.16,1264401026.81,491048992.65,34104153.62,6983.6,5709.53,4339.62,6416.67,10905.39,7375.33,463.91,3191.01,,,,,,,美容护理,个护用品,洗护用品,42.23,42.19,41.88
sz002919,名臣健康,2023-06-15,41.24,42.33,40.76,41.65,41.2,4692928.0,194707943.0,9158813175.4,9253382790.75,57795718.66,84081746.57000001,773352034.16,1264401026.81,491048992.65,34104153.62,6511.61,5272.29,2610.25,4717.47,9493.55,8722.2,855.38,758.83,,,,,,,美容护理,个护用品,洗护用品,41.24,41.39,41.02
sz002919,名臣健康,2023-06-16,41.8,44.66,40.8,43.96,41.65,7167639.0,310224967.0,9666780964.96,9766595617.8,57795718.66,84081746.57000001,773352034.16,1264401026.81,491048992.65,34104153.62,8473.06,8722.77,7432.44,4778.91,10623.98,16151.62,4493.02,1369.19,,,,,,,美容护理,个护用品,洗护用品,41.06,41.28,42.11
sz002919,名臣健康,2023-06-19,45.99,45.99,43.0,44.32,43.96,5519708.0,244345062.0,9745944776.32,9846576837.6,57795718.66,84081746.57000001,773352034.16,1264401026.81,491048992.65,34104153.62,6237.48,5679.57,5737.65,5123.85,10213.72,11113.92,2245.66,2517.17,,,,,,,美容护理,个护用品,洗护用品,43.82,44.43,43.92
sz002919,名臣健康,2023-06-20,44.01,48.75,44.01,48.75,44.32,6296597.0,301526883.0,10720099455.0,10830790181.25,57795718.66,84081746.57000001,773352034.16,1264401026.81,491048992.65,34104153.62,7917.77,7320.83,8174.14,8952.19,6311.41,7290.76,7749.37,6588.91,,,,,,,美容护理,个护用品,洗护用品,45.5,47.78,48.75
sz002919,名臣健康,2023-06-21,47.13,49.99,45.39,45.56,48.75,8188715.0,382479294.0,10018620126.56,10122067705.8,57795718.66,84081746.57000001,773352034.16,1264401026.81,491048992.65,34104153.62,12051.24,11033.46,10115.88,8715.87,14375.77,16223.4,1705.04,2275.2,,,,,,,美容护理,个护用品,洗护用品,47.63,47.23,46.36
sz002919,名臣健康,2023-06-26,44.29,46.72,43.6,43.95,45.56,7136128.0,318587161.0,9664581970.2,9764373917.25,57795718.66,84081746.57000001,773352034.16,1264401026.81,491048992.65,34104153.62,11848.33,9009.26,6004.44,5643.73,13427.26,16371.5,578.69,834.22,,,,,,,美容护理,个护用品,洗护用品,46.26,45.68,45.41
sz002919,名臣健康,2023-06-27,42.49,45.4,42.49,44.76,43.95,4774238.0,211912697.0,9842700545.76,9944331661.8,57795718.66,84081746.57000001,773352034.16,1264401026.81,491048992.65,34104153.62,6643.16,6702.93,2367.79,3493.13,10908.85,10670.31,1271.46,324.9,,,,,,,美容护理,个护用品,洗护用品,43.39,44.23,43.95
sz002919,名臣健康,2023-06-28,44.32,45.5,42.23,44.67,44.76,6251206.0,274261275.0,9822909592.92,9924336356.85,57795718.66,84081746.57000001,773352034.16,1264401026.81,491048992.65,34104153.62,9288.2,7114.54,5933.68,6194.65,11592.51,12336.64,611.73,1780.3,,,,,,,美容护理,个护用品,洗护用品,45.2,43.64,43.34
sz002919,名臣健康,2023-06-29,45.0,47.8,44.2,46.56,44.67,6557491.0,301418555.0,10238519602.56,10344237760.8,57795718.66,84081746.57000001,773352034.16,1264401026.81,491048992.65,34104153.62,10597.34,6479.88,5424.87,6261.61,12083.68,12904.29,2035.97,4496.08,,,,,,,美容护理,个护用品,洗护用品,44.87,45.08,45.25
sz002919,名臣健康,2023-06-30,47.05,48.78,44.89,45.1,46.56,3871460.0,177414462.0,9917466367.6,10019869480.5,57795718.66,84081746.57000001,773352034.16,1264401026.81,491048992.65,34104153.62,4754.08,4486.95,4074.87,3982.86,7914.45,8589.32,998.04,682.32,,,,,,,美容护理,个护用品,洗护用品,47.5,46.32,46.05
sz002919,名臣健康,2023-07-03,45.12,45.3,40.59,40.59,45.1,5811456.0,239610088.0,8925719730.84,9017882532.45,57795718.66,84081746.57000001,773352034.16,1264401026.81,491048992.65,34104153.62,5922.64,5261.12,8046.38,7254.22,6467.33,6041.01,3524.66,5404.66,,,,,,,美容护理,个护用品,洗护用品,43.0,40.59,40.59
sz002919,名臣健康,2023-07-04,41.21,42.42,40.36,41.53,40.59,6255916.0,257610171.0,9132425238.28,9226722384.15,57795718.66,84081746.57000001,773352034.16,1264401026.81,491048992.65,34104153.62,6591.54,8440.17,3676.04,4261.0,15032.96,12532.81,460.48,527.04,,,,,,,美容护理,个护用品,洗护用品,41.89,41.11,41.51
sz002919,名臣健康,2023-07-05,41.36,43.19,40.81,41.83,41.53,3647482.0,154173088.0,9198395081.08,9293373400.65,57795718.66,84081746.57000001,773352034.16,1264401026.81,491048992.65,34104153.62,5085.67,4831.03,1961.19,2252.74,7900.5,8127.83,469.95,205.71,,,,,,,美容护理,个护用品,洗护用品,41.65,41.42,42.09
sz002919,名臣健康,2023-07-06,42.78,43.1,41.71,42.01,41.83,2465305.0,104202199.0,9237976986.76,9333364010.55,57795718.66,84081746.57000001,773352034.16,1264401026.81,491048992.65,34104153.62,2561.21,3393.39,1933.85,1760.17,5788.67,5266.66,136.5,0.0,,,,,,,美容护理,个护用品,洗护用品,42.15,42.42,42.57
sz002919,名臣健康,2023-07-07,41.61,42.73,40.7,41.4,42.01,3793227.0,156302743.0,9103838306.4,9197840277.0,57795718.66,84081746.57000001,773352034.16,1264401026.81,491048992.65,34104153.62,6102.14,4960.34,1291.59,2447.98,8215.29,7435.49,21.25,786.46,,,,,,,美容护理,个护用品,洗护用品,41.62,41.34,41.29
sz002919,名臣健康,2023-07-10,41.72,41.72,39.8,40.41,41.4,3667292.0,148155907.0,8886137825.16,8977891922.55,57795718.66,84081746.57000001,773352034.16,1264401026.81,491048992.65,34104153.62,5187.63,5061.83,1827.02,2144.61,7798.4,7273.27,2.54,335.88,,,,,,,美容护理,个护用品,洗护用品,40.36,40.49,40.75
sz002919,名臣健康,2023-07-11,40.41,41.49,39.87,40.29,40.41,2433712.0,99127380.0,8859749888.039999,8951231515.949999,57795718.66,84081746.57000001,773352034.16,1264401026.81,491048992.65,34104153.62,2942.81,2693.46,1366.63,1066.34,5258.02,5744.36,345.28,408.57,,,,,,,美容护理,个护用品,洗护用品,40.44,40.58,40.78
sz002919,名臣健康,2023-07-12,40.61,40.61,39.3,39.43,40.29,2566404.0,101887194.0,8670636338.68,8760165268.65,57795718.66,84081746.57000001,773352034.16,1264401026.81,491048992.65,34104153.62,2959.9,3173.13,900.02,1528.22,6316.98,5060.65,11.82,426.71,,,,,,,美容护理,个护用品,洗护用品,40.08,40.01,39.88
sz002919,名臣健康,2023-07-13,39.08,40.32,38.97,39.65,39.43,2247519.0,88822610.0,8719014223.4,8809042680.75,57795718.66,84081746.57000001,773352034.16,1264401026.81,491048992.65,34104153.62,2068.94,1902.16,1438.5,1654.36,4755.81,4651.81,619.01,673.93,,,,,,,美容护理,个护用品,洗护用品,39.75,39.54,39.53
sz002919,名臣健康,2023-07-14,39.73,40.19,38.5,39.06,39.65,3783480.0,148055691.0,8589273532.559999,8677962348.3,57795718.66,84081746.57000001,773352034.16,1264401026.81,491048992.65,34104153.62,4072.28,4281.36,1695.7,1413.28,8181.98,8033.97,855.61,1076.96,,,,,,,美容护理,个护用品,洗护用品,39.63,39.4,39.18
sz002919,名臣健康,2023-07-17,39.2,39.2,37.61,38.5,39.06,4701843.0,179530779.0,8466129826.0,8553547117.5,57795718.66,84081746.57000001,773352034.16,1264401026.81,491048992.65,34104153.62,4350.46,4658.02,1114.88,2859.8,12206.39,9600.79,281.34,834.47,,,,,,,美容护理,个护用品,洗护用品,38.56,38.36,38.4
sz002919,名臣健康,2023-07-18,38.5,38.68,37.63,38.26,38.5,2710664.0,103813742.0,8413353951.759999,8500226304.3,57795718.66,84081746.57000001,773352034.16,1264401026.81,491048992.65,34104153.62,4239.65,3947.26,199.06,493.72,5825.46,5940.39,117.21,0.0,,,,,,,美容护理,个护用品,洗护用品,37.71,37.92,38.21
sz002919,名臣健康,2023-07-19,38.27,39.2,37.81,38.67,38.26,2855340.0,110465849.0,8503512736.919999,8591316026.85,57795718.66,84081746.57000001,773352034.16,1264401026.81,491048992.65,34104153.62,4835.31,2835.08,1146.98,722.66,4943.28,7371.72,121.01,117.12,,,,,,,美容护理,个护用品,洗护用品,38.15,38.23,38.64
sz002919,名臣健康,2023-07-20,39.02,39.46,38.18,38.35,38.67,2175040.0,84159318.0,8433144904.6,8520221609.25,57795718.66,84081746.57000001,773352034.16,1264401026.81,491048992.65,34104153.62,2918.52,2078.36,1293.13,804.01,4174.01,5192.32,0.0,310.97,,,,,,,美容护理,个护用品,洗护用品,38.4,38.54,38.25
sz002919,名臣健康,2023-07-21,38.64,38.7,37.51,37.83,38.35,1566776.0,59703509.0,8318797177.08,8404693180.65,57795718.66,84081746.57000001,773352034.16,1264401026.81,491048992.65,34104153.62,1639.07,1310.76,483.34,499.97,3847.94,4159.63,0.0,0.0,,,,,,,美容护理,个护用品,洗护用品,38.31,38.05,38.38
sz002919,名臣健康,2023-07-24,38.02,38.97,37.69,38.56,37.83,3537420.0,136320509.0,8479323794.56,8566877320.8,57795718.66,84081746.57000001,773352034.16,1264401026.81,491048992.65,34104153.62,4715.72,3380.65,2933.59,1998.1,5430.7,7820.08,552.04,433.22,,,,,,,美容护理,个护用品,洗护用品,38.27,38.35,38.22
sz002919,名臣健康,2023-07-25,38.75,38.84,36.25,36.58,38.56,8183400.0,302286779.0,8043922832.08,8126980611.900001,57795718.66,84081746.57000001,773352034.16,1264401026.81,491048992.65,34104153.62,12411.14,11942.63,3519.98,3650.13,13883.11,14390.76,414.45,245.15,,,,,,,美容护理,个护用品,洗护用品,37.5,37.75,37.62
sz002919,名臣健康,2023-07-26,36.58,36.58,35.53,35.93,36.58,4784432.0,172605684.0,7900988172.68,7982570076.15,57795718.66,84081746.57000001,773352034.16,1264401026.81,491048992.65,34104153.62,4228.03,5161.7,1165.46,1739.81,11867.09,10147.28,0.0,211.78,,,,,,,美容护理,个护用品,洗护用品,36.23,36.04,35.99
sz002919,名臣健康,2023-07-27,36.01,36.47,35.63,35.72,35.93,2178590.0,78495337.0,7854809282.72,7935914364.6,57795718.66,84081746.57000001,773352034.16,1264401026.81,491048992.65,34104153.62,1478.05,1509.14,839.76,418.7,5378.36,5590.77,153.36,330.92,,,,,,,美容护理,个护用品,洗护用品,35.97,36.26,36.23
sz002919,名臣健康,2023-07-28,35.9,36.19,35.25,35.32,35.72,2227708.0,79485581.0,7766849492.320001,7847046342.599999,57795718.66,84081746.57000001,773352034.16,1264401026.81,491048992.65,34104153.62,2073.55,2115.56,342.99,871.04,5532.02,4960.88,0.0,1.08,,,,,,,美容护理,个护用品,洗护用品,35.83,35.89,36.09
sz002919,名臣健康,2023-07-31,35.33,36.28,34.75,35.87,35.32,3765600.0,134516997.0,7887794204.12,7969239872.85,57795718.66,84081746.57000001,773352034.16,1264401026.81,491048992.65,34104153.62,5274.94,3774.77,1425.4,1418.0,6376.09,7843.83,375.27,415.09,,,,,,,美容护理,个护用品,洗护用品,35.11,34.9,34.96
sz002919,名臣健康,2023-08-01,36.14,36.46,35.0,36.19,35.87,3011942.0,108706774.0,7958162036.44,8040334290.45,57795718.66,84081746.57000001,773352034.16,1264401026.81,491048992.65,34104153.62,3719.02,2316.09,963.63,696.83,6188.02,7857.75,0.0,0.0,,,,,,,美容护理,个护用品,洗护用品,35.81,35.99,35.62
sz002919,名臣健康,2023-08-02,36.1,36.22,35.5,35.86,36.19,1760330.0,62949626.0,7885595209.360001,7967018172.3,57795718.66,84081746.57000001,773352034.16,1264401026.81,491048992.65,34104153.62,1272.68,1269.82,726.75,661.49,4295.53,4363.65,0.0,0.0,,,,,,,美容护理,个护用品,洗护用品,36.01,35.9,35.74
sz002919,名臣健康,2023-08-03,35.99,37.04,35.28,35.56,35.86,3467370.0,124930048.0,7819625366.559999,7900367155.799999,57795718.66,84081746.57000001,773352034.16,1264401026.81,491048992.65,34104153.62,2778.51,4152.49,1888.93,1104.96,7518.22,6813.62,307.35,421.93,,,,,,,美容护理,个护用品,洗护用品,35.97,36.19,36.25
sz002919,名臣健康,2023-08-04,35.51,36.28,35.21,36.05,35.56,2312984.0,82634303.0,7927376109.8,8009230482.749999,57795718.66,84081746.57000001,773352034.16,1264401026.81,491048992.65,34104153.62,2008.14,2366.91,1085.47,1360.35,4921.39,4287.88,248.43,248.29,,,,,,,美容护理,个护用品,洗护用品,35.7,35.56,35.25
sz002919,名臣健康,2023-08-07,35.87,37.64,35.87,36.9,36.05,4381843.0,162252354.0,8114290664.4,8198075029.5,57795718.66,84081746.57000001,773352034.16,1264401026.81,491048992.65,34104153.62,5399.01,4991.25,2556.7,1803.42,7361.68,9302.18,907.85,128.39,,,,,,,美容护理,个护用品,洗护用品,36.17,36.26,36.22
sz002919,名臣健康,2023-08-08,36.64,37.19,36.4,36.5,36.9,1862740.0,68405276.0,8026330874.0,8109207007.5,57795718.66,84081746.57000001,773352034.16,1264401026.81,491048992.65,34104153.62,1443.45,1521.26,887.88,666.25,4509.2,4653.02,0.0,0.0,,,,,,,美容护理,个护用品,洗护用品,37.1,36.97,37.08
sz002919,名臣健康,2023-08-09,36.7,36.7,35.4,35.61,36.5,1782622.0,63734377.0,7830620340.360001,7911475658.55,57795718.66,84081746.57000001,773352034.16,1264401026.81,491048992.65,34104153.62,1473.21,1392.69,392.85,529.51,4507.38,4451.24,0.0,0.0,,,,,,,美容护理,个护用品,洗护用品,36.45,35.93,35.72
sz002919,名臣健康,2023-08-10,35.44,35.62,34.88,35.1,35.61,1685082.0,59279940.0,7718471607.6,7798168930.5,57795718.66,84081746.57000001,773352034.16,1264401026.81,491048992.65,34104153.62,1413.88,1067.75,293.54,884.13,4220.57,3785.8,0.0,190.3,,,,,,,美容护理,个护用品,洗护用品,35.16,35.27,35.34
sz002919,名臣健康,2023-08-11,34.94,35.99,34.94,35.31,35.1,1937920.0,68839132.0,7764650497.56,7844824642.049999,57795718.66,84081746.57000001,773352034.16,1264401026.81,491048992.65,34104153.62,2261.67,1669.38,1352.9,1159.71,3091.73,3948.67,177.25,105.79,,,,,Y,,美容护理,个护用品,洗护用品,35.27,35.39,35.5
sz002919,名臣健康,2023-08-14,35.31,36.56,34.7,36.38,35.31,4365641.0,156736617.0,7999942936.879999,8082546600.900001,57795718.66,84081746.57000001,773352034.16,1264401026.81,491048992.65,34104153.62,5100.2,5790.8,3582.68,2341.99,6664.86,7540.88,325.92,0.0,,,,,Y,,美容护理,个护用品,洗护用品,34.84,35.38,35.83
sz002919,名臣健康,2023-08-15,36.34,36.42,34.78,34.9,36.38,2597502.0,91772502.0,7674491712.400001,7753734919.500001,57795718.66,84081746.57000001,773352034.16,1264401026.81,491048992.65,34104153.62,2368.79,2439.58,998.77,1412.35,5430.87,5325.32,378.83,0.0,,,,,Y,,美容护理,个护用品,洗护用品,35.72,35.71,35.59
sz002919,名臣健康,2023-08-16,34.74,35.36,34.29,34.31,34.9,1645084.0,57027592.0,7544751021.559999,7622654587.05,57795718.66,84081746.57000001,773352034.16,1264401026.81,491048992.65,34104153.62,1236.21,1551.75,502.02,573.59,3964.53,3340.81,0.0,236.61,,,,,Y,,美容护理,个护用品,洗护用品,34.93,34.94,34.59
sz002919,名臣健康,2023-08-17,34.31,35.55,34.0,35.24,34.31,2085625.0,73168465.0,7749257534.24,7829272738.2,57795718.66,84081746.57000001,773352034.16,1264401026.81,491048992.65,34104153.62,1427.77,1613.78,545.87,836.25,5236.95,4866.81,106.26,0.0,,,,,Y,,美容护理,个护用品,洗护用品,34.14,34.86,35.04
sz002919,名臣健康,2023-08-18,35.53,35.53,34.0,34.04,35.24,1752541.0,60781146.0,7485378163.04,7562668672.2,57795718.66,84081746.57000001,773352034.16,1264401026.81,491048992.65,34104153.62,1444.38,1580.92,857.27,953.9,3503.03,3006.52,273.43,536.77,,,,,Y,,美容护理,个护用品,洗护用品,34.9,35.45,35.2
sz002919,名臣健康,2023-08-21,34.06,35.05,33.8,33.96,34.04,2166220.0,74234493.0,7467786204.96,7544895067.8,57795718.66,84081746.57000001,773352034.16,1264401026.81,491048992.65,34104153.62,1488.92,1600.4,722.92,1057.12,5079.11,4199.25,132.5,566.67,,,,,Y,,美容护理,个护用品,洗护用品,34.48,34.55,34.56
sz002919,名臣健康,2023-08-22,34.3,34.3,32.71,33.87,33.96,5064690.0,168346353.0,7447995252.12,7524899762.849999,57795718.66,84081746.57000001,773352034.16,1264401026.81,491048992.65,34104153.62,5401.32,7682.38,787.31,1931.63,10646.01,7085.04,0.0,135.58,,,,,Y,,美容护理,个护用品,洗护用品,33.87,33.53,33.3
sz002919,名臣健康,2023-08-23,33.75,34.05,32.84,32.84,33.87,2253872.0,74935483.0,7221498791.839999,7296064606.2,57795718.66,84081746.57000001,773352034.16,1264401026.81,491048992.65,34104153.62,1579.81,1790.72,479.01,484.87,5322.28,5217.96,112.46,0.0,,,,,Y,,美容护理,个护用品,洗护用品,33.42,33.25,33.33
sz002919,名臣健康,2023-08-24,33.03,34.34,32.91,33.65,32.84,2793952.0,94132101.0,7399617367.4,7476022350.75,57795718.66,84081746.57000001,773352034.16,1264401026.81,491048992.65,34104153.62,1628.07,2364.81,1013.52,817.96,6145.04,5834.31,626.58,396.12,,,,,Y,,美容护理,个护用品,洗护用品,33.28,33.67,33.34
sz002919,名臣健康,2023-08-25,33.7,33.78,32.56,32.71,33.65,1684960.0,55534423.0,7192911859.96,7267182499.05,57795718.66,84081746.57000001,773352034.16,1264401026.81,491048992.65,34104153.62,1359.74,1278.16,534.73,489.57,3629.21,3785.71,29.77,0.0,,,,,Y,,美容护理,个护用品,洗护用品,32.99,33.25,33.44
sz002919,名臣健康,2023-08-28,33.86,34.35,32.41,32.94,32.71,2832292.0,93686124.0,7243488739.44,7318281611.7,57795718.66,84081746.57000001,773352034.16,1264401026.81,491048992.65,34104153.62,2300.51,1992.83,1447.22,1033.24,5043.06,6049.57,577.83,292.98,,,,,Y,,美容护理,个护用品,洗护用品,33.54,32.62,32.89
sz002919,名臣健康,2023-08-29,32.86,34.6,32.41,34.41,32.94,3238052.0,109942100.0,7566740969.16,7644871592.549999,57795718.66,84081746.57000001,773352034.16,1264401026.81,491048992.65,34104153.62,4238.74,2328.23,1145.36,640.31,5382.08,7925.13,228.03,100.53,,,,,Y,,美容护理,个护用品,洗护用品,32.97,33.4,33.42
sz002919,名臣健康,2023-08-30,34.5,37.13,34.4,35.8,34.41,4601594.0,164970463.0,7872401240.8,7953687969.0,97826087.08000001,78075200.57,838890810.6899999,1305348384.57,466457573.88,65538776.53000001,5761.29,3454.11,3556.2,1908.77,6561.18,10620.77,618.37,513.4,,,,,Y,,美容护理,个护用品,洗护用品,34.96,36.36,36.63
sz002919,名臣健康,2023-08-31,35.37,37.94,35.37,37.01,35.8,4905090.0,181149090.0,8138479606.76,8222513735.55,97826087.08000001,78075200.57,838890810.6899999,1305348384.57,466457573.88,65538776.53000001,6342.7,5021.1,3212.91,2477.13,8032.27,10246.69,527.02,370.0,,,,,Y,,美容护理,个护用品,洗护用品,36.19,37.08,36.82
sz002919,名臣健康,2023-09-01,37.3,37.3,35.7,36.06,37.01,3464690.0,125784081.0,7929575104.559999,8011452183.299999,97826087.08000001,78075200.57,838890810.6899999,1305348384.57,466457573.88,65538776.53000001,3574.31,3439.23,2832.73,2003.9,5868.59,7135.28,302.77,0.0,,,,,Y,,美容护理,个护用品,洗护用品,36.64,36.56,36.6
sz002919,名臣健康,2023-09-04,36.05,36.19,34.86,35.72,36.06,3560371.0,126352758.0,7854809282.72,7935914364.6,97826087.08000001,78075200.57,838890810.6899999,1305348384.57,466457573.88,65538776.53000001,3219.2,2719.4,1993.89,1788.45,4806.22,8020.56,2615.96,106.86,,,,,Y,,美容护理,个护用品,洗护用品,35.74,35.64,35.5
sz002919,名臣健康,2023-09-05,35.54,36.17,35.12,35.35,35.72,1976516.0,70461707.0,7773446476.6,7853711444.249999,97826087.08000001,78075200.57,838890810.6899999,1305348384.57,466457573.88,65538776.53000001,1864.2,1760.32,1120.1,681.28,3409.89,4604.57,651.99,0.0,,,,,Y,,美容护理,个护用品,洗护用品,35.83,35.69,35.46
sz002919,名臣健康,2023-09-06,35.33,35.65,34.82,35.54,35.35,1990574.0,70069330.0,7815227377.04,7895923754.7,97826087.08000001,78075200.57,838890810.6899999,1305348384.57,466457573.88,65538776.53000001,2223.18,1698.35,1901.78,807.99,2807.64,4394.09,74.34,106.5,,,,,Y,,美容护理,个护用品,洗护用品,35.08,34.93,34.96
sz002919,名臣健康,2023-09-07,35.33,36.1,34.6,34.88,35.54,2794390.0,98301718.0,7670093722.879999,7749291518.4,97826087.08000001,78075200.57,838890810.6899999,1305348384.57,466457573.88,65538776.53000001,2456.79,2328.01,1365.26,830.03,5817.17,6672.13,190.95,0.0,,,,,Y,,美容护理,个护用品,洗护用品,35.49,35.67,35.61
sz002919,名臣健康,2023-09-08,34.89,34.89,33.29,33.68,34.88,2579820.0,86980744.0,7406214351.68,7482687452.4,97826087.08000001,78075200.57,838890810.6899999,1305348384.57,466457573.88,65538776.53000001,2434.34,3004.82,1177.26,1178.35,5053.88,4414.09,32.59,100.82,,,,,Y,,美容护理,个护用品,洗护用品,34.65,34.14,33.81
sz002919,名臣健康,2023-09-11,33.49,34.68,33.31,34.33,33.68,1921059.0,65635610.0,7549149011.08,7627097988.15,97826087.08000001,78075200.57,838890810.6899999,1305348384.57,466457573.88,65538776.53000001,1810.02,1349.32,590.97,711.75,4162.57,4220.88,0.0,281.6,,,,,Y,,美容护理,个护用品,洗护用品,33.52,34.05,33.92
sz002919,名臣健康,2023-09-12,34.37,34.57,33.6,33.7,34.33,1396192.0,47369632.0,7410612341.200001,7487130853.499999,97826087.08000001,78075200.57,838890810.6899999,1305348384.57,466457573.88,65538776.53000001,1020.12,812.29,874.52,416.84,2627.09,3117.4,215.23,390.43,,,,,Y,,美容护理,个护用品,洗护用品,33.87,33.98,34.18
sz002919,名臣健康,2023-09-13,33.46,33.81,32.51,32.94,33.7,2103946.0,69360614.0,7243488739.44,7318281611.7,97826087.08000001,78075200.57,838890810.6899999,1305348384.57,466457573.88,65538776.53000001,1796.25,1590.95,797.02,1300.67,4293.62,4044.44,49.17,0.0,,,,,Y,,美容护理,个护用品,洗护用品,33.66,33.43,33.39
sz002919,名臣健康,2023-09-14,32.4,33.15,31.98,32.41,32.94,1952110.0,63160695.0,7126942017.16,7200531482.55,97826087.08000001,78075200.57,838890810.6899999,1305348384.57,466457573.88,65538776.53000001,1669.26,1868.39,339.23,267.35,4301.4,4180.33,6.17,0.0,,,,,Y,,美容护理,个护用品,洗护用品,32.55,32.4,32.27
sz002919,名臣健康,2023-09-15,32.49,32.79,31.9,32.13,32.41,1271502.0,40927897.0,7065370163.88,7138323867.150001,97826087.08000001,78075200.57,838890810.6899999,1305348384.57,466457573.88,65538776.53000001,932.45,1510.42,407.29,178.31,2753.05,2404.06,0.0,0.0,,,,,Y,,美容护理,个护用品,洗护用品,32.56,32.41,32.27
sz002919,名臣健康,2023-09-18,31.97,32.58,31.5,32.23,32.13,1202990.0,38737666.0,7087360111.4800005,7160540872.65,97826087.08000001,78075200.57,838890810.6899999,1305348384.57,466457573.88,65538776.53000001,830.89,933.19,162.64,197.23,2880.23,2725.12,0.0,18.22,,,,,Y,,传媒,游戏Ⅱ,游戏Ⅲ,32.13,32.06,31.96
sz002919,名臣健康,2023-09-19,32.11,32.22,31.25,31.68,32.23,1996459.0,63083555.0,6966415399.68,7038347342.400001,97826087.08000001,78075200.57,838890810.6899999,1305348384.57,466457573.88,65538776.53000001,1551.56,1082.07,902.66,703.31,3636.71,4049.86,217.43,473.12,,,,,Y,,传媒,游戏Ⅱ,游戏Ⅲ,31.85,31.79,31.39
sz002919,名臣健康,2023-09-20,31.68,32.0,31.32,31.44,31.68,1366750.0,43279904.0,6913639525.44,6985026529.2,97826087.08000001,78075200.57,838890810.6899999,1305348384.57,466457573.88,65538776.53000001,703.52,1037.93,260.45,384.31,3254.45,2905.75,109.58,0.0,,,,,Y,,传媒,游戏Ⅱ,游戏Ⅲ,31.8,31.67,31.88
sz002919,名臣健康,2023-09-21,31.45,31.73,30.9,31.03,31.44,2517740.0,78496656.0,6823480740.28,6893936806.65,97826087.08000001,78075200.57,838890810.6899999,1305348384.57,466457573.88,65538776.53000001,1883.92,1400.62,2269.62,2177.23,3479.7,3544.53,216.42,727.29,,,,,Y,,传媒,游戏Ⅱ,游戏Ⅲ,31.32,31.27,31.38
sz002919,名臣健康,2023-09-22,31.0,33.48,30.81,32.86,31.03,4333286.0,141176092.0,7225896781.36,7300508007.3,97826087.08000001,78075200.57,838890810.6899999,1305348384.57,466457573.88,65538776.53000001,3686.14,4489.63,2101.13,1254.49,7748.42,7852.81,581.93,520.68,,,,,Y,,传媒,游戏Ⅱ,游戏Ⅲ,31.14,31.27,32.14
sz002919,名臣健康,2023-09-25,32.3,33.0,30.88,31.19,32.86,2760540.0,86908564.0,6858664656.44,6929484015.450001,97826087.08000001,78075200.57,838890810.6899999,1305348384.57,466457573.88,65538776.53000001,1976.36,2245.08,965.1,279.2,5628.11,6166.58,121.29,0.0,,,,,Y,,传媒,游戏Ⅱ,游戏Ⅲ,32.04,31.89,32.09
sz002919,名臣健康,2023-09-26,31.26,31.76,30.69,30.89,31.19,2610190.0,81553995.0,6792694813.64,6862832998.95,97826087.08000001,78075200.57,838890810.6899999,1305348384.57,466457573.88,65538776.53000001,2110.43,2197.66,889.52,759.61,5069.93,4850.53,85.52,347.61,,,,,Y,,传媒,游戏Ⅱ,游戏Ⅲ,31.51,30.91,30.89
sz002919,名臣健康,2023-09-27,30.93,31.13,30.46,30.77,30.89,2659570.0,82055269.0,6766306876.52,6836172592.35,97826087.08000001,78075200.57,838890810.6899999,1305348384.57,466457573.88,65538776.53000001,1694.89,1814.61,566.87,759.49,5855.68,5628.01,84.67,0.0,,,,,Y,,传媒,游戏Ⅱ,游戏Ⅲ,30.64,31.02,31.06
sz002919,名臣健康,2023-09-28,31.0,31.36,30.6,30.86,30.77,2093800.0,64601261.0,6786097829.360001,6856167897.299999,97826087.08000001,78075200.57,838890810.6899999,1305348384.57,466457573.88,65538776.53000001,1517.9,1742.56,470.2,252.16,4462.46,4455.84,0.0,0.0,,,,,Y,,传媒,游戏Ⅱ,游戏Ⅲ,31.0,31.16,30.98
sz002919,名臣健康,2023-10-09,30.91,31.15,30.11,30.91,30.86,2903900.0,88987730.0,6797092803.16,6867276400.05,97826087.08000001,78075200.57,838890810.6899999,1305348384.57,466457573.88,65538776.53000001,1923.6,1830.65,408.05,854.2,6565.92,6213.93,1.21,0.0,,,,,Y,,传媒,游戏Ⅱ,游戏Ⅲ,30.54,30.37,30.44
sz002919,名臣健康,2023-10-10,30.47,31.3,30.41,30.57,30.91,1620494.0,49685664.0,6722326981.320001,6791738581.349999,97826087.08000001,78075200.57,838890810.6899999,1305348384.57,466457573.88,65538776.53000001,1110.55,1101.93,102.84,178.48,3743.41,3688.15,11.76,0.0,,,,,Y,,传媒,游戏Ⅱ,游戏Ⅲ,31.08,30.93,30.93
sz002919,名臣健康,2023-10-11,30.61,31.3,30.33,30.86,30.57,2667903.0,82152080.0,6786097829.360001,6856167897.299999,97826087.08000001,78075200.57,838890810.6899999,1305348384.57,466457573.88,65538776.53000001,2005.16,2026.34,764.51,710.27,5052.35,4983.9,393.19,494.7,,,,,Y,,传媒,游戏Ⅱ,游戏Ⅲ,30.54,30.66,31.07
sz002919,名臣健康,2023-10-12,31.0,31.0,30.12,30.33,30.86,1812911.0,55062556.0,6669551107.08,6738417768.15,97826087.08000001,78075200.57,838890810.6899999,1305348384.57,466457573.88,65538776.53000001,1310.5,1590.17,564.19,450.88,3631.56,3464.9,0.0,0.3,,,,,Y,,传媒,游戏Ⅱ,游戏Ⅲ,30.68,30.65,30.39
sz002919,名臣健康,2023-10-13,30.33,30.33,29.4,29.85,30.33,2342161.0,69632744.0,6563999358.599999,6631776141.75,97826087.08000001,78075200.57,838890810.6899999,1305348384.57,466457573.88,65538776.53000001,1635.17,1806.75,492.94,830.82,4530.3,4203.01,304.87,122.69,,,,,Y,,传媒,游戏Ⅱ,游戏Ⅲ,30.14,29.96,30.02
sz002919,名臣健康,2023-10-16,30.0,30.78,29.32,29.53,29.85,2925901.0,87186134.0,6493631526.28,6560681724.150001,97826087.08000001,78075200.57,838890810.6899999,1305348384.57,466457573.88,65538776.53000001,1803.97,2344.86,837.18,1516.08,5332.69,4507.62,744.77,350.06,,,,,Y,,传媒,游戏Ⅱ,游戏Ⅲ,30.2,29.91,29.84
sz002919,名臣健康,2023-10-17,29.76,29.85,29.16,29.51,29.53,1384340.0,40733740.0,6489233536.76,6556238323.05,97826087.08000001,78075200.57,838890810.6899999,1305348384.57,466457573.88,65538776.53000001,816.33,1213.43,424.11,343.35,2832.93,2516.6,0.0,0.0,,,,,Y,,传媒,游戏Ⅱ,游戏Ⅲ,29.51,29.58,29.58
sz002919,名臣健康,2023-10-18,29.4,29.65,28.53,28.8,29.51,1821550.0,52702404.0,6333104908.8,6398497584.000001,97826087.08000001,78075200.57,838890810.6899999,1305348384.57,466457573.88,65538776.53000001,1317.55,980.55,522.41,433.01,3200.18,2931.61,230.11,925.07,,,,,Y,,传媒,游戏Ⅱ,游戏Ⅲ,29.04,29.0,28.91
sz002919,名臣健康,2023-10-19,28.73,29.35,28.14,28.84,28.8,1925062.0,55926787.0,6341900887.84,6407384386.200001,97826087.08000001,78075200.57,838890810.6899999,1305348384.57,466457573.88,65538776.53000001,1318.55,1806.78,398.57,447.86,3615.51,2954.13,260.04,383.92,,,,,Y,,传媒,游戏Ⅱ,游戏Ⅲ,28.91,29.0,29.33
sz002919,名臣健康,2023-10-20,28.69,29.13,28.12,28.24,28.84,2224900.0,63320009.0,6209961202.24,6274082353.2,97826087.08000001,78075200.57,838890810.6899999,1305348384.57,466457573.88,65538776.53000001,1572.69,1768.03,455.68,782.13,4303.63,3781.83,0.0,0.0,,,,,Y,,传媒,游戏Ⅱ,游戏Ⅲ,28.5,28.57,28.5
sz002919,名臣健康,2023-10-23,29.0,29.0,27.41,27.59,28.24,2473084.0,68981401.0,6067026542.84,6129671817.45,97826087.08000001,78075200.57,838890810.6899999,1305348384.57,466457573.88,65538776.53000001,1138.85,1145.61,422.84,774.15,4467.94,4972.71,868.51,5.67,,,,,Y,,传媒,游戏Ⅱ,游戏Ⅲ,28.39,27.99,28.19
sz002919,名臣健康,2023-10-24,27.92,28.49,27.41,27.78,27.59,2261728.0,63321497.0,6108807443.28,6171884127.9,97826087.08000001,78075200.57,838890810.6899999,1305348384.57,466457573.88,65538776.53000001,1492.93,2066.36,432.04,679.18,4404.68,3586.61,2.5,0.0,,,,,Y,,传媒,游戏Ⅱ,游戏Ⅲ,27.64,28.11,28.22
sz002919,名臣健康,2023-10-25,28.11,28.3,27.0,27.1,27.78,3220370.0,88455303.0,5959275799.6,6020808490.5,97826087.08000001,78075200.57,838890810.6899999,1305348384.57,466457573.88,65538776.53000001,2282.56,2988.75,1519.05,523.99,4607.57,4237.36,436.35,1095.43,,,,,Y,,传媒,游戏Ⅱ,游戏Ⅲ,27.89,27.85,27.46
sz002919,名臣健康,2023-10-26,27.0,27.09,26.63,26.78,27.1,2298390.0,61584979.0,5888907967.280001,5949714072.9,97826087.08000001,78075200.57,838890810.6899999,1305348384.57,466457573.88,65538776.53000001,1256.49,1899.88,388.29,795.69,4200.84,2620.69,312.87,842.25,,,,,Y,,传媒,游戏Ⅱ,游戏Ⅲ,26.8,26.76,26.68
sz002919,名臣健康,2023-10-27,27.0,27.25,26.52,27.04,26.78,3547159.0,95333618.0,5946081831.040001,6007478287.2,97826087.08000001,78075200.57,838890810.6899999,1305348384.57,466457573.88,65538776.53000001,2248.67,2592.7,1229.07,854.99,5667.96,5830.1,387.67,255.57,,,,,Y,,传媒,游戏Ⅱ,游戏Ⅲ,26.55,26.64,26.73
sz002919,名臣健康,2023-10-30,27.7,29.48,27.58,28.62,27.04,6618552.0,189581906.0,6293523003.12,6358506974.1,209582601.4,151112095.66,905120335.5,1357952986.81,452832651.31,66229524.81,5505.54,4421.17,1651.88,1348.31,10949.34,13188.71,851.44,0.0,,,,,Y,,传媒,游戏Ⅱ,游戏Ⅲ,28.86,29.46,28.48
sz002919,名臣健康,2023-10-31,29.01,29.26,27.68,28.08,28.62,4030730.0,114002519.0,6174777286.08,6238535144.400001,209582601.4,151112095.66,905120335.5,1357952986.81,452832651.31,66229524.81,2945.95,2980.79,2438.63,916.63,5520.31,6634.76,495.36,868.07,,,,,Y,,传媒,游戏Ⅱ,游戏Ⅲ,28.6,28.35,28.41
sz002919,名臣健康,2023-11-01,28.0,29.62,27.7,28.7,28.08,4621150.0,133510291.0,6311114961.2,6376280578.5,209582601.4,151112095.66,905120335.5,1357952986.81,452832651.31,66229524.81,4706.65,3446.54,1881.69,1704.74,5650.17,7621.18,1028.37,494.43,,,,,Y,,传媒,游戏Ⅱ,游戏Ⅲ,28.6,29.41,29.13
sz002919,名臣健康,2023-11-02,28.7,29.77,28.12,28.95,28.7,5598886.0,162788527.0,6366089830.200001,6431823092.25,209582601.4,151112095.66,905120335.5,1357952986.81,452832651.31,66229524.81,6330.08,4116.58,3414.04,1809.14,5935.8,9578.53,598.93,774.6,,,,,Y,,传媒,游戏Ⅱ,游戏Ⅲ,28.74,28.96,28.87
sz002919,名臣健康,2023-11-03,28.63,29.22,28.21,28.95,28.95,3153117.0,90708977.0,6366089830.200001,6431823092.25,209582601.4,151112095.66,905120335.5,1357952986.81,452832651.31,66229524.81,2577.06,3020.51,1666.91,1525.25,4578.41,4525.14,248.52,0.0,,,,,Y,,传媒,游戏Ⅱ,游戏Ⅲ,28.25,28.54,28.61
sz002919,名臣健康,2023-11-06,29.07,31.85,29.07,31.85,28.95,4643318.0,144115236.0,7003798310.6,7076116251.750001,209582601.4,151112095.66,905120335.5,1357952986.81,452832651.31,66229524.81,4836.85,4557.55,3502.12,4617.92,4119.49,5115.91,1953.06,120.14,,,,,Y,,传媒,游戏Ⅱ,游戏Ⅲ,30.39,31.85,31.85
sz002919,名臣健康,2023-11-07,33.82,34.13,32.13,32.38,31.85,12650470.0,417308042.0,7120345032.88,7193866380.900001,209582601.4,151112095.66,905120335.5,1357952986.81,452832651.31,66229524.81,13694.47,14348.66,7818.7,6790.12,17335.87,18856.82,2881.76,1735.2,,,,,Y,,传媒,游戏Ⅱ,游戏Ⅲ,33.41,33.98,33.39
sz002919,名臣健康,2023-11-08,32.66,33.04,32.0,32.61,32.38,7926244.0,258813853.0,7170921912.360001,7244965493.55,209582601.4,151112095.66,905120335.5,1357952986.81,452832651.31,66229524.81,9309.03,7149.86,4467.81,4995.78,11276.62,13558.46,827.93,177.28,,,,,Y,,传媒,游戏Ⅱ,游戏Ⅲ,32.32,32.7,32.84
sz002919,名臣健康,2023-11-09,33.26,33.96,32.7,32.7,32.61,6205968.0,206327628.0,7190712865.2,7264960798.5,209582601.4,151112095.66,905120335.5,1357952986.81,452832651.31,66229524.81,7200.14,5988.03,4058.48,3794.16,7568.62,9571.32,1805.52,1279.25,,,,,Y,,传媒,游戏Ⅱ,游戏Ⅲ,33.46,33.28,33.37
sz002919,名臣健康,2023-11-10,32.86,33.47,32.15,32.35,32.7,4952730.0,161923473.0,7113748048.6,7187201279.25,209582601.4,151112095.66,905120335.5,1357952986.81,452832651.31,66229524.81,5967.36,6602.29,2303.39,2480.12,7856.57,5694.94,65.02,1414.99,,,,,Y,,传媒,游戏Ⅱ,游戏Ⅲ,32.8,33.07,33.03
sz002919,名臣健康,2023-11-13,32.4,32.97,32.1,32.38,32.35,3612780.0,117380443.0,7120345032.88,7193866380.900001,209582601.4,151112095.66,905120335.5,1357952986.81,452832651.31,66229524.81,3347.52,3732.24,2072.66,1673.41,4929.43,5612.57,1388.44,719.82,,,,,Y,,传媒,游戏Ⅱ,游戏Ⅲ,32.44,32.2,32.24
sz002919,名臣健康,2023-11-14,32.37,32.38,31.16,31.76,32.38,5840982.0,185084229.0,6984007357.759999,7056120946.8,209582601.4,151112095.66,905120335.5,1357952986.81,452832651.31,66229524.81,6379.11,7260.41,2984.29,3801.26,8707.64,6544.94,437.37,901.81,,,,,Y,,传媒,游戏Ⅱ,游戏Ⅲ,32.0,32.06,32.08
sz002919,名臣健康,2023-11-15,31.85,31.95,30.26,30.49,31.76,5440381.0,167779911.0,6704735023.24,6773964976.95,209582601.4,151112095.66,905120335.5,1357952986.81,452832651.31,66229524.81,6030.58,4851.84,2515.11,2636.18,8068.33,7987.28,14.4,1153.12,,,,,Y,,传媒,游戏Ⅱ,游戏Ⅲ,31.33,31.42,31.23
sz002919,名臣健康,2023-11-16,30.44,31.14,30.2,30.62,30.49,3872959.0,119037617.0,6733321955.12,6802847084.099999,209582601.4,151112095.66,905120335.5,1357952986.81,452832651.31,66229524.81,3844.05,4217.45,2008.45,1532.13,5678.37,6154.18,372.89,0.0,,,,,Y,,传媒,游戏Ⅱ,游戏Ⅲ,30.82,30.62,30.65
sz002919,名臣健康,2023-11-17,30.6,31.19,30.23,31.07,30.62,3668980.0,112963142.0,6832276719.32,6902823608.849999,209582601.4,151112095.66,905120335.5,1357952986.81,452832651.31,66229524.81,4782.1,3754.89,1723.81,2239.22,3911.23,4828.23,879.17,473.97,,,,,Y,,传媒,游戏Ⅱ,游戏Ⅲ,30.57,30.53,30.32
sz002919,名臣健康,2023-11-20,31.2,31.26,30.52,30.81,31.07,2365951.0,72725137.0,6775102855.559999,6845059394.55,209582601.4,151112095.66,905120335.5,1357952986.81,452832651.31,66229524.81,2328.58,2749.62,1087.7,822.06,3856.24,3365.69,0.0,335.15,,,,,Y,,传媒,游戏Ⅱ,游戏Ⅲ,30.96,30.79,30.61
sz002919,名臣健康,2023-11-21,30.76,31.16,30.63,30.79,30.81,2655959.0,82160741.0,6770704866.04,6840615993.45,209582601.4,151112095.66,905120335.5,1357952986.81,452832651.31,66229524.81,2996.46,2305.93,619.74,934.95,4099.89,4617.48,499.99,357.72,,,,,Y,,传媒,游戏Ⅱ,游戏Ⅲ,30.9,30.94,31.0
sz002919,名臣健康,2023-11-22,30.85,31.39,30.56,30.95,30.79,2977310.0,92551183.0,6805888782.2,6876163202.25,209582601.4,151112095.66,905120335.5,1357952986.81,452832651.31,66229524.81,4147.38,2833.44,1565.21,1640.27,3542.52,4781.41,0.0,0.0,,,,,Y,,传媒,游戏Ⅱ,游戏Ⅲ,30.8,30.92,30.94
sz002919,名臣健康,2023-11-23,30.85,31.26,30.3,31.02,30.95,2306606.0,70996806.0,6821281745.52,6891715106.1,209582601.4,151112095.66,905120335.5,1357952986.81,452832651.31,66229524.81,2005.08,1898.4,1046.44,1154.75,4048.16,4046.53,0.0,0.0,,,,,Y,,传媒,游戏Ⅱ,游戏Ⅲ,30.42,30.36,30.56
sz002919,名臣健康,2023-11-24,30.9,31.5,30.75,31.12,31.02,2969684.0,92497516.0,6843271693.120001,6913932111.599999,209582601.4,151112095.66,905120335.5,1357952986.81,452832651.31,66229524.81,3211.79,2907.58,1276.37,1130.32,4591.07,5211.85,170.52,0.0,,,,,Y,,传媒,游戏Ⅱ,游戏Ⅲ,31.33,31.38,31.18
sz002919,名臣健康,2023-11-27,31.02,33.2,29.91,32.88,31.12,8927502.0,279631605.0,7230294770.88,7304951408.4,209582601.4,151112095.66,905120335.5,1357952986.81,452832651.31,66229524.81,7762.56,9729.39,7966.91,4170.57,9873.27,13717.27,2360.42,345.93,,,,,Y,,传媒,游戏Ⅱ,游戏Ⅲ,30.6,30.28,30.27
sz002919,名臣健康,2023-11-28,33.65,33.68,31.95,33.57,32.88,8548298.0,282389439.0,7382025409.320001,7458248746.35,209582601.4,151112095.66,905120335.5,1357952986.81,452832651.31,66229524.81,9468.1,8700.82,7061.29,6489.74,8558.56,11917.03,3150.99,1131.35,,,,,Y,,传媒,游戏Ⅱ,游戏Ⅲ,32.62,32.62,33.14
sz002919,名臣健康,2023-11-29,33.8,33.85,32.6,32.75,33.57,3837717.0,126808829.0,7201707839.0,7276069301.25,209582601.4,151112095.66,905120335.5,1357952986.81,452832651.31,66229524.81,3713.66,4399.9,2622.28,2611.36,5570.31,4774.57,774.63,895.05,,,,,Y,,传媒,游戏Ⅱ,游戏Ⅲ,33.14,33.6,33.45
sz002919,名臣健康,2023-11-30,32.7,32.7,31.65,32.26,32.75,2906095.0,93049747.0,7093957095.76,7167205974.299999,209582601.4,151112095.66,905120335.5,1357952986.81,452832651.31,66229524.81,2803.18,3218.59,2017.14,1564.23,4348.95,4386.78,135.71,135.39,,,,,Y,,传媒,游戏Ⅱ,游戏Ⅲ,32.1,31.73,31.77
sz002919,名臣健康,2023-12-01,32.37,34.0,31.99,33.25,32.26,3811948.0,125805336.0,7311657577.0,7387154328.750001,209582601.4,151112095.66,905120335.5,1357952986.81,452832651.31,66229524.81,4380.43,4140.93,3343.95,2053.66,4554.68,6118.06,301.46,267.89,,,,,Y,,传媒,游戏Ⅱ,游戏Ⅲ,32.23,32.16,32.1
sz002919,名臣健康,2023-12-04,33.5,34.32,33.12,33.56,33.25,5741174.0,193865337.0,7379826414.56,7456027045.8,209582601.4,151112095.66,905120335.5,1357952986.81,452832651.31,66229524.81,6522.4,7561.02,4645.19,4787.9,7179.36,6933.57,1039.58,104.04,,,,,Y,,传媒,游戏Ⅱ,游戏Ⅲ,33.5,33.79,33.17
sz002919,名臣健康,2023-12-05,33.47,33.81,32.33,32.36,33.56,3044624.0,99732495.0,7115947043.360001,7189422979.8,209582601.4,151112095.66,905120335.5,1357952986.81,452832651.31,66229524.81,3034.63,3020.19,1989.39,2284.07,4553.9,4048.63,395.32,620.36,,,,,Y,,传媒,游戏Ⅱ,游戏Ⅲ,33.22,32.78,32.36
sz002919,名臣健康,2023-12-06,32.34,33.32,31.35,32.5,32.36,4499373.0,144496546.0,7146732970.0,7220526787.5,209582601.4,151112095.66,905120335.5,1357952986.81,452832651.31,66229524.81,4400.74,5287.29,2984.91,2812.81,6014.43,5508.77,1049.58,840.79,,,,,Y,,传媒,游戏Ⅱ,游戏Ⅲ,31.84,31.9,31.62
sz002919,名臣健康,2023-12-07,32.5,33.0,32.0,32.24,32.5,2477770.0,80243481.0,7089559106.24,7162762573.2,209582601.4,151112095.66,905120335.5,1357952986.81,452832651.31,66229524.81,2149.81,2185.11,1942.08,1990.7,3771.14,3621.99,161.32,226.55,,,,,Y,,传媒,游戏Ⅱ,游戏Ⅲ,32.55,32.63,32.5
sz002919,名臣健康,2023-12-08,32.24,32.35,31.18,31.46,32.24,2917267.0,92316189.0,6918037514.96,6989469930.3,209582601.4,151112095.66,905120335.5,1357952986.81,452832651.31,66229524.81,2907.24,2876.53,1878.33,1991.27,4446.05,4126.58,0.0,237.24,,,,,Y,,传媒,游戏Ⅱ,游戏Ⅲ,32.08,31.85,31.71
sz002919,名臣健康,2023-12-11,31.21,31.85,30.89,31.67,31.46,3500700.0,109669630.0,6964216404.92,7036125641.85,209582601.4,151112095.66,905120335.5,1357952986.81,452832651.31,66229524.81,2813.68,2710.21,1198.18,1676.78,6600.67,5698.53,354.43,881.45,,,,,Y,,传媒,游戏Ⅱ,游戏Ⅲ,31.1,31.33,31.08
sz002919,名臣健康,2023-12-12,31.83,32.29,31.2,31.97,31.67,3515556.0,111703352.0,7030186247.72,7102776658.35,209582601.4,151112095.66,905120335.5,1357952986.81,452832651.31,66229524.81,3443.91,3151.15,1932.72,1615.16,5189.56,4939.51,604.14,1464.52,,,,,Y,,传媒,游戏Ⅱ,游戏Ⅲ,32.02,32.08,32.0
sz002919,名臣健康,2023-12-13,32.09,32.09,31.34,31.4,31.97,2345510.0,74328850.0,6904843546.400001,6976139727.0,209582601.4,151112095.66,905120335.5,1357952986.81,452832651.31,66229524.81,2880.97,2729.13,1164.43,963.84,3387.49,3739.91,0.0,0.0,,,,,Y,,传媒,游戏Ⅱ,游戏Ⅲ,31.81,31.8,31.79
sz002919,名臣健康,2023-12-14,31.69,32.89,31.16,31.52,31.4,3147905.0,101160454.0,6931231483.52,7002800133.599999,209582601.4,151112095.66,905120335.5,1357952986.81,452832651.31,66229524.81,3092.56,3530.81,2163.86,2550.02,4603.92,3907.35,255.71,127.86,,,,,Y,,传媒,游戏Ⅱ,游戏Ⅲ,32.21,32.2,32.57
sz002919,名臣健康,2023-12-15,31.52,31.8,31.03,31.2,31.52,1822000.0,56963033.0,6860863651.2,6931705716.0,209582601.4,151112095.66,905120335.5,1357952986.81,452832651.31,66229524.81,2141.29,1390.63,550.99,625.49,2999.95,3676.12,4.08,4.06,,,,,Y,,传媒,游戏Ⅱ,游戏Ⅲ,31.63,31.14,31.05
sz002919,名臣健康,2023-12-18,31.05,31.38,30.43,30.48,31.2,2149690.0,66196606.0,6702536028.4800005,6771743276.400001,209582601.4,151112095.66,905120335.5,1357952986.81,452832651.31,66229524.81,1278.72,1898.34,704.25,866.36,4636.69,3327.13,0.0,527.83,,,,,Y,,传媒,游戏Ⅱ,游戏Ⅲ,31.06,31.11,31.2
sz002919,名臣健康,2023-12-19,30.5,31.31,30.11,30.77,30.48,1515180.0,46752597.0,6766306876.52,6836172592.35,209582601.4,151112095.66,905120335.5,1357952986.81,452832651.31,66229524.81,1301.11,1119.02,556.89,581.58,2817.26,2685.28,0.0,289.37,,,,,Y,,传媒,游戏Ⅱ,游戏Ⅲ,30.69,31.11,30.73
sz002919,名臣健康,2023-12-20,30.87,31.18,30.3,30.3,30.77,1348754.0,41417964.0,6662954122.8,6731752666.5,209582601.4,151112095.66,905120335.5,1357952986.81,452832651.31,66229524.81,1082.77,1218.06,624.08,481.25,2434.95,2442.49,0.0,0.0,,,,,Y,,传媒,游戏Ⅱ,游戏Ⅲ,31.04,30.88,30.65
sz002919,名臣健康,2023-12-21,30.3,30.77,29.78,30.6,30.3,1663950.0,50412410.0,6728923965.6,6798403683.0,209582601.4,151112095.66,905120335.5,1357952986.81,452832651.31,66229524.81,1460.5,1317.23,701.32,890.48,2879.42,2833.53,0.0,0.0,,,,,Y,,传媒,游戏Ⅱ,游戏Ⅲ,30.5,30.18,30.03
sz002919,名臣健康,2023-12-22,30.62,30.92,27.54,27.54,30.6,6788370.0,190643432.0,6056031569.04,6118563314.7,209582601.4,151112095.66,905120335.5,1357952986.81,452832651.31,66229524.81,3145.41,1777.78,3612.26,2926.79,3367.12,1853.02,8939.55,12506.76,,,,,Y,,传媒,游戏Ⅱ,游戏Ⅲ,30.56,30.44,30.29
sz002919,名臣健康,2023-12-25,26.98,26.98,24.79,24.79,27.54,5934772.0,149121961.0,5451308010.04,5507595663.450001,209582601.4,151112095.66,905120335.5,1357952986.81,452832651.31,66229524.81,3946.1,3457.62,3524.71,3231.33,4587.03,3060.12,2854.35,5163.13,,,,,Y,,传媒,游戏Ⅱ,游戏Ⅲ,24.79,24.79,24.79
sz002919,名臣健康,2023-12-26,25.06,25.65,24.5,25.09,24.79,9949229.0,249618826.0,5517277852.84,5574246679.95,209582601.4,151112095.66,905120335.5,1357952986.81,452832651.31,66229524.81,8538.32,8984.89,3963.17,3846.32,11765.62,11060.67,694.77,1070.01,,,,,Y,,传媒,游戏Ⅱ,游戏Ⅲ,25.56,25.21,25.16
sz002919,名臣健康,2023-12-27,25.07,25.66,24.66,24.99,25.09,3874268.0,97600112.0,5495287905.24,5552029674.45,209582601.4,151112095.66,905120335.5,1357952986.81,452832651.31,66229524.81,2865.73,3096.07,1188.66,1020.14,5368.28,4909.26,337.35,734.55,,,,,Y,,传媒,游戏Ⅱ,游戏Ⅲ,25.45,25.24,25.33
sz002919,名臣健康,2023-12-28,24.89,25.14,24.33,24.49,24.99,5606553.0,138376938.0,5385338167.240001,5440944646.95,209582601.4,151112095.66,905120335.5,1357952986.81,452832651.31,66229524.81,3753.12,5272.44,1797.57,1520.02,8287.01,6378.2,0.0,667.03,,,,,Y,,传媒,游戏Ⅱ,游戏Ⅲ,24.52,24.43,24.73
sz002919,名臣健康,2023-12-29,24.41,25.68,24.41,25.64,24.49,6390614.0,161321579.0,5638222564.639999,5696440210.2,209582601.4,151112095.66,905120335.5,1357952986.81,452832651.31,66229524.81,5637.62,6444.31,1686.9,2612.1,8554.92,6509.19,252.71,566.56,,,,,Y,,传媒,游戏Ⅱ,游戏Ⅲ,24.79,24.97,24.9
sz002919,名臣健康,2024-01-02,25.74,27.14,25.74,26.4,25.64,6083752.0,161311206.0,5805346166.400001,5865289452.0,209582601.4,151112095.66,905120335.5,1357952986.81,452832651.31,66229524.81,4248.64,3544.55,2099.51,2559.6,9618.78,9538.37,164.19,488.6,,,,,Y,,传媒,游戏Ⅱ,游戏Ⅲ,26.73,26.57,26.29
sz002919,名臣健康,2024-01-03,26.36,26.79,26.03,26.4,26.4,2392817.0,63130470.0,5805346166.400001,5865289452.0,209582601.4,151112095.66,905120335.5,1357952986.81,452832651.31,66229524.81,1674.88,1286.9,942.7,518.1,3694.41,4508.05,1.06,0.0,,,,,Y,,传媒,游戏Ⅱ,游戏Ⅲ,26.32,26.23,26.51
sz002919,名臣健康,2024-01-04,26.32,26.48,25.95,26.34,26.4,2231700.0,58596773.0,5792152197.839999,5851959248.7,209582601.4,151112095.66,905120335.5,1357952986.81,452832651.31,66229524.81,1346.05,1522.45,438.13,662.23,4075.5,3675.0,0.0,0.0,,,,,Y,,传媒,游戏Ⅱ,游戏Ⅲ,26.09,26.1,26.16
sz002919,名臣健康,2024-01-05,26.38,26.38,25.02,25.29,26.34,3638300.0,92929657.0,5561257748.040001,5618680690.950001,209582601.4,151112095.66,905120335.5,1357952986.81,452832651.31,66229524.81,2489.82,2713.43,2083.9,1534.69,4593.59,4099.03,125.65,945.81,,,,,Y,,传媒,游戏Ⅱ,游戏Ⅲ,26.16,26.01,26.02
sz002919,名臣健康,2024-01-08,25.32,25.6,24.87,25.03,25.29,3105331.0,78369064.0,5504083884.280001,5560916476.650001,209582601.4,151112095.66,905120335.5,1357952986.81,452832651.31,66229524.81,1009.08,1893.37,1734.31,1284.8,4966.02,4658.74,127.5,0.0,,,,,Y,,传媒,游戏Ⅱ,游戏Ⅲ,24.93,25.16,25.14
sz002919,名臣健康,2024-01-09,25.1,25.41,24.74,24.87,25.03,1940122.0,48489176.0,5468899968.120001,5525369267.85,209582601.4,151112095.66,905120335.5,1357952986.81,452832651.31,66229524.81,1072.54,951.24,283.26,399.02,3391.44,3290.09,101.68,208.56,,,,,Y,,传媒,游戏Ⅱ,游戏Ⅲ,25.22,25.06,25.11
sz002919,名臣健康,2024-01-10,25.07,25.44,24.75,25.02,24.87,3145167.0,79108914.0,5501884889.52,5558694776.099999,209582601.4,151112095.66,905120335.5,1357952986.81,452832651.31,66229524.81,2490.42,2332.6,1226.93,794.79,4193.29,4783.5,0.25,0.0,,,,,Y,,传媒,游戏Ⅱ,游戏Ⅲ,24.92,25.05,25.19
sz002919,名臣健康,2024-01-11,24.85,25.31,24.8,25.25,25.02,2436558.0,61195587.0,5552461769.0,5609793888.749999,209582601.4,151112095.66,905120335.5,1357952986.81,452832651.31,66229524.81,1545.29,1342.71,705.72,777.78,3823.66,3999.07,44.89,0.0,,,,,Y,,传媒,游戏Ⅱ,游戏Ⅲ,24.94,25.09,25.03
sz002919,名臣健康,2024-01-12,25.34,25.5,24.82,24.89,25.25,1919690.0,48157656.0,5473297957.64,5529812668.95,209582601.4,151112095.66,905120335.5,1357952986.81,452832651.31,66229524.81,1181.27,1138.1,703.58,556.41,2821.05,3121.26,109.86,0.0,,,,,Y,,传媒,游戏Ⅱ,游戏Ⅲ,25.14,25.15,25.22
sz002919,名臣健康,2024-01-15,24.89,25.16,24.4,24.82,24.89,1376830.0,34273618.0,5457904994.32,5514260765.1,209582601.4,151112095.66,905120335.5,1357952986.81,452832651.31,66229524.81,863.08,783.05,200.9,198.61,2363.38,2445.7,0.0,0.0,,,,,Y,,传媒,游戏Ⅱ,游戏Ⅲ,24.82,24.81,24.88
sz002919,名臣健康,2024-01-16,24.74,24.94,24.2,24.72,24.82,2360902.0,57733232.0,5435915046.719999,5492043759.599999,209582601.4,151112095.66,905120335.5,1357952986.81,452832651.31,66229524.81,1464.3,1413.81,686.22,970.42,3622.8,3240.8,0.0,148.29,,,,,Y,,传媒,游戏Ⅱ,游戏Ⅲ,24.65,24.52,24.66
sz002919,名臣健康,2024-01-17,24.6,24.97,23.87,23.87,24.72,1553232.0,37957444.0,5249000492.12,5303199212.85,209582601.4,151112095.66,905120335.5,1357952986.81,452832651.31,66229524.81,747.66,836.25,538.94,595.58,2184.45,1935.15,324.69,428.77,,,,,Y,,传媒,游戏Ⅱ,游戏Ⅲ,24.74,24.71,24.75
sz002919,名臣健康,2024-01-18,23.87,24.07,23.28,23.95,23.87,2534090.0,59945095.0,5266592450.200001,5320972817.25,209582601.4,151112095.66,905120335.5,1357952986.81,452832651.31,66229524.81,1700.44,1361.8,554.13,1241.73,3602.29,3142.23,137.66,248.75,,,,,Y,,传媒,游戏Ⅱ,游戏Ⅲ,23.82,23.73,23.83
sz002919,名臣健康,2024-01-19,24.0,25.67,24.0,24.5,23.95,4427304.0,110358548.0,5387537162.0,5443166347.5,209582601.4,151112095.66,905120335.5,1357952986.81,452832651.31,66229524.81,3432.78,3194.31,1624.18,1265.81,5669.29,6461.43,309.6,114.3,,,,,Y,,传媒,游戏Ⅱ,游戏Ⅲ,24.47,24.98,24.75
sz002919,名臣健康,2024-01-22,24.38,24.62,22.58,22.84,24.5,3189990.0,75260567.0,5022504031.84,5074364056.2,209582601.4,151112095.66,905120335.5,1357952986.81,452832651.31,66229524.81,2130.38,1568.71,953.77,1458.26,4425.45,4387.2,16.46,111.89,,,,,Y,,传媒,游戏Ⅱ,游戏Ⅲ,24.05,24.16,24.0
sz002919,名臣健康,2024-01-23,22.69,23.46,22.44,23.43,22.84,2886490.0,66697687.0,5152244722.68,5205444388.65,209582601.4,151112095.66,905120335.5,1357952986.81,452832651.31,66229524.81,1400.27,1711.49,752.4,1432.36,3417.16,3505.65,1099.94,20.27,,,,,Y,,传媒,游戏Ⅱ,游戏Ⅲ,22.68,22.92,22.63
sz002919,名臣健康,2024-01-24,23.38,23.55,22.49,23.11,23.43,4211830.0,96548748.0,5081876890.36,5134349971.05,209582601.4,151112095.66,905120335.5,1357952986.81,452832651.31,66229524.81,3288.57,2345.16,2507.0,3848.52,3859.31,3098.11,0.0,363.08,,,,,Y,,传媒,游戏Ⅱ,游戏Ⅲ,23.29,23.4,23.33
sz002919,名臣健康,2024-01-25,23.0,23.7,22.61,23.69,23.11,2314280.0,53971057.0,5209418586.440001,5263208602.95,209582601.4,151112095.66,905120335.5,1357952986.81,452832651.31,66229524.81,1477.36,1519.52,887.21,1030.67,2867.12,2514.47,165.41,332.45,,,,,Y,,传媒,游戏Ⅱ,游戏Ⅲ,22.88,22.73,22.71
sz002919,名臣健康,2024-01-26,23.68,26.06,23.56,26.06,23.69,4154110.0,103851372.0,5730580344.559999,5789751633.3,209582601.4,151112095.66,905120335.5,1357952986.81,452832651.31,66229524.81,1819.82,3731.41,2878.61,2122.36,2872.23,4267.64,2814.48,263.73,,,,,Y,,传媒,游戏Ⅱ,游戏Ⅲ,24.45,24.0,24.2
sz002919,名臣健康,2024-01-29,26.0,26.31,23.45,23.45,26.06,8165170.0,199045191.0,5156642712.2,5209887789.75,209582601.4,151112095.66,905120335.5,1357952986.81,452832651.31,66229524.81,7498.8,4945.74,3347.85,3147.23,8846.94,9755.28,210.93,2056.27,,,,,Y,,传媒,游戏Ⅱ,游戏Ⅲ,25.1,24.47,24.42
sz002919,名臣健康,2024-01-30,21.51,23.05,21.5,21.9,23.45,5890314.0,131737233.0,4815798524.4,4865524204.5,209582601.4,151112095.66,905120335.5,1357952986.81,452832651.31,66229524.81,3697.85,4420.82,1172.78,1398.8,8057.37,6894.32,245.72,459.78,,,,,Y,,传媒,游戏Ⅱ,游戏Ⅲ,22.36,22.48,22.57
sz002919,名臣健康,2024-01-31,22.34,24.09,21.85,22.02,21.9,9419373.0,216600995.0,4842186461.52,4892184611.099999,209582601.4,151112095.66,905120335.5,1357952986.81,452832651.31,66229524.81,5483.06,5926.71,4203.58,3492.64,7862.92,10215.54,4110.54,2025.21,,,,,Y,,传媒,游戏Ⅱ,游戏Ⅲ,24.09,24.09,22.67
sz002919,名臣健康,2024-02-01,21.67,22.37,20.91,21.47,22.02,6563080.0,142298271.0,4721241749.72,4769991080.85,209582601.4,151112095.66,905120335.5,1357952986.81,452832651.31,66229524.81,4195.34,4454.59,1340.17,1580.66,8583.87,8194.58,110.45,0.0,,,,,Y,,传媒,游戏Ⅱ,游戏Ⅲ,21.58,21.47,21.55
sz002919,名臣健康,2024-02-02,21.7,23.62,21.47,22.42,21.47,11163216.0,252947759.0,4930146251.92,4981052633.1,209582601.4,151112095.66,905120335.5,1357952986.81,452832651.31,66229524.81,6943.4,7696.57,5680.03,5198.09,7429.03,11684.01,5242.31,716.11,,,,,Y,,传媒,游戏Ⅱ,游戏Ⅲ,23.62,23.62,22.79
sz002919,名臣健康,2024-02-05,21.49,21.79,20.18,20.18,22.42,8364271.0,172878487.0,4437571425.68,4483391709.900001,209582601.4,151112095.66,905120335.5,1357952986.81,452832651.31,66229524.81,5701.62,5914.94,3283.69,2515.55,7165.22,8058.16,1137.32,799.2,,,,,Y,,传媒,游戏Ⅱ,游戏Ⅲ,21.23,21.01,20.74
sz002919,名臣健康,2024-02-06,19.0,20.8,18.61,20.29,20.18,7560634.0,149366142.0,4461760368.04,4507830415.95,209582601.4,151112095.66,905120335.5,1357952986.81,452832651.31,66229524.81,4740.52,4616.72,2265.97,2349.83,7531.18,7970.07,398.94,0.0,,,,,Y,,传媒,游戏Ⅱ,游戏Ⅲ,19.81,18.64,19.49
sz002919,名臣健康,2024-02-07,20.13,20.57,18.79,19.27,20.29,7631274.0,150763786.0,4237462902.52,4281216959.85,209582601.4,151112095.66,905120335.5,1357952986.81,452832651.31,66229524.81,4669.87,5213.44,3656.03,2619.9,6750.48,6982.34,0.0,260.7,,,,,Y,,传媒,游戏Ⅱ,游戏Ⅲ,19.78,19.91,20.3
sz002919,名臣健康,2024-02-08,19.48,21.2,17.35,21.11,19.27,9927609.0,197735616.0,4642077938.360001,4690009861.05,209582601.4,151112095.66,905120335.5,1357952986.81,452832651.31,66229524.81,5085.73,6466.07,3482.65,3809.13,8095.53,8695.71,3109.64,802.65,,,,,Y,,传媒,游戏Ⅱ,游戏Ⅲ,18.57,18.57,18.43
sz002919,名臣健康,2024-02-19,21.49,21.89,21.0,21.49,21.11,6508119.0,139051474.0,4725639739.24,4774434481.95,209582601.4,151112095.66,905120335.5,1357952986.81,452832651.31,66229524.81,4531.33,4367.82,3418.26,3288.19,5632.66,4827.31,322.9,1421.83,,,,,Y,,传媒,游戏Ⅱ,游戏Ⅲ,21.24,21.22,21.21
sz002919,名臣健康,2024-02-20,21.79,22.32,21.35,22.2,21.49,4873850.0,107260511.0,4881768367.2,4932175221.0,209582601.4,151112095.66,905120335.5,1357952986.81,452832651.31,66229524.81,2665.82,3490.79,2271.77,1821.25,5102.4,4965.65,686.07,448.37,,,,,Y,,传媒,游戏Ⅱ,游戏Ⅲ,21.65,22.02,21.8
sz002919,名臣健康,2024-02-21,22.01,23.47,21.67,22.72,22.2,4702000.0,107154636.0,4996116094.72,5047703649.599999,209582601.4,151112095.66,905120335.5,1357952986.81,452832651.31,66229524.81,3363.8,3587.9,2333.68,2087.15,4281.49,4606.86,736.49,433.56,,,,,Y,,传媒,游戏Ⅱ,游戏Ⅲ,22.4,22.4,22.66
sz002919,名臣健康,2024-02-22,22.4,23.17,22.4,23.01,22.72,3138527.0,71768905.0,5059886942.76,5112132965.55,209582601.4,151112095.66,905120335.5,1357952986.81,452832651.31,66229524.81,2265.47,2198.78,1545.22,1404.8,3169.91,3247.05,196.29,326.26,,,,,Y,,传媒,游戏Ⅱ,游戏Ⅲ,22.95,22.98,23.05
sz002919,名臣健康,2024-02-23,23.02,23.4,22.68,23.33,23.01,3180796.0,73274855.0,5130254775.08,5183227383.150001,209582601.4,151112095.66,905120335.5,1357952986.81,452832651.31,66229524.81,2229.29,2487.15,1121.0,1344.56,3860.6,3381.3,116.6,114.48,,,,,Y,,传媒,游戏Ⅱ,游戏Ⅲ,23.06,22.97,22.97
sz002919,名臣健康,2024-02-26,23.32,23.81,23.0,23.27,23.33,3379520.0,78967324.0,5117060806.52,5169897179.85,209582601.4,151112095.66,905120335.5,1357952986.81,452832651.31,66229524.81,2105.79,2160.66,1324.07,1402.95,4252.91,4002.57,213.96,330.55,,,,,Y,,传媒,游戏Ⅱ,游戏Ⅲ,23.39,23.34,23.24
sz002919,名臣健康,2024-02-27,23.02,24.25,23.02,24.24,23.27,3770836.0,90066733.0,5330363298.24,5385402133.2,209582601.4,151112095.66,905120335.5,1357952986.81,452832651.31,66229524.81,3639.67,2885.82,1279.41,1786.26,3932.1,4199.13,155.49,135.46,,,,,Y,,传媒,游戏Ⅱ,游戏Ⅲ,24.09,23.85,23.62
sz002919,名臣健康,2024-02-28,24.53,25.76,22.51,22.73,24.24,6375448.0,155925188.0,4998315089.48,5049925350.15,209582601.4,151112095.66,905120335.5,1357952986.81,452832651.31,66229524.81,5580.99,4904.8,3422.15,3356.82,6481.11,6654.6,108.27,676.3,,,,,Y,,传媒,游戏Ⅱ,游戏Ⅲ,24.67,24.95,25.02
sz002919,名臣健康,2024-02-29,22.36,23.55,22.2,23.27,22.73,3769189.0,86702833.0,5117060806.52,5169897179.85,209582601.4,151112095.66,905120335.5,1357952986.81,452832651.31,66229524.81,2837.01,2922.2,1427.34,1731.25,4289.71,3786.34,116.22,230.5,,,,,Y,,传媒,游戏Ⅱ,游戏Ⅲ,22.72,23.24,23.18
sz002919,名臣健康,2024-03-01,23.15,23.43,22.5,23.22,23.27,4500268.0,103035789.0,5106065832.72,5158788677.1,209582601.4,151112095.66,905120335.5,1357952986.81,452832651.31,66229524.81,3320.34,3821.4,1906.91,1516.9,4561.05,4300.93,515.28,664.34,,,,,Y,,传媒,游戏Ⅱ,游戏Ⅲ,23.15,22.86,22.6
sz002919,名臣健康,2024-03-04,23.51,23.76,22.5,23.36,23.22,4304030.0,99292134.0,5136851759.360001,5189892484.8,209582601.4,151112095.66,905120335.5,1357952986.81,452832651.31,66229524.81,2843.67,2581.03,1987.95,1669.96,3942.59,3372.29,1155.01,2305.93,,,,,Y,,传媒,游戏Ⅱ,游戏Ⅲ,23.2,23.03,22.88
sz002919,名臣健康,2024-03-05,23.1,23.37,22.7,22.78,23.36,2730330.0,62823524.0,5009310063.28,5061033852.9,209582601.4,151112095.66,905120335.5,1357952986.81,452832651.31,66229524.81,2040.02,2127.05,986.67,918.82,3026.66,2704.25,229.0,532.23,,,,,Y,,传媒,游戏Ⅱ,游戏Ⅲ,23.01,23.16,23.1
sz002919,名臣健康,2024-03-06,22.71,23.12,22.38,22.71,22.78,2079430.0,47291469.0,4993917099.96,5045481949.05,209582601.4,151112095.66,905120335.5,1357952986.81,452832651.31,66229524.81,1249.12,1381.2,782.27,638.57,2556.63,2683.84,141.13,25.54,,,,,Y,,传媒,游戏Ⅱ,游戏Ⅲ,22.8,22.93,22.81
sz002919,名臣健康,2024-03-07,22.71,22.99,21.9,21.9,22.71,2966570.0,66316860.0,4815798524.4,4865524204.5,209582601.4,151112095.66,905120335.5,1357952986.81,452832651.31,66229524.81,2123.06,2159.32,1042.9,1325.13,3154.37,2562.43,311.36,584.8,,,,,Y,,传媒,游戏Ⅱ,游戏Ⅲ,22.83,22.82,22.83
sz002919,名臣健康,2024-03-08,21.94,22.21,21.6,21.94,21.9,2378356.0,51934599.0,4824594503.440001,4874411006.7,209582601.4,151112095.66,905120335.5,1357952986.81,452832651.31,66229524.81,1628.89,1535.38,1013.06,956.94,2442.72,2451.63,108.79,249.51,,,,,Y,,传媒,游戏Ⅱ,游戏Ⅲ,21.94,21.88,21.94
sz002919,名臣健康,2024-03-11,21.98,22.58,21.61,22.54,21.94,2886426.0,64062006.0,4956534189.04,5007713039.7,209582601.4,151112095.66,905120335.5,1357952986.81,452832651.31,66229524.81,1820.87,2251.33,1233.79,1167.29,3283.87,2764.45,67.67,223.12,,,,,Y,,传媒,游戏Ⅱ,游戏Ⅲ,21.98,22.04,21.94
sz002919,名臣健康,2024-03-12,23.05,23.44,22.66,23.22,22.54,3605224.0,83301957.0,5106065832.72,5158788677.1,209582601.4,151112095.66,905120335.5,1357952986.81,452832651.31,66229524.81,3041.47,2943.41,1489.0,1907.52,3663.14,3372.23,136.59,107.04,,,,,Y,,传媒,游戏Ⅱ,游戏Ⅲ,22.87,22.88,23.11
sz002919,名臣健康,2024-03-13,23.6,25.54,23.12,25.54,23.22,4878033.0,120156387.0,5616232617.039999,5674223204.700001,209582601.4,151112095.66,905120335.5,1357952986.81,452832651.31,66229524.81,2242.69,3681.34,2480.62,2893.95,2387.15,4028.43,4905.17,1411.92,,,,,Y,,传媒,游戏Ⅱ,游戏Ⅲ,23.2,23.57,23.56
sz002919,名臣健康,2024-03-14,25.5,25.7,23.96,24.16,25.54,9192817.0,226342828.0,5312771340.16,5367628528.8,209582601.4,151112095.66,905120335.5,1357952986.81,452832651.31,66229524.81,8865.62,7466.44,3658.4,3694.36,9876.4,10641.27,233.86,832.22,,,,,Y,,传媒,游戏Ⅱ,游戏Ⅲ,25.1,24.9,24.94
sz002919,名臣健康,2024-03-15,24.99,26.58,24.31,25.55,24.16,13130070.0,336346655.0,5618431611.8,5676444905.25,209582601.4,151112095.66,905120335.5,1357952986.81,452832651.31,66229524.81,11031.41,10854.99,7890.88,5272.47,9954.42,14714.49,4757.96,2792.72,,,,,Y,,传媒,游戏Ⅱ,游戏Ⅲ,24.67,25.13,24.86
sz002919,名臣健康,2024-03-18,25.15,26.16,24.82,26.06,25.55,11444573.0,291653625.0,5730580344.559999,5789751633.3,209582601.4,151112095.66,905120335.5,1357952986.81,452832651.31,66229524.81,10872.32,10629.8,7426.22,6643.7,9969.17,11298.5,897.66,593.36,,,,,Y,,传媒,游戏Ⅱ,游戏Ⅲ,25.01,24.92,24.87
sz002919,名臣健康,2024-03-19,25.7,26.79,25.31,25.75,26.06,9866833.0,255826586.0,5662411507.0,5720878916.25,209582601.4,151112095.66,905120335.5,1357952986.81,452832651.31,66229524.81,10190.33,10401.22,6431.16,5429.73,8693.07,8684.42,268.1,1067.3,,,,,Y,,传媒,游戏Ⅱ,游戏Ⅲ,26.29,26.01,25.79
sz002919,名臣健康,2024-03-20,25.67,26.12,25.21,25.48,25.75,6158652.0,157297876.0,5603038648.48,5660893001.4,209582601.4,151112095.66,905120335.5,1357952986.81,452832651.31,66229524.81,6715.27,7135.63,2821.78,2645.16,5938.49,5499.86,254.25,449.14,,,,,Y,,传媒,游戏Ⅱ,游戏Ⅲ,25.93,25.77,25.73
sz002919,名臣健康,2024-03-21,25.49,26.0,25.16,25.27,25.48,5265052.0,134311719.0,5556859758.52,5614237289.85,209582601.4,151112095.66,905120335.5,1357952986.81,452832651.31,66229524.81,4847.71,5284.82,2569.13,2813.25,5884.18,4404.71,130.15,928.39,,,,,Y,,传媒,游戏Ⅱ,游戏Ⅲ,25.63,25.61,25.8
sz002919,名臣健康,2024-03-22,24.98,25.3,24.4,24.86,25.27,4177521.0,103644569.0,5466700973.36,5523147567.3,209582601.4,151112095.66,905120335.5,1357952986.81,452832651.31,66229524.81,3245.22,4027.91,1433.01,2122.05,5019.28,3994.78,666.95,219.72,,,,,Y,,传媒,游戏Ⅱ,游戏Ⅲ,25.25,24.93,24.86
sz002919,名臣健康,2024-03-25,24.78,25.1,24.0,24.0,24.86,3479622.0,85043668.0,5277587424.0,5332081320.0,209582601.4,151112095.66,905120335.5,1357952986.81,452832651.31,66229524.81,3638.39,3180.89,846.45,1826.51,4019.52,3496.97,0.0,0.0,,,,,Y,,传媒,游戏Ⅱ,游戏Ⅲ,24.69,24.66,24.45
sz002919,名臣健康,2024-03-26,24.16,24.16,22.65,23.06,24.0,5445600.0,126303431.0,5070881916.559999,5123241468.3,209582601.4,151112095.66,905120335.5,1357952986.81,452832651.31,66229524.81,4578.25,4809.54,2014.53,1631.08,5901.16,5882.92,136.4,306.81,,,,,Y,,传媒,游戏Ⅱ,游戏Ⅲ,23.8,23.52,23.61
sz002919,名臣健康,2024-03-27,23.0,23.25,22.0,22.07,23.06,3575469.0,80629815.0,4853181435.32,4903293113.85,209582601.4,151112095.66,905120335.5,1357952986.81,452832651.31,66229524.81,2745.63,3120.38,962.71,1500.92,4238.74,3441.69,115.9,0.0,,,,,Y,,传媒,游戏Ⅱ,游戏Ⅲ,23.14,22.8,22.85
sz002919,名臣健康,2024-03-28,22.12,23.07,22.11,22.43,22.07,3130422.0,70652984.0,4932345246.68,4983274333.65,209582601.4,151112095.66,905120335.5,1357952986.81,452832651.31,66229524.81,2796.78,2720.16,1049.39,724.97,3219.13,3620.17,0.0,0.0,,,,,Y,,传媒,游戏Ⅱ,游戏Ⅲ,22.34,22.3,22.42
sz002919,名臣健康,2024-03-29,22.43,22.72,21.83,22.7,22.43,2554600.0,57021802.0,4991718105.2,5043260248.5,209582601.4,151112095.66,905120335.5,1357952986.81,452832651.31,66229524.81,1949.39,1739.31,756.14,813.44,2809.0,2920.56,187.66,228.87,,,,,Y,,传媒,游戏Ⅱ,游戏Ⅲ,22.36,22.31,22.16
sz002919,名臣健康,2024-04-01,22.73,23.65,22.72,22.97,22.7,3177281.0,73343191.0,5051090963.72,5103246163.35,209582601.4,151112095.66,905120335.5,1357952986.81,452832651.31,66229524.81,2770.81,1546.72,1389.96,1748.3,2857.5,3924.2,316.05,115.1,,,,,Y,,传媒,游戏Ⅱ,游戏Ⅲ,23.0,23.35,23.28
sz002919,名臣健康,2024-04-02,23.14,23.15,22.02,22.16,22.97,3633392.0,81218062.0,4872972388.16,4923288418.8,209582601.4,151112095.66,905120335.5,1357952986.81,452832651.31,66229524.81,2979.81,2782.6,1567.93,1650.59,3053.78,3110.8,520.29,577.82,,,,,Y,,传媒,游戏Ⅱ,游戏Ⅲ,22.6,22.51,22.52
sz002919,名臣健康,2024-04-03,22.1,22.15,21.32,21.45,22.16,2649115.0,57216328.0,4716843760.2,4765547679.75,209582601.4,151112095.66,905120335.5,1357952986.81,452832651.31,66229524.81,2289.36,2428.66,651.99,974.79,2673.4,2318.19,106.89,0.0,,,,,Y,,传媒,游戏Ⅱ,游戏Ⅲ,21.97,21.78,21.62
sz002919,名臣健康,2024-04-08,21.5,21.51,20.15,20.26,21.45,3853091.0,79703968.0,4455163383.76,4501165314.3,209582601.4,151112095.66,905120335.5,1357952986.81,452832651.31,66229524.81,2974.04,2730.73,1153.63,1092.96,3808.69,4042.24,34.03,104.47,,,,,Y,,传媒,游戏Ⅱ,游戏Ⅲ,21.13,20.94,20.91
sz002919,名臣健康,2024-04-09,20.42,22.0,20.4,21.64,20.26,4125562.0,87840894.0,4758624660.639999,4807759990.2,209582601.4,151112095.66,905120335.5,1357952986.81,452832651.31,66229524.81,2800.74,3284.52,1947.5,1367.26,3980.57,4132.31,55.28,0.0,,,,,Y,,传媒,游戏Ⅱ,游戏Ⅲ,20.73,20.54,20.52
sz002919,名臣健康,2024-04-10,21.6,21.69,20.61,20.82,21.64,2575700.0,54025892.0,4578307090.32,4625580545.099999,209582601.4,151112095.66,905120335.5,1357952986.81,452832651.31,66229524.81,2009.32,1824.45,791.93,812.17,2601.34,2658.64,0.0,107.33,,,,,Y,,传媒,游戏Ⅱ,游戏Ⅲ,21.34,21.13,21.16
sz002919,名臣健康,2024-04-11,20.58,21.27,20.56,20.88,20.82,1969132.0,41443665.0,4591501058.88,4638910748.400001,209582601.4,151112095.66,905120335.5,1357952986.81,452832651.31,66229524.81,1640.94,1466.65,597.49,390.38,1905.93,2287.33,0.0,0.0,,,,,Y,,传媒,游戏Ⅱ,游戏Ⅲ,21.13,21.11,20.96
sz002919,名臣健康,2024-04-12,20.89,21.16,20.8,20.99,20.88,1341772.0,28157224.0,4615690001.24,4663349454.45,209582601.4,151112095.66,905120335.5,1357952986.81,452832651.31,66229524.81,941.37,1143.84,346.9,231.03,1527.45,1440.86,0.0,0.0,,,,,Y,,传媒,游戏Ⅱ,游戏Ⅲ,20.97,20.95,20.96
sz002919,名臣健康,2024-04-15,21.16,21.16,19.93,20.67,20.99,2353352.0,48344768.0,4545322168.92,4592255036.85,209582601.4,151112095.66,905120335.5,1357952986.81,452832651.31,66229524.81,1423.59,1452.36,1246.01,917.99,2164.87,2282.68,0.0,181.45,,,,,Y,,传媒,游戏Ⅱ,游戏Ⅲ,20.82,20.47,20.29
sz002919,名臣健康,2024-04-16,20.43,20.54,19.06,19.18,20.67,3373301.0,66127506.0,4217671949.68,4261221654.9,209582601.4,151112095.66,905120335.5,1357952986.81,452832651.31,66229524.81,2392.08,2626.16,443.94,709.89,3676.99,3276.7,99.74,0.0,,,,,Y,,传媒,游戏Ⅱ,游戏Ⅲ,20.21,20.0,19.67
sz002919,名臣健康,2024-04-17,19.43,20.2,19.43,19.91,19.18,2743154.0,54656127.0,4378198567.16,4423405795.05,209582601.4,151112095.66,905120335.5,1357952986.81,452832651.31,66229524.81,1863.24,1937.4,584.96,408.03,3017.41,3120.18,0.0,0.0,,,,,Y,,传媒,游戏Ⅱ,游戏Ⅲ,19.99,19.88,19.93
sz002919,名臣健康,2024-04-18,20.05,20.17,19.41,19.61,19.91,2475630.0,48893286.0,4312228724.36,4356754778.55,209582601.4,151112095.66,905120335.5,1357952986.81,452832651.31,66229524.81,1518.16,1698.11,643.34,351.36,2727.83,2839.85,0.0,0.0,,,,,Y,,传媒,游戏Ⅱ,游戏Ⅲ,19.67,19.54,19.61
sz002919,名臣健康,2024-04-19,19.46,19.73,19.28,19.71,19.61,1989598.0,38745314.0,4334218671.96,4378971784.05,209582601.4,151112095.66,905120335.5,1357952986.81,452832651.31,66229524.81,981.64,1192.49,472.34,532.1,2420.55,2149.94,0.0,0.0,,,,,Y,,传媒,游戏Ⅱ,游戏Ⅲ,19.37,19.4,19.5
sz002919,名臣健康,2024-04-22,19.52,20.07,19.3,19.82,19.71,1613085.0,31818233.0,4358407614.320001,4403410490.1,209582601.4,151112095.66,905120335.5,1357952986.81,452832651.31,66229524.81,976.11,722.81,111.0,255.22,1794.88,2203.79,299.83,0.0,,,,,Y,,传媒,游戏Ⅱ,游戏Ⅲ,19.36,19.41,19.61
sz002919,名臣健康,2024-04-23,19.98,20.26,19.75,20.01,19.82,1820723.0,36452480.0,4400188514.76,4445622800.55,209582601.4,151112095.66,905120335.5,1357952986.81,452832651.31,66229524.81,1406.33,1178.57,347.07,585.11,1891.85,1881.57,0.0,0.0,,,,,Y,,传媒,游戏Ⅱ,游戏Ⅲ,19.96,19.84,20.02
sz002919,名臣健康,2024-04-24,20.22,20.55,19.81,20.51,20.01,2008023.0,40669329.0,4510138252.76,4556707828.05,209582601.4,151112095.66,905120335.5,1357952986.81,452832651.31,66229524.81,1517.55,1449.46,790.06,788.21,1756.91,1698.22,2.41,131.05,,,,,Y,,传媒,游戏Ⅱ,游戏Ⅲ,19.9,19.94,20.01
sz002919,名臣健康,2024-04-25,20.51,20.6,19.9,20.01,20.51,2207924.0,44626985.0,4400188514.76,4445622800.55,209582601.4,151112095.66,905120335.5,1357952986.81,452832651.31,66229524.81,1711.49,1764.57,620.63,501.95,2127.98,2190.84,2.59,5.34,,,,,Y,,传媒,游戏Ⅱ,游戏Ⅲ,20.39,20.44,20.45
sz002919,名臣健康,2024-04-26,20.08,20.5,20.03,20.25,20.01,2501536.0,50759789.0,4452964389.0,4498943613.75,209582601.4,151112095.66,905120335.5,1357952986.81,452832651.31,66229524.81,1749.05,1771.59,945.97,889.36,2372.63,2415.03,8.33,0.0,,,,,Y,,传媒,游戏Ⅱ,游戏Ⅲ,20.1,20.19,20.31
sz002919,名臣健康,2024-04-29,20.62,21.45,20.62,21.0,20.25,4418365.0,92946039.0,4617888996.0,4665571155.0,209582601.4,151112095.66,854678906.0600001,1271968665.67,417289759.61,44792608.81,3156.62,3190.93,1906.53,1603.54,3529.53,4180.17,701.92,319.97,,,,,Y,,传媒,游戏Ⅱ,游戏Ⅲ,20.9,20.88,20.84
sz002919,名臣健康,2024-04-30,20.91,20.93,20.09,20.38,21.0,3945286.0,80908220.0,4481551320.88,4527825720.9,209582601.4,151112095.66,854678906.0600001,1271968665.67,417289759.61,44792608.81,3050.0,3604.08,1278.87,631.81,3605.7,3854.93,156.25,0.0,,,,,Y,,传媒,游戏Ⅱ,游戏Ⅲ,20.82,20.78,20.79
sz002919,名臣健康,2024-05-06,20.55,20.96,20.52,20.85,20.38,2926223.0,60780387.0,4584904074.6,4632245646.75,209582601.4,151112095.66,854678906.0600001,1271968665.67,417289759.61,44792608.81,2165.21,2388.57,865.82,934.86,2827.59,2214.07,219.43,540.53,,,,,Y,,传媒,游戏Ⅱ,游戏Ⅲ,20.89,20.83,20.7
sz002919,名臣健康,2024-05-07,20.85,21.06,20.69,20.79,20.85,2599649.0,54176581.0,4571710106.04,4618915443.45,209582601.4,151112095.66,854678906.0600001,1271968665.67,417289759.61,44792608.81,2031.17,2332.62,1010.8,651.57,2366.66,2301.55,9.02,131.92,,,,,Y,,传媒,游戏Ⅱ,游戏Ⅲ,20.94,21.01,21.0
sz002919,名臣健康,2024-05-08,20.7,20.78,19.95,20.05,20.79,3616336.0,72956240.0,4408984493.8,4454509602.75,209582601.4,151112095.66,854678906.0600001,1271968665.67,417289759.61,44792608.81,2728.7,2928.24,1661.94,917.51,2832.16,3340.66,72.82,109.2,,,,,Y,,传媒,游戏Ⅱ,游戏Ⅲ,20.41,20.42,20.38
sz002919,名臣健康,2024-05-09,20.02,20.55,20.0,20.34,20.05,2620671.0,53078267.0,4472755341.84,4518938918.7,209582601.4,151112095.66,854678906.0600001,1271968665.67,417289759.61,44792608.81,2148.49,2285.64,1025.49,1140.95,2133.85,1881.23,0.0,0.0,,,,,Y,,传媒,游戏Ⅱ,游戏Ⅲ,20.1,20.07,20.1
sz002919,名臣健康,2024-05-10,20.29,20.53,19.88,19.92,20.34,2907675.0,58158135.0,4380397561.92,4425627495.6,209582601.4,151112095.66,854678906.0600001,1271968665.67,417289759.61,44792608.81,2087.73,2585.77,1299.7,562.01,2229.39,2140.31,199.0,527.72,,,,,Y,,传媒,游戏Ⅱ,游戏Ⅲ,20.32,20.15,20.01
sz002919,名臣健康,2024-05-13,19.94,19.95,19.38,19.63,19.92,2590000.0,50698488.0,4316626713.88,4361198179.65,209582601.4,151112095.66,854678906.0600001,1271968665.67,417289759.61,44792608.81,1448.42,2102.66,1156.58,669.54,2078.96,1712.66,385.89,584.99,,,,,Y,,传媒,游戏Ⅱ,游戏Ⅲ,19.58,19.51,19.7
sz002919,名臣健康,2024-05-14,19.99,20.36,19.78,20.09,19.63,3135800.0,62887689.0,4417780472.84,4463396404.95,209582601.4,151112095.66,854678906.0600001,1271968665.67,417289759.61,44792608.81,2794.16,2453.5,894.25,1365.05,2600.36,2321.29,0.0,148.93,,,,,Y,,传媒,游戏Ⅱ,游戏Ⅲ,20.0,20.03,19.92
sz002919,名臣健康,2024-05-15,20.1,20.44,19.9,19.91,20.09,2046765.0,41208177.0,4378198567.16,4423405795.05,209582601.4,151112095.66,854678906.0600001,1271968665.67,417289759.61,44792608.81,1813.21,1687.09,459.62,558.59,1847.99,1770.3,0.0,104.83,,,,,Y,,传媒,游戏Ⅱ,游戏Ⅲ,20.32,20.16,20.36
sz002919,名臣健康,2024-05-16,19.89,20.09,19.72,19.78,19.91,2036400.0,40512780.0,4349611635.28,4394523687.9,209582601.4,151112095.66,854678906.0600001,1271968665.67,417289759.61,44792608.81,1727.27,1649.85,364.59,562.23,1959.42,1839.19,0.0,0.0,,,,,Y,,传媒,游戏Ⅱ,游戏Ⅲ,19.85,19.84,19.9
sz002919,名臣健康,2024-05-17,19.88,19.88,19.27,19.49,19.78,3048200.0,59430929.0,4285840787.24,4330094371.95,209582601.4,151112095.66,854678906.0600001,1271968665.67,417289759.61,44792608.81,2384.72,2285.57,789.86,934.94,2768.52,2567.51,0.0,155.07,,,,,Y,,传媒,游戏Ⅱ,游戏Ⅲ,19.56,19.73,19.8
sz002919,名臣健康,2024-05-20,19.43,19.48,19.05,19.09,19.49,3631466.0,69738955.0,4197880996.84,4241226349.95,209582601.4,151112095.66,854678906.0600001,1271968665.67,417289759.61,44792608.81,2723.9,1893.7,1062.52,1354.9,3187.48,2793.13,0.0,932.16,,,,,Y,,传媒,游戏Ⅱ,游戏Ⅲ,19.34,19.2,19.4
sz002919,名臣健康,2024-05-21,19.1,19.42,18.6,18.6,19.09,4446658.0,84002516.0,4090130253.6,4132363023.0,209582601.4,151112095.66,854678906.0600001,1271968665.67,417289759.61,44792608.81,3469.52,2840.67,1119.96,1328.08,3710.73,4051.09,100.04,180.42,,,,,Y,,传媒,游戏Ⅱ,游戏Ⅲ,19.18,19.27,19.14
sz002919,名臣健康,2024-05-22,18.7,18.7,17.49,18.16,18.6,8097209.0,145684272.0,3993374484.16,4034608198.8,209582601.4,151112095.66,854678906.0600001,1271968665.67,417289759.61,44792608.81,5639.08,5873.9,1875.98,3351.19,7052.13,4851.37,1.25,491.97,,,,,Y,,传媒,游戏Ⅱ,游戏Ⅲ,18.44,18.29,18.23
sz002919,名臣健康,2024-05-23,18.0,18.22,17.76,17.9,18.16,3563092.0,64005810.0,3936200620.4,3976843984.5,209582601.4,151112095.66,854678906.0600001,1271968665.67,417289759.61,44792608.81,2200.5,2352.73,946.22,842.47,3139.4,3205.39,114.47,0.0,,,,,Y,,传媒,游戏Ⅱ,游戏Ⅲ,17.91,17.99,18.07
sz002919,名臣健康,2024-05-24,17.91,17.91,17.43,17.48,17.9,4057837.0,71320225.0,3843842840.48,3883532561.4,209582601.4,151112095.66,854678906.0600001,1271968665.67,417289759.61,44792608.81,2798.88,2828.12,1078.41,1344.02,3254.73,2548.31,0.0,411.57,,,,,Y,,传媒,游戏Ⅱ,游戏Ⅲ,17.77,17.82,17.65
sz002919,名臣健康,2024-05-27,17.67,17.88,17.22,17.81,17.48,3622914.0,63489500.0,3925118757.56,3956848679.55,209582601.4,151112095.66,854678906.0600001,1271968665.67,417289759.61,44792608.81,2657.14,2477.05,573.91,1344.94,2818.02,2526.96,299.88,0.0,,,,,Y,,传媒,游戏Ⅱ,游戏Ⅲ,17.42,17.44,17.52
sz002919,名臣健康,2024-05-28,17.63,17.7,17.26,17.36,17.81,2873700.0,50039236.0,3825943943.36,3856872154.8,209582601.4,151112095.66,854678906.0600001,1271968665.67,417289759.61,44792608.81,1942.61,2154.9,423.22,959.25,2638.1,1769.5,0.0,120.27,,,,,Y,,传媒,游戏Ⅱ,游戏Ⅲ,17.61,17.5,17.53
sz002919,名臣健康,2024-05-29,17.36,17.56,17.27,17.4,17.36,1857100.0,32335887.0,3834759482.4,3865758957.0,209582601.4,151112095.66,854678906.0600001,1271968665.67,417289759.61,44792608.81,1493.7,1251.3,317.44,325.07,1422.45,1657.22,0.0,0.0,,,,,Y,,传媒,游戏Ⅱ,游戏Ⅲ,17.5,17.49,17.43
sz002919,名臣健康,2024-05-30,17.39,17.39,16.99,17.06,17.4,2922062.0,49907956.0,3759827400.56,3790221138.3,209582601.4,151112095.66,854678906.0600001,1271968665.67,417289759.61,44792608.81,2133.5,1761.36,226.12,949.58,2631.17,1973.73,0.0,306.13,,,,,Y,,传媒,游戏Ⅱ,游戏Ⅲ,17.22,17.17,17.24
sz002919,名臣健康,2024-05-31,14.4,14.78,14.09,14.32,14.1,3879594.0,55763597.0,3786038623.04,3816653265.12,209582601.4,151112095.66,854678906.0600001,1271968665.67,417289759.61,44792608.81,2014.61,2390.66,544.69,562.16,2526.71,2623.54,490.34,0.0,,,,,Y,,传媒,游戏Ⅱ,游戏Ⅲ,14.16,14.13,14.24
sz002919,名臣健康,2024-06-03,14.25,14.35,13.81,13.93,14.32,3958687.0,55442250.0,3682927235.96,3712708099.38,209582601.4,151112095.66,854678906.0600001,1271968665.67,417289759.61,44792608.81,2279.12,2225.37,588.93,1249.1,2676.17,1802.0,0.0,267.75,,,,,Y,,传媒,游戏Ⅱ,游戏Ⅲ,14.25,14.16,14.2
sz002919,名臣健康,2024-06-04,13.78,13.87,13.55,13.81,13.93,3520065.0,48166871.0,3651200655.32,3680724971.46,209582601.4,151112095.66,854678906.0600001,1271968665.67,417289759.61,44792608.81,1544.54,2068.95,413.05,952.2,2859.1,1795.54,0.0,0.0,,,,,Y,,传媒,游戏Ⅱ,游戏Ⅲ,13.74,13.56,13.71
sz002919,名臣健康,2024-06-05,13.65,13.74,13.2,13.21,13.81,4724242.0,63520620.0,3492567752.12,3520809331.86,209582601.4,151112095.66,854678906.0600001,1271968665.67,417289759.61,44792608.81,2308.05,2342.43,933.68,1198.28,2812.48,1950.35,297.85,861.0,,,,,Y,,传媒,游戏Ⅱ,游戏Ⅲ,13.65,13.65,13.71
sz002919,名臣健康,2024-06-06,13.37,13.38,12.42,12.49,13.21,6210583.0,79180173.0,3302208268.28,3328910564.34,209582601.4,151112095.66,854678906.0600001,1271968665.67,417289759.61,44792608.81,2408.63,3250.38,600.42,1590.67,4794.1,2791.97,114.87,285.0,,,,,Y,,传媒,游戏Ⅱ,游戏Ⅲ,13.28,13.14,13.13
sz002919,名臣健康,2024-06-07,12.74,12.93,12.44,12.78,12.49,4330448.0,55026252.0,3378880838.1600003,3406203123.48,209582601.4,151112095.66,854678906.0600001,1271968665.67,417289759.61,44792608.81,1726.28,1719.36,349.71,880.25,3426.63,2903.02,0.0,0.0,,,,,Y,,传媒,游戏Ⅱ,游戏Ⅲ,12.8,12.9,12.82
sz002919,名臣健康,2024-06-11,12.67,13.35,12.5,13.3,12.78,5164917.0,67407957.0,3516362687.6,3544796677.8,209582601.4,151112095.66,854678906.0600001,1271968665.67,417289759.61,44792608.81,2561.85,2496.9,1194.24,548.5,2984.7,3687.12,0.0,8.27,,,,,Y,,传媒,游戏Ⅱ,游戏Ⅲ,12.57,12.67,12.66
sz002919,名臣健康,2024-06-12,13.3,13.7,13.18,13.66,13.3,5124120.0,69412164.0,3611542429.52,3640746061.56,209582601.4,151112095.66,854678906.0600001,1271968665.67,417289759.61,44792608.81,2670.34,2139.68,1059.84,1139.6,3211.04,3661.93,0.0,0.0,,,,,Y,,传媒,游戏Ⅱ,游戏Ⅲ,13.59,13.46,13.43
sz002919,名臣健康,2024-06-13,13.6,13.93,13.1,13.19,13.66,9298130.0,126239403.0,3487279988.68,3515478810.54,209582601.4,151112095.66,854678906.0600001,1271968665.67,417289759.61,44792608.81,3596.55,3564.43,3100.31,2329.2,4787.83,3312.78,1139.25,3417.52,,,,,Y,,传媒,游戏Ⅱ,游戏Ⅲ,13.73,13.8,13.83
sz002919,名臣健康,2024-06-14,13.2,13.28,12.5,12.6,13.19,9504385.0,121799700.0,3331290967.2,3358228431.6,209582601.4,151112095.66,854678906.0600001,1271968665.67,417289759.61,44792608.81,3875.74,4496.97,1961.76,2660.57,5957.04,3436.9,385.43,1585.54,,,,,Y,,传媒,游戏Ⅱ,游戏Ⅲ,13.24,13.02,13.15
sz002919,名臣健康,2024-06-17,12.54,12.75,12.38,12.62,12.6,6883368.0,86492412.0,3336578730.64,3363558952.92,209582601.4,151112095.66,854678906.0600001,1271968665.67,417289759.61,44792608.81,2142.9,2557.6,1415.73,1070.25,4726.69,3574.49,363.93,1446.91,,,,,Y,,传媒,游戏Ⅱ,游戏Ⅲ,12.48,12.61,12.53
sz002919,名臣健康,2024-06-18,12.62,12.85,12.34,12.46,12.62,5247797.0,65920856.0,3294276623.12,3320914782.36,209582601.4,151112095.66,854678906.0600001,1271968665.67,417289759.61,44792608.81,2461.78,2086.85,629.06,1125.24,3501.25,3229.56,0.0,150.44,,,,,Y,,传媒,游戏Ⅱ,游戏Ⅲ,12.66,12.77,12.7
sz002919,名臣健康,2024-06-19,12.4,12.54,12.13,12.14,12.46,4811254.0,58895937.0,3209672408.08,3235626441.24,209582601.4,151112095.66,854678906.0600001,1271968665.67,417289759.61,44792608.81,1916.18,2094.56,519.97,1239.84,3453.45,2057.72,0.0,497.48,,,,,Y,,传媒,游戏Ⅱ,游戏Ⅲ,12.46,12.37,12.26
sz002919,名臣健康,2024-06-20,12.13,12.2,11.56,11.63,12.14,7186525.0,84506104.0,3074834440.36,3099698147.5800004,209582601.4,151112095.66,854678906.0600001,1271968665.67,417289759.61,44792608.81,2480.26,3298.95,1013.96,1907.2,4280.11,2634.84,676.28,609.62,,,,,Y,,传媒,游戏Ⅱ,游戏Ⅲ,12.12,12.0,11.89
sz002919,名臣健康,2024-06-21,11.51,11.73,11.41,11.62,11.63,4360396.0,50572999.0,3072190558.64,3097032886.92,209582601.4,151112095.66,854678906.0600001,1271968665.67,417289759.61,44792608.81,1426.3,1547.77,226.37,609.15,3284.28,2900.37,120.35,0.0,,,,,Y,,传媒,游戏Ⅱ,游戏Ⅲ,11.45,11.57,11.63
sz002919,名臣健康,2024-06-24,11.5,11.52,11.06,11.14,11.62,5245212.0,58913039.0,2945284236.08,2969100375.24,209582601.4,151112095.66,854678906.0600001,1271968665.67,417289759.61,44792608.81,2085.54,1917.68,325.43,893.93,3480.33,2884.44,0.0,195.25,,,,,Y,,传媒,游戏Ⅱ,游戏Ⅲ,11.4,11.39,11.27
sz002919,名臣健康,2024-06-25,11.09,11.28,10.92,11.06,11.14,5299310.0,58811473.0,2924133182.32,2947778289.96,209582601.4,151112095.66,854678906.0600001,1271968665.67,417289759.61,44792608.81,1917.45,1567.78,743.65,680.48,3220.05,3087.05,0.0,545.83,,,,,Y,,传媒,游戏Ⅱ,游戏Ⅲ,11.21,11.1,11.19
sz002919,名臣健康,2024-06-26,11.03,11.78,11.0,11.75,11.06,8178024.0,93763641.0,3106561021.0,3131681275.4999995,209582601.4,151112095.66,854678906.0600001,1271968665.67,417289759.61,44792608.81,3033.25,2780.05,1134.96,1511.53,5007.32,4833.33,200.83,251.45,,,,,Y,,传媒,游戏Ⅱ,游戏Ⅲ,11.14,11.23,11.33
sz002919,名臣健康,2024-06-27,11.71,11.95,11.47,11.53,11.75,7101300.0,82843823.0,3048395623.16,3073045540.98,209582601.4,151112095.66,854678906.0600001,1271968665.67,417289759.61,44792608.81,2870.74,2704.81,1213.21,918.64,4200.43,4660.92,0.0,0.0,,,,,Y,,传媒,游戏Ⅱ,游戏Ⅲ,11.82,11.91,11.79
sz002919,名臣健康,2024-06-28,11.53,12.25,11.45,11.61,11.53,8035569.0,94877184.0,3069546676.92,3094367626.26,209582601.4,151112095.66,854678906.0600001,1271968665.67,417289759.61,44792608.81,2900.79,3104.01,1557.17,1115.67,4304.24,5268.04,725.52,0.0,,,,,Y,,传媒,游戏Ⅱ,游戏Ⅲ,11.7,12.07,11.97
sz002919,名臣健康,2024-07-01,11.59,11.66,11.32,11.64,11.61,4401642.0,50607959.0,3077478322.08,3102363408.24,209582601.4,151112095.66,854678906.0600001,1271968665.67,417289759.61,44792608.81,1654.11,1463.59,452.72,599.04,2787.07,2975.01,166.9,23.16,,,,,Y,,传媒,游戏Ⅱ,游戏Ⅲ,11.59,11.46,11.46
sz002919,名臣健康,2024-07-02,11.65,11.92,11.6,11.72,11.64,4015898.0,47243878.0,3098629375.84,3123685493.52,209582601.4,151112095.66,854678906.0600001,1271968665.67,417289759.61,44792608.81,1533.27,1937.32,492.75,433.89,2698.37,2353.18,0.0,0.0,,,,,Y,,传媒,游戏Ⅱ,游戏Ⅲ,11.71,11.73,11.8
sz002919,名臣健康,2024-07-03,11.65,11.72,11.48,11.54,11.72,3401236.0,39432550.0,3051039504.88,3075710801.64,209582601.4,151112095.66,854678906.0600001,1271968665.67,417289759.61,44792608.81,1105.4,1439.41,327.74,388.92,2510.11,2005.56,0.0,109.36,,,,,Y,,传媒,游戏Ⅱ,游戏Ⅲ,11.65,11.62,11.65
sz002919,名臣健康,2024-07-04,11.55,11.65,11.02,11.03,11.54,3916507.0,43978838.0,2916201537.16,2939782507.98,209582601.4,151112095.66,854678906.0600001,1271968665.67,417289759.61,44792608.81,1356.42,1486.87,283.29,550.6,2758.18,2256.95,0.0,103.46,,,,,Y,,传媒,游戏Ⅱ,游戏Ⅲ,11.49,11.42,11.34
sz002919,名臣健康,2024-07-05,11.05,11.42,10.86,11.36,11.03,4482996.0,50136409.0,3003449633.92,3027736109.76,209582601.4,151112095.66,854678906.0600001,1271968665.67,417289759.61,44792608.81,1812.6,1560.43,194.46,309.44,3006.58,3143.77,0.0,0.0,,,,,Y,,传媒,游戏Ⅱ,游戏Ⅲ,10.91,11.04,11.07
sz002919,名臣健康,2024-07-08,11.3,11.36,10.87,10.95,11.36,3794952.0,41788374.0,2895050483.4,2918460422.7,209582601.4,151112095.66,854678906.0600001,1271968665.67,417289759.61,44792608.81,1281.16,1196.13,457.39,353.37,2440.28,2522.61,0.0,106.72,,,,,Y,,传媒,游戏Ⅱ,游戏Ⅲ,11.2,11.04,11.05
sz002919,名臣健康,2024-07-09,10.89,11.24,10.66,10.97,10.95,4730200.0,51648847.0,2900338246.84,2923790944.02,209582601.4,151112095.66,854678906.0600001,1271968665.67,417289759.61,44792608.81,1760.6,1621.37,795.52,658.58,2608.77,2775.94,0.0,109.0,,,,,Y,,传媒,游戏Ⅱ,游戏Ⅲ,11.11,11.08,11.06
sz002919,名臣健康,2024-07-10,10.84,11.17,10.73,10.82,10.97,3347891.0,36723587.0,2860680021.04,2883812034.12,209582601.4,151112095.66,854678906.0600001,1271968665.67,417289759.61,44792608.81,1000.2,1251.74,613.14,596.15,2059.02,1824.48,0.0,0.0,,,,,Y,,传媒,游戏Ⅱ,游戏Ⅲ,10.75,11.03,11.13
sz002919,名臣健康,2024-07-11,10.96,11.27,10.89,11.26,10.82,4371067.0,48828545.0,2977010816.72,3001083503.16,209582601.4,151112095.66,854678906.0600001,1271968665.67,417289759.61,44792608.81,1908.75,1676.98,520.38,755.15,2453.72,2450.72,0.0,0.0,,,,,Y,,传媒,游戏Ⅱ,游戏Ⅲ,11.06,10.94,10.95
sz002919,名臣健康,2024-07-12,11.28,11.45,11.09,11.14,11.26,4215732.0,47411663.0,2945284236.08,2969100375.24,209582601.4,151112095.66,854678906.0600001,1271968665.67,417289759.61,44792608.81,1716.74,1269.61,667.01,650.79,2244.32,2820.76,113.1,0.0,,,,,Y,,传媒,游戏Ⅱ,游戏Ⅲ,11.28,11.37,11.4
sz002919,名臣健康,2024-07-15,11.16,11.16,10.78,10.84,11.14,2999716.0,32618062.0,2865967784.4800005,2889142555.44,209582601.4,151112095.66,854678906.0600001,1271968665.67,417289759.61,44792608.81,1164.44,1099.37,187.59,369.58,1909.78,1792.86,0.0,0.0,,,,,Y,,传媒,游戏Ⅱ,游戏Ⅲ,11.03,10.89,10.86
sz002919,名臣健康,2024-07-16,10.78,10.92,10.68,10.8,10.84,2416351.0,26050735.0,2855392257.6,2878481512.8,209582601.4,151112095.66,854678906.0600001,1271968665.67,417289759.61,44792608.81,711.42,783.22,293.29,333.88,1600.36,1380.42,0.0,107.54,,,,,Y,,传媒,游戏Ⅱ,游戏Ⅲ,10.78,10.89,10.8
sz002919,名臣健康,2024-07-17,10.85,11.04,10.68,10.74,10.8,3055852.0,33081988.0,2839528967.28,2862489948.84,209582601.4,151112095.66,854678906.0600001,1271968665.67,417289759.61,44792608.81,1084.87,927.84,152.74,212.41,2070.59,1931.97,0.0,235.97,,,,,Y,,传媒,游戏Ⅱ,游戏Ⅲ,10.89,10.89,10.81
sz002919,名臣健康,2024-07-18,10.7,10.79,10.43,10.75,10.74,3381682.0,35855500.0,2842172849.0000005,2865155209.5,209582601.4,151112095.66,854678906.0600001,1271968665.67,417289759.61,44792608.81,957.23,1127.66,361.67,493.21,2266.65,1675.73,0.0,288.96,,,,,Y,,传媒,游戏Ⅱ,游戏Ⅲ,10.51,10.5,10.49
sz002919,名臣健康,2024-07-19,10.69,10.89,10.59,10.85,10.75,3461480.0,37382620.0,2868611666.2,2891807816.1,209582601.4,151112095.66,854678906.0600001,1271968665.67,417289759.61,44792608.81,1212.58,1196.41,627.53,498.93,1898.14,1809.13,0.0,233.8,,,,,Y,,传媒,游戏Ⅱ,游戏Ⅲ,10.77,10.82,10.82
sz002919,名臣健康,2024-07-22,10.85,11.07,10.73,11.0,10.85,2851846.0,31190089.0,2908269892.0,2931786726.0,209582601.4,151112095.66,854678906.0600001,1271968665.67,417289759.61,44792608.81,914.65,1184.94,254.88,293.7,1949.47,1640.37,0.0,0.0,,,,,Y,,传媒,游戏Ⅱ,游戏Ⅲ,10.87,10.74,10.86
sz002919,名臣健康,2024-07-23,11.09,11.09,10.62,10.63,11.0,3274786.0,35458340.0,2810446268.36,2833172081.5800004,209582601.4,151112095.66,854678906.0600001,1271968665.67,417289759.61,44792608.81,1191.53,1252.58,450.83,462.02,1903.48,1831.23,0.0,0.0,,,,,Y,,传媒,游戏Ⅱ,游戏Ⅲ,11.0,11.06,11.0
sz002919,名臣健康,2024-07-24,10.59,10.64,10.32,10.33,10.63,3380328.0,35278202.0,2731129816.76,2753214261.78,209582601.4,151112095.66,854678906.0600001,1271968665.67,417289759.61,44792608.81,1018.94,1282.71,300.86,570.08,2197.02,1675.03,11.01,0.0,,,,,Y,,传媒,游戏Ⅱ,游戏Ⅲ,10.62,10.45,10.43
sz002919,名臣健康,2024-07-25,10.29,10.73,10.17,10.56,10.33,3653040.0,38414601.0,2791939096.32,2814515256.96,209582601.4,151112095.66,854678906.0600001,1271968665.67,417289759.61,44792608.81,1153.84,1189.36,284.59,727.89,2395.48,1924.21,7.55,0.0,,,,,Y,,传媒,游戏Ⅱ,游戏Ⅲ,10.27,10.39,10.38
sz002919,名臣健康,2024-07-26,10.56,10.8,10.5,10.65,10.56,2600400.0,27693836.0,2815734031.8,2838502602.9,209582601.4,151112095.66,854678906.0600001,1271968665.67,417289759.61,44792608.81,810.42,885.9,269.07,258.47,1686.68,1625.01,3.22,0.0,,,,,Y,,传媒,游戏Ⅱ,游戏Ⅲ,10.55,10.62,10.71
sz002919,名臣健康,2024-07-29,10.65,10.78,10.38,10.7,10.65,3067128.0,32494560.0,2828953440.4,2851828906.2000003,209582601.4,151112095.66,854678906.0600001,1271968665.67,417289759.61,44792608.81,1013.84,805.52,400.06,499.44,1835.56,1944.5,0.0,0.0,,,,,Y,,传媒,游戏Ⅱ,游戏Ⅲ,10.51,10.42,10.46
sz002919,名臣健康,2024-07-30,10.66,10.83,10.59,10.72,10.7,2403824.0,25752101.0,2834241203.84,2857159427.52,209582601.4,151112095.66,854678906.0600001,1271968665.67,417289759.61,44792608.81,656.0,839.2,229.76,137.9,1689.46,1497.69,0.0,100.42,,,,,Y,,传媒,游戏Ⅱ,游戏Ⅲ,10.64,10.65,10.65
sz002919,名臣健康,2024-07-31,10.78,11.23,10.7,11.2,10.72,4417428.0,48866629.0,2961147526.4,2985091939.2,209582601.4,151112095.66,854678906.0600001,1271968665.67,417289759.61,44792608.81,1534.05,1554.2,754.36,818.67,2598.26,2513.79,0.0,0.0,,,,,Y,,传媒,游戏Ⅱ,游戏Ⅲ,10.74,10.89,10.93
sz002919,名臣健康,2024-08-01,11.24,11.38,10.99,11.09,11.2,3913640.0,43652594.0,2932064827.48,2955774071.94,209582601.4,151112095.66,854678906.0600001,1271968665.67,417289759.61,44792608.81,1275.6,1461.66,742.79,771.73,2346.86,2025.23,0.0,106.64,,,,,Y,,传媒,游戏Ⅱ,游戏Ⅲ,11.36,11.3,11.19
sz002919,名臣健康,2024-08-02,10.98,11.35,10.96,11.1,11.09,3818548.0,42654021.0,2934708709.2000003,2958439332.6000004,209582601.4,151112095.66,854678906.0600001,1271968665.67,417289759.61,44792608.81,1317.97,1513.0,909.31,357.52,2038.12,2394.88,0.0,0.0,,,,,Y,,传媒,游戏Ⅱ,游戏Ⅲ,11.1,11.2,11.26
sz002919,名臣健康,2024-08-05,11.26,12.21,11.11,12.21,11.1,6110796.0,72952564.0,3228179580.1200004,3254283265.86,209582601.4,151112095.66,854678906.0600001,1271968665.67,417289759.61,44792608.81,1032.98,2075.14,1035.55,1934.36,975.27,2799.92,4251.45,485.83,,,,,Y,,传媒,游戏Ⅱ,游戏Ⅲ,11.36,12.21,12.21
sz002919,名臣健康,2024-08-06,13.1,13.43,12.57,13.43,12.21,36083426.0,476008358.0,3550733149.96,3579445066.38,209582601.4,151112095.66,854678906.0600001,1271968665.67,417289759.61,44792608.81,13662.9,13242.63,9794.99,9801.15,13400.09,19032.22,10742.85,5524.83,,,,,Y,,传媒,游戏Ⅱ,游戏Ⅲ,13.27,12.88,12.9
sz002919,名臣健康,2024-08-07,12.75,13.1,12.48,12.85,13.43,28360338.0,361614581.0,3397388010.2000003,3424859948.1,209582601.4,151112095.66,854678906.0600001,1271968665.67,417289759.61,44792608.81,13352.87,10778.73,7610.34,6556.85,13978.16,13992.48,1220.09,4833.4,,,,,Y,,传媒,游戏Ⅱ,游戏Ⅲ,12.83,12.81,12.88
sz002919,名臣健康,2024-08-08,12.66,13.9,12.25,13.42,12.85,28861797.0,372268545.0,3548089268.24,3576779805.72,209582601.4,151112095.66,854678906.0600001,1271968665.67,417289759.61,44792608.81,14654.28,14001.69,6836.06,7714.49,15070.68,15051.07,665.83,459.61,,,,,Y,,传媒,游戏Ⅱ,游戏Ⅲ,12.54,12.53,12.39
sz002919,名臣健康,2024-08-09,13.15,13.55,12.57,12.75,13.42,21196419.0,276830646.0,3370949193.0,3398207341.4999995,209582601.4,151112095.66,854678906.0600001,1271968665.67,417289759.61,44792608.81,10525.24,10845.9,4642.33,4327.0,11997.74,11392.72,517.75,1117.45,,,,,Y,,传媒,游戏Ⅱ,游戏Ⅲ,13.36,13.24,13.16
sz002919,名臣健康,2024-08-12,12.75,12.88,12.03,12.26,12.75,13337853.0,165902042.0,3241398988.72,3267609569.16,209582601.4,151112095.66,854678906.0600001,1271968665.67,417289759.61,44792608.81,6258.33,6706.35,2512.5,3656.54,7814.37,5815.01,5.01,412.31,,,,,Y,,传媒,游戏Ⅱ,游戏Ⅲ,12.5,12.8,12.6
sz002919,名臣健康,2024-08-13,12.22,12.25,11.82,12.01,12.26,10853380.0,129790094.0,3175301945.7200003,3200978052.66,209582601.4,151112095.66,854678906.0600001,1271968665.67,417289759.61,44792608.81,4341.91,4826.36,1404.61,1956.75,6601.18,4614.41,631.31,1581.49,,,,,Y,,传媒,游戏Ⅱ,游戏Ⅲ,12.0,12.05,12.11
sz002919,名臣健康,2024-08-14,11.91,13.21,11.86,13.21,12.01,35190256.0,454798919.0,3492567752.12,3520809331.86,209582601.4,151112095.66,854678906.0600001,1271968665.67,417289759.61,44792608.81,12882.07,15365.66,9789.5,8773.05,12203.0,15269.46,10605.33,6071.73,,,,,Y,,传媒,游戏Ⅱ,游戏Ⅲ,12.04,11.93,12.02
sz002919,名臣健康,2024-08-15,13.4,14.53,13.4,14.53,13.21,44642698.0,630237437.0,3841560139.16,3872623738.98,209582601.4,151112095.66,854678906.0600001,1271968665.67,417289759.61,44792608.81,17171.5,20917.05,14830.56,15349.96,16011.35,16024.44,15010.33,10732.3,,,,,Y,,传媒,游戏Ⅱ,游戏Ⅲ,14.04,13.76,13.73
sz002919,名臣健康,2024-08-16,14.7,14.7,13.5,13.6,14.53,44184340.0,616946691.0,3595679139.2000003,3624754497.6,209582601.4,151112095.66,854678906.0600001,1271968665.67,417289759.61,44792608.81,21098.83,21250.61,9054.62,15329.73,26670.7,17418.81,4870.52,7695.52,,,,,Y,,传媒,游戏Ⅱ,游戏Ⅲ,13.94,14.01,14.03
sz002919,名臣健康,2024-08-19,13.42,13.86,13.0,13.2,13.6,24979398.0,333481114.0,3489923870.4,3518144071.2,209582601.4,151112095.66,854678906.0600001,1271968665.67,417289759.61,44792608.81,11885.77,12145.28,5678.32,5910.09,14198.72,12871.9,1585.29,2420.84,,,,,Y,,传媒,游戏Ⅱ,游戏Ⅲ,13.77,13.48,13.32
sz002919,名臣健康,2024-08-20,13.01,13.45,12.74,13.05,13.2,25645478.0,335756984.0,3450265644.6000004,3478165161.3,209582601.4,151112095.66,854678906.0600001,1271968665.67,417289759.61,44792608.81,12260.81,12933.24,5110.25,4783.66,14871.71,15710.32,1332.93,148.48,,,,,Y,,传媒,游戏Ⅱ,游戏Ⅲ,13.21,13.34,13.07
sz002919,名臣健康,2024-08-21,13.19,13.82,12.88,13.61,13.05,28067176.0,375950066.0,3598323020.92,3627419758.26,209582601.4,151112095.66,854678906.0600001,1271968665.67,417289759.61,44792608.81,13769.12,13537.68,6514.58,6750.66,15509.81,16712.68,1801.5,593.99,,,,,Y,,传媒,游戏Ⅱ,游戏Ⅲ,13.06,13.55,13.46
sz002919,名臣健康,2024-08-22,13.09,13.16,12.4,12.43,13.61,19840200.0,253818539.0,3286344977.96,3312919000.38,209582601.4,151112095.66,854678906.0600001,1271968665.67,417289759.61,44792608.81,9183.59,9142.82,3621.37,4412.1,11643.76,10708.05,933.13,1118.89,,,,,Y,,传媒,游戏Ⅱ,游戏Ⅲ,13.12,12.92,12.77
sz002919,名臣健康,2024-08-23,12.53,12.72,11.65,11.98,12.43,18487060.0,222573434.0,3167370300.56,3192982270.6800003,209582601.4,151112095.66,854678906.0600001,1271968665.67,417289759.61,44792608.81,6915.35,8006.55,3509.87,3894.57,11319.79,8107.52,512.34,2248.71,,,,,Y,,传媒,游戏Ⅱ,游戏Ⅲ,12.45,12.17,11.89
sz002919,名臣健康,2024-08-26,11.92,11.99,11.51,11.7,11.98,13384237.0,155973271.0,3093341612.4,3118354972.2000003,209582601.4,151112095.66,854678906.0600001,1271968665.67,417289759.61,44792608.81,5697.56,5548.44,1207.16,2552.75,8482.61,6515.47,210.0,980.67,,,,,Y,,传媒,游戏Ⅱ,游戏Ⅲ,11.61,11.74,11.8
sz002919,名臣健康,2024-08-27,11.58,12.19,11.42,11.5,11.7,11944473.0,140494656.0,3040463978.0,3065049759.0,209582601.4,151112095.66,854678906.0600001,1271968665.67,417289759.61,44792608.81,5473.65,5020.94,2028.02,1410.07,6437.19,7618.45,110.6,0.0,,,,,Y,,传媒,游戏Ⅱ,游戏Ⅲ,11.8,11.93,11.9
sz002919,名臣健康,2024-08-28,11.4,11.64,11.19,11.63,11.5,9208124.0,105464437.0,3074834440.36,3099698147.5800004,209582601.4,151112095.66,854678906.0600001,1271968665.67,417289759.61,44792608.81,3715.18,4408.76,1066.48,1314.39,5764.78,4601.46,0.0,221.83,,,,,Y,,传媒,游戏Ⅱ,游戏Ⅲ,11.3,11.35,11.39
sz002919,名臣健康,2024-08-29,11.45,11.84,11.21,11.71,11.63,9069580.0,105362661.0,3095985494.12,3121020232.86,209582601.4,151112095.66,854678906.0600001,1271968665.67,417289759.61,44792608.81,3570.64,3693.88,1692.45,1581.31,5261.16,5261.08,12.02,0.0,,,,,Y,,传媒,游戏Ⅱ,游戏Ⅲ,11.41,11.48,11.49
sz002919,名臣健康,2024-08-30,11.36,12.25,11.36,12.0,11.71,15997089.0,191591858.0,3172658064.0,3198312792.0,209582601.4,151112095.66,836983931.84,1212666800.48,375682868.64,15570315.43,6495.68,6632.32,3382.62,3450.46,8621.19,9036.96,659.69,39.45,,,,,Y,,传媒,游戏Ⅱ,游戏Ⅲ,11.53,11.68,11.8
sz002919,名臣健康,2024-09-02,11.93,12.09,11.4,11.42,12.0,11344141.0,132366086.0,3019312924.24,3043727673.72,209582601.4,151112095.66,836983931.84,1212666800.48,375682868.64,15570315.43,4646.14,4751.46,2539.7,1952.24,5881.5,5646.55,169.27,886.35,,,,,Y,,传媒,游戏Ⅱ,游戏Ⅲ,12.01,11.94,11.89
sz002919,名臣健康,2024-09-03,11.45,11.65,11.32,11.54,11.42,7674936.0,88073784.0,3051039504.88,3075710801.64,209582601.4,151112095.66,836983931.84,1212666800.48,375682868.64,15570315.43,2922.52,3271.23,1318.55,1348.62,4302.21,4059.76,264.1,127.77,,,,,Y,,传媒,游戏Ⅱ,游戏Ⅲ,11.43,11.52,11.5
sz002919,名臣健康,2024-09-04,11.37,11.52,11.24,11.32,11.54,6250396.0,71027128.0,2992874107.04,3017075067.12,209582601.4,151112095.66,836983931.84,1212666800.48,375682868.64,15570315.43,2433.83,2402.87,963.86,1518.81,3705.02,2776.63,0.0,404.4,,,,,Y,,传媒,游戏Ⅱ,游戏Ⅲ,11.47,11.48,11.47
sz002919,名臣健康,2024-09-05,11.28,12.45,11.28,12.45,11.32,24148525.0,293799951.0,3291632741.4,3318249521.7,209582601.4,151112095.66,836983931.84,1212666800.48,375682868.64,15570315.43,7258.34,10466.84,5642.85,6013.16,7268.82,10604.35,9209.99,2295.64,,,,,Y,,传媒,游戏Ⅱ,游戏Ⅲ,11.42,11.4,11.33
sz002919,名臣健康,2024-09-06,12.48,12.73,12.18,12.25,12.45,21864481.0,270792422.0,3238755107.0,3264944308.5,209582601.4,151112095.66,836983931.84,1212666800.48,375682868.64,15570315.43,9053.49,8460.1,4031.43,4571.62,12869.6,10945.42,1124.72,3102.1,,,,,Y,,传媒,游戏Ⅱ,游戏Ⅲ,12.49,12.44,12.43
sz002919,名臣健康,2024-09-09,12.32,12.64,12.01,12.31,12.25,13688719.0,169014392.0,3254618397.32,3280935872.46,209582601.4,151112095.66,836983931.84,1212666800.48,375682868.64,15570315.43,6643.04,6580.48,2332.19,2257.11,7645.9,8063.85,280.31,0.0,,,,,Y,,传媒,游戏Ⅱ,游戏Ⅲ,12.15,12.38,12.3
sz002919,名臣健康,2024-09-10,12.3,12.58,12.03,12.52,12.31,12615482.0,155679099.0,3310139913.44,3336906346.32,209582601.4,151112095.66,836983931.84,1212666800.48,375682868.64,15570315.43,5816.07,5760.43,2376.79,1652.67,7224.28,7609.74,150.77,545.06,,,,,Y,,传媒,游戏Ⅱ,游戏Ⅲ,12.25,12.18,12.07
sz002919,名臣健康,2024-09-11,12.4,12.7,12.32,12.68,12.52,15506740.0,194973391.0,3352442020.96,3379550516.88,209582601.4,151112095.66,836983931.84,1212666800.48,375682868.64,15570315.43,7279.01,6710.25,2991.79,2944.75,8852.58,9842.34,373.96,0.0,,,,,Y,,传媒,游戏Ⅱ,游戏Ⅲ,12.4,12.68,12.58
sz002919,名臣健康,2024-09-12,12.55,12.75,12.26,12.3,12.68,11817838.0,147022350.0,3251974515.6000004,3278270611.8,209582601.4,151112095.66,836983931.84,1212666800.48,375682868.64,15570315.43,5212.52,5445.15,2532.39,2877.18,6843.46,5737.78,113.87,642.12,,,,,Y,,传媒,游戏Ⅱ,游戏Ⅲ,12.62,12.63,12.55
sz002919,名臣健康,2024-09-13,12.41,12.45,12.08,12.12,12.3,6418929.0,78164301.0,3204384644.6400003,3230295919.92,209582601.4,151112095.66,836983931.84,1212666800.48,375682868.64,15570315.43,2777.12,3228.42,1048.31,1290.04,3991.0,3297.97,0.0,0.0,,,,,Y,,传媒,游戏Ⅱ,游戏Ⅲ,12.25,12.25,12.23
sz002919,名臣健康,2024-09-18,12.08,12.47,11.62,12.38,12.12,10025218.0,121456978.0,3273125569.36,3299592697.08,209582601.4,151112095.66,836983931.84,1212666800.48,375682868.64,15570315.43,4604.78,4522.15,1888.16,1913.45,5551.76,5473.15,101.0,236.96,,,,,Y,,传媒,游戏Ⅱ,游戏Ⅲ,12.12,12.02,11.93
sz002919,名臣健康,2024-09-19,12.41,12.64,12.1,12.57,12.38,12024690.0,149549828.0,3323359322.04,3350232649.6200004,209582601.4,151112095.66,836983931.84,1212666800.48,375682868.64,15570315.43,6393.09,6405.6,2110.34,1806.85,6109.77,6551.4,341.79,191.14,,,,,Y,,传媒,游戏Ⅱ,游戏Ⅲ,12.26,12.18,12.18
sz002919,名臣健康,2024-09-20,12.42,12.55,12.28,12.29,12.57,7260234.0,89794380.0,3249330633.88,3275605351.1400003,209582601.4,151112095.66,836983931.84,1212666800.48,375682868.64,15570315.43,3318.33,3329.45,735.45,2215.82,4831.35,3387.62,94.31,46.54,,,,,Y,,传媒,游戏Ⅱ,游戏Ⅲ,12.4,12.51,12.39
sz002919,名臣健康,2024-09-23,12.25,12.34,12.05,12.06,12.29,6010038.0,72962421.0,3188521354.32,3214304355.96,209582601.4,151112095.66,836983931.84,1212666800.48,375682868.64,15570315.43,2497.39,3065.15,696.83,1436.01,4102.02,2778.85,0.0,16.23,,,,,Y,,传媒,游戏Ⅱ,游戏Ⅲ,12.22,12.32,12.2
sz002919,名臣健康,2024-09-24,12.14,12.8,11.89,12.6,12.06,13235518.0,163636154.0,3331290967.2,3358228431.6,209582601.4,151112095.66,836983931.84,1212666800.48,375682868.64,15570315.43,5741.45,6331.07,2134.71,2944.76,7529.07,7087.79,958.38,0.0,,,,,Y,,传媒,游戏Ⅱ,游戏Ⅲ,12.22,12.14,12.09
sz002919,名臣健康,2024-09-25,12.81,13.2,12.59,12.88,12.6,18570528.0,239222542.0,3405319655.36,3432855730.08,209582601.4,151112095.66,836983931.84,1212666800.48,375682868.64,15570315.43,9116.78,8923.38,3964.94,4196.38,9967.78,9532.33,872.76,1270.16,,,,,Y,,传媒,游戏Ⅱ,游戏Ⅲ,12.63,12.81,12.82
sz002919,名臣健康,2024-09-26,12.85,13.14,12.68,13.13,12.88,14380620.0,186073841.0,3471416698.36,3499487246.58,209582601.4,151112095.66,836983931.84,1212666800.48,375682868.64,15570315.43,7478.11,7007.72,3640.39,4301.28,7417.06,6561.79,71.82,736.59,,,,,Y,,传媒,游戏Ⅱ,游戏Ⅲ,12.88,12.72,12.84
sz002919,名臣健康,2024-09-27,13.25,13.96,13.21,13.68,13.13,18694070.0,253207857.0,3616830192.96,3646076582.88,209582601.4,151112095.66,836983931.84,1212666800.48,375682868.64,15570315.43,9009.59,10059.96,5759.97,6026.4,9352.36,7820.2,1198.87,1414.23,,,,,Y,,传媒,游戏Ⅱ,游戏Ⅲ,13.29,13.3,13.38
sz002919,名臣健康,2024-09-30,14.28,15.03,13.71,14.96,13.68,24292910.0,351284048.0,3955247053.12,3987229947.36,209582601.4,151112095.66,836983931.84,1212666800.48,375682868.64,15570315.43,13183.87,13555.7,8552.64,10554.62,11869.04,9522.43,1518.88,1491.67,,,,,Y,,传媒,游戏Ⅱ,游戏Ⅲ,14.43,14.16,13.96
sz002919,名臣健康,2024-10-08,16.43,16.45,14.7,15.67,14.96,28708614.0,446081887.0,4142962655.24,4176463454.22,209582601.4,151112095.66,836983931.84,1212666800.48,375682868.64,15570315.43,17484.34,16531.0,12314.58,11364.45,12116.55,13074.35,2692.71,3638.38,,,,,Y,,传媒,游戏Ⅱ,游戏Ⅲ,16.05,15.45,15.9
sz002919,名臣健康,2024-10-09,15.4,15.45,14.1,14.1,15.67,17317828.0,252026411.0,3727873225.2,3758017530.6,209582601.4,151112095.66,836983931.84,1212666800.48,375682868.64,15570315.43,9936.35,9743.49,5751.0,7310.24,8344.12,6928.59,1171.18,1220.32,,,,,Y,,传媒,游戏Ⅱ,游戏Ⅲ,14.87,14.82,14.92
sz002919,名臣健康,2024-10-10,13.82,14.34,13.33,13.81,14.1,11763411.0,162005054.0,3651200655.32,3680724971.46,209582601.4,151112095.66,836983931.84,1212666800.48,375682868.64,15570315.43,6832.87,6046.31,3614.77,3798.05,5466.28,5287.26,286.59,1068.89,,,,,Y,,传媒,游戏Ⅱ,游戏Ⅲ,13.61,14.0,13.69
sz002919,名臣健康,2024-10-11,13.66,13.76,13.13,13.27,13.81,8135212.0,108784616.0,3508431042.44,3536800895.82,209582601.4,151112095.66,836983931.84,1212666800.48,375682868.64,15570315.43,4735.37,4394.27,1905.65,2231.48,4131.4,4127.48,106.04,125.23,,,,,Y,,传媒,游戏Ⅱ,游戏Ⅲ,13.62,13.61,13.54
sz002919,名臣健康,2024-10-14,13.25,13.57,12.95,13.47,13.27,9321565.0,124038729.0,3561308676.84,3590106109.02,209582601.4,151112095.66,836983931.84,1212666800.48,375682868.64,15570315.43,4662.6,4803.16,2307.99,2841.93,4830.42,3693.05,602.87,1065.73,,,,,Y,,传媒,游戏Ⅱ,游戏Ⅲ,13.29,13.26,13.22
sz002919,名臣健康,2024-10-15,13.36,13.78,13.13,13.16,13.47,11124581.0,149983917.0,3479348343.52,3507483028.5600004,209582601.4,151112095.66,836983931.84,1212666800.48,375682868.64,15570315.43,6134.38,5224.98,2648.48,3922.95,5394.71,4944.96,820.82,905.5,,,,,Y,,传媒,游戏Ⅱ,游戏Ⅲ,13.23,13.47,13.4
sz002919,名臣健康,2024-10-16,12.86,13.4,12.86,13.18,13.16,8529818.0,112448781.0,3484636106.96,3512813549.88,209582601.4,151112095.66,836983931.84,1212666800.48,375682868.64,15570315.43,4586.21,4210.27,1639.9,3196.07,4995.5,3838.54,23.27,0.0,,,,,Y,,传媒,游戏Ⅱ,游戏Ⅲ,13.2,13.27,13.25
sz002919,名臣健康,2024-10-17,13.21,13.8,13.2,13.51,13.18,13586000.0,184365301.0,3571884203.7200003,3600767151.6600003,209582601.4,151112095.66,836983931.84,1212666800.48,375682868.64,15570315.43,8163.01,8235.64,3002.49,3504.1,6621.27,6348.33,649.75,348.46,,,,,Y,,传媒,游戏Ⅱ,游戏Ⅲ,13.38,13.65,13.53
sz002919,名臣健康,2024-10-18,13.41,13.96,13.23,13.7,13.51,13157196.0,179074597.0,3622117956.4,3651407104.2,209582601.4,151112095.66,836983931.84,1212666800.48,375682868.64,15570315.43,7700.16,7049.81,4089.07,4026.28,5850.63,6492.04,267.59,339.32,,,,,Y,,传媒,游戏Ⅱ,游戏Ⅲ,13.39,13.4,13.36
sz002919,名臣健康,2024-10-21,13.81,14.17,13.6,13.96,13.7,13936982.0,194694295.0,3690858881.12,3720703881.36,209582601.4,151112095.66,836983931.84,1212666800.48,375682868.64,15570315.43,7871.16,8216.45,3816.42,5364.16,6723.49,5435.69,1058.35,453.13,,,,,Y,,传媒,游戏Ⅱ,游戏Ⅲ,13.85,13.97,13.9
sz002919,名臣健康,2024-10-22,13.97,14.42,13.81,14.25,13.96,12885252.0,182452917.0,3767531451.0,3797996440.5,209582601.4,151112095.66,836983931.84,1212666800.48,375682868.64,15570315.43,7263.91,7110.86,4318.93,3892.69,5878.32,6326.04,784.13,915.7,,,,,Y,,传媒,游戏Ⅱ,游戏Ⅲ,13.95,14.1,14.17
sz002919,名臣健康,2024-10-23,14.23,14.23,13.78,13.88,14.25,11339994.0,158955496.0,3669707827.36,3699381796.08,209582601.4,151112095.66,836983931.84,1212666800.48,375682868.64,15570315.43,6800.96,6469.41,3126.35,3707.81,5107.04,5011.87,861.2,706.46,,,,,Y,,传媒,游戏Ⅱ,游戏Ⅲ,14.06,13.99,14.06
sz002919,名臣健康,2024-10-24,13.75,14.05,13.75,13.9,13.88,7233316.0,100454705.0,3674995590.8,3704712317.4,209582601.4,151112095.66,836983931.84,1212666800.48,375682868.64,15570315.43,3359.29,3942.57,2133.71,2045.89,3390.97,2732.49,1161.5,1324.52,,,,,Y,,传媒,游戏Ⅱ,游戏Ⅲ,14.0,13.9,13.84
sz002919,名臣健康,2024-10-25,13.9,14.15,13.82,14.03,13.9,7901352.0,110458091.0,3709366053.16,3739360705.98,209582601.4,151112095.66,836983931.84,1212666800.48,375682868.64,15570315.43,4951.42,5156.67,2011.42,2494.44,4080.44,3205.16,2.54,189.54,,,,,Y,,传媒,游戏Ⅱ,游戏Ⅲ,13.92,13.92,13.88
sz002919,名臣健康,2024-10-28,14.05,14.39,14.03,14.36,14.03,9151209.0,130560387.0,3796614149.92,3827314307.76,209582601.4,151112095.66,836983931.84,1212666800.48,375682868.64,15570315.43,4646.28,5522.91,2820.15,2923.12,5294.05,4556.0,295.56,54.01,,,,,Y,,传媒,游戏Ⅱ,游戏Ⅲ,14.19,14.2,14.16
sz002919,名臣健康,2024-10-29,14.42,14.54,13.53,13.57,14.36,13460520.0,187331481.0,3587747494.04,3616758715.62,209582601.4,151112095.66,836983931.84,1212666800.48,375682868.64,15570315.43,7547.35,6057.27,2983.48,5551.37,7795.94,4949.0,406.38,2175.51,,,,,Y,,传媒,游戏Ⅱ,游戏Ⅲ,14.39,14.15,14.08
sz002919,名臣健康,2024-10-30,13.39,13.66,13.28,13.53,13.57,8323075.0,112099184.0,3577171967.16,3606097672.98,1270368.1599999964,140016404.54999998,873409605.11,1202796623.22,329387018.11,36415158.13999999,4210.66,4432.3,1720.06,3354.25,5270.79,3423.37,8.4,0.0,,,,,Y,,传媒,游戏Ⅱ,游戏Ⅲ,13.66,13.56,13.65
sz002919,名臣健康,2024-10-31,13.64,14.88,13.4,14.88,13.53,17153762.0,250528749.0,3934095999.36,3965907862.08,1270368.1599999964,140016404.54999998,873409605.11,1202796623.22,329387018.11,36415158.13999999,4992.63,10321.0,6567.68,5833.95,3417.63,7139.07,10074.93,1758.85,,,,,Y,,传媒,游戏Ⅱ,游戏Ⅲ,13.49,13.49,14.88
sz002919,名臣健康,2024-11-01,15.2,15.93,14.82,14.99,14.88,34578365.0,527497465.0,3963178698.28,3995225729.34,1270368.1599999964,140016404.54999998,873409605.11,1202796623.22,329387018.11,36415158.13999999,22015.64,20736.91,12831.96,12812.45,15489.56,16161.21,2412.59,3039.19,,,,,Y,,传媒,游戏Ⅱ,游戏Ⅲ,15.33,15.05,15.32
sz002919,名臣健康,2024-11-04,15.06,15.54,15.0,15.38,14.99,19704388.0,300395138.0,4066290085.36,4099170895.08,1270368.1599999964,140016404.54999998,873409605.11,1202796623.22,329387018.11,36415158.13999999,11523.0,11136.84,8030.66,8225.88,9605.35,8442.64,880.51,2234.16,,,,,Y,,传媒,游戏Ⅱ,游戏Ⅲ,15.4,15.15,15.15
sz002919,名臣健康,2024-11-05,15.3,15.5,15.07,15.45,15.38,18069422.0,277438532.0,4084797257.4,4117827719.7,1270368.1599999964,140016404.54999998,873409605.11,1202796623.22,329387018.11,36415158.13999999,11205.38,10978.63,6599.4,7307.33,8131.06,7963.75,1808.01,1494.14,,,,,Y,,传媒,游戏Ⅱ,游戏Ⅲ,15.29,15.35,15.26
sz002919,名臣健康,2024-11-06,15.45,16.35,15.34,15.8,15.45,20753451.0,329165051.0,4177333117.6,4211111842.8,1270368.1599999964,140016404.54999998,873409605.11,1202796623.22,329387018.11,36415158.13999999,12924.0,12788.09,8937.08,8799.98,9751.61,10302.09,1303.81,1026.35,,,,,Y,,传媒,游戏Ⅱ,游戏Ⅲ,15.51,15.73,15.78
sz002919,名臣健康,2024-11-07,15.81,16.63,15.5,16.41,15.8,16854021.0,273052454.0,4338609902.52,4373692743.059999,1270368.1599999964,140016404.54999998,873409605.11,1202796623.22,329387018.11,36415158.13999999,10853.01,11723.87,6686.43,6614.65,8265.1,8432.02,1500.71,534.71,,,,,Y,,传媒,游戏Ⅱ,游戏Ⅲ,15.58,16.1,15.93
sz002919,名臣健康,2024-11-08,16.38,16.7,15.7,15.72,16.41,18631681.0,299425141.0,4156182063.84,4189789757.52,1270368.1599999964,140016404.54999998,873409605.11,1202796623.22,329387018.11,36415158.13999999,11684.7,10878.98,6811.04,9148.93,10260.24,6383.32,1186.53,3531.27,,,,,Y,,传媒,游戏Ⅱ,游戏Ⅲ,16.61,16.29,16.11
sz002919,名臣健康,2024-11-11,15.58,15.98,15.38,15.92,15.72,12811355.0,201339634.0,4209059698.24,4243094970.72,1270368.1599999964,140016404.54999998,873409605.11,1202796623.22,329387018.11,36415158.13999999,7181.98,8452.81,4205.13,4597.22,8333.79,5510.84,413.07,1573.09,,,,,Y,,传媒,游戏Ⅱ,游戏Ⅲ,15.74,15.81,15.68
sz002919,名臣健康,2024-11-12,15.84,16.45,15.7,15.88,15.92,12476746.0,198426751.0,4198484171.36,4232433928.08,1270368.1599999964,140016404.54999998,873409605.11,1202796623.22,329387018.11,36415158.13999999,7910.17,7795.82,4480.63,4503.29,6802.72,6795.94,649.17,747.62,,,,,Y,,传媒,游戏Ⅱ,游戏Ⅲ,15.87,15.89,15.9
sz002919,名臣健康,2024-11-13,15.68,16.42,15.68,16.21,15.88,13644956.0,220001592.0,4285732268.12,4320387529.86,1270368.1599999964,140016404.54999998,873409605.11,1202796623.22,329387018.11,36415158.13999999,9118.6,8588.09,4877.76,4538.55,6554.99,8043.01,1448.81,830.51,,,,,Y,,传媒,游戏Ⅱ,游戏Ⅲ,15.85,15.75,16.1
sz002919,名臣健康,2024-11-14,16.32,16.58,15.38,15.41,16.21,13193970.0,212326510.0,4074221730.52,4107166677.06,1270368.1599999964,140016404.54999998,873409605.11,1202796623.22,329387018.11,36415158.13999999,8715.7,8232.3,4132.47,5858.87,7819.93,6048.28,564.55,1093.2,,,,,Y,,传媒,游戏Ⅱ,游戏Ⅲ,16.34,16.21,16.45
sz002919,名臣健康,2024-11-15,15.36,16.0,15.2,15.26,15.41,10001326.0,156511489.0,4034563504.72,4067187767.16,1270368.1599999964,140016404.54999998,873409605.11,1202796623.22,329387018.11,36415158.13999999,6013.44,6866.54,2603.7,3499.8,6795.92,4877.97,238.08,406.85,,,,,Y,,传媒,游戏Ⅱ,游戏Ⅲ,15.8,15.57,15.59
sz002919,名臣健康,2024-11-18,15.35,15.5,14.21,14.32,15.26,11762860.0,170813882.0,3786038623.04,3816653265.12,1270368.1599999964,140016404.54999998,873409605.11,1202796623.22,329387018.11,36415158.13999999,6460.97,6056.92,2419.61,3949.07,7854.32,6242.2,346.48,833.2,,,,,Y,,传媒,游戏Ⅱ,游戏Ⅲ,14.86,14.27,14.51
sz002919,名臣健康,2024-11-19,14.36,14.74,14.14,14.74,14.32,6788236.0,97706495.0,3897081655.28,3928594212.84,1270368.1599999964,140016404.54999998,873409605.11,1202796623.22,329387018.11,36415158.13999999,3756.11,4191.99,1579.53,1524.08,4435.01,3579.21,0.0,475.37,,,,,Y,,传媒,游戏Ⅱ,游戏Ⅲ,14.32,14.39,14.32
sz002919,名臣健康,2024-11-20,14.64,15.25,14.61,15.08,14.74,7221420.0,108022419.0,3986973633.76,4019213075.28,1270368.1599999964,140016404.54999998,873409605.11,1202796623.22,329387018.11,36415158.13999999,4450.35,4822.3,1179.72,1756.11,4950.66,4116.4,221.5,107.43,,,,,Y,,传媒,游戏Ⅱ,游戏Ⅲ,14.85,14.92,14.82
sz002919,名臣健康,2024-11-21,15.07,15.25,14.82,15.11,15.08,5959814.0,89687051.0,3994905278.92,4027208857.26,1270368.1599999964,140016404.54999998,873409605.11,1202796623.22,329387018.11,36415158.13999999,3237.78,3780.22,1722.3,1281.4,3515.83,3607.27,492.79,299.82,,,,,Y,,传媒,游戏Ⅱ,游戏Ⅲ,14.9,15.06,15.02
sz002919,名臣健康,2024-11-22,15.05,15.81,14.73,14.8,15.11,11744583.0,179858959.0,3912944945.6,3944585776.8,1270368.1599999964,140016404.54999998,873409605.11,1202796623.22,329387018.11,36415158.13999999,7390.01,6660.9,4393.63,3865.08,6117.46,7347.18,84.79,112.74,,,,,Y,,传媒,游戏Ⅱ,游戏Ⅲ,15.15,15.35,15.53
sz002919,名臣健康,2024-11-25,14.89,15.47,14.49,15.29,14.8,9625267.0,144595480.0,4042495149.88,4075183549.14,1270368.1599999964,140016404.54999998,873409605.11,1202796623.22,329387018.11,36415158.13999999,5913.05,5469.94,2691.15,3613.89,5575.63,5375.72,279.71,0.0,,,,,Y,,传媒,游戏Ⅱ,游戏Ⅲ,14.74,14.73,14.9
sz002919,名臣健康,2024-11-26,15.3,15.78,15.12,15.22,15.29,9970933.0,154160472.0,4023987977.84,4056526724.520001,1270368.1599999964,140016404.54999998,873409605.11,1202796623.22,329387018.11,36415158.13999999,5865.37,6378.72,3357.49,2623.72,5486.71,6110.82,706.48,302.78,,,,,Y,,传媒,游戏Ⅱ,游戏Ⅲ,15.34,15.55,15.62
sz002919,名臣健康,2024-11-27,15.26,15.76,14.61,15.76,15.22,11478033.0,173942129.0,4166757590.72,4200450800.16,1270368.1599999964,140016404.54999998,873409605.11,1202796623.22,329387018.11,36415158.13999999,6172.8,6110.09,4241.56,4024.24,6466.18,6039.01,513.68,1220.87,,,,,Y,,传媒,游戏Ⅱ,游戏Ⅲ,14.98,14.81,14.72
sz002919,名臣健康,2024-11-28,15.74,16.04,15.51,15.56,15.76,8918166.0,140289223.0,4113879956.32,4147145586.96,1270368.1599999964,140016404.54999998,873409605.11,1202796623.22,329387018.11,36415158.13999999,5417.73,5773.68,2612.42,3076.75,5574.8,4726.78,423.97,451.71,,,,,Y,,传媒,游戏Ⅱ,游戏Ⅲ,15.9,15.91,15.73
sz002919,名臣健康,2024-11-29,15.55,15.69,15.16,15.43,15.56,8799680.0,135939283.0,4079509493.96,4112497198.38,1270368.1599999964,140016404.54999998,873409605.11,1202796623.22,329387018.11,36415158.13999999,5188.89,4853.44,2576.83,3576.5,5351.15,3657.63,477.06,1506.36,,,,,Y,,传媒,游戏Ⅱ,游戏Ⅲ,15.53,15.59,15.32
sz002919,名臣健康,2024-12-02,15.42,15.55,15.31,15.45,15.43,8022449.0,123818915.0,4084797257.4,4117827719.7,1270368.1599999964,140016404.54999998,873409605.11,1202796623.22,329387018.11,36415158.13999999,5213.72,4874.45,1802.04,3284.42,4923.31,3633.36,442.82,589.67,,,,,Y,,传媒,游戏Ⅱ,游戏Ⅲ,15.49,15.45,15.49
sz002919,名臣健康,2024-12-03,15.45,15.53,15.0,15.19,15.45,6486626.0,99084361.0,4016056332.68,4048530942.54,1270368.1599999964,140016404.54999998,873409605.11,1202796623.22,329387018.11,36415158.13999999,3936.1,3828.41,1550.9,2301.47,4261.03,3451.04,160.41,327.52,,,,,Y,,传媒,游戏Ⅱ,游戏Ⅲ,15.32,15.46,15.35
sz002919,名臣健康,2024-12-04,15.15,15.2,14.69,14.82,15.19,6846818.0,102153486.0,3918232709.04,3949916298.12,1270368.1599999964,140016404.54999998,873409605.11,1202796623.22,329387018.11,36415158.13999999,3917.91,3474.56,1865.77,3069.23,4263.59,3112.19,168.07,559.37,,,,,Y,,传媒,游戏Ⅱ,游戏Ⅲ,15.12,15.06,14.96
sz002919,名臣健康,2024-12-05,14.83,15.41,14.8,15.29,14.82,7900420.0,120164168.0,4042495149.88,4075183549.14,1270368.1599999964,140016404.54999998,873409605.11,1202796623.22,329387018.11,36415158.13999999,4548.57,5336.4,3037.37,1636.66,4430.48,4827.88,0.0,215.48,,,,,Y,,传媒,游戏Ⅱ,游戏Ⅲ,15.04,15.12,15.04
sz002919,名臣健康,2024-12-06,15.3,15.81,15.18,15.66,15.29,11396161.0,177372424.0,4140318773.52,4173798193.56,1270368.1599999964,140016404.54999998,873409605.11,1202796623.22,329387018.11,36415158.13999999,6639.95,7077.41,4614.08,3126.28,5631.56,5821.55,851.66,1712.01,,,,,Y,,传媒,游戏Ⅱ,游戏Ⅲ,15.35,15.53,15.41
sz002919,名臣健康,2024-12-09,15.68,15.9,15.52,15.81,15.66,8087140.0,127267979.0,4179976999.32,4213777103.46,1270368.1599999964,140016404.54999998,873409605.11,1202796623.22,329387018.11,36415158.13999999,4640.73,5589.63,2109.59,2603.05,5867.03,4512.76,109.45,21.36,,,,,Y,,传媒,游戏Ⅱ,游戏Ⅲ,15.7,15.79,15.79
sz002919,名臣健康,2024-12-10,16.26,16.27,15.73,15.74,15.81,9362754.0,149299168.0,4161469827.28,4195120278.84,1270368.1599999964,140016404.54999998,873409605.11,1202796623.22,329387018.11,36415158.13999999,5461.92,6232.24,2650.99,3905.33,6713.9,4632.24,103.1,160.1,,,,,Y,,传媒,游戏Ⅱ,游戏Ⅲ,15.99,15.92,15.87
sz002919,名臣健康,2024-12-11,15.77,16.44,15.77,16.44,15.74,17632030.0,285528792.0,4346541547.68,4381688525.04,1270368.1599999964,140016404.54999998,873409605.11,1202796623.22,329387018.11,36415158.13999999,10819.03,11265.8,6087.62,7134.7,10154.0,9212.48,1492.23,939.9,,,,,Y,,传媒,游戏Ⅱ,游戏Ⅲ,15.9,15.93,15.91
sz002919,名臣健康,2024-12-12,16.66,17.2,16.29,16.85,16.44,22157999.0,371395514.0,4454940698.2,4490964212.1,1270368.1599999964,140016404.54999998,873409605.11,1202796623.22,329387018.11,36415158.13999999,14098.1,12120.59,8091.57,8565.17,12164.58,14742.01,2785.3,1711.78,,,,,Y,,传媒,游戏Ⅱ,游戏Ⅲ,16.62,16.8,17.1
sz002919,名臣健康,2024-12-13,16.76,18.54,16.58,18.54,16.85,26843394.0,485629345.0,4901756708.88,4941393263.639999,1270368.1599999964,140016404.54999998,873409605.11,1202796623.22,329387018.11,36415158.13999999,12171.93,17091.33,15160.07,11642.99,7659.2,11926.57,13571.73,7902.05,,,,,Y,,传媒,游戏Ⅱ,游戏Ⅲ,17.49,18.51,18.54
sz002919,名臣健康,2024-12-16,18.78,20.39,18.0,19.2,18.54,48444145.0,922501307.0,5076252902.4,5117300467.2,1270368.1599999964,140016404.54999998,873409605.11,1202796623.22,329387018.11,36415158.13999999,32833.32,32522.21,23459.22,25796.26,29017.47,24678.73,6940.12,9252.92,,,,,Y,,传媒,游戏Ⅱ,游戏Ⅲ,18.23,18.14,18.95
sz002919,名臣健康,2024-12-17,18.4,18.4,17.28,17.28,19.2,21349924.0,377024768.0,4568627612.16,4605570420.48,1270368.1599999964,140016404.54999998,873409605.11,1202796623.22,329387018.11,36415158.13999999,15370.57,13113.61,8341.21,10043.27,12802.72,10346.05,1187.98,4199.54,,,,,Y,,传媒,游戏Ⅱ,游戏Ⅲ,17.71,17.31,17.72
sz002919,名臣健康,2024-12-18,17.28,17.98,16.87,17.55,17.28,18198967.0,317364385.0,4640012418.6,4677532458.3,1270368.1599999964,140016404.54999998,873409605.11,1202796623.22,329387018.11,36415158.13999999,12813.52,12172.57,8371.06,7426.43,9887.09,11223.26,664.76,914.17,,,,,Y,,传媒,游戏Ⅱ,游戏Ⅲ,16.95,17.03,17.9
sz002919,名臣健康,2024-12-19,16.78,17.24,16.51,17.07,17.55,14247800.0,241621758.0,4513106096.04,4549599946.62,1270368.1599999964,140016404.54999998,873409605.11,1202796623.22,329387018.11,36415158.13999999,8858.16,9182.26,4515.78,6586.38,10127.03,7472.0,661.21,921.53,,,,,Y,,传媒,游戏Ⅱ,游戏Ⅲ,16.99,17.07,16.96
sz002919,名臣健康,2024-12-20,17.0,17.57,16.95,17.3,17.07,14387426.0,249498486.0,4573915375.6,4610900941.8,1270368.1599999964,140016404.54999998,873409605.11,1202796623.22,329387018.11,36415158.13999999,9812.84,8656.56,5588.5,7301.86,9088.88,8146.61,459.63,844.82,,,,,Y,,传媒,游戏Ⅱ,游戏Ⅲ,17.28,17.36,17.42
sz002919,名臣健康,2024-12-23,17.2,17.2,15.75,15.93,17.3,14747056.0,240864320.0,4211703579.96,4245760231.38,1270368.1599999964,140016404.54999998,873409605.11,1202796623.22,329387018.11,36415158.13999999,8445.56,8859.26,4357.41,6519.54,10355.98,8006.99,927.48,700.65,,,,,Y,,传媒,游戏Ⅱ,游戏Ⅲ,16.64,16.62,16.5
sz002919,名臣健康,2024-12-24,16.13,16.63,15.68,16.38,15.93,9363386.0,151757633.0,4330678257.360001,4365696961.08,1270368.1599999964,140016404.54999998,873409605.11,1202796623.22,329387018.11,36415158.13999999,5746.53,5598.23,3191.84,2562.32,5743.17,6570.52,494.23,444.71,,,,,Y,,传媒,游戏Ⅱ,游戏Ⅲ,15.92,15.74,16.1
sz002919,名臣健康,2024-12-25,16.47,17.31,15.41,16.59,16.38,14832816.0,240966846.0,4386199773.48,4421667434.94,1270368.1599999964,140016404.54999998,873409605.11,1202796623.22,329387018.11,36415158.13999999,9793.75,8815.3,4687.27,5434.76,9273.35,9208.88,342.32,637.74,,,,,Y,,传媒,游戏Ⅱ,游戏Ⅲ,16.19,16.03,16.05
sz002919,名臣健康,2024-12-26,16.54,17.19,16.43,16.88,16.59,9696164.0,163977336.0,4462872343.36,4498959994.08,1270368.1599999964,140016404.54999998,873409605.11,1202796623.22,329387018.11,36415158.13999999,6725.48,6444.87,3102.81,2589.29,5842.67,6756.63,726.76,606.94,,,,,Y,,传媒,游戏Ⅱ,游戏Ⅲ,16.62,16.91,16.91
sz002919,名臣健康,2024-12-27,16.8,17.14,16.64,16.77,16.88,7648660.0,129215507.0,4433789644.44,4469642126.82,1270368.1599999964,140016404.54999998,873409605.11,1202796623.22,329387018.11,36415158.13999999,5247.95,5275.48,2090.98,2363.52,5005.85,4355.82,576.77,926.73,,,,,Y,,传媒,游戏Ⅱ,游戏Ⅲ,16.86,16.94,16.94
sz002919,名臣健康,2024-12-30,16.95,17.82,16.8,17.31,16.77,12795811.0,222057157.0,4576559257.32,4613566202.46,1270368.1599999964,140016404.54999998,873409605.11,1202796623.22,329387018.11,36415158.13999999,8885.36,8461.32,4672.24,4289.64,7344.84,8295.37,1303.28,1159.38,,,,,Y,,传媒,游戏Ⅱ,游戏Ⅲ,17.21,17.39,17.59
sz002919,名臣健康,2024-12-31,17.31,17.33,16.45,16.45,17.31,8865705.0,149266814.0,4349185429.400001,4384353785.7,1270368.1599999964,140016404.54999998,873409605.11,1202796623.22,329387018.11,36415158.13999999,6408.5,6046.62,2089.47,2956.52,6428.71,4977.55,0.0,945.99,,,,,Y,,传媒,游戏Ⅱ,游戏Ⅲ,17.23,17.03,16.88
sz002919,名臣健康,2025-01-02,16.53,17.17,15.95,16.15,16.45,9322020.0,154198684.0,4269868977.8,4304395965.9,1270368.1599999964,140016404.54999998,873409605.11,1202796623.22,329387018.11,36415158.13999999,6229.14,6345.54,2479.14,3072.68,5907.47,5053.06,804.12,948.59,,,,,Y,,传媒,游戏Ⅱ,游戏Ⅲ,16.73,17.0,16.93
sz002919,名臣健康,2025-01-03,16.15,16.39,15.03,15.12,16.15,10906560.0,168750629.0,3997549160.64,4029874117.92,1270368.1599999964,140016404.54999998,873409605.11,1202796623.22,329387018.11,36415158.13999999,6054.06,6471.13,3264.06,4183.31,6486.8,5249.56,1070.14,971.07,,,,,Y,,传媒,游戏Ⅱ,游戏Ⅲ,15.58,15.75,15.24
sz002919,名臣健康,2025-01-06,14.93,15.07,14.16,14.56,15.12,6466420.0,94895347.0,3849491784.32,3880619520.96,1270368.1599999964,140016404.54999998,873409605.11,1202796623.22,329387018.11,36415158.13999999,3588.3,3779.29,1124.93,1837.87,4559.87,3543.97,216.43,328.41,,,,,Y,,传媒,游戏Ⅱ,游戏Ⅲ,14.69,14.69,14.89
sz002919,名臣健康,2025-01-07,14.75,14.85,14.29,14.81,14.56,6287640.0,91406645.0,3915588827.32,3947251037.46,1270368.1599999964,140016404.54999998,873409605.11,1202796623.22,329387018.11,36415158.13999999,3659.31,4031.74,1513.37,1399.13,3967.98,3422.35,0.0,287.44,,,,,Y,,传媒,游戏Ⅱ,游戏Ⅲ,14.82,14.6,14.49
sz002919,名臣健康,2025-01-08,14.7,14.99,14.24,14.71,14.81,5799949.0,84849834.0,3889150010.12,3920598430.86,1270368.1599999964,140016404.54999998,873409605.11,1202796623.22,329387018.11,36415158.13999999,3198.02,3718.7,1184.54,1387.63,4102.43,3268.41,0.0,110.24,,,,,Y,,传媒,游戏Ⅱ,游戏Ⅲ,14.78,14.94,14.83
sz002919,名臣健康,2025-01-09,14.61,15.77,14.42,15.17,14.71,10647123.0,160925933.0,4010768569.24,4043200421.22,1270368.1599999964,140016404.54999998,873409605.11,1202796623.22,329387018.11,36415158.13999999,6475.36,6896.19,3789.48,2167.57,5647.39,6769.46,180.36,259.38,,,,,Y,,传媒,游戏Ⅱ,游戏Ⅲ,14.65,14.79,14.82
sz002919,名臣健康,2025-01-10,14.92,15.66,14.77,14.8,15.17,9004647.0,137432889.0,3912944945.6,3944585776.8,1270368.1599999964,140016404.54999998,873409605.11,1202796623.22,329387018.11,36415158.13999999,5754.28,5485.05,1982.16,2763.15,5587.21,5136.99,419.64,358.1,,,,,Y,,传媒,游戏Ⅱ,游戏Ⅲ,15.28,15.56,15.5
sz002919,名臣健康,2025-01-13,14.48,14.77,14.05,14.73,14.8,6172667.0,89128113.0,3894437773.56,3925928952.18,1270368.1599999964,140016404.54999998,873409605.11,1202796623.22,329387018.11,36415158.13999999,3481.6,3470.95,937.21,1266.27,4161.8,3507.53,332.2,668.06,,,,,Y,,传媒,游戏Ⅱ,游戏Ⅲ,14.26,14.25,14.34
sz002919,名臣健康,2025-01-14,14.92,15.54,14.71,15.53,14.73,7418198.0,112883627.0,4105948311.16,4139149804.98,1270368.1599999964,140016404.54999998,873409605.11,1202796623.22,329387018.11,36415158.13999999,5246.75,4804.31,1839.39,2001.83,4000.1,4329.71,202.12,152.5,,,,,Y,,传媒,游戏Ⅱ,游戏Ⅲ,14.8,14.93,15.02
sz002919,名臣健康,2025-01-15,15.51,15.88,15.4,15.48,15.53,6046900.0,94359911.0,4092728902.56,4125823501.68,1270368.1599999964,140016404.54999998,873409605.11,1202796623.22,329387018.11,36415158.13999999,3740.9,3925.49,1901.6,1945.22,3793.49,3399.45,0.0,165.82,,,,,Y,,传媒,游戏Ⅱ,游戏Ⅲ,15.5,15.58,15.59
sz002919,名臣健康,2025-01-16,15.52,16.0,15.28,15.45,15.48,5474380.0,85347259.0,4084797257.4,4117827719.7,1270368.1599999964,140016404.54999998,873409605.11,1202796623.22,329387018.11,36415158.13999999,3425.57,3371.4,1231.15,2063.38,3577.12,3099.94,300.9,0.0,,,,,Y,,传媒,游戏Ⅱ,游戏Ⅲ,15.85,15.85,15.71
sz002919,名臣健康,2025-01-17,15.38,17.0,15.15,17.0,15.45,18407042.0,303585224.0,4494598924.0,4530943122.0,1270368.1599999964,140016404.54999998,873409605.11,1202796623.22,329387018.11,36415158.13999999,6971.89,10887.64,6659.39,6431.04,4505.28,9290.61,12221.96,3749.24,,,,,Y,,传媒,游戏Ⅱ,游戏Ⅲ,15.33,15.35,15.37
sz002919,名臣健康,2025-01-20,17.07,17.25,16.52,16.77,17.0,18409452.0,310535495.0,4433789644.44,4469642126.82,1270368.1599999964,140016404.54999998,873409605.11,1202796623.22,329387018.11,36415158.13999999,10996.46,10216.94,6625.25,7732.99,11922.19,6824.0,1509.65,6279.62,,,,,Y,,传媒,游戏Ⅱ,游戏Ⅲ,17.06,16.9,17.02
sz002919,名臣健康,2025-01-21,16.7,17.58,16.53,17.4,16.77,17367499.0,295488749.0,4600354192.8,4637553548.4,1270368.1599999964,140016404.54999998,873409605.11,1202796623.22,329387018.11,36415158.13999999,11477.4,10382.76,7854.86,5448.27,8328.91,10981.02,1887.7,2736.83,,,,,Y,,传媒,游戏Ⅱ,游戏Ⅲ,16.75,16.85,16.79
sz002919,名臣健康,2025-01-22,17.1,17.78,17.09,17.36,17.4,12709026.0,220935296.0,4589778665.92,4626892505.76,1270368.1599999964,140016404.54999998,873409605.11,1202796623.22,329387018.11,36415158.13999999,8940.8,9838.89,4710.18,4568.24,8085.11,7165.75,357.44,520.66,,,,,Y,,传媒,游戏Ⅱ,游戏Ⅲ,17.47,17.57,17.51
sz002919,名臣健康,2025-01-23,17.36,17.51,16.98,16.99,17.36,10235947.0,176464363.0,4491955042.28,4528277861.34,1270368.1599999964,140016404.54999998,873409605.11,1202796623.22,329387018.11,36415158.13999999,7498.84,7477.32,3227.06,4299.79,6619.47,5337.37,301.07,531.96,,,,,Y,,传媒,游戏Ⅱ,游戏Ⅲ,17.3,17.44,17.37
sz002919,名臣健康,2025-01-24,16.91,17.11,16.67,16.83,16.99,8398540.0,141381347.0,4449652934.76,4485633690.78,1270368.1599999964,140016404.54999998,873409605.11,1202796623.22,329387018.11,36415158.13999999,5806.3,5845.95,2448.28,3726.69,5665.25,3791.26,218.31,774.24,,,,,Y,,传媒,游戏Ⅱ,游戏Ⅲ,16.86,16.8,16.88
sz002919,名臣健康,2025-01-27,16.93,17.1,16.37,16.39,16.83,6692940.0,111333391.0,4333322139.08,4368362221.74,1270368.1599999964,140016404.54999998,873409605.11,1202796623.22,329387018.11,36415158.13999999,4282.92,4028.45,1486.55,2824.88,5058.28,3156.52,305.59,1123.5,,,,,Y,,传媒,游戏Ⅱ,游戏Ⅲ,16.86,16.86,16.65
sz002919,名臣健康,2025-02-05,16.41,16.55,15.98,16.29,16.39,6894298.0,111980599.0,4306883321.88,4341709615.14,1270368.1599999964,140016404.54999998,873409605.11,1202796623.22,329387018.11,36415158.13999999,4461.43,4584.68,1702.65,2445.11,5013.84,3497.72,0.0,650.4,,,,,Y,,传媒,游戏Ⅱ,游戏Ⅲ,16.0,16.1,16.15
sz002919,名臣健康,2025-02-06,16.16,16.75,16.13,16.73,16.29,8378562.0,138890053.0,4423214117.56,4458981084.18,1270368.1599999964,140016404.54999998,873409605.11,1202796623.22,329387018.11,36415158.13999999,5441.6,5349.03,3563.89,3632.12,4737.65,4596.32,145.86,311.55,,,,,Y,,传媒,游戏Ⅱ,游戏Ⅲ,16.22,16.4,16.53
sz002919,名臣健康,2025-02-07,16.6,16.84,16.25,16.49,16.73,11428848.0,189713714.0,4359760956.28,4395014828.34,1270368.1599999964,140016404.54999998,873409605.11,1202796623.22,329387018.11,36415158.13999999,8278.8,7141.32,3552.37,4827.45,7140.2,6034.61,0.0,968.0,,,,,Y,,传媒,游戏Ⅱ,游戏Ⅲ,16.51,16.66,16.75
sz002919,名臣健康,2025-02-10,16.75,17.24,16.62,17.17,16.49,12044937.0,204624459.0,4539544913.24,4576252553.22,1270368.1599999964,140016404.54999998,873409605.11,1202796623.22,329387018.11,36415158.13999999,7623.29,8973.13,4805.77,4356.4,7163.23,6927.72,870.17,205.2,,,,,Y,,传媒,游戏Ⅱ,游戏Ⅲ,16.93,16.96,16.93
sz002919,名臣健康,2025-02-11,17.2,17.28,16.82,16.89,17.17,7561040.0,128317126.0,4465516225.08,4501625254.74,1270368.1599999964,140016404.54999998,873409605.11,1202796623.22,329387018.11,36415158.13999999,5551.46,5166.87,2077.01,2891.45,4968.44,4387.14,234.79,386.25,,,,,Y,,传媒,游戏Ⅱ,游戏Ⅲ,17.0,17.15,17.02
sz002919,名臣健康,2025-02-12,16.8,17.01,16.68,16.89,16.89,7343664.0,123472322.0,4465516225.08,4501625254.74,1270368.1599999964,140016404.54999998,873409605.11,1202796623.22,329387018.11,36415158.13999999,4685.26,4403.67,2744.83,2190.14,4689.01,3911.33,228.13,1842.09,,,,,Y,,传媒,游戏Ⅱ,游戏Ⅲ,16.84,16.81,16.84
sz002919,名臣健康,2025-02-13,17.02,18.38,17.02,17.27,16.89,18699322.0,327580364.0,4565983730.440001,4602905159.82,1270368.1599999964,140016404.54999998,873409605.11,1202796623.22,329387018.11,36415158.13999999,11005.48,12594.03,7642.67,8176.77,11667.5,10350.86,2442.39,1636.38,,,,,Y,,传媒,游戏Ⅱ,游戏Ⅲ,17.7,17.6,17.62
sz002919,名臣健康,2025-02-14,17.21,18.61,16.92,18.33,17.27,23933262.0,428208728.0,4846235192.76,4885422789.78,1270368.1599999964,140016404.54999998,873409605.11,1202796623.22,329387018.11,36415158.13999999,16308.14,16000.31,11090.2,8995.6,12904.31,16745.35,2518.23,1079.6,,,,,Y,,传媒,游戏Ⅱ,游戏Ⅲ,17.02,17.26,17.14
sz002919,名臣健康,2025-02-17,18.05,19.34,18.0,19.34,18.33,24178507.0,450789796.0,5113267246.48,5154614116.44,1270368.1599999964,140016404.54999998,873409605.11,1202796623.22,329387018.11,36415158.13999999,16348.39,16169.0,11777.53,10575.81,14270.81,16491.95,2682.25,1842.23,,,,,Y,,传媒,游戏Ⅱ,游戏Ⅲ,18.4,18.62,18.69
sz002919,名臣健康,2025-02-18,19.54,19.67,18.51,18.54,19.34,18733182.0,355404908.0,4901756708.88,4941393263.639999,1270368.1599999964,140016404.54999998,873409605.11,1202796623.22,329387018.11,36415158.13999999,13244.18,12932.29,9321.94,8670.64,11058.87,11544.17,1915.5,2393.4,,,,,Y,,传媒,游戏Ⅱ,游戏Ⅲ,18.99,18.88,19.16
sz002919,名臣健康,2025-02-19,18.41,19.5,18.41,18.81,18.54,16628163.0,313665948.0,4973141515.32,5013355301.46,1270368.1599999964,140016404.54999998,873409605.11,1202796623.22,329387018.11,36415158.13999999,10751.49,12467.14,9466.91,7757.36,8154.25,8576.35,2993.94,2565.75,,,,,Y,,传媒,游戏Ⅱ,游戏Ⅲ,19.1,19.14,19.01
sz002919,名臣健康,2025-02-20,18.78,18.99,18.19,18.24,18.81,11780011.0,217559015.0,4822440257.28,4861435443.84,1270368.1599999964,140016404.54999998,873409605.11,1202796623.22,329387018.11,36415158.13999999,8906.63,8932.06,3728.58,6344.83,8757.35,5605.43,363.35,873.58,,,,,Y,,传媒,游戏Ⅱ,游戏Ⅲ,18.87,18.9,18.85
sz002919,名臣健康,2025-02-21,18.37,18.5,17.9,18.4,18.24,11242761.0,204819083.0,4864742364.8,4904079614.4,1270368.1599999964,140016404.54999998,873409605.11,1202796623.22,329387018.11,36415158.13999999,8160.3,7610.96,3638.85,4453.23,7413.4,5420.35,1269.36,2997.36,,,,,Y,,传媒,游戏Ⅱ,游戏Ⅲ,18.17,18.11,18.08
sz002919,名臣健康,2025-02-24,18.15,18.28,17.77,18.09,18.4,9428444.0,169903975.0,4782782031.48,4821456533.940001,1270368.1599999964,140016404.54999998,873409605.11,1202796623.22,329387018.11,36415158.13999999,6798.11,6474.2,2854.27,3036.62,6432.75,4177.56,905.27,3302.02,,,,,Y,,传媒,游戏Ⅱ,游戏Ⅲ,17.85,18.05,17.93
sz002919,名臣健康,2025-02-25,17.71,18.03,17.61,17.85,18.09,6571533.0,117325466.0,4719328870.2,4757490278.1,1270368.1599999964,140016404.54999998,873409605.11,1202796623.22,329387018.11,36415158.13999999,4568.96,4778.97,2441.88,2948.66,4303.57,3763.81,418.14,241.1,,,,,Y,,传媒,游戏Ⅱ,游戏Ⅲ,17.85,17.79,17.85
sz002919,名臣健康,2025-02-26,17.95,18.12,17.57,17.74,17.85,7793856.0,138851339.0,4690246171.28,4728172410.84,1270368.1599999964,140016404.54999998,873409605.11,1202796623.22,329387018.11,36415158.13999999,5500.24,5647.87,2610.15,3261.03,5537.43,3974.58,237.31,1001.64,,,,,Y,,传媒,游戏Ⅱ,游戏Ⅲ,18.05,17.86,17.85
sz002919,名臣健康,2025-02-27,17.76,18.52,17.67,18.52,17.74,14924592.0,271225502.0,4896468945.44,4936062742.32,1270368.1599999964,140016404.54999998,873409605.11,1202796623.22,329387018.11,36415158.13999999,10767.88,10902.12,5776.1,4352.23,9063.15,10239.57,1515.42,1628.64,,,,,Y,,传媒,游戏Ⅱ,游戏Ⅲ,17.89,18.16,18.18
sz002919,名臣健康,2025-02-28,18.4,18.6,17.74,17.91,18.52,10112919.0,184081062.0,4735192160.52,4773481842.06,1270368.1599999964,140016404.54999998,873409605.11,1202796623.22,329387018.11,36415158.13999999,7259.37,6863.28,3782.32,4231.45,6094.36,6794.94,1272.06,518.45,,,,,Y,,传媒,游戏Ⅱ,游戏Ⅲ,18.32,18.4,18.19
sz002919,名臣健康,2025-03-03,18.0,18.53,17.66,18.07,17.91,9466755.0,171987531.0,4777494268.04,4816126012.62,1270368.1599999964,140016404.54999998,873409605.11,1202796623.22,329387018.11,36415158.13999999,7273.99,7429.54,3768.72,3585.15,5771.23,5644.47,384.81,539.59,,,,,Y,,传媒,游戏Ⅱ,游戏Ⅲ,17.78,18.37,18.38
sz002919,名臣健康,2025-03-04,18.01,18.17,17.7,18.13,18.07,6888269.0,123349725.0,4793357558.360001,4832117576.58,1270368.1599999964,140016404.54999998,873409605.11,1202796623.22,329387018.11,36415158.13999999,5413.87,4942.6,2805.85,3002.82,3787.26,3877.11,327.99,512.44,,,,,Y,,传媒,游戏Ⅱ,游戏Ⅲ,17.97,17.85,17.85
sz002919,名臣健康,2025-03-05,18.0,18.86,17.87,18.75,18.13,11136912.0,205786240.0,4957278225.0,4997363737.5,1270368.1599999964,140016404.54999998,873409605.11,1202796623.22,329387018.11,36415158.13999999,8255.57,8190.06,4978.43,4462.77,6433.13,7700.73,911.49,225.06,,,,,Y,,传媒,游戏Ⅱ,游戏Ⅲ,18.04,17.94,17.94
sz002919,名臣健康,2025-03-06,18.8,19.19,18.61,19.06,18.75,12186230.0,231534042.0,5039238558.32,5079986817.96,1270368.1599999964,140016404.54999998,873409605.11,1202796623.22,329387018.11,36415158.13999999,7549.75,8930.34,6580.08,5327.01,7097.63,7592.24,1925.94,1303.81,,,,,Y,,传媒,游戏Ⅱ,游戏Ⅲ,18.7,18.78,19.0
sz002919,名臣健康,2025-03-07,18.95,19.38,18.58,19.14,19.06,11044723.0,209423790.0,5060389612.08,5101308903.24,1270368.1599999964,140016404.54999998,873409605.11,1202796623.22,329387018.11,36415158.13999999,7606.57,7922.51,5144.6,5125.98,6431.49,6726.18,1759.72,1167.71,,,,,Y,,传媒,游戏Ⅱ,游戏Ⅲ,18.83,18.71,18.7
sz002919,名臣健康,2025-03-10,19.02,19.62,18.87,19.27,19.14,10018046.0,192861128.0,5094760074.44,5135957291.82,1270368.1599999964,140016404.54999998,873409605.11,1202796623.22,329387018.11,36415158.13999999,7137.14,6985.67,6314.62,3763.28,4572.45,6117.52,1261.91,2419.64,,,,,Y,,传媒,游戏Ⅱ,游戏Ⅲ,19.02,18.96,19.2
sz002919,名臣健康,2025-03-11,19.08,20.1,18.81,19.77,19.27,11110047.0,217816258.0,5226954160.440001,5269220324.82,1270368.1599999964,140016404.54999998,873409605.11,1202796623.22,329387018.11,36415158.13999999,8148.15,8608.86,6362.03,6126.39,5619.03,6598.98,1652.42,447.4,,,,,Y,,传媒,游戏Ⅱ,游戏Ⅲ,19.26,19.41,19.85
sz002919,名臣健康,2025-03-12,19.78,20.36,19.4,20.34,19.77,16116720.0,321484725.0,5377655418.4800005,5421140182.440001,1270368.1599999964,140016404.54999998,873409605.11,1202796623.22,329387018.11,36415158.13999999,12004.9,12327.26,9965.49,10472.1,7171.84,7904.9,3006.24,1444.21,,,,,Y,,传媒,游戏Ⅱ,游戏Ⅲ,19.95,19.89,19.96
sz002919,名臣健康,2025-03-13,20.1,20.65,18.5,18.65,20.34,19795114.0,387305367.0,4930839407.8,4970711130.9,1270368.1599999964,140016404.54999998,873409605.11,1202796623.22,329387018.11,36415158.13999999,15063.51,14265.11,9250.93,14020.7,11865.75,7003.29,2550.34,3441.44,,,,,Y,,传媒,游戏Ⅱ,游戏Ⅲ,20.19,20.32,20.2
sz002919,名臣健康,2025-03-14,18.49,18.49,17.55,18.21,18.65,15429651.0,277766936.0,4814508612.12,4853439661.86,1270368.1599999964,140016404.54999998,873409605.11,1202796623.22,329387018.11,36415158.13999999,11020.4,9947.42,6845.57,9011.35,8471.33,5730.61,1439.39,3087.31,,,,,Y,,传媒,游戏Ⅱ,游戏Ⅲ,17.95,17.88,17.72
sz002919,名臣健康,2025-03-17,18.33,18.88,17.92,18.31,18.21,12037580.0,219412922.0,4840947429.320001,4880092268.46,1270368.1599999964,140016404.54999998,873409605.11,1202796623.22,329387018.11,36415158.13999999,8379.85,8153.33,5628.03,6479.99,6806.19,4856.65,1127.22,2451.32,,,,,Y,,传媒,游戏Ⅱ,游戏Ⅲ,18.33,18.2,18.04
sz002919,名臣健康,2025-03-18,18.15,18.4,17.96,18.02,18.31,9075460.0,164922837.0,4764274859.440001,4802799709.320001,1270368.1599999964,140016404.54999998,873409605.11,1202796623.22,329387018.11,36415158.13999999,6684.9,6724.36,3313.92,3941.62,5883.97,4475.51,609.49,1350.8,,,,,Y,,传媒,游戏Ⅱ,游戏Ⅲ,18.11,18.24,18.3
sz002919,名臣健康,2025-03-19,18.03,18.13,17.73,17.84,18.02,5447900.0,97318793.0,4716684988.4800005,4754825017.440001,1270368.1599999964,140016404.54999998,873409605.11,1202796623.22,329387018.11,36415158.13999999,3844.71,3798.3,1753.22,2502.17,4131.45,2780.68,2.5,650.73,,,,,Y,,传媒,游戏Ⅱ,游戏Ⅲ,17.95,18.05,17.96
sz002919,名臣健康,2025-03-20,17.75,17.88,17.66,17.72,17.84,4798258.0,85191307.0,4684958407.84,4722841889.52,1270368.1599999964,140016404.54999998,873409605.11,1202796623.22,329387018.11,36415158.13999999,3678.67,3385.17,1136.62,2330.81,3500.59,2314.07,203.25,489.08,,,,,Y,,传媒,游戏Ⅱ,游戏Ⅲ,17.76,17.76,17.72
sz002919,名臣健康,2025-03-21,17.55,17.86,17.26,17.37,17.72,6323214.0,110840939.0,4592422547.64,4629557766.42,1270368.1599999964,140016404.54999998,873409605.11,1202796623.22,329387018.11,36415158.13999999,4682.19,4350.06,1714.21,2473.39,4565.75,3418.05,121.94,842.6,,,,,Y,,传媒,游戏Ⅱ,游戏Ⅲ,17.71,17.76,17.72
sz002919,名臣健康,2025-03-24,17.36,17.53,16.35,16.72,17.37,8306476.0,139601639.0,4420570235.84,4456315823.52,1270368.1599999964,140016404.54999998,873409605.11,1202796623.22,329387018.11,36415158.13999999,5572.0,4840.08,2663.07,4064.08,5417.69,3292.04,307.4,1763.96,,,,,Y,,传媒,游戏Ⅱ,游戏Ⅲ,17.49,17.32,17.23
sz002919,名臣健康,2025-03-25,16.68,16.85,16.6,16.77,16.72,4409938.0,73784998.0,4433789644.44,4469642126.82,1270368.1599999964,140016404.54999998,873409605.11,1202796623.22,329387018.11,36415158.13999999,2896.04,2694.96,1383.89,2374.05,2649.7,2266.6,448.88,42.89,,,,,Y,,传媒,游戏Ⅱ,游戏Ⅲ,16.74,16.74,16.73
