股票代码,股票名称,竞价量比,竞价金额,竞价涨幅%,价格,净额,涨幅%,板上信息,主力净额,主力买,主力卖,所属板块,区间涨幅%,成交额,实际流通,量比,300w大单净额
600895,张江高科,3.0,78918750,4.46,23.69,831954656,9.98,首板,831954656,2126213245,-1294258589,光刻机、蚂蚁金服概念,5.29,3863961742,18071852626,1.27235,668540766
000625,长安汽车,2.7,72708384,1.98,15.81,617834786,4.56,,617834786,3001527269,-2383692483,汽车整车、固态电池,2.53,5743908771,70605856105,2.01486,443409896
300750,宁德时代,2.2,97408445,-0.12,184.72,597288919,3.73,,597288919,4234540382,-3637251463,锂电池、动力电池,3.86,8729936697,376933886873,1.73694,322807297
601012,隆基绿能,0.5,14453691,-1.34,24.98,343277960,4.52,,343277960,1263889179,-920611219,光伏、光伏组件,5.94,3272042799,129804225992,1.37468,224086381
002654,万润科技,0.6,30789708,3.47,15.74,295407322,4.93,,295407322,1279813968,-984406646,存储、文化传媒,1.42,3091562143,9173215607,1.3942,232916698
300735,光弘科技,1.1,64434825,-2.4,27.49,217196203,17.93,,217196203,2305337328,-2088141125,华为概念、消费电子,20.84,4415912715,9695896562,1.69926,463663180
002129,TCL中环,0.6,11462241,0.05,18.68,211248233,2.41,,211248233,740034652,-528786419,硅片、光伏组件,2.36,1863322473,54656651919,1.40883,121346342
601888,中国中免,1.0,18510943,0.41,93.9,208811437,4.78,,208811437,1208301795,-999490358,零售、免税,4.34,2953637235,70539758635,2.18731,31047522
000661,长春高新,0.6,1895250,-0.28,150.64,199846217,5.42,,199846217,775721302,-575875085,医药、创新药,5.71,1708630512,43869480346,2.03752,174607388
000858,五粮液,0.3,8386749,-0.32,152.99,193520687,1.28,,193520687,983775778,-790255091,白酒、酿酒,1.61,2603681374,231001930570,1.03914,88469278
300274,阳光电源,0.8,6350900,-0.83,82.86,191937387,6.09,,191937387,791080073,-599142686,逆变器、光伏EPC,6.99,2074401695,69666311920,1.40193,141871960
300760,迈瑞医疗,1.2,3847095,-0.48,265.85,178723771,3.52,,178723771,554582226,-375858455,呼吸机、医药,4.02,1534225568,113426707902,2.09415,130282982
002594,比亚迪,0.5,6783000,-0.26,241.95,163799795,1.4,,163799795,989685222,-825885427,无人驾驶、动力电池,1.66,2490630304,198702006277,1.20892,91649732
002865,钧达股份,0.6,3035480,-1.37,88.88,146453559,6.85,,146453559,407647241,-261193682,BC电池、TOPCon,8.34,1045074326,9475904287,1.27335,24400998
600036,招商银行,0.7,5085465,-0.16,31.53,142639113,0.1,,142639113,485437012,-342797899,银行、高股息,0.25,1231933968,451760488208,1.09062,26736768
000651,格力电器,6.5,32751931,1.47,34.22,142404146,2.49,,142404146,563156420,-420752274,家电、并购重组,1.0,1551851204,127000905486,2.03377,-4110834
002415,海康威视,0.1,786967,-0.14,35.9,133986182,1.58,,133986182,494441064,-360454882,汽车电子、算力,1.73,1235553455,170162452994,1.14153,-3117754
600276,恒瑞医药,0.3,3297370,-0.43,45.4,129822705,2.14,,129822705,610106776,-480284071,仿制药、并购重组,2.58,1862059500,176593045662,1.39723,42987548
600200,江苏吴中,1.6,846300,-0.74,8.93,129089494,9.98,首板,129089494,323311357,-194221863,医美、中药,10.79,554811647,5238650445,2.79198,128586547
600418,江淮汽车,0.4,172411822,9.98,19.84,122824623,9.98,3连板,122824623,416252409,-293427786,汽车整车、地方国企,0.0,551017768,31129117170,0.185404,139459325
002459,晶澳科技,0.5,4356352,0.14,22.83,121137486,5.06,,121137486,385699108,-264561622,光伏组件、并购重组,4.92,1163797912,35705142365,1.49796,99850627
300316,晶盛机电,0.6,1527200,0.12,43.26,120052812,4.37,,120052812,282722563,-162669751,光伏设备、硅片,4.24,825674906,21510556919,2.44228,20834166
600702,舍得酒业,0.4,4620000,-0.27,114.18,117121238,3.52,,117121238,386724068,-269602830,白酒、酿酒,3.8,1055562941,26346543473,1.16094,21791018
002271,东方雨虹,0.4,3385827,-1.44,25.2,111815941,3.36,,111815941,311345972,-199530031,装修家具、基础建设,4.87,911865345,39791208231,0.942289,30097729
300014,亿纬锂能,1.7,12691152,-1.43,46.55,109107412,4.02,,109107412,847940776,-738833364,锂电池、动力电池,5.53,2337677127,58469338591,2.02085,95584835
688599,天合光能,0.4,846042,-0.82,29.94,108070207,7.01,,108070207,351916627,-243846420,光伏、光伏支架,7.89,902024130,34725200063,1.74187,0
000800,一汽解放,0.4,2235066,1.08,10.14,107948480,9.98,首板,107948480,196182501,-88234021,华为汽车、汽车类,8.8,376557683,7888092851,2.36261,65714013
300576,容大感光,0.9,2469600,-0.83,46.4,105104609,9.56,,105104609,406740776,-301636167,光刻胶、大基金二期,10.48,1515619969,5269702110,3.11363,15033938
300123,亚光科技,11.9,62658176,6.79,10.07,103581663,20.02,2连板,103581663,1044075122,-940493459,军工、湖南,12.39,2519969789,7785448332,4.17274,105604016
300308,中际旭创,0.2,10889483,-0.99,89.41,96978753,-0.55,,96978753,946125989,-849147236,CPO/MPO、光芯片,0.45,2430655711,55114950752,0.633834,96906857
600129,太极集团,3.0,1990744,-1.42,41.76,94344908,10.01,首板,94344908,263173441,-168828533,中药、止咳药,11.6,984580716,14985149649,2.49364,22356492
300759,康龙化成,0.2,1355310,-0.83,29.45,91038400,6.66,,91038400,350703681,-259665281,创新药、医药,7.56,1064668240,28576248365,1.64956,38172704
000963,华东医药,1.2,1102460,-0.25,42.89,90853088,7.49,,90853088,274253102,-183400014,创新药、并购重组,7.76,802935815,31238045591,2.02062,23872332
300450,先导智能,0.2,2383553,-0.82,27.04,88495751,5.87,,88495751,387669969,-299174218,固态电池、锂电设备,6.75,1193001078,20429242761,1.52736,12434472
603345,安井食品,11.2,10556904,4.81,126.43,87648597,8.62,,87648597,271797784,-184149187,食品饮料、高股息,3.63,1068142118,23998154629,4.05707,37390649
603119,浙江荣泰,1.5,584830,0.0,25.63,86895806,10.0,首板,86895806,157135673,-70239867,机器人概念、并购重组,10.0,286696709,1758096334,1.40157,42478381
002437,誉衡药业,24.7,7940328,3.17,2.43,86411206,9.95,首板,86411206,199916390,-113505184,创新药、民营医院,6.58,406651759,4694393270,4.9872,0
600150,中国船舶,0.2,1713150,-0.43,25.88,84403502,1.53,,84403502,279268335,-194864833,造船、并购重组,1.97,819653073,64216587346,0.951356,9449350
000063,中兴通讯,0.6,15687040,-1.01,26.06,84263167,1.56,,84263167,1285173793,-1200910626,芯片设计、液冷服务器,2.6,3483853051,104944085823,1.14779,107221941
000338,潍柴动力,0.3,8303550,1.3,13.9,83443124,0.22,,83443124,376076737,-292633613,农机、氢燃料电池,-1.07,1186019322,61394220538,0.888767,55519613
603019,中科曙光,0.5,5502856,-0.23,36.07,81840876,1.89,,81840876,584613014,-502772138,智谱AI、算力租赁,2.12,1567467363,43810479883,1.21534,27299639
000025,特力Ａ,0.2,4518,0.0,16.57,80523273,10.03,首板,80523273,115276954,-34753681,深圳、国有企业,10.03,144375414,2750559790,3.44017,59340608
600062,华润双鹤,2.8,1022310,0.46,16.81,79523690,10.01,首板,79523690,204432949,-124909259,医药、防脱发,9.51,539143751,6640355320,2.54763,57527426
300568,星源材质,0.4,1062720,-0.55,15.3,78968989,5.66,,78968989,289884683,-210915694,锂电池、隔膜,6.25,881038139,16913460150,1.85171,-1210554
603799,华友钴业,1.8,3765444,-0.71,36.74,77374526,4.05,,77374526,380736381,-303361855,金属钴、高镍三元,4.79,1191283586,44660363031,1.61911,20844766
002472,双环传动,0.3,751920,-0.12,25.02,75592435,3.69,,75592435,172318634,-96726199,减速器、汽车类,3.82,635217730,17467876626,1.16243,4815128
002517,恺英网络,4.4,2936116,0.2,10.32,74459912,3.61,,74459912,186342263,-111882351,游戏、AIGC,3.41,554452408,15877460870,1.52121,0
000034,神州数码,0.2,2809040,-0.27,29.55,74415403,0.92,,74415403,291307736,-216892333,服务器、数字经济,1.2,956090267,13342057198,0.987768,16761765
000550,江铃汽车,3.9,1682358,0.3,18.41,73684215,9.98,首板,73684215,123929677,-50245462,无人驾驶、新能源汽车,9.65,252821556,3021936575,1.76494,45722360
002352,顺丰控股,0.4,746428,-0.26,40.19,72974043,2.58,,72974043,220734890,-147760847,物流、并购重组,2.84,693810816,89406619826,1.33012,17505811
002827,高争民爆,0.3,4429012,-4.25,17.6,72229018,10.0,首板,72229018,253122824,-180893806,民用爆破、烟花爆竹,14.88,513481075,2006389498,1.23679,-1887505
601838,成都银行,11.9,6506080,-2.34,12.61,71417634,-4.9,,71417634,223367343,-151949709,银行、高股息,-2.63,700005398,25798808150,4.76689,38962698
300280,紫天科技,0.7,13119640,-0.76,41.8,69525259,9.02,,69525259,371620117,-302094858,字节概念、网红经济,9.86,1056099761,5271651673,1.78691,-395903
300624,万兴科技,0.7,3588000,-0.9,79.36,68023458,0.83,,68023458,254791621,-186768163,DeepSeek、华为概念,1.74,961765185,7802856137,1.44394,11183549
002580,圣阳股份,12.0,13875434,3.51,9.71,66981709,9.97,2连板,66981709,205152078,-138170369,电源、储能,6.24,441871062,3121603251,5.35957,67013898
300724,捷佳伟创,0.4,1806552,-0.29,75.73,66369242,10.35,,66369242,306996255,-240627013,光伏设备、异质结电池,10.67,961405815,19139068622,2.37274,7575857
002773,康弘药业,13.9,5429664,7.79,16.65,65259462,9.97,首板,65259462,151460274,-86200812,医药、眼科医疗,2.02,234350982,5395028473,2.47647,53228880
300765,新诺威,0.6,1140348,-1.02,27.53,63914263,16.85,,63914263,395465307,-331551044,维生素、病毒防治,18.05,850124916,8602537284,1.56732,120768487
002027,分众传媒,0.2,953160,-0.15,6.97,63556964,2.95,,63556964,203489834,-139932870,文化传媒、高股息,3.11,633054502,52548749000,0.832102,27314010
002049,紫光国微,0.7,1964568,-0.89,73.94,62846738,2.95,,62846738,311933817,-249087079,芯片、存储,3.88,952636000,46327920502,1.25728,29091378
600239,云南城投,0.6,15935335,-4.94,2.84,62176367,7.98,,62176367,230309670,-168133303,房地产、旅游,13.6,723239456,2701415171,1.85216,0
000530,冰山冷热,49.0,2883115,3.08,5.71,60915201,10.02,首板,60915201,179368434,-118453233,液冷服务器、病毒防治,6.73,355124867,2449759891,7.7211,40584498
300537,广信材料,0.6,476160,-0.52,20.59,60683903,6.68,,60683903,175607840,-114923937,消费电子、光刻胶,7.24,878555942,2427871331,4.37399,3105081
002465,海格通信,0.5,1627648,-0.94,11.7,60538835,0.26,,60538835,259764784,-199225949,卫星导航、军工,1.21,708331285,19778579181,0.936709,-6954896
002603,以岭药业,2.4,2591196,0.0,22.29,59669802,2.62,,59669802,149030446,-89360644,流感、中药,2.62,507416799,16982027537,1.5585,5195070
002889,东方嘉盛,0.4,143916,-0.05,23.64,59507890,10.01,首板,59507890,118196851,-58688961,光刻机、华为概念,10.06,242392423,1249132661,3.04452,23115717
002850,科达利,2.0,920460,1.98,85.59,58943702,10.0,首板,58943702,149926686,-90982984,锂电池、锂电设备,7.86,308877833,10124123168,1.66796,29510616
688012,中微公司,7.0,21009492,-3.79,165.56,58739433,0.49,,58739433,509363032,-450623599,芯片、上海,4.45,1433925766,73414806633,1.2404,47457217
002602,ST华通,0.2,3886371,-0.18,5.66,57923669,2.91,,57923669,459395192,-401471523,ST板块、游戏,3.1,1257742713,33654735418,1.43879,-11023696
002555,三七互娱,0.5,1181616,-0.68,19.7,57353703,2.34,,57353703,186565360,-129211657,游戏、云游戏,3.03,747295935,24361910776,1.14363,1178691
000878,云南铜业,2.1,2435400,-1.43,11.01,56121204,-1.34,,56121204,128892448,-72771244,有色金属、硫酸,0.09,462717890,13880790352,3.06523,-4402967
300124,汇川技术,1.7,3082830,-0.88,61.38,54868513,-2.0,,54868513,257611658,-202743145,工业机器人、新型工业化,-1.13,942713540,75504441141,1.68162,22908429
603309,维力医疗,1.5,870750,0.22,14.82,53563076,10.02,首板,53563076,96880043,-43316967,医疗器械、高股息,9.78,296155850,2138141239,1.26925,29399211
002791,坚朗五金,3.0,1350215,1.37,49.67,53065730,10.01,首板,53065730,107896903,-54831173,装修家具、地产链,8.52,317715374,5770674712,2.69495,29677497
002371,北方华创,1.5,5454280,-1.01,251.79,53018468,0.99,,53018468,494887227,-441868759,半导体设备、地方国企,2.02,1525967822,67012198740,1.09527,11105250
601689,拓普集团,1.8,1505461,-0.35,62.9,52369935,-0.49,,52369935,157543741,-105173806,机器人概念、底盘,-0.14,514812562,21657746956,0.909967,32269960
300347,泰格医药,0.5,2676378,-0.71,61.07,51995555,6.38,,51995555,239600378,-187604823,CRO、创新药,7.14,887643598,26553684382,1.11991,24613886
601138,工业富联,1.0,13975215,0.0,14.07,51963957,1.74,,51963957,429084491,-377120534,服务器、算力租赁,1.74,1394536019,64797853153,0.659682,5718970
600887,伊利股份,0.7,2906800,-0.04,26.88,51772816,3.34,,51772816,441572931,-389800115,乳业、并购重组,3.38,1333549636,127704728908,1.75269,32898434
605117,德业股份,0.2,1450080,-0.49,72.43,51738874,5.37,,51738874,184474379,-132735505,逆变器、碳中和,5.89,692005338,10602995180,1.33487,62424005
300207,欣旺达,1.8,4520604,0.07,15.68,49823940,3.36,,49823940,249516051,-199692111,苹果概念、动力电池,3.29,928985560,20887545814,1.64302,-4964838
002317,众生药业,0.6,2159640,-0.7,17.68,49321528,2.43,,49321528,154499108,-105177580,流感、中药,3.15,720576660,10732323132,0.954996,5221499
603650,彤程新材,0.4,693135,-0.39,34.5,48495757,4.61,,48495757,139825842,-91330085,光刻胶、有色金属,5.02,591939937,6195232370,2.19199,8297389
000733,振华科技,1.1,1009304,-0.42,65.5,48399333,2.1,,48399333,121298416,-72899083,6G、芯片,2.54,438252614,22865026868,1.13682,-5696233
300475,香农芯创,0.3,909487,0.23,26.94,47899199,3.02,,47899199,127816392,-79917193,HBM、存储,2.79,483830957,6567282211,1.50944,2798282
300629,新劲刚,5.4,638352,-1.15,18.98,47421261,9.33,,47421261,73693537,-26272276,军工、碳纤维,10.61,261310267,3543367502,4.78763,3477583
002444,巨星科技,11.8,2295662,3.84,19.47,46716365,10.0,首板,46716365,139825263,-93108898,机器人概念、人工智能,5.93,425643430,13378574920,3.45352,31618646
600522,中天科技,0.5,594880,-0.42,14.65,45701868,2.02,,45701868,176703734,-131001866,通信、固态电池,2.45,662870733,34388862399,1.18849,14275637
300122,智飞生物,1.6,4261227,0.11,61.5,45697497,8.79,,45697497,748612149,-702914652,医药、创新药,8.68,2172082145,67200593006,2.55972,116426995
000999,华润三九,0.7,772200,-0.23,45.21,45617761,5.14,,45617761,86502969,-40885208,中药、止咳药,5.38,392569447,16031191098,1.33513,3942540
300130,新国都,0.5,1077462,-0.18,22.97,45157851,3.42,,45157851,97085597,-51927746,跨境支付、移动支付,3.61,408261761,8442286788,1.35861,4636404
300100,双林股份,3.1,2066739,1.08,10.41,45118570,12.06,,45118570,136735842,-91617272,宇树机器人、PEEK,10.86,609169374,2140548723,4.85119,9567667
000686,东北证券,3.0,2607924,-1.3,7.44,43965863,-3.25,,43965863,111479489,-67513626,证券、破净股概念,-1.98,418378550,9993860518,3.18113,6311579
600026,中远海能,3.7,3131015,1.15,13.53,43957437,4.08,,43957437,97516340,-53558903,航运、天然气,2.89,418385118,17818527149,1.65255,0
002896,中大力德,0.9,3640428,1.96,35.4,43764307,3.51,,43764307,83858490,-40094183,宇树机器人、新型工业化,1.52,370039928,2920387333,1.18108,0
688036,传音控股,2.1,1061112,0.01,133.11,43263481,-1.26,,43263481,98472799,-55209318,AI手机、三季报增长,-1.28,514596360,40366128429,1.39355,0
002568,百润股份,0.6,554435,-0.85,26.46,42768749,2.68,,42768749,63668110,-20899361,酿酒、并购重组,3.56,333846892,14527964521,2.30109,4002844
300296,利亚德,5.7,1496250,-1.56,6.08,42698388,-5.0,,42698388,138779664,-96081276,首发经济、VR/AR/MR,-3.49,500977156,11852299166,3.71882,0
002043,兔宝宝,1.4,1700970,1.31,9.57,42600527,4.25,,42600527,86816484,-44215957,装修家具、高股息,2.9,272917690,3935142983,2.50294,3135950
002262,恩华药业,0.5,603153,-0.08,26.46,41933557,10.02,首板,41933557,97802386,-55868829,医药、阿尔茨海默,10.11,391646822,14866495286,1.5033,10698319
300456,赛微电子,4.5,20320580,1.98,23.95,41881912,0.84,,41881912,393367041,-351485129,芯片、传感器,-1.11,1418760751,11155895871,1.51467,-7509463
300896,爱美客,0.3,3053184,-1.06,326.72,41411106,1.64,,41411106,198509473,-157098367,医美、医疗器械,2.73,834044778,48898349496,1.09907,-7691668
600977,中国电影,0.9,247044,0.08,12.34,40678410,1.98,,40678410,80948781,-40270371,影视院线、中特估,1.9,195442170,7508975721,1.6281,10970861
000568,泸州老窖,0.5,3275400,-0.03,208.96,40523427,1.41,,40523427,404454551,-363931124,白酒、酿酒,1.44,1219325754,149955136965,0.973404,-13896200
603606,东方电缆,0.4,2590640,0.26,43.2,40510619,2.15,,40510619,153366114,-112855495,海缆、柔性直流,1.89,626724318,18050661840,1.12763,392537
601618,中国中冶,0.8,1309750,-0.59,3.37,40494630,-0.88,,40494630,132162338,-91667708,基础建设、有色金属,-0.3,372033773,21617802250,2.11598,13111075
603087,甘李药业,0.1,480920,-0.34,45.94,39922165,4.72,,39922165,123363160,-83440995,减肥药、医疗器械,5.08,428771155,11376347893,1.5851,7266541
603306,华懋科技,2.6,834567,-0.34,30.95,39668512,4.6,,39668512,154774730,-115106218,光刻胶、股权转让,4.95,582199884,7973231964,2.31918,3016112
603589,口子窖  ,1.5,1736280,0.0,49.05,39284463,2.83,,39284463,109800454,-70515991,白酒、酿酒,2.83,449821902,20459069969,1.32453,282529
600765,中航重机,3.7,1217195,-0.05,21.27,39249626,1.48,,39249626,116921674,-77672048,军工、央企,1.53,380986301,20879126873,1.4476,7073104
002738,中矿资源,0.5,3292490,-1.12,35.76,38350581,4.93,,38350581,287991127,-249640546,锂电池、汽车类,6.11,1034556612,19957171256,1.26442,31439259
601319,中国人保,1.2,2793342,-1.08,5.42,38096147,-2.17,,38096147,122224050,-84127903,保险、中特估,-1.09,473010515,16178580504,2.03876,-3432798
601800,中国交建,0.6,2168120,-0.25,8.21,37953270,1.23,,37953270,109013142,-71059872,中字头、一带一路,1.48,299836227,19498240856,0.886188,11132839
600879,航天电子,4.3,3081040,0.0,7.67,37719038,0.92,,37719038,121928912,-84209874,无人机、央企,0.92,310735999,16354075589,1.3037,-4546772
600011,华能国际,1.1,1837439,0.27,7.72,37536459,4.18,,37536459,194290726,-156754267,绿色电力、火电,3.9,696455705,33825628133,1.55333,9869893
603338,浙江鼎力,0.5,218500,0.28,46.02,37420505,5.6,,37420505,66323556,-28903051,三季报增长、基础建设,5.31,268715954,7610122899,1.88695,25717864
603929,亚翔集成,25.7,14546357,10.03,19.42,36171509,10.03,首板,36171509,55187570,-19016061,年报增长、芯片,0.0,55187581,1449234208,0.630327,52297875
300601,康泰生物,2.6,6121724,-2.19,29.18,35722782,1.5,,35722782,118877412,-83154630,医药、疫苗概念,3.77,470819451,17652238569,2.36448,-2206508
600456,宝钛股份,1.0,376920,-0.1,32.93,35440508,4.74,,35440508,73673552,-38233044,军工、有色金属,4.84,250536933,8218680287,2.81522,3008604
301039,中集车辆,1.1,700770,-0.28,10.71,35265714,0.28,,35265714,109659256,-74393542,央企、国有企业,0.56,424808400,7760030818,2.64797,13039088
603605,珀莱雅  ,0.6,857960,-0.43,100.09,34984332,3.38,,34984332,81949175,-46964843,电子商务、美容护理,3.83,390586109,12099958708,1.10042,8262706
600072,中船科技,0.8,340838,-0.45,17.86,34528830,0.68,,34528830,66348741,-31819911,中船系、军工,1.13,250517020,8231647817,1.03091,231995
600425,青松建化,0.5,632400,-0.27,3.81,34188101,2.14,,34188101,52470890,-18282789,水泥、化肥,2.42,119850697,3877989077,1.06287,3820000
300346,南大光电,1.0,607713,0.0,30.07,33840056,4.16,,33840056,144527478,-110687422,芯片、光刻胶,4.16,662756098,13478187744,2.71331,3019087
300129,泰胜风能,0.6,1627312,-0.69,10.46,33797594,3.16,,33797594,118022853,-84225259,风电、地方国企,3.87,353529917,6378739606,0.858249,9426665
000957,中通客车,0.5,2756250,-0.94,11.02,33768623,3.96,,33768623,220533796,-186765173,股权转让、汽车整车,4.95,868482296,4370482334,2.00688,20048223
002607,中公教育,0.4,1432118,-0.78,3.92,33568793,1.82,,33568793,148322301,-114753508,职业教育、并购重组,2.62,457586451,15669394471,1.02522,19060660
600557,康缘药业,0.2,531112,-0.82,16.96,33050163,6.73,,33050163,91406570,-58356407,新冠药概念、中药,7.61,395709452,6281611289,1.81654,3917686
002783,凯龙股份,0.2,3557744,-0.65,9.52,32911541,3.25,,32911541,84826277,-51914736,氢能源、并购重组,3.93,342567794,2605957813,1.12688,6973200
000538,云南白药,0.4,397760,-0.16,50.5,32882742,1.41,,32882742,116360432,-83477690,医药、并购重组,1.57,401994085,32953415022,1.20389,-2168642
600600,青岛啤酒,0.6,1165450,-0.49,84.4,32740249,3.05,,32740249,100300329,-67560080,啤酒、酿酒,3.56,519659359,59568156935,0.797545,3000143
301095,广立微,0.1,76932,-0.89,87.9,32621408,1.91,,32621408,71012805,-38391397,EDA、浙江,2.83,244905321,8271372597,1.21693,0
002389,航天彩虹,0.6,175775,0.0,20.55,32356170,4.05,,32356170,105315702,-72959532,低空经济、无人机,4.05,361048490,13024515518,2.22713,0
600329,达仁堂  ,21.3,9172900,3.33,31.9,32343344,6.33,,32343344,87162699,-54819355,中药、高股息,2.9,310549215,5701306029,2.03601,3282379
001979,招商蛇口,0.6,719228,-0.7,11.23,32296206,-1.66,,32296206,174220012,-141923806,房地产、破净股概念,-0.97,592177277,30529515972,1.88746,-588812
600563,法拉电子,1.4,400108,-1.05,94.15,32189015,7.11,,32189015,69964903,-37775888,元器件、汽车类,8.24,298651000,9926968072,2.14412,0
603290,斯达半导,0.2,514800,-0.51,161.13,32105533,2.76,,32105533,86823568,-54718035,IGBT、碳化硅,3.29,370639340,10552112389,1.31634,3567825
600754,锦江酒店,0.9,704700,-0.51,32.89,31984943,4.48,,31984943,77508812,-45523869,旅游、参股券商,5.01,317958930,14200533500,1.4327,3811797
600285,羚锐制药,1.4,353814,-0.73,16.83,31851039,2.94,,31851039,40773871,-8922832,中药、医药,3.7,203119258,7400994310,2.75333,0
002475,立讯精密,1.5,7417350,-0.38,32.0,31786736,2.5,,31786736,649651382,-617864646,消费电子、并购重组,2.89,1748141931,127345738913,1.10183,-15277294
603027,千禾味业,0.4,443632,-0.37,17.16,31142930,4.83,,31142930,96661988,-65519058,食品饮料、西部大开发,5.21,372577691,7457217367,1.92477,11736267
600601,方正科技,1.6,1474830,-0.94,3.11,30869021,-2.2,,30869021,92919835,-62050814,印制电路板、云计算,-1.27,268204183,8377790594,1.87942,3222440
002345,潮宏基,2.0,214084,0.17,6.57,30714807,10.05,首板,30714807,57432728,-26717921,平台经济、高股息,9.87,132997422,3526789052,3.41572,34920203
601985,中国核电,3.3,2193650,0.14,7.24,30283801,-0.69,,30283801,144874593,-114590792,电力、绿色电力,-0.82,419734461,55690984810,1.21608,6763597
600487,亨通光电,1.1,1249300,-0.61,13.25,30066542,1.3,,30066542,122148640,-92082098,光芯片、并购重组,1.92,358625026,24882968656,0.983108,7261418
601058,赛轮轮胎,2.0,1108604,-0.6,11.88,29838943,2.15,,29838943,65173988,-35335045,汽车零部件、橡胶,2.77,239231693,26375331333,1.13603,7181963
688169,石头科技,4.5,1034031,1.78,291.77,29151120,3.85,,29151120,79340371,-50189251,机器人概念、科创板,2.03,355104922,27304291954,1.26796,0
301291,明阳电气,3.8,198268,0.18,28.84,28518534,6.38,,28518534,54461668,-25943134,算力、氢能源,6.19,195829195,1959185487,5.88886,-3241700
603619,中曼石油,1.8,2185920,-1.1,20.86,28346178,4.2,,28346178,62784396,-34438218,石油石化、天然气,5.35,240944086,5822997386,0.918346,4972500
300146,汤臣倍健,0.4,474516,-0.51,18.25,28055324,2.93,,28055324,85326422,-57271098,多胎概念、并购重组,3.46,264553256,17410552053,1.97334,7067800
688311,盟升电子,0.8,1906488,-0.79,50.65,27872068,0.14,,27872068,187823521,-159951453,军工、西部大开发,0.94,710991826,5072821296,1.46344,0
002077,大港股份,0.6,2323125,-0.76,16.3,27529105,2.71,,27529105,166251942,-138722837,汽车芯片、先进封装,3.49,839276112,4818815439,0.849868,18381554
600633,浙数文化,0.1,644526,-0.51,11.72,27376906,-0.68,,27376906,81766606,-54389700,腾讯系AI 、体育产业,-0.17,349050639,7768710734,1.041,7729927
600027,华电国际,1.7,1740351,0.0,4.99,27348928,2.04,,27348928,166648989,-139300061,绿色电力、并购重组,2.04,460059853,39069618942,1.47432,20728104
301520,万邦医药,2.6,1521455,0.16,61.28,26968380,6.09,,26968380,53538997,-26570617,CRO、仿制药,5.93,258956856,963347114,2.13894,0
300002,神州泰岳,0.4,2427366,-0.12,8.36,26928225,1.58,,26928225,185740758,-158812533,游戏、AIGC,1.7,733512486,13753331699,1.12432,0
300073,当升科技,0.6,1312434,-0.6,44.53,26806160,3.2,,26806160,153979682,-127173522,固态电池、高镍三元,3.82,522112836,17234076762,1.79579,-11200123
300118,东方日升,0.6,1535580,-1.1,17.94,26660114,3.76,,26660114,135536991,-108876877,光伏、光伏组件,4.91,490921470,15326829882,1.52498,9014189
600572,康恩贝  ,0.3,612990,-0.2,5.25,26521431,6.92,,26521431,132379711,-105858280,病毒防治、并购重组,7.14,509930714,8789515160,2.52867,18180757
002422,科伦药业,1.6,760090,0.61,27.43,26333849,5.3,,26333849,115079402,-88745553,医药、仿制药,4.65,516170689,24265451070,0.867788,7932808
301489,思泉新材,0.6,7222800,-3.7,96.02,26225761,18.54,,26225761,271195925,-244970164,AI手机、汽车零部件,23.1,1047847555,1366141591,1.00989,5710213
002487,大金重工,0.4,2902958,-1.41,27.91,26205479,1.09,,26205479,230224894,-204019415,风电零部件、基础建设,2.53,992794331,9746034052,0.852269,7559931
002600,领益智造,0.6,684208,-0.69,6.01,25761330,3.98,,25761330,119616834,-93855504,机器人概念、柔性屏,4.7,526192410,14326795634,1.54632,8959537
000630,铜陵有色,1.0,852036,-0.33,3.08,25713643,1.32,,25713643,78413653,-52700010,金属铜、有色金属,1.65,211710747,20641947937,0.97546,21559998
603918,金桥信息,3.8,7119566,-1.98,20.53,24785334,-1.01,,24785334,228651583,-203866249,阿里系AI、国产软件,0.98,781191123,5757329709,1.4209,21691890
600515,海南机场,1.9,255810,0.0,3.81,24780960,1.6,,24780960,54994624,-30213664,海南、地方国企,1.6,110055556,21292701018,1.25471,10927715
600031,三一重工,0.2,1219100,-0.14,14.91,24594118,1.98,,24594118,202030325,-177436207,基础建设、一带一路,2.12,665556491,77765142129,1.03653,8892374
002869,金溢科技,4.0,26881634,3.42,20.71,24391501,1.07,,24391501,184218910,-159827409,三季报增长、ETC,-2.27,647931874,2485001776,1.42796,-1628592
002401,中远海科,2.4,1032148,1.89,17.4,23993191,2.72,,23993191,32681304,-8688113,国资云、信创,0.81,193120150,3227916196,1.58708,0
002454,松芝股份,4.1,880880,0.13,7.99,23807048,3.9,,23807048,49086019,-25278971,汽车热管理、并购重组,3.77,181706257,2804310308,1.9218,0
688777,中控技术,2.4,805929,0.05,42.33,23552126,3.04,,23552126,91183260,-67631134,新型工业化、三季报增长,2.99,315463123,20363780685,1.13326,0
688472,阿特斯  ,1.3,1067250,-0.88,13.0,23516254,4.33,,23516254,107101320,-83585066,光伏、一带一路,5.26,352513676,5491453812,2.12255,0
600480,凌云股份,12.0,7679700,-4.46,8.8,23116786,-6.58,,23116786,94224590,-71107804,机器人概念、小米汽车,-2.22,428297099,4490547600,4.7225,-4215821
002038,双鹭药业,0.8,24016051,-2.82,11.93,23090083,2.05,,23090083,410089517,-386999434,医药、减肥药,5.02,1316192122,7517085716,0.976668,30392109
300638,广和通,0.5,598763,-0.48,19.06,23038225,1.06,,23038225,64750390,-41712165,AI玩具、通信,1.55,235513013,8344561813,1.19624,4205331
688037,芯源微  ,1.0,557660,-1.24,148.88,22910961,2.75,,22910961,105042901,-82131940,芯片、光刻胶,4.04,400592138,14209819876,1.21471,3091849
000631,顺发恒业,1.6,62533800,1.38,4.79,22600244,10.11,6连板,22600244,262948351,-240348107,房地产、风电,8.62,586273381,4325868396,1.37829,-43992542
600587,新华医疗,0.2,251532,-0.6,24.59,22336559,4.95,,22336559,94984427,-72647868,病毒防治、地方国企,5.58,376530068,8022932764,1.51434,3000060
688063,派能科技,0.6,2260168,0.0,120.35,22137833,5.61,,22137833,211813148,-189675315,储能、便携式储能,5.61,639875036,12512401901,1.54265,13104785
605555,德昌股份,0.3,1843186,-0.62,21.55,22076764,3.06,,22076764,75916579,-53839815,机器人概念、家电,3.71,331638160,2928358226,1.21678,0
001319,铭科精技,2.5,61848534,10.01,34.41,21527911,10.01,3连板,21527911,262607403,-241079492,机器人概念、一带一路,0.0,951025340,1336617998,2.16894,47096627
600138,中青旅  ,1.0,377832,-0.29,10.67,21185592,2.5,,21185592,56860315,-35674723,中字头、旅游,2.79,148802541,6388585673,1.47447,3179418
600023,浙能电力,2.0,2223860,-1.34,4.51,21094841,0.45,,21094841,89467056,-68372215,空气储能、火电,1.81,269992323,18472562930,1.15478,7688222
600009,上海机场,1.2,1468310,0.0,36.65,20871645,2.09,,20871645,136700140,-115828495,机场航空、并购重组,2.09,396691465,32095973949,1.33764,-3667000
002048,宁波华翔,3.8,3139216,-1.89,13.47,20600120,-5.54,,20600120,72738835,-52138715,小米汽车、特斯拉概念,-3.72,383922535,5781308589,4.72704,0
002870,香山股份,6.8,1511136,0.37,37.47,20502737,7.52,,20502737,94870133,-74367396,机器人概念、充电桩,7.12,335509465,2759409837,3.24041,-3017357
002311,海大集团,2.3,620340,1.03,43.68,20312006,4.57,,20312006,62914828,-42602822,农业、饲料,3.51,313477513,28203393403,1.2094,0
600968,海油发展,2.1,687270,-0.96,3.08,20036897,-1.6,,20036897,30063728,-10026831,石油石化、碳中和,-0.65,116571732,6331474005,1.31646,0
002074,国轩高科,1.3,761169,-0.5,23.41,19886572,6.8,,19886572,150523142,-130636570,固态电池、动力电池,7.34,645106425,24220740476,2.43255,-3465856
603369,今世缘  ,0.0,102420,-0.35,57.74,19746399,1.12,,19746399,59505379,-39758980,白酒、酿酒,1.48,283203834,40057536046,0.98867,3804683
600757,长江传媒,33.3,3292956,2.07,7.61,19742915,5.26,,19742915,37855580,-18112665,文化传媒、高股息,3.12,142113468,3599633298,2.25608,0
002334,英威腾,0.6,893256,-0.61,8.3,19665579,0.85,,19665579,49049374,-29383795,数据中心、算力,1.47,219587669,5735593685,0.835462,0
300820,英杰电气,3.1,728280,-0.77,50.65,19592301,5.59,,19592301,64375390,-44783089,半导体设备、化工,6.41,359408115,3466683107,2.17571,0
688347,华虹公司,0.3,670800,-0.56,44.52,19473730,2.96,,19473730,89962157,-70488427,芯片、存储,3.53,284981696,4626854214,1.08377,0
600804,*ST鹏博 ,0.3,681720,-0.51,4.12,19297900,5.1,4天3板,19297900,38831445,-19533545,ST板块、数字经济,5.64,93417149,5263959200,1.23714,0
601077,渝农商行,0.7,436392,-0.24,4.19,19227553,0.0,,19227553,106285726,-87058173,银行、高股息,0.24,243316405,27197993328,0.741426,-6697736
300985,致远新能,0.7,9213197,0.88,41.0,19216717,9.04,,19216717,97762911,-78546194,氢气储运、天然气,8.09,457380435,1475136040,1.01159,3103707
300861,美畅股份,1.9,584219,0.62,41.17,19200029,7.07,,19200029,46248383,-27048354,光伏、西部大开发,6.41,181909509,7154199489,2.45882,6155336
601100,恒立液压,0.3,127466,-1.21,58.05,19068625,3.48,,19068625,55008114,-35939489,滚珠丝杠、工程机械,4.75,389105497,15397116121,1.85667,0
600511,国药股份,0.6,801568,-0.77,27.71,19049814,1.54,,19049814,54574389,-35524575,病毒防治、央企,2.33,252331492,9448212305,1.22679,0
300442,润泽科技,0.7,1824390,0.43,23.29,19016171,0.39,,19016171,60886569,-41870398,数据中心、并购重组,-0.04,258505573,8349111388,1.20428,-5422520
603518,锦泓集团,11.9,868163,0.0,9.51,18841707,7.95,,18841707,56806766,-37965059,小红书概念、服装家纺,7.95,191663158,2176993200,3.42402,-1743868
300331,苏大维格,0.4,616275,-0.4,23.08,18661085,2.58,,18661085,70975714,-52314629,芯片、OLED,2.99,372783702,3926542423,1.57821,0
688433,华曙高科,2.5,1694023,6.17,32.3,18417830,4.87,,18417830,47239955,-28822125,新型工业化、新材料概念,-1.22,164047655,1206936558,2.41462,0
600085,同仁堂  ,6.6,5589215,2.15,52.45,18397979,5.15,,18397979,166987232,-148589253,中药、地方国企,2.94,752809573,34228676430,2.05108,7496292
601222,林洋能源,0.7,631368,-0.6,6.76,18359339,0.9,,18359339,56426969,-38067630,光伏EPC、锂电池,1.5,207243324,9106402987,2.0894,0
301381,赛维时代,0.6,381372,-1.08,32.62,18148568,3.23,,18148568,42691425,-24542857,平台经济、电子商务,4.35,237252188,1021169659,1.61868,0
600620,天宸股份,0.7,1069327,-1.72,10.02,17998665,1.21,,17998665,24982712,-6984047,年报增长、房地产,2.98,109741929,3649849503,0.727983,0
601336,新华保险,2.7,5142924,-1.85,34.38,17965444,-2.11,,17965444,136777736,-118812292,保险、三季报增长,-0.26,575639952,25088092186,1.91988,-8043528
603123,翠微股份,3.9,51074468,1.31,15.77,17869762,-1.44,,17869762,553156330,-535286568,蚂蚁金服概念、数字货币,-2.71,1501307814,5105164745,0.916373,14324043
301015,百洋医药,17.6,3599736,3.59,31.0,17670422,4.91,,17670422,70344245,-52673823,医药、医药零售,1.27,218829620,3666073750,1.33073,-3125347
002244,滨江集团,4.7,193116,-0.12,8.5,17593109,0.24,,17593109,40092171,-22499062,房地产、固态电池,0.35,173790757,10010021634,1.19572,0
000155,川能动力,4.1,435435,-0.79,11.81,17566194,3.6,,17566194,41595999,-24029805,并购重组、锂矿,4.42,189662287,9415901215,1.4505,0
600987,航民股份,1.7,383756,0.38,8.48,17472023,8.03,,17472023,53622810,-36150787,高股息、化工,7.61,193409774,4391467794,3.27139,0
601198,东兴证券,0.6,400891,-0.13,8.02,17470512,0.5,,17470512,69801605,-52331093,证券、资产管理,0.63,173455856,14235722846,1.20553,3003082
601311,骆驼股份,0.7,433359,-0.61,8.29,17352104,2.09,,17352104,24338162,-6986058,碳中和、固态电池,2.73,92833170,6169372151,1.28226,0
603456,九洲药业,0.2,332500,-0.48,26.54,17337020,5.65,,17337020,48613636,-31276616,医药、病毒防治,6.16,281494757,15735008014,1.60676,-3038400
603367,辰欣药业,1.8,393506,0.62,13.98,17310409,7.95,,17310409,49524723,-32214314,高股息、仿制药,7.29,214674407,2608696832,5.47717,6561211
605338,巴比食品,8.5,1794132,4.87,23.03,17304769,9.98,首板,17304769,36972034,-19667265,年报增长、食品饮料,4.87,95759303,5711440000,5.93275,5096539
301488,豪恩汽电,3.9,11463600,5.13,76.78,17253319,-1.56,,17253319,178520228,-161266909,无人驾驶、智能驾驶,-6.37,688476942,1535862425,2.47729,-1119879
601865,福莱特  ,0.8,97227,-0.64,25.82,17144723,2.91,,17144723,49389271,-32244548,光伏玻璃、并购重组,3.57,260094829,14992818130,2.03781,0
300173,福能东方,3.5,6734160,-2.69,5.03,17100176,4.14,,17100176,83476183,-66376007,固态电池、机器人概念,7.02,369903095,2912664257,1.42336,0
000777,中核科技,6.5,575100,-0.31,12.66,17019560,-1.25,,17019560,26343436,-9323876,并购重组、核电,-0.94,100919040,3524519792,2.47385,0
300678,中科信息,1.1,1043284,-0.83,28.96,16990765,-0.34,,16990765,75735853,-58745088,西部大开发、脑机接口,0.49,420964704,5606773080,1.39403,0
002737,葵花药业,0.7,5841885,0.62,24.36,16949390,1.5,,16949390,63919154,-46969764,中药、高股息,0.87,316347401,6901534464,1.52855,0
001258,立新能源,0.8,97662,-0.38,8.27,16929476,3.76,,16929476,26273217,-9343741,绿色电力、电力,4.16,132383790,2146896503,4.52426,0
002335,科华数据,0.3,1052800,-0.6,28.9,16807185,2.59,,16807185,57178134,-40370949,训推一体机、PCS设备,3.21,331179201,8382275156,1.24639,0
300811,铂科新材,0.1,35289,-0.93,42.08,16791418,6.32,,16791418,30137390,-13345972,算力、芯片,7.32,126909853,4619896579,1.49264,0
002739,万达电影,0.9,683650,0.0,12.29,16777821,1.57,,16777821,52801515,-36023694,影视院线、并购重组,1.57,181251102,14268257837,1.16639,0
000534,万泽股份,0.8,67284,-0.48,13.01,16713228,3.91,,16713228,21781422,-5068194,低空经济、医药,4.41,70477003,4504093288,1.80613,0
002531,天顺风能,0.8,652162,-0.87,12.86,16677913,1.26,,16677913,59171559,-42493646,风电零部件、并购重组,2.14,297213873,11399792819,0.97092,6498028
000028,国药一致,2.5,542909,-0.64,28.73,16591297,1.48,,16591297,52812044,-36220747,医药、破净股概念,2.13,223916881,4963932039,1.92167,0
605186,健麾信息,1.5,355350,0.2,36.22,16542347,5.2,,16542347,32756047,-16213700,AI医疗、人工智能,4.99,115149498,2417400906,1.5589,3687464
603596,伯特利  ,0.1,341869,0.09,72.3,16488799,-1.93,,16488799,46955835,-30467036,比亚迪产业链、线控底盘,-2.02,292111630,24248725680,0.770016,0
688568,中科星图,28.4,7511868,9.39,46.87,16412251,2.81,,16412251,47594111,-31181860,军工、卫星导航,-6.02,266857502,10017967088,3.27919,0
600211,西藏药业,6.7,4022440,-2.34,48.36,16246582,4.02,,16246582,55064435,-38817853,西部大开发、中药,6.52,251862868,5955621642,2.38533,-3234748
600481,双良节能,0.5,322700,-1.18,9.52,16108497,2.04,,16108497,53502859,-37394362,光伏、碳中和,3.25,200794564,10031240813,1.31757,3056508
300043,星辉娱乐,0.6,404151,0.0,3.44,16043859,3.93,,16043859,53021199,-36977340,文创产品、元宇宙,3.93,208812183,2858497221,1.32836,0
688050,爱博医疗,0.1,192233,-0.23,173.63,15924761,2.37,,15924761,67530017,-51605256,医疗器械、眼科医疗,2.61,228627513,11944712428,2.01979,-21565121
603298,杭叉集团,2.7,218800,0.18,22.35,15917776,2.34,,15917776,25017141,-9099365,工程机械、基础建设,2.15,144932892,7961933685,0.852238,0
002662,京威股份,3.7,1957320,0.56,3.64,15895912,1.68,,15895912,49996082,-34100170,锂电池、氢能源,1.11,171272901,3149360317,1.91982,7289998
002208,合肥城建,1.2,723348,-1.39,6.59,15865754,1.7,,15865754,26221917,-10356163,蚂蚁金服概念、金融概念,3.13,95641034,2139135552,1.96019,0
002727,一心堂,0.1,50904,-0.47,22.39,15860206,5.07,,15860206,33940072,-18079866,医药零售、破净股概念,5.56,177395413,5968784839,2.31199,0
300251,光线传媒,3.1,727500,0.27,7.53,15835286,0.67,,15835286,58180231,-42344945,影视院线、AIGC,0.4,225091606,11371041695,1.47204,0
003000,劲仔食品,0.5,853074,-0.7,12.0,15753813,4.35,,15753813,30219361,-14465548,食品饮料、湖南,5.08,187337395,2689855764,1.19989,4341032
002612,朗姿股份,1.2,276096,-0.92,22.58,15747263,3.72,,15747263,30102846,-14355583,医美、防脱发,4.68,175431191,4366617618,1.3111,0
605090,九丰能源,0.1,61200,-0.49,25.21,15715240,2.48,,15715240,44125326,-28410086,天然气、并购重组,2.98,196496854,5611080835,0.916272,0
600351,亚宝药业,3.2,588808,0.0,8.6,15697425,7.5,,15697425,111805653,-96108228,医药、中药,7.5,438316388,5804260081,2.36467,12011
301050,雷电微力,21.6,8400932,1.17,64.0,15528942,1.59,,15528942,112202731,-96673789,三季报增长、军工,0.41,406033815,7564894067,1.71348,0
002154,报喜鸟,0.1,79206,-0.16,6.29,15338606,2.28,,15338606,37486536,-22147930,元宇宙、服装家纺,2.44,132413584,4498554829,1.49996,0
601989,中国重工,0.8,1731600,0.0,4.06,15241304,1.5,,15241304,83520547,-68279243,造船、中特估,1.5,232824702,47299491794,0.985972,-801999
002558,巨人网络,1.3,486168,0.0,11.39,15220867,0.98,,15220867,49538021,-34317154,游戏、并购重组,0.98,234786710,14167663295,0.907134,4354375
600166,福田汽车,2.2,1303456,0.0,3.27,15188725,1.55,,15188725,126986942,-111798217,汽车类、固态电池,1.55,408728731,15598349462,1.18434,26269627
002518,科士达,0.9,1718496,-0.99,27.23,15069206,4.01,,15069206,66085759,-51016553,电源、PCS设备,5.05,356195996,6230343796,0.804306,0
002155,湖南黄金,2.2,1330290,-0.87,11.62,14987095,1.31,,14987095,63572698,-48585603,黄金、有色金属,2.2,268307832,8927478803,1.12904,0
601111,中国国航,11.8,16190180,3.46,7.73,14970807,2.79,,14970807,120340092,-105369285,机场航空、并购重组,-0.64,482088649,39103638453,1.21755,6932853
688076,诺泰生物,1.0,5124542,-1.78,51.0,14961731,9.4,,14961731,317059013,-302097282,减肥药、科创板,11.38,715752224,7362610289,1.29813,20387928
002617,露笑科技,1.9,505344,-0.45,6.71,14902131,1.51,,14902131,56947565,-42045434,高速连接、碳化硅,1.98,213500104,10032535065,1.26419,3297397
600372,中航机载,1.0,1579897,-0.6,13.48,14798218,0.67,,14798218,82520711,-67722493,军工、并购重组,1.28,253394459,29848788386,0.852954,14028028
600690,海尔智家,0.5,1126356,-0.22,22.64,14648676,1.48,,14648676,77448599,-62799923,家电、电子商务,1.71,343154977,74442679636,0.877944,-7145019
603393,新天然气,0.3,59199,0.04,30.56,14638432,8.45,,14638432,126133715,-111495283,天然气、并购重组,8.41,329803251,7652607889,3.08024,-10065839
000521,长虹美菱,0.9,420420,-0.17,6.0,14545692,1.87,,14545692,24816180,-10270488,家电、病毒防治,2.04,98343567,3769613379,0.856096,0
603131,上海沪工,0.4,6834091,-3.1,17.87,14542798,0.62,,14542798,153316066,-138773268,卫星导航、三季报增长,3.83,773236081,2899846164,0.871793,15534620
600566,济川药业,1.5,844800,-0.7,26.49,14453106,2.75,,14453106,73994398,-59541292,医药、中药,3.48,298912685,9312333927,1.06844,0
300487,蓝晓科技,2.4,447028,0.25,54.98,14441574,6.04,,14441574,80590540,-66148966,盐湖提锂、锂电池,5.77,287993819,10293223262,1.80706,0
600196,复星医药,1.1,564928,-0.33,28.08,14234191,3.05,,14234191,132998982,-118764791,医药、仿制药,3.39,472819815,34602228599,1.71531,15755867
300580,贝斯特,0.9,904540,0.39,24.94,14228488,-1.73,,14228488,41132357,-26903869,华为汽车、机器人概念,-2.12,209542313,3621398328,0.877129,424050
300142,沃森生物,0.4,2929732,0.0,22.63,14133221,3.43,,14133221,108198337,-94065116,医药、疫苗概念,3.43,541706559,35441751035,1.17883,3466154
600529,山东药玻,0.4,349180,0.0,27.48,14080686,2.31,,14080686,31128891,-17048205,疫苗概念、玻璃,2.31,227476859,12675076011,1.17433,0
002864,盘龙药业,0.7,545110,-0.8,38.2,14070322,4.97,,14070322,65640600,-51570278,中药、新冠药概念,5.82,302466832,2112398341,1.73069,3378088
300595,欧普康视,0.2,73780,-0.38,24.82,13982535,3.89,,13982535,42727315,-28744780,医疗器械、眼科医疗,4.29,221457024,11662522335,0.955332,7445999
002197,ST证通,0.7,726236,-0.67,10.28,13981665,-1.44,,13981665,58658378,-44676713,ST板块、数字货币,-0.77,261714572,5238883942,1.06025,346119
600540,新赛股份,0.5,165100,-0.39,5.41,13907521,6.08,,13907521,17220589,-3313068,棉花、风电运营商,6.5,114006655,1571019361,1.39516,0
002372,伟星新材,0.3,346970,-0.63,16.32,13814156,3.29,,13814156,34381744,-20567588,水利、并购重组,3.95,188652421,7375964027,1.4235,0
000400,许继电气,2.0,685588,-1.22,17.55,13804752,2.15,,13804752,30482058,-16677306,特高压、智能电网,3.42,158038325,9128771551,1.17525,0
600021,上海电力,2.4,842930,-0.34,8.78,13698803,0.69,,13698803,55528866,-41830063,绿色电力、风电运营商,1.04,205332465,10542211795,1.16716,3119534
002673,西部证券,0.7,658690,-0.45,6.67,13681497,0.3,,13681497,72900346,-59218849,并购重组、地方国企,0.76,231196926,16228882154,1.03404,-2342768
601137,博威合金,2.0,830234,-0.55,15.22,13665333,4.1,,13665333,43078777,-29413444,高速连接、通信,4.68,173488666,7159282038,1.87208,0
300723,一品红,25.5,4691775,0.41,28.27,13612640,6.64,,13612640,96554677,-82942037,医药、疫苗概念,6.2,408211452,6300185421,2.29416,4001697
300866,安克创新,2.8,740000,-0.45,93.9,13611528,1.05,,13611528,31875797,-18264269,消费电子、便携式储能,1.51,192688354,20905711969,1.29966,3751900
002828,贝肯能源,1.6,2826060,-0.89,11.42,13517071,1.96,,13517071,92342439,-78825368,石油石化、乌克兰概念,2.88,476951286,1823975502,1.24502,1532761
688408,中信博  ,0.7,245748,0.0,75.0,13493162,5.96,,13493162,46610719,-33117557,光伏支架、分布式光伏,5.96,161399122,7291505270,1.13371,0
600208,衢州发展,0.2,145423,0.0,2.4,13412433,1.69,,13412433,46160008,-32747575,房地产、破净股概念,1.69,91501616,9201244682,0.92399,0
002370,亚太药业,1.0,586250,0.0,4.84,13374993,3.2,,13374993,41563132,-28188139,年报增长、幽门螺杆菌,3.2,241047402,2348446388,1.16488,0
002837,英维克,1.0,765752,-0.46,25.99,13368569,0.0,,13368569,51408832,-38040263,阿里系AI、液冷服务器,0.46,279400417,6821560118,0.842916,0
000628,高新发展,2.3,6602650,9.99,31.82,13364781,9.99,7连板,13364781,30918284,-17553503,西部大开发、并购重组,0.0,30918284,5254873266,2.09842,30918284
300919,中伟股份,0.4,430525,-0.59,54.43,13334251,6.83,,13334251,137697803,-124363552,锂电池、有色金属,7.46,526840546,15653602899,2.26017,13138472
688676,金盘科技,0.3,58140,-0.31,31.53,13321764,-2.69,,13321764,27227725,-13905961,科创板、算力,-2.38,149571167,5057509209,1.58243,-3137670
601000,唐山港  ,0.3,75240,0.28,3.63,13276797,1.11,,13276797,35060710,-21783913,港口、高股息,0.83,93205730,10081581225,0.759537,7289999
601801,皖新传媒,1.1,320694,-0.29,7.02,13216083,3.24,,13216083,61097364,-47881281,智谱AI、文化传媒,3.54,177163232,3267002008,0.882007,0
002020,京新药业,3.0,2789532,-1.04,12.73,13205793,1.43,,13205793,80760178,-67554385,创新药、阿尔茨海默,2.5,298260735,6933771386,1.42803,3930119
002953,日丰股份,0.5,879648,0.38,13.72,13201888,5.22,,13201888,72995633,-59793745,高压快充、化工,4.81,407376565,2236819585,1.47095,805297
300355,蒙草生态,0.4,2724120,0.0,4.28,13081768,1.9,,13081768,87939219,-74857451,资产管理、环保,1.9,331108967,5557295598,1.10749,0
603613,国联股份,1.8,2064874,-0.03,37.48,13070874,5.43,,13070874,184392269,-171321395,电子商务、零售,5.46,610321299,17726769193,2.41459,18018977
000821,京山轻机,0.1,379941,-0.77,14.7,13040109,2.51,,13040109,52765996,-39725887,钙钛矿电池、异质结电池,3.3,286259582,6614174428,1.41136,-8038298
601658,邮储银行,0.5,1050447,-0.21,4.79,13004265,-0.21,,13004265,181757255,-168752990,银行、高股息,0.0,487266429,320845049056,0.911197,13421443
600769,祥龙电业,0.2,337260,-0.11,9.15,12955254,4.33,,12955254,27395031,-14439777,水务、基础建设,4.45,148587236,2709184830,1.04108,0
300592,华凯易佰,1.3,510992,0.43,23.29,12773669,-0.21,,12773669,21168536,-8394867,湖南、电子商务,-0.64,122790619,3654995727,1.01234,0
688002,睿创微纳,0.7,618694,-0.68,45.97,12760514,3.49,,12760514,42769811,-30009297,芯片、军工,4.19,282694024,15462410624,1.31529,-3868600
688556,高测股份,1.5,1224648,0.11,46.95,12723801,7.31,,12723801,89221767,-76497966,光伏、科创板,7.19,340812154,11246256061,1.59961,0
301533,威马农机,20.2,1346868,5.43,40.09,12699077,1.67,,12699077,18764383,-6065306,专用设备、一带一路,-3.56,135310855,868939074,2.83763,0
600168,武汉控股,2.5,1459065,-1.86,6.15,12685243,-4.65,,12685243,16328075,-3642832,污水处理、破净股概念,-2.84,133752789,1963850038,4.73215,0
600926,杭州银行,0.6,507300,-0.19,10.82,12661312,1.12,,12661312,108041310,-95379998,银行、高股息,1.31,255243905,32640068378,1.11612,-631302
688516,奥特维  ,2.2,120255,-0.55,138.58,12461189,6.81,,12461189,24647794,-12186605,光伏、光伏设备,7.4,171396304,10385912419,1.02282,0
600318,新力金融,0.3,178374,-0.61,6.64,12362495,1.37,,12362495,33811303,-21448808,金融概念、互联网金融,2.0,111712572,2421170983,1.28065,0
002130,沃尔核材,8.3,1814116,1.76,7.16,12362181,4.99,,12362181,40746734,-28384553,高速连接、核电,3.17,203798597,7469066554,1.90974,0
600761,安徽合力,1.3,502200,-0.71,17.0,12328378,0.83,,12328378,18689396,-6361018,工程机械、基础建设,1.55,131771385,7681551151,0.73874,0
300396,迪瑞医疗,0.8,352944,-0.08,25.36,12265021,3.38,,12265021,24111992,-11846971,央企、国有企业,3.47,156044780,3659413556,1.48391,0
600630,龙头股份,0.6,9447549,0.0,8.42,12185520,4.34,,12185520,126222022,-114036502,国有企业、服装家纺,4.34,689504046,2496958272,1.11454,-1477309
603101,汇嘉时代,0.4,1095765,0.42,7.94,12163114,9.97,首板,12163114,79897774,-67734660,零售、酿酒,9.52,219177049,1589351807,1.69002,10457766
603888,新华网  ,1.5,1262470,0.6,25.38,12125370,0.91,,12125370,33270478,-21145108,阿里巴巴概念、知识产权,0.32,214674375,5084249081,0.735827,0
300747,锐科激光,1.2,614400,0.21,24.32,12113055,1.54,,12113055,25468547,-13355492,央企、国有企业,1.33,135264739,7427925900,0.857348,3987419
600641,万业企业,2.3,273310,-0.2,15.91,12033416,5.16,,12033416,63347220,-51313804,半导体设备、地产链,5.36,264532519,9199097519,1.86996,12865098
688082,盛美上海,2.0,1332116,-0.37,123.08,12009503,-0.75,,12009503,38735075,-26725572,先进封装、三季报增长,-0.38,178727463,9192638672,0.819138,0
300691,联合光电,1.6,396494,0.0,17.99,11985563,1.18,,11985563,27835952,-15850389,AI眼镜、端侧AI,1.18,148440132,2693077632,1.12922,4778914
002035,华帝股份,3.3,162288,-0.18,5.69,11958029,2.89,,11958029,14015438,-2057409,家电、电子商务,3.08,85917771,3357893314,1.50132,0
002648,卫星化学,0.4,765072,-0.38,16.17,11780532,1.7,,11780532,55480183,-43699651,氢能源、煤化工,2.08,254879109,23120729920,0.875131,0
002131,利欧股份,0.2,931354,-0.47,2.15,11755601,1.42,,11755601,71505167,-59749566,AI智能体、网红经济,1.9,170428058,11931593120,0.74256,0
603229,奥翔药业,0.6,237180,-0.67,14.35,11686866,6.38,,11686866,25647170,-13960304,医药、肝炎概念,7.09,173646606,5424936739,1.59052,0
603505,金石资源,0.3,297920,-0.49,31.06,11670004,1.67,,11670004,29627979,-17957975,氟化工、有色金属,2.17,161244897,9258353465,0.752213,0
600603,ST广物  ,0.4,355348,-1.01,7.09,11563018,2.31,,11563018,20688369,-9125351,ST板块、地产链,3.35,70401065,4300239543,0.760728,0
600886,国投电力,0.5,169059,0.0,11.96,11547265,-0.25,,11547265,34659127,-23111862,水电、绿色电力,-0.25,150089475,30953882479,0.590933,3355812
002126,银轮股份,0.4,345800,-0.73,18.54,11535963,-3.13,,11535963,53253781,-41717818,机器人概念、汽车类,-2.42,315122276,13733267919,1.46507,0
600699,均胜电子,0.8,3116592,1.07,19.02,11414467,2.15,,11414467,203274094,-191859627,智能座舱、小米汽车,1.06,740358674,16947873802,1.39274,7464978
603040,新坐标  ,4.2,2133000,-2.98,21.72,11405772,-6.34,,11405772,22006041,-10600269,汽车零部件、环保,-3.47,153894648,1408079699,5.72758,0
600535,天士力  ,8.2,1976052,1.47,14.43,11325335,6.26,,11325335,80395917,-69070582,中药、免税,4.72,333986503,11762455258,2.52474,6833235
601998,中信银行,0.5,302356,0.0,5.58,11233962,-0.71,,11233962,48622836,-37388874,银行、高股息,-0.71,171403276,190192642612,1.15487,-3379183
000596,古井贡酒,1.3,765670,0.06,270.31,11185848,1.7,,11185848,54081847,-42895999,白酒、酿酒,1.64,217872701,37289700532,0.82066,6112743
600187,国中水务,0.1,265232,-0.36,2.76,11137337,0.36,,11137337,30888269,-19750932,水务、并购重组,0.73,94013882,3388699210,0.962961,0
300708,聚灿光电,105.3,797434,2.56,11.4,11076193,8.06,,11076193,72653945,-61577752,芯片、第三代半导体,5.36,409056309,3719609741,5.14989,-3441134
002184,海得控制,0.4,287640,-0.14,14.37,11050070,1.77,,11050070,32887198,-21837128,机器人概念、工业4.0,1.91,192561534,2921368520,1.74177,0
603899,晨光股份,0.3,91150,0.28,38.09,10939739,4.76,,10939739,41248307,-30308568,谷子经济、电子商务,4.47,192997331,12254369820,1.31805,0
600875,东方电气,1.4,589942,0.2,15.13,10865085,2.02,,10865085,44571522,-33706437,火电灵活改造、抽水蓄能,1.82,185526138,15761779920,1.21312,0
603517,绝味食品,0.4,396125,-0.38,33.79,10839212,6.22,,10839212,62196561,-51357349,食品饮料、高股息,6.63,316380799,12645352780,2.09039,0
300751,迈为股份,0.8,825480,-0.3,124.22,10828894,8.02,,10828894,99174190,-88345296,光伏、铜电镀,8.35,483583424,16128024052,1.61984,15776230
600510,黑牡丹  ,0.5,14134320,-2.43,5.98,10810545,-3.24,,10810545,59302936,-48492391,破净股概念、数字能源,-0.83,323981296,2410912903,2.40587,5521311
000783,长江证券,0.4,231176,-0.35,5.76,10799805,1.05,,10799805,46261816,-35462011,证券、破净股概念,1.41,187350191,22141293830,1.2043,0
301036,双乐股份,0.8,139620,-0.09,22.96,10718775,6.79,,10718775,21478499,-10759724,光刻胶、化工,6.89,158339509,931255767,3.08968,3055429
003020,立方制药,19.0,142557,-0.75,27.72,10717674,10.0,首板,10717674,43896211,-33178537,眼科医疗、医美,10.84,177712858,1895808192,3.37772,6868625
688305,科德数控,0.5,47387,-0.12,69.9,10688368,3.28,,10688368,16061204,-5372836,工业母机、新型工业化,3.4,62184907,2689919286,1.46681,0
300538,同益股份,2.9,5221916,-2.89,23.01,10584528,12.79,,10584528,420608316,-410023788,光刻胶、化工,16.15,954833749,2200680757,3.07705,-69178186
002610,ST爱康,0.3,133590,-0.45,2.24,10569221,1.82,,10569221,31753940,-21184719,光伏、光伏支架,2.28,112488064,10025303425,1.16512,0
002849,威星智能,0.3,4574504,-0.65,18.91,10565656,2.55,,10565656,119105116,-108539460,仪器仪表、锂电池,3.22,411355801,2978096369,1.68413,4256175
600845,宝信软件,0.7,71060,-0.57,42.14,10492636,0.24,,10492636,40968075,-30475439,阿里系AI、工业互联网,0.81,237857950,23622296079,1.19525,0
688080,映翰通  ,0.1,98176,-1.0,37.51,10431957,-1.65,,10431957,19621702,-9189745,工业互联网、算力,-0.66,86078052,1999403868,1.42353,0
600497,驰宏锌锗,2.6,1461718,0.4,5.09,10377859,1.6,,10377859,88382060,-78004201,金属锌、有色金属,1.19,259966123,16019155783,0.881806,7363450
605266,健之佳  ,0.6,33719,-0.06,51.13,10336271,6.08,,10336271,13960881,-3624610,医药零售、并购重组,6.14,58641270,3028449332,2.39572,0
605055,迎丰股份,0.4,620922,-0.14,7.47,10329056,4.04,,10329056,49264986,-38935930,分散染料、化工,4.18,231837479,739136839,1.46808,24435805
002439,启明星辰,0.7,350598,-0.4,25.36,10326314,2.3,,10326314,32204652,-21878338,AI智能体、网络安全,2.71,187458205,12504130428,0.898696,3749607
300360,炬华科技,3.4,2291324,-0.14,14.26,10208835,2.66,,10208835,35979544,-25770709,电气设备、虚拟电厂,2.81,123768777,3548849426,1.00907,3259619
688223,晶科能源,0.4,443192,-0.33,9.4,10149033,2.84,,10149033,86684130,-76535097,TOPCon、光伏,3.18,340110849,18443600000,0.977189,0
300491,通合科技,0.0,6816,-0.7,23.6,10023796,3.15,,10023796,18687003,-8663207,换电站、充电桩,3.87,90847321,2862165181,1.28853,0
600537,亿晶光电,0.7,399378,-0.96,5.38,10013978,2.87,,10013978,34074008,-24060030,光伏、TOPCon,3.86,139022950,4965585869,1.57551,0
300525,博思软件,3.4,723360,-0.83,13.75,9973475,3.31,,9973475,19702773,-9729298,乡村振兴、三季报增长,4.17,117242795,7120358913,1.64778,0
002443,金洲管道,0.4,8311680,-0.94,7.38,9949174,-1.2,,9949174,64514366,-54565192,水利、天然气,-0.27,381278702,3042093972,1.51098,-5707457
688665,四方光电,0.0,0,0.0,74.91,9909693,13.6,,9909693,27025597,-17115904,传感器、科创板,13.6,92090639,1605475000,3.14716,0
600744,华银电力,1.4,144720,0.0,3.41,9820902,1.79,,9820902,23623161,-13802259,电力、绿色电力,1.79,76873164,3096466626,1.49268,6804060
603063,禾望电气,0.6,216952,-0.86,24.73,9820798,6.23,,9820798,31922549,-22101751,电源、储能,7.15,234261701,8825950627,1.48887,0
000035,中国天楹,0.2,118900,-0.34,5.95,9808026,2.23,,9808026,34089252,-24281226,机器人概念、垃圾发电,2.59,119040659,11145011545,1.39147,5991589
000100,TCL科技,1.0,3242112,-0.26,3.84,9799980,-0.26,,9799980,259301492,-249501512,AI眼镜、面板,0.0,686666371,69317414152,1.1256,30928920
600310,广西能源,1.6,944015,0.0,3.65,9768962,1.11,,9768962,22659316,-12890354,电力、并购重组,1.11,101102959,2621414003,1.11971,0
300144,宋城演艺,0.1,1624245,-1.0,11.19,9664112,2.1,,9664112,107046021,-97381909,文化传媒、旅游,3.13,357812736,16746658539,1.38797,3114701
603317,天味食品,0.6,100759,0.08,14.02,9660454,6.05,,9660454,28139893,-18479439,食品饮料、西部大开发,5.97,175462593,4606966046,2.65202,0
600737,中粮糖业,2.2,1139600,-1.03,7.87,9639873,1.16,,9639873,26881759,-17241886,白糖、高股息,2.21,104969540,8273319255,0.886755,0
600577,精达股份,0.8,139548,-0.5,4.1,9631447,1.74,,9631447,30816593,-21185146,高速连接、扁线,2.24,93367122,6358585349,1.18598,12277830
603788,宁波高发,1.3,11101695,10.0,20.13,9631403,10.0,4连板,9631403,21071275,-11439872,三季报增长、股权转让,0.0,21109525,2569134022,0.106105,13611100
603080,新疆火炬,1.6,2395035,2.91,17.12,9593405,3.95,,9593405,39222392,-29628987,天然气、并购重组,1.0,207980686,1447490501,1.31118,0
002293,罗莱生活,112.6,2115144,-2.16,10.18,9587005,-4.59,,9587005,15769385,-6182380,高股息、服装家纺,-2.49,103622464,4524258416,4.63936,0
300840,酷特智能,0.2,294516,0.11,18.9,9549397,4.07,,9549397,25222640,-15673243,AI智能体、固态电池,3.96,143743871,2953884701,1.13819,0
000423,东阿阿胶,1.3,532350,0.04,46.61,9456367,2.48,,9456367,31818458,-22362091,高股息、中药,2.44,147986115,17215902126,1.26062,0
688155,先惠技术,0.6,108063,-0.13,48.97,9401964,2.96,,9401964,16846481,-7444517,固态电池、锂电池,3.09,52720228,2266074295,0.987446,0
601799,星宇股份,0.2,1297722,-1.0,142.89,9387961,1.38,,9387961,52272902,-42884941,车路云、三季报增长,2.4,302611651,18595284292,0.840091,0
002508,老板电器,1.0,955552,0.04,23.17,9348927,0.91,,9348927,68968936,-59620009,装修家具、家电,0.87,363304102,8996089586,1.85496,0
300181,佐力药业,1.5,632730,-0.41,10.37,9313028,6.91,,9313028,65356895,-56043867,中药、医药,7.35,278778443,5907823981,1.63424,-3053648
002028,思源电气,3.9,453550,-0.31,48.93,9274029,1.1,,9274029,26425252,-17151223,智能电网、并购重组,1.41,172132208,23495432962,0.690225,-3235592
601890,亚星锚链,1.0,312300,-0.33,9.07,9157794,0.44,,9157794,12179906,-3022112,风电、军工,0.78,77785846,5623935018,0.885468,0
002276,万马股份,0.5,263921,-0.78,10.45,9088887,1.75,,9088887,25755169,-16666282,机器人概念、充电桩,2.55,119454265,7500399775,0.892468,0
600373,中文传媒,1.0,183520,0.0,12.39,9086796,-0.08,,9086796,16735578,-7648782,元宇宙、并购重组,-0.08,89024061,5885535055,0.723925,0
002646,天佑德酒,2.8,564160,1.47,14.45,9079720,6.56,,9079720,20500907,-11421187,白酒、酿酒,5.01,138510756,3937253077,3.33798,0
600332,白云山  ,0.9,627404,-0.07,29.42,9059001,2.15,,9059001,46895216,-37836215,止咳药、高股息,2.22,204989116,19827537444,1.24238,-508310
601108,财通证券,1.3,1026210,-0.25,8.07,9033409,1.89,,9033409,154754373,-145720964,证券、地方国企,2.15,445967344,26548806503,1.51571,240690
688281,华秦科技,0.9,181251,-1.24,143.06,8983597,6.79,,8983597,27581336,-18597739,军工、化工,8.13,156565002,4827543504,1.26643,3835493
600862,中航高科,1.3,614950,-0.81,24.7,8933571,0.0,,8933571,17968515,-9034944,通用航空、碳陶刹车,0.82,106362844,19991510825,0.592198,0
300012,华测检测,1.6,1080288,0.47,15.05,8834394,1.62,,8834394,18289537,-9455143,并购重组、地产链,1.14,212401523,17854380764,0.697046,0
300652,雷迪克,11.4,1217189,1.43,24.52,8815787,0.33,,8815787,27227223,-18411436,三季报增长、浙江,-1.09,135472981,1140264612,2.4704,0
300698,万马科技,0.4,1613178,0.81,36.55,8792286,-0.87,,8792286,33716908,-24924622,无人驾驶、算力,-1.67,126920554,2108822693,0.71069,0
688083,中望软件,8.0,663074,-2.27,103.89,8781457,-0.55,,8781457,18367489,-9586032,国产软件、科创板,1.76,122027393,7154384557,0.892323,-6840356
601518,吉林高速,1.1,326808,0.0,2.73,8771817,2.25,,8771817,18082723,-9310906,公路运营、破净股概念,2.25,79130236,1623456422,1.66174,0
688361,中科飞测,6.7,158265,-0.55,80.4,8738753,2.46,,8738753,35650854,-26912101,芯片、半导体设备,3.02,142632100,4811622412,1.3092,0
603323,苏农银行,1.1,123353,0.0,4.24,8710309,0.71,,8710309,29963918,-21253609,银行、破净股概念,0.71,77789012,5959169731,1.00519,0
600180,瑞茂通  ,4.3,347739,0.71,5.83,8637182,2.82,,8637182,21145888,-12508706,电子商务、煤炭,2.1,70800692,2586000568,1.63948,0
600562,国睿科技,5.1,1115112,-1.3,14.25,8572337,-2.13,,8572337,25218333,-16645996,卫星导航、PPP概念,-0.84,137345926,6461504686,1.77232,0
688576,西山科技,0.0,0,0.0,89.68,8525699,9.15,,8525699,25124025,-16598326,医疗器械、西部大开发,9.15,95235088,1065158475,3.19979,0
600251,冠农股份,3.7,1193930,0.67,9.1,8506781,2.36,,8506781,25335305,-16828524,乡村振兴、化肥,1.68,128436808,4149568650,2.0674,0
601916,浙商银行,1.9,1036750,-0.39,2.51,8503097,0.0,,8503097,109645681,-101142584,银行、高股息,0.4,204415351,41520333574,1.23501,0
000498,山东路桥,9.7,4773236,-4.17,6.02,8471817,-3.53,,8471817,36081185,-27609368,基础建设、并购重组,0.67,162703708,3529351389,3.23338,0
000681,视觉中国,0.2,149580,-0.14,13.93,8443605,0.43,,8443605,26906475,-18462870,DeepSeek、知识产权,0.58,168119841,6713592461,0.831869,0
603615,茶花股份,0.3,168606,-0.8,10.51,8440697,5.73,,8440697,24977713,-16537016,电子商务、化工,6.59,137846022,987520948,1.62415,0
600998,九州通  ,3.8,2192980,-2.68,7.44,8432178,-0.13,,8432178,20641604,-12209426,医药零售、医药,2.62,152929620,17519444791,1.94457,0
300318,博晖创新,0.1,51442,0.52,6.06,8426749,5.39,,8426749,14117398,-5690649,医疗器械、新冠检测,4.84,70372892,2264710262,2.81509,0
600820,隧道股份,0.3,129156,-0.35,5.65,8426317,-0.18,,8426317,21019318,-12593001,基础建设、高股息,0.18,90073930,11034783598,0.929586,0
300859,西域旅游,0.8,218370,0.4,25.99,8417459,3.96,,8417459,27963528,-19546069,旅游、新疆,3.55,105581281,1577062211,1.79594,0
000301,东方盛虹,1.0,459963,-0.58,10.56,8408138,2.03,,8408138,69814592,-61406454,光伏、POE胶膜,2.62,236653887,25256730627,1.3718,307733
600992,贵绳股份,0.4,80080,-0.07,14.77,8356800,1.37,,8356800,12812755,-4455955,军工、钢铁,1.44,57065862,2768812827,1.09634,3427717
000607,华媒控股,0.3,161113,-0.45,4.52,8328428,2.49,,8328428,14650756,-6322328,文化传媒、数据确权,2.96,60096997,2341091782,1.06793,0
000716,黑芝麻,1.0,1675359,-0.65,6.25,8220660,1.96,,8220660,30330224,-22109564,食品饮料、锂电池,2.63,170911268,2920012968,1.42698,0
300406,九强生物,0.3,144892,-0.79,16.92,8165338,3.11,,8165338,16141851,-7976513,病毒防治、医药,3.93,102635047,4087818695,1.03329,0
688719,爱科赛博,0.1,222384,-0.81,64.52,8165132,4.06,,8165132,50775078,-42609946,电源、华为汽车,4.91,165923548,1174122222,1.21013,0
300957,贝泰妮,0.4,2194192,-1.44,75.98,8120172,5.12,,8120172,78834732,-70714560,美容护理、医美,6.65,519560580,9520612441,1.2054,0
688531,日联科技,2.5,61671,-0.6,113.7,8082737,2.07,,8082737,13844185,-5761448,锂电池、三季报增长,2.69,66298646,2101754199,1.99348,0
600706,曲江文旅,0.0,165172,-0.29,14.08,8070364,1.15,,8070364,22297047,-14226683,旅游、一带一路,1.44,128763171,1949011253,0.913902,4412532
601778,晶科科技,0.6,247104,0.0,3.59,8024014,1.99,,8024014,43831597,-35807583,光伏、分布式光伏,1.99,146714187,9183093566,1.04187,6790998
603179,新泉股份,0.4,65506,-0.28,46.74,8006049,-0.38,,8006049,13540618,-5534569,汽车零部件、三季报增长,-0.11,139226303,14311313989,0.870384,0
002484,江海股份,2.2,865230,1.41,16.04,7996341,7.72,,7996341,46796377,-38800036,服务器、汽车类,6.23,324679172,7088515728,3.25663,0
002299,圣农发展,1.9,1301762,-0.34,18.0,7965846,3.21,,7965846,30945460,-22979614,鸡肉、养殖业,3.57,176771887,11267016397,1.40672,3555998
600391,航发科技,4.2,251652,0.05,18.87,7943619,0.53,,7943619,20347667,-12404048,军工、大飞机,0.48,77112742,3981020410,0.915851,0
600771,广誉远  ,0.1,148772,-0.28,29.64,7937640,3.31,,7937640,54202982,-46265342,白酒、酿酒,3.6,240720522,12387125527,1.25314,7983976
300990,同飞股份,0.6,707550,-0.63,46.14,7933041,3.04,,7933041,32060540,-24127499,光刻机、专用设备,3.69,214561618,1942153200,1.56156,0
603737,三棵树  ,0.1,68700,-0.62,59.43,7885810,3.16,,7885810,37896485,-30010675,装修家具、并购重组,3.81,182356833,7141235735,1.09006,0
002292,奥飞娱乐,0.3,199650,-0.68,7.36,7821461,0.68,,7821461,35999321,-28177860,谷子经济、字节概念,1.38,168484693,6273587980,0.88889,7380299
300783,三只松鼠,1.2,184416,-0.06,18.54,7779028,2.49,,7779028,25113257,-17334229,食品饮料、零售,2.54,114945367,3355456220,1.60789,0
300773,拉卡拉,2.9,683400,-0.7,17.33,7728722,1.23,,7728722,59500679,-51771957,跨境支付、数字货币,1.94,230753594,8857854887,1.06609,3465927
002063,远光软件,0.5,356684,0.0,5.79,7721326,0.7,,7721326,26067884,-18346558,智能电网、算力,0.7,138599479,7742601846,1.10631,0
000811,冰轮环境,0.9,188472,0.0,14.05,7688704,3.84,,7688704,21592136,-13903432,数据中心、碳中和,3.84,109800335,6696875636,1.6225,0
002690,美亚光电,2.0,406125,0.22,19.1,7637000,6.05,,7637000,16376097,-8739097,医疗器械、高股息,5.82,133940590,3919931086,1.5906,0
002948,青岛银行,0.8,191308,-0.29,3.31,7626595,-2.36,,7626595,24289089,-16662494,银行、破净股概念,-2.07,118877005,7718211475,2.069,0
000009,中国宝安,2.7,503760,-0.3,10.26,7579921,2.5,,7579921,36316953,-28737032,创投、负极,2.81,179331828,16193012455,0.962107,0
301277,新天地,2.0,107219,-0.34,21.21,7555800,4.48,,7555800,22585789,-15029989,合成生物、医药,4.84,135170201,1060347600,1.4584,0
688006,杭可科技,1.3,207270,0.17,24.11,7529289,4.87,,7529289,18494180,-10964891,锂电设备、固态电池,4.69,94907401,5093708179,1.45587,0
688016,心脉医疗,0.0,1394085,1.36,191.95,7516786,4.04,,7516786,39975974,-32459188,医疗器械、医药,2.65,175639639,7503006649,1.5371,0
600490,鹏欣资源,2.6,210796,0.0,3.07,7514381,1.66,,7514381,22093479,-14579098,黄金、金属钴,1.66,69148431,4892648537,0.927592,3060000
600377,宁沪高速,6.9,549486,-0.39,10.06,7483717,-2.61,,7483717,11494668,-4010951,公路运营、REITs,-2.24,102035671,4737822368,1.47293,0
603979,金诚信  ,1.7,952323,-0.49,36.47,7463654,0.22,,7463654,30683845,-23220191,有色金属、磷化工,0.72,145014506,13138766795,0.958157,3674560
000759,中百集团,0.8,81780,0.0,4.45,7460234,2.3,,7460234,10273967,-2813733,零售、预制菜,2.3,45592991,1584592923,1.25264,0
688772,珠海冠宇,1.1,305021,-0.44,18.71,7452933,3.09,,7452933,28772057,-21319124,动力电池、固态电池,3.54,186954120,12644363158,1.33079,0
300591,万里马,0.6,420210,0.0,7.05,7436744,2.17,,7436744,28916301,-21479557,C2M、服装家纺,2.17,128038828,2045374664,0.768397,0
300584,海辰药业,0.4,580650,-0.81,25.78,7393719,4.37,,7393719,22186211,-14792492,猴痘概念、幽门螺杆菌,5.22,208334379,1277364233,0.95524,0
688351,微电生理,5.4,179742,1.97,22.53,7368626,11.2,,7368626,11478308,-4109682,医疗器械、医药,9.05,94844281,2739705528,3.74257,0
600210,紫江企业,1.9,287040,-0.57,5.29,7333431,1.15,,7333431,11049838,-3716407,固态电池、化工,1.73,47906972,5911802086,0.992647,0
600020,中原高速,0.6,63848,-0.29,3.53,7330025,1.44,,7330025,14412542,-7082517,公路运营、破净股概念,1.73,45221394,3149374630,1.52934,0
002906,华阳集团,3.3,3670839,0.21,33.51,7330023,-0.36,,7330023,95702188,-88372165,无人驾驶、智能座舱,-0.56,389239345,5952347168,1.53483,0
002158,汉钟精机,1.9,323760,-0.28,21.84,7319174,2.25,,7319174,11167114,-3847940,新型工业化、雄安新区,2.54,92539204,3589200769,1.45888,0
002990,盛视科技,0.4,134332,-0.59,30.89,7300531,0.59,,7300531,12384947,-5084416,机器人概念、病毒防治,1.18,62812624,2386524468,1.07405,6045989
688596,正帆科技,0.6,1336959,1.28,38.05,7288030,1.17,,7288030,19359741,-12071711,芯片、三季报增长,-0.11,123353332,8571800083,1.31918,0
300668,杰恩设计,0.2,39596,2.26,21.82,7280510,7.07,,7280510,28237374,-20956864,基础建设、海南,4.7,104596580,1101729985,3.19454,0
002891,中宠股份,1.0,464979,0.32,22.55,7271578,3.63,,7271578,10404983,-3133405,年报增长、并购重组,3.3,75574851,3168618759,1.46285,0
300660,江苏雷利,1.2,272950,-0.38,27.06,7257369,1.73,,7257369,26426215,-19168846,宇树机器人、储能,2.11,136037052,3072528163,1.34854,0
600162,香江控股,1.7,240960,-0.52,1.94,7251186,0.52,,7251186,17906885,-10655699,房地产、算力,1.04,38417793,2394281076,0.885282,0
603033,三维股份,0.2,109824,-0.12,17.42,7167966,4.56,,7167966,22262499,-15094533,橡胶、北交所,4.69,96613301,6641329550,1.14172,0
300160,秀强股份,0.6,171314,-0.33,6.07,7159748,1.0,,7159748,16478986,-9319238,分布式光伏、并购重组,1.34,55615079,2748657908,1.51532,0
000819,岳阳兴长,0.0,1825,-0.11,18.81,7143569,2.96,,7143569,16076877,-8933308,化工、POE胶膜,3.07,50398150,3761978773,1.7304,0
601933,永辉超市,0.4,331100,-0.32,3.13,7100693,1.29,,7100693,22440221,-15339528,零售、并购重组,1.62,75247159,12310327974,1.01121,10000
300855,图南股份,1.2,41104,-0.24,30.59,7094515,3.94,,7094515,15484798,-8390283,航空发动机、核电,4.19,67434577,7029284842,1.03912,0
000962,东方钽业,1.0,878250,-0.43,11.98,7062550,1.87,,7062550,19275946,-12213396,核电、钽电容,2.31,114604657,2859721281,1.16605,0
601728,中国电信,0.7,2615218,-0.74,5.42,7019811,0.0,,7019811,224621580,-217601769,AI政务、6G,0.74,738523299,71830156537,0.805304,-35232243
002169,智光电气,1.3,139494,-0.14,7.13,6995209,2.59,,6995209,19737887,-12742678,芯片、锂电池,2.74,73859183,4362199255,1.74212,0
600482,中国动力,0.2,122640,-0.34,17.81,6980952,1.31,,6980952,16349793,-9368841,并购重组、军工,1.66,109104560,18730318665,0.859021,0
002367,康力电梯,7.7,387280,-0.72,7.98,6959403,-3.86,,6959403,17626729,-10667326,电梯概念、高股息,-3.16,115645221,3475287129,3.32111,-3637681
600248,陕建股份,0.1,325611,-0.46,4.34,6957909,0.7,,6957909,18134676,-11176767,基础建设、石油石化,1.17,89585748,5141704742,0.786373,0
688113,联测科技,0.0,0,0.0,46.23,6913416,2.76,,6913416,6913416,0,小米汽车、科创板,2.76,25029216,1708136973,2.09912,0
300039,上海凯宝,0.9,371385,-0.76,6.84,6910163,3.64,,6910163,46046881,-39136718,中药、新冠药概念,4.43,227332107,4346643370,1.94939,0
300446,航天智造,1.4,476385,-0.87,14.11,6899202,2.47,,6899202,33031888,-26132686,华为汽车、并购重组,3.37,201694259,2796786883,2.68701,0
300560,中富通,0.7,210947,-0.6,16.41,6895465,-1.8,,6895465,16087188,-9191723,车路云、智能驾驶,-1.2,95442332,1274092897,1.04675,3092810
600312,平高电气,0.3,283214,-0.85,10.86,6889611,2.07,,6889611,19003105,-12113494,特高压、智能电网,2.94,125590990,8625247708,0.934202,0
000592,平潭发展,1.1,491064,-0.42,2.41,6861653,1.26,,6861653,28303008,-21441355,福建、免税,1.69,85558845,3814905452,1.00125,0
000570,苏常柴Ａ,1.2,175908,0.0,5.57,6839148,1.64,,6839148,7934590,-1095442,农机、农业,1.64,50355861,1826500907,1.13376,0
000157,中联重科,0.2,244125,0.0,6.66,6835723,2.3,,6835723,44407692,-37571969,基础建设、并购重组,2.3,187618341,34101654410,0.882181,0
000526,学大教育,1.9,6402786,-0.47,37.9,6818480,-1.2,,6818480,36327649,-29509169,教育、并购重组,-0.73,278788965,2763460678,1.24801,3407388
688589,力合微  ,0.3,264470,-0.59,40.3,6813132,2.86,,6813132,16336584,-9523452,芯片、光伏,3.47,91500409,2634006283,1.05656,0
603300,海南华铁,0.4,293910,-0.68,5.79,6798567,-1.19,,6798567,19998748,-13200181,算力、并购重组,-0.52,98655266,8957201655,0.974678,0
688621,阳光诺和,0.2,28017,-0.84,66.09,6757422,4.33,,6757422,31320801,-24563379,CRO、医药,5.21,99392126,4279506970,1.67364,0
603198,迎驾贡酒,0.1,324000,-0.07,72.69,6740614,0.89,,6740614,27892357,-21151743,白酒、酿酒,0.96,191465282,14743890000,1.13724,0
000776,广发证券,0.4,1035927,-0.21,14.8,6696883,1.37,,6696883,203583151,-196886268,证券、控参股基金,1.58,553082359,40351425511,1.20344,-1370659
601595,上海电影,0.3,64080,-0.45,17.86,6658467,-0.11,,6658467,15944253,-9285786,文化传媒、AIGC,0.34,121300797,2465782590,1.28907,0
603056,德邦股份,0.6,101520,0.07,14.67,6650498,4.12,,6650498,9828594,-3178096,物流、股权转让,4.04,56021967,3245437819,1.308,0
301330,熵基科技,5.7,265200,-0.26,31.24,6627971,-0.13,,6627971,8643575,-2015604,数字经济、华为概念,0.13,62077768,2022243113,1.30143,0
300421,力星股份,0.6,68552,0.11,9.14,6602323,1.44,,6602323,7420145,-817822,机器人概念、风电零部件,1.33,43721902,1954776961,0.781585,0
600161,天坛生物,0.3,490320,-0.55,27.73,6567818,1.24,,6567818,70826685,-64258867,新冠药概念、央企,1.8,337684702,24843193859,1.34105,-916893
603927,中科软  ,1.5,630644,0.42,31.0,6561188,-0.29,,6561188,17137969,-10576781,信创、国产软件,-0.7,121781697,12599797330,1.08003,0
600428,中远海特,0.9,425663,0.0,5.14,6515650,0.59,,6515650,15134278,-8618628,航运、中字头,0.59,73198788,5468067983,0.92416,0
300898,熊猫乳品,1.3,118218,-0.04,23.91,6466547,3.1,,6466547,17435074,-10968527,乳业、食品饮料,3.15,124750614,2558721013,1.4644,0
300119,瑞普生物,0.9,299460,0.06,16.81,6457735,4.47,,6457735,9559885,-3102150,动物疫苗、饲料,4.41,74791337,4513769585,1.50624,0
600792,云煤能源,1.3,261220,-0.8,3.78,6387131,1.34,,6387131,15037503,-8650372,国有企业、焦炭,2.16,68036909,1106592738,0.788848,0
688239,航宇科技,0.3,123675,-0.98,48.6,6347253,-0.78,,6347253,21086217,-14738964,科创板、西部大开发,0.21,114916420,5024026544,1.38912,3910377
603109,神驰机电,6.0,3630363,-2.46,15.25,6302863,-1.29,,6302863,13418034,-7115171,发电机、算力,1.19,88013257,1089805345,2.04267,0
603919,金徽酒  ,0.6,710640,0.04,26.66,6291109,1.33,,6291109,13691175,-7400066,白酒、酿酒,1.29,101997823,5798404090,0.720457,0
002852,道道全,9.5,256564,0.0,11.18,6289834,3.71,,6289834,13237506,-6947672,年报增长、食品饮料,3.71,75849460,2264814597,1.8758,0
600871,石化油服,2.1,435408,-0.52,1.95,6251539,0.52,,6251539,33650254,-27398715,石油石化、天然气,1.04,80942388,5568507126,0.860732,0
603529,爱玛科技,0.6,211500,0.0,28.68,6212991,1.7,,6212991,22788812,-16575821,两轮车、自行车,1.7,109594804,6435521030,1.16002,0
301203,国泰环保,2.4,941481,1.97,43.66,6176818,3.56,,6176818,13845106,-7668288,污水处理、环保,1.56,102811281,787500000,2.0801,0
301325,曼恩斯特,2.2,383238,-0.6,73.54,6170307,3.0,,6170307,9730241,-3559934,宇树机器人、固态电池,3.62,87976101,1818153947,1.36542,0
002772,众兴菌业,1.4,117360,-0.24,8.39,6162254,2.69,,6162254,8394972,-2232718,食品饮料、酿酒,2.94,51961115,2075572179,1.34545,0
688091,上海谊众,1.5,170504,0.44,55.25,6160854,5.32,,6160854,22620751,-16459897,医药、创新药,4.86,101867640,5077386550,1.52909,0
002707,众信旅游,0.2,692930,-0.75,6.77,6159542,1.04,,6159542,25136453,-18976911,旅游、并购重组,1.8,119127588,4557251196,0.999763,0
301029,怡合达,2.3,194340,0.0,34.0,6159072,4.97,,6159072,13922575,-7763503,工业母机、新型工业化,4.97,96804098,6597669353,1.56555,5089498
688258,卓易信息,0.2,51822,-0.93,57.2,6156732,-1.58,,6156732,20595344,-14438612,算力、江苏省,-0.66,78696368,2884145323,0.895446,3254947
000928,中钢国际,0.8,877952,0.0,6.22,6155243,2.3,,6155243,35363159,-29207916,基础建设、碳中和,2.3,179877437,4639874801,1.00169,0
301397,溯联股份,0.9,1898320,0.1,50.96,6128427,4.53,,6128427,45516380,-39387953,西部大开发、氢能源,4.43,208716026,1208337654,1.68776,0
603801,志邦家居,0.8,132192,0.15,19.9,6102250,2.52,,6102250,13779119,-7676869,装修家具、高股息,2.37,111919390,5045124374,1.55329,0
002506,协鑫集成,0.4,453196,-0.36,2.8,6092958,1.82,,6092958,18918367,-12825409,光伏、芯片,2.19,86238854,11555508881,0.798381,0
002489,浙江永强,1.5,188615,-0.31,3.25,6083043,2.2,,6083043,18585314,-12502271,户外运动、地产链,2.52,80605006,3245954306,1.61788,0
603466,风语筑  ,0.4,217920,-0.61,11.67,6079719,2.19,,6079719,21985559,-15905840,DeepSeek、旅游,2.82,115198379,3776409195,1.09393,0
300164,通源石油,1.1,7382960,-2.26,5.44,6001970,2.26,,6001970,123516188,-117514218,石油石化、化工,4.62,561168509,2846101264,0.97815,0
300172,中电环保,0.3,563465,-0.17,5.96,5957784,0.0,,5957784,28026383,-22068599,核污染概念、污水处理,0.17,156451839,2840625961,1.01961,0
301550,斯菱股份,9.4,5392400,0.74,52.61,5942481,1.92,,5942481,84060770,-78118289,工业互联网、农业,1.17,329500345,1372950637,2.02387,-6373713
300141,和顺电气,0.6,79265,0.21,9.64,5935313,1.15,,5935313,11557580,-5622267,电气设备、储能,0.94,79923541,576663727,2.8199,0
603018,华设集团,0.4,330650,-0.89,7.72,5931221,-1.66,,5931221,14387361,-8456140,低空经济、分布式光伏,-0.77,78918793,4893096488,1.25862,0
600225,退市卓朗,7.0,2831120,-1.6,4.48,5841799,2.52,,5841799,34469970,-28628171,破净股概念,4.19,161365241,5082416818,1.49718,0
603283,赛腾股份,5.0,207225,0.0,46.0,5823996,-0.11,,5823996,19127487,-13303491,苹果概念、新型工业化,-0.11,101112261,4769862012,1.34066,0
600586,金晶科技,0.4,417201,-0.59,6.84,5805151,1.63,,5805151,17897527,-12092376,钙钛矿电池、玻璃,2.24,96395267,6640569539,1.01556,0
300533,冰川网络,1.4,445808,0.24,25.68,5782733,1.62,,5782733,18026310,-12243577,游戏、深圳,1.38,148406471,3563860384,1.1149,0
300882,万胜智能,88.7,10381612,4.21,22.28,5702716,3.15,,5702716,40603224,-34900508,虚拟电厂、电气设备,-1.02,218338240,4253623117,3.47166,-3133642
688533,上声电子,1.6,1011679,0.0,45.65,5693690,2.24,,5693690,23774149,-18080459,华为汽车、科创板,2.24,144342153,1820800000,1.32844,0
603279,景津装备,1.7,81015,0.57,25.59,5693406,4.83,,5693406,24358946,-18665540,污水处理、环保,4.24,118872613,7422905339,1.91474,-3000800
601126,四方股份,2.1,542300,-0.96,14.66,5634962,0.14,,5634962,14358474,-8723512,电气设备、光伏,1.1,95690579,6778977656,1.31247,0
603658,安图生物,0.5,146265,0.22,43.15,5593276,3.48,,5593276,11828749,-6235473,医疗器械、抗原检测,3.25,118905104,7989346127,1.4592,0
600826,兰生股份,1.2,107958,0.21,9.61,5506486,1.69,,5506486,10606632,-5100146,上海、首发经济,1.48,37527525,1879852458,1.00841,0
002918,蒙娜丽莎,0.4,379695,0.0,15.12,5503322,1.54,,5503322,9208196,-3704874,数据中心、装修家具,1.54,79038520,2329726962,1.52717,0
603358,华达科技,16.6,977220,0.0,17.63,5495975,-0.96,,5495975,37065556,-31569581,汽车零部件、并购重组,-0.96,103366875,2806075927,1.46199,0
002706,良信股份,0.4,188175,-0.41,9.92,5490367,2.37,,5490367,10519095,-5028728,电气设备、数据中心,2.8,75137014,7124518324,1.02954,0
002983,芯瑞达,3.0,258255,0.0,27.57,5469952,2.91,,5469952,13281094,-7811142,华为概念、VR/AR/MR,2.91,144896838,1495225626,2.128,0
688425,铁建重工,0.3,153673,-0.49,4.18,5441981,2.7,,5441981,28440623,-22998642,科创板、基础建设,3.21,137370493,6163080690,1.18404,0
603869,ST智知  ,2.8,310147,0.32,9.47,5429554,1.39,,5429554,8641654,-3212100,ST板块、脑机接口,1.07,84302462,2468844592,1.87368,0
001324,长青科技,1.3,988200,1.47,26.83,5408365,0.83,,5408365,12102937,-6694572,机器人概念、基础建设,-0.63,96749675,906977069,0.648264,0
301221,光庭信息,1.4,9322239,3.49,61.32,5407481,1.34,,5407481,143514440,-138106959,智能驾驶、小米汽车,-2.08,480241569,2385092069,1.55545,-3346300
600137,浪莎股份,0.1,223875,-0.06,18.34,5404948,2.34,,5404948,9126781,-3721833,小红书概念、平台经济,2.4,62991516,669906047,1.23729,0
002287,奇正藏药,3.9,998280,-1.99,22.91,5400283,-4.86,,5400283,12120144,-6719861,中药、西藏自治区,-2.92,133398837,1497665725,5.15144,0
600298,安琪酵母,0.6,763458,0.26,34.96,5355410,1.92,,5355410,49309927,-43954517,农业、白糖,1.66,243970595,18633844001,1.36681,0
000719,中原传媒,0.8,304549,-0.31,9.99,5348868,2.36,,5348868,24756582,-19407714,版权、破净股概念,2.67,130716907,3024609815,1.0509,0
002790,瑞尔特,0.6,643710,-1.48,10.44,5307338,3.06,,5307338,8220920,-2913582,装修家具、地产链,4.61,83636113,2179329216,1.49723,0
688066,航天宏图,0.3,437542,-0.04,43.84,5292515,-1.9,,5292515,44969458,-39676943,低空经济、国产软件,-1.86,238547459,8472020705,1.27418,0
600054,黄山旅游,0.6,435072,-0.53,11.56,5249714,1.49,,5249714,13130510,-7880796,参股券商、旅游,2.03,53499100,2498422396,1.16226,0
300534,陇神戎发,1.2,120120,0.22,9.74,5245017,5.64,,5245017,24090672,-18845655,中药、止咳药,5.41,155923248,1833054529,1.79493,0
688475,萤石网络,1.0,127160,-0.49,49.53,5240776,1.93,,5240776,14145364,-8904588,智能家居、央企,2.44,75041944,4410000701,0.956808,0
600359,新农开发,0.9,104536,-0.56,7.37,5205975,2.36,,5205975,10735500,-5529525,农业、新疆,2.93,37600160,1678217984,1.58472,0
688358,祥生医疗,18.2,1213278,-4.72,36.4,5168748,4.06,,5168748,14342753,-9174005,AI医疗、医药,9.21,89888111,1244757555,1.8536,0
300718,长盛轴承,1.9,106029,0.06,17.05,5145744,1.37,,5145744,8659012,-3513268,宇树机器人、基础建设,1.31,43411527,2129906918,1.23055,0
688799,华纳药厂,1.6,235381,0.38,44.1,5145397,5.45,,5145397,32191732,-27046335,医药、科创板,5.05,110957665,1892764066,2.33814,3008529
601375,中原证券,0.5,945829,-1.01,3.96,5136130,0.25,,5136130,62324774,-57188644,证券、地方国企,1.28,164539729,10393553294,0.777131,-3920000
301179,泽宇智能,2.7,147500,0.0,25.71,5120507,2.84,,5120507,7976992,-2856485,算力、光伏EPC,2.84,43394270,1564709028,1.29962,0
600094,大名城  ,0.5,395585,-0.65,3.09,5059562,0.65,,5059562,15010294,-9950732,算力、破净股概念,1.31,69444224,5053402344,0.58938,0
301408,华人健康,1.5,66420,-0.43,16.75,5026679,2.95,,5026679,13035538,-8008859,医药零售、医药,3.4,70718009,1003937186,1.48884,0
601991,大唐发电,0.9,1251540,0.0,2.61,5015203,2.35,,5015203,55258918,-50243715,火电、水电,2.35,200595844,8730868022,1.48767,0
002025,航天电器,2.6,401700,-0.19,51.89,5014711,0.56,,5014711,22347702,-17332991,军工、央企,0.76,202146290,14684774709,1.30634,0
603136,天目湖  ,0.2,9275,-0.48,19.13,5008671,2.63,,5008671,5742484,-733813,旅游、地方国企,3.13,38758306,1904875661,1.19425,0
688226,威腾电气,0.0,38856,0.25,16.85,5001117,4.33,,5001117,15983650,-10982533,光伏、科创板,4.08,56443791,1024596748,1.183,0
002056,横店东磁,0.2,494550,-0.49,14.47,4972640,1.9,,4972640,60000539,-55027899,光伏组件、固态电池,2.41,251569574,11293430365,0.81636,-3873500
300195,长荣股份,0.2,90896,-0.5,6.15,4954737,2.33,,4954737,9203806,-4249069,破净股概念、锂电池,2.84,68509390,1798668221,1.4039,0
603611,诺力股份,1.9,315350,0.0,18.22,4899327,1.11,,4899327,6794976,-1895649,机器人概念、锂电池,1.11,71236954,3108188663,1.21525,0
688035,德邦科技,0.4,65389,-0.5,49.01,4890527,2.32,,4890527,24098952,-19208425,芯片、科创板,2.83,120115554,3980397532,1.17993,0
600258,首旅酒店,0.6,300864,-0.51,16.46,4853015,4.51,,4853015,50457903,-45604888,零售、旅游,5.04,261565249,9763234288,1.83422,3293276
300443,金雷股份,0.2,154850,-0.19,32.0,4849423,3.13,,4849423,58155952,-53306529,病毒防治、医药,3.33,245962990,5066590009,0.817711,0
688552,航天南湖,0.5,89507,-0.53,22.95,4844145,1.1,,4844145,8965664,-4121519,军工、央企,1.64,60431834,1756706809,0.904326,0
002269,美邦服饰,0.2,320092,-1.15,1.76,4806371,1.15,,4806371,28217522,-23411151,服装家纺、C2M,2.33,115462194,2194937587,0.999703,0
600459,贵研铂业,1.7,607320,0.7,14.68,4800913,2.23,,4800913,15656771,-10855858,氢燃料电池、有色金属,1.52,85230309,6533289022,1.31382,-3072297
300236,上海新阳,2.5,216380,0.17,36.05,4790785,3.47,,4790785,33225703,-28434918,光刻胶、并购重组,3.3,178102258,7533532715,1.99852,0
301307,美利信,1.2,1354740,-1.46,34.47,4780048,0.79,,4780048,39687474,-34907426,通信、固态电池,2.28,210640918,1705740758,1.10502,-3966436
301207,华兰疫苗,2.6,781200,0.36,28.86,4743844,3.44,,4743844,17050014,-12306170,疫苗概念、病毒防治,3.07,142793990,2072651888,2.05112,0
000676,智度股份,0.4,447237,-0.61,6.66,4720012,1.68,,4720012,95755778,-91035766,文化传媒、数字货币,2.3,348809843,6295423937,1.35308,-213719
600736,苏州高新,0.6,172123,-0.64,4.77,4697866,1.06,,4697866,10087864,-5389998,低空经济、新冠药概念,1.71,45916560,3074032652,0.927899,0
300096,ST易联众,34.0,7234563,0.93,6.57,4686644,1.86,,4686644,31186106,-26499462,ST板块、华为概念,0.92,228963134,2329148392,2.83645,0
000917,电广传媒,4.7,301948,0.0,5.46,4676199,-0.36,,4676199,14821677,-10145478,智谱AI、文化传媒,-0.36,83869297,6449478491,1.14794,4125704
000652,泰达股份,1.5,73784,-0.5,4.02,4647449,-0.25,,4647449,8131617,-3484168,创投、病毒防治,0.25,54783738,3968866535,1.18229,0
603105,芯能科技,0.3,686161,-0.59,12.2,4598329,2.69,,4598329,11628588,-7030259,电力、工商业储能,3.3,89648822,3989888000,0.94198,0
002203,海亮股份,0.7,24794,-0.19,10.98,4589650,1.67,,4589650,8415948,-3826298,铜箔、有色金属,1.86,59721428,12442165410,0.965811,0
002605,姚记科技,0.5,211110,-0.83,23.18,4585024,1.27,,4585024,33365665,-28780641,小红书概念、平台经济,2.11,209229367,5151701168,1.36844,-7931007
300433,蓝思科技,4.4,4157208,-1.16,12.78,4584733,-1.01,,4584733,141960759,-137376026,机器人概念、苹果概念,0.16,590727101,23871555826,1.21785,-568542
300693,盛弘股份,0.3,576627,-0.27,27.31,4580725,3.45,,4580725,41307129,-36726404,PCS设备、工商业储能,3.72,307830893,6378949532,0.987262,0
600612,老凤祥  ,42.6,4088724,6.0,62.3,4529704,9.99,首板,4529704,116870592,-112340888,白银、有色金属,3.76,212327164,6045196028,2.69366,-52082797
600933,爱柯迪  ,0.5,43320,-1.0,22.42,4512103,-2.65,,4512103,29382021,-24869918,并购重组、汽车零部件,-1.67,187784837,8224702243,1.52972,0
000856,冀东装备,0.3,699669,-0.12,8.53,4484929,-1.73,,4484929,7373412,-2888483,机器人概念、雄安新区,-1.61,91615901,1356990110,1.19327,0
300140,节能环境,2.0,79929,0.0,7.54,4481569,0.94,,4481569,8749301,-4267732,固废处理、环保,0.94,42373192,3192401572,1.0959,0
600323,瀚蓝环境,1.6,424401,0.17,17.86,4474665,1.59,,4474665,12440152,-7965487,垃圾发电、REITs,1.42,81068935,8620215172,1.7131,0
688212,澳华内镜,0.3,69256,-0.03,65.0,4463212,3.21,,4463212,13783282,-9320070,科创板、医药,3.24,73374422,5880238000,1.18945,0
002722,物产金轮,1.3,102744,0.0,14.46,4452110,1.33,,4452110,7701565,-3249455,人工智能、ChatGPT,1.33,48032148,1515162662,1.24976,0
300246,宝莱特,20.3,1059649,-2.12,10.64,4451723,-6.09,,4451723,20218266,-15766543,血氧仪、并购重组,-4.06,180888209,2063773177,4.89071,0
600469,风神股份,4.6,360094,0.52,5.88,4446813,2.26,,4446813,7317648,-2870835,橡胶、高股息,1.73,62467421,1821913760,1.81528,0
300802,矩子科技,3.0,57024,-0.46,17.58,4446300,1.27,,4446300,7561450,-3115150,人工智能、军工,1.74,36148528,2747757333,0.9814,3512477
300554,三超新材,1.2,368600,-0.63,19.82,4431822,3.66,,4431822,14961877,-10530055,玻璃基板、金刚石概念,4.32,122848086,1106912441,1.34853,0
600455,博通股份,8.9,391742,0.3,23.31,4431192,0.87,,4431192,7759501,-3328309,西部大开发、职业教育,0.56,33439085,1155633929,1.10562,0
002920,德赛西威,0.8,1426000,0.17,124.49,4421707,0.57,,4421707,103293334,-98871627,无人驾驶、智能座舱,0.4,446046188,30693732913,0.798002,3962490
688378,奥来德  ,0.7,30559,-0.38,32.92,4394390,3.13,,4394390,10137286,-5742896,科创板、光伏,3.52,80286877,3116185063,1.12582,0
000153,丰原药业,1.9,790990,0.21,9.89,4361810,4.0,,4361810,17195385,-12833575,减肥药、NMN,3.78,172530320,2356459284,1.49495,0
002919,名臣健康,1.3,213300,0.82,27.04,4342358,0.97,,4342358,12404418,-8062060,游戏、防脱发,0.15,95333617,3230034349,1.42131,0
002233,塔牌集团,0.4,563217,-0.64,7.69,4341733,-1.91,,4341733,16619936,-12278203,地产链、高股息,-1.28,148405882,5505587171,1.6682,0
688617,惠泰医疗,0.8,571883,0.34,374.27,4311191,0.48,,4311191,29221915,-24910724,医疗器械、科创板,0.13,169363968,16932125036,1.32314,0
600397,安源煤业,0.5,241654,-1.03,2.89,4290133,-0.34,,4290133,15186387,-10896254,股权转让、煤炭,0.7,54070763,1736820453,1.06506,0
002576,通达动力,3.2,884850,0.29,17.48,4281005,1.04,,4281005,14280502,-9999497,比亚迪产业链、电机电控,0.75,137888271,2014578878,0.717952,0
600570,恒生电子,1.4,3507635,0.36,31.13,4277993,1.87,,4277993,281623156,-277345163,互联网金融、蚂蚁金服概念,1.5,961790290,39378487297,1.37031,-11209214
300566,激智科技,0.5,609116,-0.75,17.32,4265596,0.46,,4265596,21853383,-17587787,POE胶膜、光伏,1.23,130182735,3478840970,0.921364,0
603859,能科科技,3.6,464040,1.02,38.55,4217387,0.71,,4217387,8910268,-4692881,AI智能体、智能电网,-0.31,75348697,4717263362,1.14245,0
605005,合兴股份,0.9,55118,-0.11,18.41,4188218,3.43,,4188218,22300512,-18112294,无人驾驶、智能驾驶,3.54,146160502,942819458,4.8924,2995744
601020,华钰矿业,0.5,75600,-0.71,8.57,4163380,1.3,,4163380,13952853,-9789473,金属锑、有色金属,2.02,63784188,4894763095,0.73823,0
688366,昊海生科,0.6,68746,-0.41,101.87,4160092,4.48,,4160092,18361982,-14201890,医美、并购重组,4.91,131859338,6669263801,1.43131,0
603041,美思德  ,0.8,187772,0.17,12.15,4152356,1.76,,4152356,5553019,-1400663,化工、有机硅,1.59,25612083,1317126028,1.18334,0
600201,生物股份,1.9,245604,-0.71,8.83,4075247,3.88,,4075247,12936584,-8861337,医药、动物疫苗,4.62,88724343,8825224175,1.47295,0
688147,微导纳米,0.0,117177,0.69,43.19,4016113,7.04,,4016113,21435915,-17419802,钙钛矿电池、科创板,6.3,120452426,1702221597,1.88351,0
300314,戴维医疗,0.3,121056,-0.16,13.41,3993379,6.18,,3993379,13436605,-9443226,干细胞、人造肉,6.34,90363969,1283663397,1.34003,0
002239,奥特佳,1.0,1223565,-0.73,2.77,3986869,1.47,,3986869,64959308,-60972439,特斯拉概念、汽车热管理,2.21,249414403,6320466829,1.74579,0
000862,银星能源,3.2,830025,0.0,6.05,3973249,1.68,,3973249,12582588,-8609339,光伏、风电,1.68,71344125,2557139612,1.20399,0
603215,比依股份,0.4,553219,-0.45,16.06,3935579,3.75,,3935579,22361893,-18426314,AI眼镜、端侧AI,4.22,179925296,1132358890,1.96715,0
603556,海兴电力,1.1,148405,-0.98,22.47,3931376,0.45,,3931376,7754086,-3822710,智能电网、钒电池,1.44,61070848,3862118211,1.00964,0
300304,云意电气,3.2,1966204,0.51,6.02,3926271,1.52,,3926271,56967731,-53041460,无人驾驶、汽车类,1.01,270561667,3008296799,2.64337,0
300248,新开普,0.1,265454,-0.32,9.21,3923739,-2.13,,3923739,13684928,-9761189,人工智能、数字经济,-1.81,102257168,3496473506,0.883338,0
301367,怡和嘉业,103.5,2030670,-4.84,104.18,3905643,1.06,,3905643,17153766,-13248123,外贸、医药,6.2,149230921,1668800000,1.68005,0
002926,华西证券,0.3,391880,-0.25,8.15,3890525,0.62,,3890525,34943452,-31052927,西部大开发、证券,0.87,129767896,11499654075,0.872269,4089996
600010,包钢股份,1.2,1891512,0.62,1.64,3876445,1.86,,3876445,150702878,-146826433,稀土永磁、铁矿石,1.23,311837831,33122939576,0.692026,0
000685,中山公用,1.0,470764,0.55,7.35,3858211,1.1,,3858211,9120854,-5262643,参股券商、并购重组,0.55,53382495,4661559994,0.915585,0
300701,森霸传感,1.1,313372,0.0,10.21,3854482,2.3,,3854482,5779804,-1925322,小米概念、传感器,2.3,56517926,1265112607,1.68127,0
688321,微芯生物,2.0,98338,0.4,23.87,3831844,5.15,,3831844,17887272,-14055428,医药、猴痘概念,4.74,129020679,7899882039,1.8048,0
603889,新澳股份,0.6,106765,0.0,6.79,3813320,3.66,,3813320,7051740,-3238420,高股息、服装家纺,3.66,48868231,2642950951,1.03063,0
603688,石英股份,0.3,1844544,-0.54,91.53,3811482,2.66,,3811482,127794887,-123983405,光伏、非金属材料,3.21,435732360,16793096072,1.04318,117605
601766,中国中车,0.9,1330860,-0.18,5.52,3783032,1.84,,3783032,64986286,-61203254,中字头、一带一路,2.03,235743840,53832270534,0.945467,13258381
600315,上海家化,0.5,1270984,-0.71,23.17,3779439,3.53,,3779439,26696507,-22917068,碳中和、防脱发,4.28,176087727,7595393346,1.52281,0
300150,世纪瑞尔,2.2,450769,0.21,4.68,3771280,-0.85,,3771280,7611439,-3840159,高铁、三季报增长,-1.06,58023456,1695268402,1.22998,0
002747,埃斯顿,0.3,345321,-0.32,19.3,3764827,1.95,,3764827,28369538,-24604711,机器人概念、并购重组,2.28,187366619,6328484249,0.998338,0
001289,龙源电力,2.8,596106,-1.58,20.22,3718468,-0.1,,3718468,5473932,-1755464,并购重组、绿色电力,1.51,54292286,2694721025,1.15927,0
002987,京北方,0.6,232500,-0.69,18.69,3715396,-0.21,,3715396,10151708,-6436312,DeepSeek、人工智能,0.48,97687105,3196887995,0.934554,0
301091,深城交,0.8,3094085,5.41,19.77,3703649,1.91,,3703649,44629136,-40925487,低空经济、数字经济,-3.33,215056845,1606407599,1.4485,0
002698,博实股份,0.2,91700,0.31,13.19,3689562,1.0,,3689562,12960316,-9270754,机器人概念、电石,0.69,84863157,7736935168,0.988235,0
601326,秦港股份,0.2,29184,0.0,3.06,3646777,0.66,,3646777,5789027,-2142250,中特估、港口,0.66,37079733,3366884065,0.784946,0
300905,宝丽迪,0.4,40572,0.16,20.39,3607244,5.7,,3607244,6727889,-3120645,固态电池、化工,5.54,80204767,977206124,2.11951,0
600089,特变电工,1.0,2101305,-0.86,14.11,3586920,0.86,,3586920,124216880,-120629960,硅料、光热储能,1.73,399267564,61490264438,0.977641,6709397
688529,豪森智能,0.1,19608,-0.16,24.35,3585486,-0.81,,3585486,5477862,-1892376,新能源汽车、科创板,-0.65,37447237,1141752189,1.72967,0
300416,苏试试验,0.2,140877,-0.97,14.7,3576689,2.3,,3576689,8429061,-4852372,并购重组、江苏省,3.3,85428418,5044455188,1.15066,0
600583,海油工程,0.5,180129,-0.64,6.33,3566107,1.61,,3566107,22994533,-19428426,石油石化、破净股概念,2.26,129821880,10529137234,1.05686,0
600982,宁波能源,1.0,96229,-0.24,4.2,3543433,1.45,,3543433,6638846,-3095413,电力、浙江,1.69,37477449,2259328335,1.34377,0
300532,今天国际,2.0,970268,-0.94,16.07,3542984,0.25,,3542984,17697182,-14154198,锂电池、送转填权,1.2,113215225,2924911323,1.08449,0
601187,厦门银行,0.5,118014,-0.19,5.37,3534385,0.37,,3534385,10981255,-7446870,银行、高股息,0.56,47819722,6408752168,0.987181,0
000923,河钢资源,0.7,780864,-0.25,16.05,3521386,2.1,,3521386,13411667,-9890281,铁矿石、有色金属,2.36,154770101,6446986217,1.19999,0
300206,理邦仪器,0.6,439725,-0.71,10.33,3501942,5.19,,3501942,6996905,-3494963,AI医疗、医疗器械,5.95,82680902,2282582905,1.38252,0
002526,山东矿机,1.1,1236984,-1.15,2.56,3483453,-2.29,,3483453,27280334,-23796881,机器人概念、智慧矿山,-1.16,172000657,3558210731,1.99732,0
688501,青达环保,0.2,35014,-1.74,17.03,3475030,2.04,,3475030,7477891,-4002861,环保、火电灵活改造,3.84,67616992,1248848979,2.37731,0
000563,陕国投Ａ,0.5,444577,0.0,3.03,3471887,0.66,,3471887,29959874,-26487987,资产管理、参股券商,0.66,88765017,8773385991,0.955026,3029860
688671,碧兴物联,0.1,20810,-0.1,43.69,3466391,4.87,,3466391,13674914,-10208523,科创板、数字经济,4.97,90770827,726059030,1.15119,0
002653,海思科,0.4,37136,0.09,23.85,3405205,2.85,,3405205,8308352,-4903147,AI医疗、西藏自治区,2.76,63586820,6121095270,1.77632,0
603709,中源家居,7.8,556387,-3.73,17.11,3403497,-0.23,,3403497,4650002,-1246505,装修家具、地产链,3.63,32751520,716270227,1.34292,0
603630,拉芳家化,4.0,121550,-0.83,14.81,3387810,2.7,,3387810,9067912,-5680102,美容护理、医美,3.57,52070840,1348362877,1.22272,0
603125,常青科技,4.1,380873,0.3,30.64,3379616,2.47,,3379616,16107508,-12727892,化工、风电,2.17,102735900,1473565400,1.40568,0
003038,鑫铂股份,1.0,220296,-1.29,33.39,3371818,0.24,,3371818,5925725,-2553907,汽车零部件、有色金属,1.55,62437562,2272971524,1.61526,0
600461,洪城环境,0.7,305172,0.0,8.84,3360106,0.23,,3360106,8957027,-5596921,并购重组、高股息,0.23,90971000,4877159891,2.44314,0
600335,国机汽车,0.6,788590,-0.41,7.5,3340064,1.35,,3340064,62921537,-59581473,国有企业、特斯拉概念,1.76,226658862,3500143026,1.07527,-3711696
300853,申昊科技,1.1,120952,0.22,23.81,3329885,2.59,,3329885,5014679,-1684794,机器人概念、浙江,2.36,44021550,2225014099,1.05172,0
601390,中国中铁,0.7,3055941,0.16,6.23,3328796,0.48,,3328796,151648673,-148319877,中字头、一带一路,0.32,421819078,127068485126,0.898554,2561794
002268,电科网安,0.2,128160,-0.19,21.68,3300140,1.31,,3300140,25008355,-21708215,中电科重组、网络安全,1.5,161146870,12164825569,0.910804,0
600859,王府井  ,1.4,1257759,0.23,18.25,3297959,3.4,,3297959,53883199,-50585240,免税、并购重组,3.17,235442972,13904778983,1.48269,5851107
603038,华立股份,0.1,16974,0.86,9.81,3278354,4.92,,3278354,8611157,-5332803,并购重组、装修家具,4.03,60949628,1176362955,2.30432,0
300615,欣天科技,11.1,4584256,-4.22,16.83,3254951,-6.6,,3254951,27552544,-24297593,并购重组、外贸,-2.49,206224982,1538152539,2.06423,0
002851,麦格米特,1.9,73845,-0.18,28.1,3226644,2.55,,3226644,6096414,-2869770,电源、充电桩,2.74,89666155,8370858136,1.24702,0
301239,普瑞眼科,0.8,105030,-1.12,108.9,3208361,2.52,,3208361,13279970,-10071609,眼科医疗、西部大开发,3.68,103208460,7689151471,1.2907,0
688578,艾力斯  ,1.1,1805709,1.99,36.85,3197455,3.45,,3197455,47980655,-44783200,科创板、医药出海,1.43,264102919,6599841865,1.32061,0
002644,佛慈制药,40.6,1996973,5.25,10.43,3193820,9.44,,3193820,15552566,-12358746,中药、地方国企,3.99,167299343,2037033650,2.38528,0
300611,美力科技,1.7,125882,-0.09,11.03,3133232,-1.08,,3133232,32268708,-29135476,并购重组、超跌,-0.99,136010635,1436565009,1.82712,0
603878,武进不锈,1.5,398950,-0.38,7.79,3117572,-1.77,,3117572,12853804,-9736232,钢铁、高股息,-1.39,84128117,2633027854,1.49358,3854999
301507,民生健康,4.6,3332240,2.22,18.31,3108727,1.72,,3108727,18120598,-15011871,维生素、电子商务,-0.49,168884699,1548029881,1.68623,0
000888,峨眉山Ａ,2.6,2269568,0.74,9.57,3101322,1.27,,3101322,18110027,-15008705,旅游、地方国企,0.53,90759086,3043521837,1.57746,0
603366,日出东方,4.2,547120,0.18,5.74,3099804,2.68,,3099804,6329517,-3229713,华为超充、热泵,2.5,58887200,1978342952,1.6165,0
605300,佳禾食品,0.1,12173,-0.74,18.41,3091517,5.08,,3091517,3775744,-684227,食品饮料、代糖概念,5.87,34450412,1056518150,1.31144,0
600830,香溢融通,0.1,16120,0.0,6.24,3089083,0.65,,3089083,6454997,-3365914,金融概念、央企,0.65,32459624,2060351331,0.752622,0
300664,鹏鹞环保,6.9,501289,-0.7,5.68,3088705,-0.87,,3088705,8439128,-5350423,生物质能、破净股概念,-0.18,71816213,3129185187,1.92946,0
601377,兴业证券,0.7,545616,-0.15,6.5,3088641,0.15,,3088641,110503507,-107414866,证券、控参股基金,0.31,337298800,40471605012,1.03011,5480917
002283,天润工业,1.0,426642,0.16,6.3,3075408,-0.32,,3075408,10642661,-7567253,机器人概念、新型工业化,-0.47,107447190,5008381309,1.09089,0
002314,南山控股,10.5,701046,-0.33,3.08,3060462,0.33,,3060462,8421186,-5360724,房地产、基础建设,0.65,41709842,2630613197,0.83465,0
002215,诺普信,0.7,281624,0.67,7.44,3021639,0.0,,3021639,17236015,-14214376,农药、转基因,-0.67,75089729,4888533705,0.889338,0
002641,公元股份,0.1,229292,-0.19,5.29,3013258,-0.75,,3013258,10700625,-7687367,韧性城市、天然气,-0.56,88080810,2246717581,0.9134,0
002752,昇兴股份,0.2,22352,0.2,5.22,3005924,2.96,,3005924,5622399,-2616475,字节概念、有色金属,2.76,39450309,1834596386,1.48467,0
600825,新华传媒,2.6,203040,-0.7,4.17,3004282,-2.11,,3004282,16709704,-13705422,阶跃星辰、并购重组,-1.42,75811559,2113961081,2.28666,8350000
300403,汉宇集团,0.3,369453,-1.09,7.28,2996590,-0.41,,2996590,18949240,-15952650,机器人概念、环保,0.69,100805731,2628382657,0.928353,0
603130,云中马  ,7.3,6211434,9.05,22.66,2988910,0.49,,2988910,20459239,-17470329,化工、服装家纺,-7.85,189435817,791000000,4.74181,0
002767,先锋电子,1.0,124528,-0.62,14.55,2984060,-0.14,,2984060,7974123,-4990063,机器人概念、年报增长,0.48,59088391,831976482,0.860913,0
000993,闽东电力,0.9,159201,-0.85,9.5,2975662,1.17,,2975662,9207188,-6231526,电力、锂电池,2.04,61610007,2005446357,1.42327,0
000586,汇源通信,1.9,68914,0.0,13.58,2973425,0.52,,2973425,6456657,-3483232,光模块、特高压,0.52,32536278,1576061540,0.761878,0
603816,顾家家居,1.2,37210,-0.24,37.6,2957594,0.8,,2957594,10014228,-7056634,装修家具、家电,1.05,130025472,15271389032,1.44979,0
601038,一拖股份,0.6,48342,0.0,11.93,2953178,3.65,,2953178,3266017,-312839,农机、农业,3.65,47146614,2181030849,1.24244,0
605289,罗曼股份,0.8,123469,-0.06,34.72,2925612,3.98,,2925612,10473636,-7548024,谷子经济、文创产品,4.05,58937725,1757680239,1.41201,0
603662,柯力传感,0.1,331250,-1.19,27.26,2916106,1.64,,2916106,12888830,-9972724,机器人概念、传感器,2.87,130003364,3684988329,0.763512,0
600293,三峡新材,1.1,349482,0.0,3.19,2903286,0.31,,2903286,5281801,-2378515,光伏玻璃、建筑节能,0.31,39648020,2549605730,0.815036,0
603190,亚通精工,4.0,833980,-0.31,32.15,2901481,-0.46,,2901481,10319350,-7417869,无人驾驶、汽车零部件,-0.16,120920164,964500000,1.56623,0
300797,钢研纳克,0.6,463356,0.0,12.98,2895735,2.53,,2895735,23429667,-20533932,军工、有色金属,2.53,142495478,1618806818,1.24896,0
605337,李子园  ,0.1,73402,-0.6,15.57,2891041,3.32,,2891041,9534234,-6643193,小红书概念、平台经济,3.94,72877813,2401578045,1.46465,0
002988,豪美新材,1.2,338448,-0.77,19.87,2880907,2.53,,2880907,6937958,-4057051,汽车零部件、CPO/MPO,3.33,43955133,1702073800,1.16632,0
000417,合百集团,0.3,569646,-0.22,4.71,2877051,1.73,,2877051,18748906,-15871855,零售、平台经济,1.95,129972003,2279841535,1.193,0
300018,中元股份,0.6,272580,-0.84,5.98,2872239,0.5,,2872239,3549707,-677468,锂电池、柔性直流,1.36,38591273,2420544109,1.04543,0
002069,獐子岛,0.0,4477,0.0,4.15,2869329,1.97,,2869329,4219086,-1349757,预制菜、核污染概念,1.97,23379407,1668346929,0.954812,0
600795,国电电力,2.4,2367123,-0.55,3.69,2867868,1.1,,2867868,119258718,-116390850,水电、并购重组,1.65,317037468,29229347861,1.10191,3343489
601116,三江购物,1.0,110670,-0.18,11.14,2867743,2.48,,2867743,10900072,-8032329,阿里巴巴概念、预制菜,2.67,73346663,1992887714,1.46759,0
605377,华旺科技,0.6,39862,0.53,21.66,2851269,3.79,,2851269,8803121,-5951852,高股息、造纸,3.24,64232403,3892571062,1.2874,0
600639,浦东金桥,1.4,205720,-0.18,11.24,2808168,0.9,,2808168,8113641,-5305473,房地产、上海,1.08,45648876,3327963683,0.986474,0
600766,退市园城,0.0,17295,-0.09,11.65,2780884,0.95,,2780884,4681154,-1900270,一季报增长、军工,1.04,12438058,1829012233,1.20342,0
301230,泓博医药,0.4,180320,-0.41,38.63,2780867,4.55,,2780867,6004824,-3223957,AI医疗、合成生物,4.97,53981123,936970650,1.35342,0
000650,仁和药业,1.0,843222,-0.32,6.73,2768807,7.17,,2768807,117311234,-114542427,医美、并购重组,7.51,463188567,6726769147,2.67627,-4339212
688627,精智达  ,0.2,46154,0.0,87.0,2750473,1.03,,2750473,5828493,-3078020,芯片、存储,1.03,54141316,1727916693,0.920666,0
002551,尚荣医疗,1.0,61845,0.0,4.12,2745080,3.26,,2745080,8881553,-6136473,医疗器械、病毒防治,3.26,62098428,2197529331,1.62266,0
601007,金陵饭店,0.1,180776,-0.91,7.88,2744518,1.94,,2744518,7425100,-4680582,预制菜、食品饮料,2.87,40569632,1733601339,1.26906,0
000543,皖能电力,16.6,4830566,4.44,6.3,2740272,7.69,,2740272,41533369,-38793097,电力、并购重组,3.11,315533558,6468869182,3.11405,0
600734,实达集团,7.8,418964,0.83,3.73,2739281,3.32,,2739281,6191277,-3451996,并购重组、算力租赁,2.47,29168692,5334803318,1.6069,0
300779,惠城环保,0.2,161976,-0.75,48.68,2739191,1.42,,2739191,9415883,-6676692,环保、垃圾分类,2.18,62839333,3972622977,0.774856,0
002044,美年健康,0.3,176928,0.0,6.21,2731997,2.14,,2731997,21873371,-19141374,AI医疗、健康中国,2.14,150434331,19402060117,0.782567,0
603137,恒尚节能,0.6,57310,0.0,19.05,2730769,1.98,,2730769,3130608,-399839,基础建设、建筑节能,1.98,28060338,620993340,1.20919,0
688208,道通科技,3.2,707786,-0.78,27.59,2715116,2.45,,2715116,16304946,-13589830,充电桩、汽车零部件,3.26,138528528,7824839443,0.652107,0
301278,快可电子,5.1,509962,0.46,51.62,2701789,8.81,,2701789,13876526,-11174737,光伏、储能,8.31,150196117,1745449875,1.98015,0
002322,理工能科,2.4,4110174,-1.85,11.58,2696207,-2.61,,2696207,46304245,-43608038,智能电网、数字经济,-0.77,194076030,2900911696,0.899668,-3390058
601065,江盐集团,3.8,1894077,1.47,11.2,2687577,2.66,,2687577,28898596,-26211019,核污染概念、食品饮料,1.17,165731107,1793600000,2.17445,0
300041,回天新材,4.2,563729,0.0,10.07,2683538,3.07,,2683538,14647130,-11963592,光伏、固态电池,3.07,92472129,4661266339,1.28526,0
600798,宁波海运,0.5,245280,-0.27,3.67,2681312,0.27,,2681312,4871031,-2189719,港口、煤炭,0.55,44869686,2481040919,1.20106,0
301030,仕净科技,0.6,179144,-0.25,37.5,2645817,2.32,,2645817,28661269,-26015452,TOPCon、环保,2.57,142503427,3720530302,1.43743,0
688630,芯碁微装,0.9,806984,-0.33,76.67,2641730,2.57,,2641730,120028811,-117387081,科创板、光伏,2.91,391662796,5344999291,1.06021,-7096497
300478,杭州高新,0.3,269100,1.12,12.04,2639065,4.06,,2639065,11052452,-8413387,游戏、并购重组,2.91,102240335,902633059,1.96345,0
000897,津滨发展,3.5,497496,-0.87,2.33,2624354,1.3,,2624354,7276481,-4652127,房地产、地产链,2.19,50292379,2967729164,0.82297,0
688337,普源精电,0.1,7686,-0.93,39.78,2621626,2.55,,2621626,8038225,-5416599,新型工业化、专用设备,3.51,40308698,2240591825,1.17442,0
603958,哈森股份,0.3,441638,0.11,9.63,2618172,4.56,,2618172,14389272,-11771100,DeepSeek、服装家纺,4.45,124400803,790128037,0.823231,0
300441,鲍斯股份,0.7,982335,0.31,6.42,2617330,-0.16,,2617330,6418911,-3801581,新零售、三季报增长,-0.47,74310826,2172085764,0.657354,0
000544,中原环保,1.0,147460,0.14,7.42,2605678,1.78,,2605678,10177894,-7572216,环保、破净股概念,1.64,64188766,1845126236,1.70479,0
600593,大连圣亚,0.0,3250,0.99,16.39,2603440,1.86,,2603440,6550109,-3946669,体育产业、户外运动,0.86,31742141,1026497560,1.26183,0
002275,桂林三金,10.9,569850,0.83,15.15,2594652,5.35,,2594652,6083124,-3488472,流感、高股息,4.48,70363665,2940824981,1.63709,0
600416,湘电股份,1.2,638927,-1.11,14.42,2589211,0.21,,2589211,23874395,-21285184,军工、湖南,1.34,109289005,11786093263,0.66635,0
603357,设计总院,0.2,319424,0.23,8.65,2579119,-0.12,,2579119,14741869,-12162750,低空经济、基础建设,-0.35,101287763,2025423642,1.64565,0
002860,星帅尔,1.4,203268,-0.38,13.06,2579071,-0.15,,2579071,5910739,-3331668,家电、光储充一体化,0.23,57687218,2185780269,1.30276,0
300138,晨光生物,1.3,234782,0.0,13.51,2576868,2.43,,2576868,5610676,-3033808,食品饮料、农业,2.43,70915038,5465938302,1.27418,0
000567,海德股份,5.6,441600,-0.17,11.87,2562658,3.04,,2562658,9670686,-7108028,海南、并购重组,3.22,54091621,4209618026,0.903317,0
603093,南华期货,0.2,50963,-0.24,12.46,2562359,0.0,,2562359,3493871,-931512,期货概念、三季报增长,0.24,55467819,2301650964,0.829933,0
600498,烽火通信,1.1,4231020,-0.74,18.78,2558476,-0.21,,2558476,72391753,-69833277,DeepSeek、液冷服务器,0.54,383250868,11957696026,0.859744,9361000
300109,新开源,0.3,61775,-0.28,18.62,2557342,5.2,,2557342,19793045,-17235703,医药、病毒防治,5.5,148923758,5209662759,1.30578,0
688663,新风光  ,0.2,359601,0.0,28.59,2554820,1.93,,2554820,12025778,-9470958,光热发电、地方国企,1.93,99454195,2263357804,1.35059,0
601665,齐鲁银行,7.5,291083,-0.49,4.08,2547988,-0.49,,2547988,8998257,-6450269,银行、高股息,0.0,48236411,9487940176,1.08563,0
002668,TCL智家,6.5,135218,0.0,7.14,2544901,2.44,,2544901,5777768,-3232867,家电、并购重组,2.44,43759265,3459263662,1.02181,0
688486,龙迅股份,1.8,90278,-0.53,103.02,2543807,3.52,,2543807,5293756,-2749949,芯片、科创板,4.07,32091764,1613111057,1.01887,0
600284,浦东建设,0.8,256032,0.15,6.78,2534675,1.04,,2534675,3783229,-1248554,上海、高股息,0.89,40214150,4415205281,0.756667,0
605196,华通线缆,0.2,66612,-1.08,7.51,2509339,1.49,,2509339,8569182,-6059843,电气设备、一带一路,2.6,77466281,2425794524,0.868238,0
003010,若羽臣,1.2,284445,-0.57,19.77,2481441,1.59,,2481441,6757876,-4276435,电子商务、VR/AR/MR,2.17,84135427,1517897305,1.22035,0
300681,英搏尔,0.4,1117800,-1.7,20.88,2475734,1.36,,2475734,50277999,-47802265,汽车零部件、电机电控,3.11,345047385,3106329404,0.842027,3085946
002829,星网宇达,4.0,1454752,0.41,27.52,2457604,2.19,,2457604,28328807,-25871203,卫星导航、无人驾驶,1.78,151772367,3282631265,1.67713,0
001914,招商积余,0.8,99225,0.0,13.53,2434472,2.27,,2434472,5854574,-3420102,物业服务、房地产,2.27,59763420,5905776904,0.932761,0
002788,鹭燕医药,1.2,511874,0.0,9.09,2426605,3.53,,2426605,8176761,-5750156,中药、医药零售,3.53,106864495,2200035529,1.31335,0
600120,浙江东方,0.9,44764,0.0,3.65,2414603,1.11,,2414603,13918516,-11503913,杭州、资产管理,1.11,53060746,6266623520,0.953922,0
601086,国芳集团,0.1,42722,0.19,5.31,2405737,2.11,,2405737,3255402,-849665,零售、参股券商,1.92,32771974,863477325,0.874344,0
603759,海天股份,0.4,73788,-0.12,8.56,2395748,-0.35,,2395748,2750987,-355239,环保、垃圾发电,-0.23,30401459,1671300658,1.03943,0
603817,海峡环保,0.2,45600,0.16,6.11,2380740,0.66,,2380740,3724932,-1344192,污水处理、PPP概念,0.49,36946830,1578454724,1.24752,0
300963,中洲特材,1.6,241719,-0.81,12.62,2355650,2.02,,2355650,5489876,-3134226,有色金属、核电,2.85,36171019,1039361123,0.899445,0
301503,智迪科技,1.8,123156,0.65,33.92,2346693,-0.21,,2346693,3062469,-715776,年报增长、芯片,-0.85,22593023,679000000,0.821173,0
301287,康力源,0.2,52500,0.0,38.33,2330305,2.21,,2330305,6225636,-3895331,外贸、养老概念,2.21,36188143,638461000,1.40301,0
002927,泰永长征,17.9,757506,-1.42,13.29,2324212,-0.89,,2324212,4760363,-2436151,电源、汽车零部件,0.53,69200650,1176611552,1.90272,0
603227,雪峰科技,0.3,24990,-0.41,7.53,2321030,2.03,,2321030,10646886,-8325856,实控人变更、并购重组,2.45,51337544,3988591509,1.1068,0
300589,江龙船艇,0.9,506848,0.67,13.42,2301997,0.22,,2301997,6215939,-3913942,军工、一带一路,-0.45,76050031,2523324426,1.18227,0
301048,金鹰重工,1.1,119358,0.38,10.47,2299845,0.38,,2299845,7023973,-4724128,轨道交通、基础建设,0.0,39655851,1393334030,0.888438,0
300838,浙江力诺,0.2,37168,-1.16,16.02,2299562,-2.02,,2299562,4212587,-1913025,基础建设、水利,-0.87,44602856,930144670,1.58033,0
002803,吉宏股份,1.0,2574225,-0.64,20.28,2289852,-0.2,,2289852,72034444,-69744592,跨境电商、数字经济,0.45,350365036,5286138250,0.58524,3056874
688401,路维光电,0.7,333114,-0.66,29.16,2276654,6.81,,2276654,27097181,-24820527,年报增长、科创板,7.52,129038543,2584908710,1.61517,0
000715,中兴商业,0.2,154220,0.0,7.06,2272503,0.71,,2272503,3690022,-1417519,零售、电子商务,0.71,25650172,1398644679,0.875589,0
600509,天富能源,2.1,557217,-0.97,6.23,2270507,0.65,,2270507,12336338,-10065831,AI眼镜、天然气,1.63,46264760,4381267462,0.843611,0
688697,纽威数控,0.8,77258,-0.74,20.58,2268017,1.48,,2268017,7426289,-5158272,工业母机、年报增长,2.24,45108448,1682334020,0.868428,0
002613,北玻股份,1.1,271350,0.67,4.52,2267660,1.12,,2267660,3919513,-1651853,光伏玻璃、建筑节能,0.44,39078052,2258475916,1.01502,0
000885,城发环境,1.7,167954,-0.56,10.78,2263764,0.84,,2263764,7154233,-4890469,锂电池、公路运营,1.41,51569336,2335231383,1.08385,0
600971,恒源煤电,1.4,1026750,-0.32,9.21,2255598,-0.75,,2255598,20208296,-17952698,煤炭、高股息,-0.43,83188027,4988036613,0.871529,0
002366,融发核电,2.4,324375,0.19,5.28,2254005,1.93,,2254005,17580032,-15326027,核电、超超临界概念,1.73,65726810,4111985315,1.46937,0
603602,纵横通信,6.8,632387,-0.2,14.96,2248634,0.81,,2248634,11368019,-9119385,飞行汽车、5G,1.01,54901918,2112900719,1.02043,-3159428
603303,得邦照明,4.8,306306,-1.34,13.52,2237252,0.6,,2237252,2237252,0,LED、并购重组,1.96,30008833,1618017987,0.892147,0
300719,安达维尔,0.2,194400,0.0,13.02,2236991,0.46,,2236991,8727386,-6490395,低空经济、军工,0.46,95873708,1883945849,1.09677,0
600262,北方股份,1.8,208726,-0.23,17.63,2235844,0.28,,2235844,4432686,-2196842,无人驾驶、基础建设,0.51,35624875,1548429683,1.01785,0
603191,望变电气,13.7,730133,-1.27,15.14,2232345,0.93,,2232345,15893269,-13660924,变压器、电气设备,2.23,103479682,2783059696,2.0211,0
600693,东百集团,1.3,57380,0.0,3.85,2218226,1.32,,2218226,5282579,-3064353,零售、并购重组,1.32,33114402,1386132859,1.21443,0
300851,交大思诺,24.4,658312,3.77,27.93,2206476,7.42,,2206476,8015408,-5808932,高铁、轨道交通,3.52,128088488,1003380399,9.44114,0
600436,片仔癀  ,2.2,2420600,0.0,250.88,2203504,1.57,,2203504,122825524,-120622020,中药、医药,1.57,434309133,73499632458,0.995831,-18454065
600038,中直股份,0.7,375215,0.08,37.51,2189685,1.05,,2189685,27960409,-25770724,低空经济、并购重组,0.97,114275955,10786436139,1.04884,0
300320,海达股份,2.2,87318,0.0,7.08,2170560,2.16,,2170560,4605934,-2435374,光伏、光储充一体化,2.16,37581373,2891350842,1.14614,0
603508,思维列控,0.9,56240,0.0,15.26,2160868,0.39,,2160868,5512904,-3352036,无人驾驶、智能驾驶,0.39,37876057,2492071552,0.838503,0
300617,安靠智电,0.7,92287,-0.57,30.57,2155849,2.1,,2155849,4171854,-2016005,算力、特高压,2.69,39483714,2664879915,0.855577,0
688138,清溢光电,0.8,381084,1.38,22.57,2144582,7.12,,2144582,21088574,-18943992,芯片、VR/AR/MR,5.66,132796875,1838220651,2.07165,0
300871,回盛生物,1.0,90624,0.0,14.65,2129887,3.46,,2129887,3975140,-1845253,农业、医药,3.46,44630372,1063981470,1.40736,0
000875,吉电股份,7.5,1219345,0.22,4.63,2126988,0.65,,2126988,19800800,-17673812,电力、绿色电力,0.43,88868554,8675506506,1.02212,0
002817,黄山胶囊,13.4,77456,0.24,8.48,2125275,3.16,,2125275,4984705,-2859430,医药、新冠药概念,2.91,41296895,1496226375,1.82814,0
300938,信测标准,0.9,51900,-0.35,35.59,2124805,2.51,,2124805,2480643,-355838,土壤修复、环保,2.86,25881096,1872584099,0.944509,0
000926,福星股份,0.0,67196,-0.69,4.38,2122480,1.63,,2122480,14675776,-12553296,房地产、破净股概念,2.34,69287612,2950987828,1.05846,0
600468,百利电气,0.3,105210,-0.4,5.1,2105971,1.39,,2105971,11850333,-9744362,超导概念、并购重组,1.8,79697755,2585092271,1.23599,0
600313,农发种业,0.9,198528,-0.79,7.69,2100824,1.45,,2100824,16144102,-14043278,农业、乡村振兴,2.26,102395499,5275359612,0.957733,0
600605,汇通能源,1.0,3750,0.64,19.28,2098174,3.49,,2098174,14525586,-12427412,房地产、物业服务,2.83,45644393,1813864702,1.7624,-5581150
601990,南京证券,1.0,303276,-0.38,8.03,2091780,0.63,,2091780,31024537,-28932757,证券、地方国企,1.01,115764042,18210035634,0.949953,0
300950,德固特,0.1,1696,-0.06,17.26,2050592,1.71,,2050592,2388437,-337845,氢能源、碳中和,1.77,21102643,1035000000,0.837053,0
301328,维峰电子,0.3,21895,-0.77,45.43,2042974,2.95,,2042974,3458486,-1415512,机器人概念、光伏,3.75,28712366,1243613546,1.17436,0
301103,何氏眼科,2.6,276250,-0.79,34.41,2040319,5.04,,2040319,10997593,-8957274,眼科医疗、合成生物,5.88,77119509,2489043091,1.92662,0
300856,科思股份,0.2,42882,-1.0,65.7,2031714,6.17,,2031714,26997192,-24965478,化工、高股息,7.25,134043151,4831360465,1.21198,0
688563,航材股份,0.0,24332,-0.28,61.45,2024936,0.74,,2024936,7763586,-5738650,军工、央企,1.02,35977024,4181741617,0.713264,0
603600,永艺股份,0.3,29109,0.0,9.6,2019898,2.24,,2019898,2828812,-808914,小红书概念、平台经济,2.24,18933263,1511005622,1.46717,0
301038,深水规院,0.5,19554560,-8.92,22.7,2013385,-8.76,,2013385,105215160,-103201775,水利、抽水蓄能,0.18,552377543,1132731600,1.82502,8766437
600350,山东高速,0.6,192238,0.0,6.87,2008184,-1.01,,2008184,5171419,-3163235,公路运营、高股息,-1.01,61924164,4437529493,0.855473,0
601860,紫金银行,1.7,340585,-0.38,2.61,2005151,0.38,,2005151,28292706,-26287555,银行、高股息,0.77,88477242,7599879412,1.10852,0
603598,引力传媒,3.5,61372,0.22,9.22,1994880,0.88,,1994880,3532132,-1537252,文化传媒、短剧,0.66,26655490,1231899152,0.93114,0
688638,誉辰智能,0.0,0,0.0,60.78,1985195,2.51,,1985195,4046069,-2060874,锂电池、固态电池,2.51,19782135,542657384,1.50148,0
603848,好太太  ,0.4,36408,-0.2,15.5,1985098,1.97,,1985098,1985098,0,装修家具、地产链,2.18,22510792,704792924,1.06769,0
002616,长青集团,0.4,27540,0.0,5.45,1982570,0.93,,1982570,4579334,-2596764,并购重组、生物质能,0.93,44802977,1584663890,1.22359,0
688218,江苏北人,1.0,103738,-0.31,19.34,1972552,0.42,,1972552,5325762,-3353210,机器人概念、储能,0.73,44246642,1863892795,1.0553,0
600874,创业环保,0.4,188576,-0.35,5.73,1968357,0.53,,1968357,8257213,-6288856,化工、破净股概念,0.88,44190118,2946219838,0.990359,0
002565,顺灏股份,0.0,74655,-0.63,3.23,1964870,1.89,,1964870,5153788,-3188918,电子烟、大麻,2.54,42271677,2423877120,0.789716,0
688450,光格科技,0.0,8130,-0.5,40.85,1959882,1.49,,1959882,3484931,-1525049,科创板、数字经济,2.0,21125554,600970666,1.21117,0
688018,乐鑫科技,1.7,165308,-0.08,100.45,1931520,3.22,,1931520,18412446,-16480926,芯片、三季报增长,3.3,87269561,4800100221,0.915895,0
300419,ST浩丰,0.8,334719,-0.72,6.83,1912644,-2.15,,1912644,10414021,-8501377,网络安全、ST板块,-1.44,115025058,2132004040,1.0257,0
601010,文峰股份,1.2,233981,-0.42,2.42,1892305,0.83,,1892305,3719754,-1827449,零售、首发经济,1.26,19819902,2498039747,0.664848,0
001296,长江材料,0.4,56000,0.0,22.79,1879203,1.74,,1879203,4334895,-2455692,建材、基础建设,1.74,43566901,857941469,0.788636,0
601958,金钼股份,0.7,387105,-0.3,10.03,1868925,1.52,,1868925,32165190,-30296265,有色金属、铀矿,1.83,139302429,8905542172,0.980709,3515104
600197,伊力特  ,0.8,367308,0.23,21.99,1860135,2.61,,1860135,25663774,-23803639,白酒、酿酒,2.37,142577624,6044095503,1.30462,0
003006,百亚股份,0.1,35700,0.41,17.63,1832615,4.13,,1832615,8496734,-6664119,造纸、电子商务,3.71,81358759,3403791811,0.735642,0
301110,青木科技,1.0,103707,-0.9,46.37,1829799,1.91,,1829799,8973769,-7143970,电子商务、零售,2.84,45563106,1666201546,0.882097,0
600628,新世界  ,1.4,64400,-0.14,7.1,1805478,1.28,,1805478,1805478,0,谷子经济、并购重组,1.43,19823622,2315210566,1.05635,0
300912,凯龙高科,0.6,652432,0.41,19.3,1804295,0.1,,1804295,9996634,-8192339,汽车零部件、碳化硅,-0.31,91652874,1183200089,0.97432,0
300277,海联讯,0.5,185364,-0.37,7.99,1802966,-2.08,,1802966,5636066,-3833100,并购重组、智能电网,-1.72,57822589,1875799310,1.19912,0
002757,南兴股份,0.1,115836,-0.58,13.71,1789448,-1.15,,1789448,12174807,-10385359,数据中心、东数西算,-0.58,99841394,2339727373,1.12421,0
603999,读者传媒,0.4,41160,1.03,5.87,1783603,0.86,,1783603,5787556,-4003953,文化传媒、参股券商,-0.17,43408688,1426410000,1.20175,0
300965,*ST恒宇,1.0,654900,-0.67,58.99,1782016,-0.69,,1782016,17491110,-15709094,低空经济、军工,-0.02,142105426,969296250,0.999613,0
300870,欧陆通,1.5,237870,-0.74,45.57,1781938,2.68,,1781938,3765596,-1983658,电源、算力,3.45,51323379,1937697295,0.80849,0
000690,宝新能源,0.8,724140,0.0,4.93,1775807,1.44,,1775807,39304616,-37528809,电力、火电,1.44,179559881,9004127567,1.11367,0
688510,航亚科技,0.9,101796,0.06,16.7,1772710,1.64,,1772710,2442201,-669491,科创板、医药,1.58,44220042,2218523032,1.4145,0
002697,红旗连锁,0.2,63750,0.0,5.19,1771796,1.76,,1771796,12300729,-10528933,零售、免税,1.76,67154650,3691409826,1.00386,0
300658,延江股份,0.3,79016,0.45,6.81,1754913,3.03,,1754913,4356461,-2601548,服装家纺、病毒防治,2.56,51578859,1314580434,1.82596,0
002900,哈三联,7.1,141137,0.4,12.94,1748356,4.02,,1748356,3018436,-1270080,医药、医美,3.6,46136824,1596938927,1.71274,0
301355,南王科技,0.2,7775,-0.89,15.92,1747252,1.47,,1747252,4177432,-2430180,造纸、食品安全,2.38,30912780,735150548,1.22778,0
688626,翔宇医疗,0.3,135837,1.55,50.0,1729260,4.47,,1729260,14312645,-12583385,科创板、养老概念,2.88,89917878,2625440000,2.1519,0
002381,双箭股份,0.3,50388,0.41,7.52,1711808,1.9,,1711808,2087808,-376000,养老概念、橡胶,1.48,35310427,1931809227,1.30937,0
603628,清源股份,0.4,32886,-0.16,12.55,1710633,2.87,,1710633,4059808,-2349175,光伏EPC、绿色电力,3.04,51590956,1592257144,1.81026,0
603578,三星新材,0.5,40662,0.0,15.33,1708389,1.79,,1708389,3781549,-2073160,家电、建筑节能,1.79,31141849,1195795791,1.07189,0
603708,家家悦  ,1.1,91934,0.38,11.05,1684399,3.76,,1684399,8289225,-6604826,零售、并购重组,3.37,56133460,2173279043,2.48438,0
688336,三生国健,0.2,31650,-0.94,22.15,1663823,3.99,,1663823,15839639,-14175816,防脱发、医美,4.98,102987724,2044022462,1.33712,0
002003,伟星股份,9.0,633897,1.1,10.41,1660751,4.1,,1660751,10647115,-8986364,高股息、服装家纺,2.97,94413161,5738915750,1.97298,0
601999,出版传媒,1.0,84456,0.0,6.26,1656888,0.81,,1656888,3312729,-1655841,文化传媒、教育,0.81,21208077,1120366930,0.811757,0
000055,方大集团,0.2,41474,-0.43,4.71,1655821,0.64,,1655821,2343082,-687261,华为概念、光伏,1.07,26319620,2617334677,0.866837,0
601688,华泰证券,0.9,1976630,-1.07,15.82,1647783,-0.32,,1647783,208218052,-206570269,证券、破净股概念,0.76,758760882,115829423748,1.12839,5845635
301019,宁波色母,0.2,112372,-0.41,21.86,1641031,0.74,,1641031,1641031,0,化工、专精特新,1.16,31496230,1256725061,0.965819,0
001286,陕西能源,4.4,2688630,0.49,8.41,1634248,2.31,,1634248,32116455,-30482207,煤炭、火电,1.82,173144461,6292500000,1.47502,0
002186,全聚德,0.1,46998,0.0,11.39,1629939,1.79,,1629939,6116275,-4486336,预制菜、酿酒,1.79,55537729,1969082190,0.961205,0
688459,哈铁科技,0.0,286849,0.76,9.34,1628853,1.19,,1628853,7473267,-5844414,轨道交通、央企,0.43,25021141,1079533433,1.89345,0
603706,东方环宇,0.5,32760,-0.06,15.79,1624404,1.15,,1624404,4637348,-3012944,天然气、高股息,1.22,35832365,928115877,0.906444,0
002570,贝因美,0.2,82214,-0.25,4.16,1619937,1.96,,1619937,7299813,-5679876,乳业、食品饮料,2.21,47447272,3677421419,1.17253,0
603328,依顿电子,3.0,1155198,1.06,7.76,1613218,3.05,,1613218,9472630,-7859412,印制电路板、地方国企,1.97,82333597,3175250386,1.40347,0
688357,建龙微纳,2.7,47006,-0.7,55.15,1610316,0.9,,1610316,18601676,-16991360,核污染概念、新材料概念,1.6,68041259,2795356121,0.846793,3428616
301439,泓淋电力,0.3,122590,0.0,15.23,1607241,1.87,,1607241,3487566,-1880325,充电桩、消费电子,1.87,39678645,1482547200,1.18755,0
600784,鲁银投资,1.4,117012,0.0,6.06,1601107,1.51,,1601107,1973126,-372019,并购重组、化工,1.51,22111160,2624758472,0.941159,0
603016,新宏泰  ,0.6,128635,-0.9,19.34,1591688,-3.15,,1591688,1591688,0,电气设备、特高压,-2.27,27405520,1387840335,2.07678,0
300902,国安达,1.1,249000,-0.99,31.17,1585250,2.87,,1585250,23624704,-22039454,储能、变压器,3.9,66603332,1801626150,1.04737,3435450
300798,锦鸡股份,0.6,17407936,-3.61,9.96,1584562,-7.69,,1584562,162498649,-160914087,算力租赁、算力,-4.23,701260442,1404656035,1.24972,6272999
603008,喜临门  ,16.3,304810,-0.27,19.29,1584455,2.88,,1584455,10745631,-9161176,智能家居、装修家具,3.16,77586495,5130600229,1.14321,0
301297,富乐德,0.2,220900,-0.76,24.65,1581679,4.1,,1581679,47512410,-45930731,并购重组、光刻机,4.89,367616452,1810456874,2.05573,0
002210,飞马国际,2.4,89019,-0.53,1.93,1562100,1.58,,1562100,5618968,-4056868,绿色电力、天然气,2.12,29535032,3581098595,1.04757,0
301289,国缆检测,1.1,52800,-0.31,48.22,1560613,0.15,,1560613,2540269,-979656,核电、超导概念,0.46,36058990,1221611729,0.929721,0
600521,华海药业,0.8,206176,0.0,15.79,1556553,4.16,,1556553,47269684,-45713131,创新药、降压药,4.16,232377281,13637429876,1.73189,-3725508
603590,康辰药业,4.4,82478,0.08,37.9,1547396,1.17,,1547396,6868732,-5321336,创新药、并购重组,1.09,43344273,3108460440,1.05103,0
603883,老百姓  ,0.9,207930,-0.25,25.16,1542566,5.01,,1542566,26602012,-25059446,医药零售、并购重组,5.27,178028726,6115902895,1.8848,0
601827,三峰环境,2.3,42126,0.28,7.26,1541582,1.97,,1541582,2627582,-1086000,绿色电力、电力,1.68,28621852,3712591045,0.980716,0
688466,金科环境,1.1,46500,0.0,18.85,1533804,1.34,,1533804,1533804,0,污水处理、高股息,1.34,22632934,1153227879,1.62118,0
600458,时代新材,0.7,55005,-0.62,9.84,1532637,1.34,,1532637,2663926,-1131289,风电零部件、风电,1.97,35397929,4368605601,0.83012,0
688458,美芯晟  ,1.0,89307,-0.87,69.6,1532286,-0.73,,1532286,8766338,-7234052,芯片、专精特新,0.14,61533237,1248763053,0.99505,0
300470,中密控股,0.3,66618,-1.33,38.61,1526499,2.93,,1526499,8727465,-7200966,煤化工、化工,4.32,48714437,4925771201,2.01522,0
002144,宏达高科,0.5,8848,-0.27,11.32,1521257,2.07,,1521257,1521257,0,医疗器械、汽车类,2.35,27729671,1443009635,1.029,0
601579,会稽山  ,0.3,40108,-0.46,11.01,1505696,1.1,,1505696,4818639,-3312943,黄酒、酿酒,1.57,39389881,2186051960,1.22807,0
301089,拓新药业,0.5,288780,0.12,50.43,1475914,4.91,,1475914,50314872,-48838958,合成生物、新冠药概念,4.78,240598214,3075913375,1.62641,0
600835,上海机电,0.2,21913,0.0,12.84,1471124,-0.39,,1471124,4497440,-3026316,灵巧手、电梯概念,-0.39,65650041,2972302109,1.31461,0
002695,煌上煌,1.4,30856,-0.09,11.01,1459898,3.38,,1459898,4191646,-2731748,预制菜、食品饮料,3.48,54197774,2114160607,1.70148,0
000659,珠海中富,0.0,95425,-0.36,2.77,1436868,0.37,,1436868,7505817,-6068949,物流、代糖概念,0.73,51404532,2813672982,2.65678,0
601519,大智慧  ,0.6,1237932,-1.05,7.64,1433563,0.39,,1433563,64911820,-63478257,互联网金融、并购重组,1.46,253544185,9090044505,0.671879,0
002899,英派斯,1.2,129978,0.0,15.31,1430326,2.48,,1430326,5250309,-3819983,AI眼镜、体育产业,2.48,37217495,1213902611,1.46653,0
603324,盛剑科技,0.0,0,0.0,34.85,1421543,3.2,,1421543,13282679,-11861136,光刻胶、环保,3.2,66349187,1539535297,1.69791,0
002046,国机精工,1.4,88968,-0.69,10.34,1418742,1.57,,1418742,4120524,-2701782,机器人概念、芯片,2.27,40829736,2713506478,0.830765,0
603829,洛凯股份,1.6,44609,0.0,14.46,1413092,0.49,,1413092,1413092,0,特高压、三季报增长,0.49,15769534,582595147,0.780073,0
000589,贵州轮胎,3.7,857327,0.16,6.45,1409899,2.71,,1409899,11170902,-9761003,汽车零部件、高股息,2.54,132892086,5343786227,1.45641,0
300226,上海钢联,0.2,609584,-0.77,25.1,1402036,1.33,,1402036,69758009,-68355973,互联网金融、新型工业化,2.12,266401919,5740430147,1.00961,2174214
001219,青岛食品,0.3,359616,0.0,18.73,1387027,0.0,,1387027,18104358,-16717331,国有企业、食品饮料,0.0,57928054,1405397350,0.597879,-3323228
688028,沃尔德  ,0.0,304945,-0.98,21.91,1383536,2.38,,1383536,4598329,-3214793,金刚石概念、并购重组,3.4,40232987,1820451044,1.56103,0
603682,锦和商管,0.2,32886,-0.53,5.81,1370046,1.93,,1370046,5514166,-4144120,零售、首发经济,2.47,43193832,1151580104,0.93525,0
600267,海正药业,0.2,368285,-0.39,10.62,1369651,4.84,,1369651,49994013,-48624362,医药、并购重组,5.25,281451245,7115155419,1.89387,0
688375,国博电子,12.2,1063103,0.89,79.59,1359971,1.65,,1359971,8835708,-7475737,科创板、央企,0.75,41440014,13373710806,0.75144,0
600970,中材国际,1.5,324615,0.0,10.15,1358828,1.0,,1358828,14164617,-12805789,地产链、并购重组,1.0,107642937,10635060705,0.76254,0
000099,中信海直,0.9,192699,0.76,7.94,1356286,0.89,,1356286,10870665,-9514379,飞行汽车、军工,0.13,59791863,3771064931,0.941069,0
688132,邦彦技术,0.0,45108,-0.33,21.34,1354943,1.28,,1354943,1354943,0,并购重组、军工,1.62,13049809,2273186152,0.967951,0
002338,奥普光电,1.3,921129,-1.28,33.69,1353370,-2.15,,1353370,74881053,-73527683,光刻机、军工,-0.88,470020211,4644950073,2.36646,0
605086,龙高股份,1.0,120773,-0.29,20.94,1350767,2.0,,1350767,2789777,-1439010,非金属材料、地方国企,2.3,27500257,768484233,0.996998,0
300937,药易购,0.9,57366,0.09,32.62,1347667,2.45,,1347667,6519262,-5171595,DeepSeek、医药零售,2.35,61646064,1292307376,1.49913,0
301234,五洲医疗,4.3,278554,0.65,34.85,1346461,3.26,,1346461,4988713,-3642252,医疗器械、医药,2.59,54594079,641847240,1.24542,0
002134,天津普林,0.1,7014,-0.4,10.16,1346222,0.99,,1346222,4069186,-2722964,印制电路板、资产管理,1.4,56011580,1820665669,1.40821,0
601928,凤凰传媒,1.2,153470,-0.39,10.53,1321913,1.84,,1321913,17475243,-16153330,文化传媒、高股息,2.23,107845721,7303873765,0.849545,0
688400,凌云光  ,0.0,0,0.0,23.25,1318837,0.65,,1318837,6129562,-4810725,宇树机器人、消费电子,0.65,51225368,4643848957,0.810835,0
002743,富煌钢构,0.4,61600,-0.36,5.57,1308247,0.91,,1308247,2866335,-1558088,基础建设、并购重组,1.27,28399307,1490175558,0.693993,0
300540,蜀道装备,0.0,0,0.0,21.77,1300718,3.13,,1300718,5624059,-4323341,西部大开发、天然气,3.13,39167641,1831243005,1.08116,0
600698,湖南天雁,0.4,169280,-0.22,4.64,1297214,0.65,,1297214,8751555,-7454341,并购重组、汽车零部件,0.87,57241312,2009206446,0.803621,0
300752,隆利科技,14.1,262725,2.17,17.06,1294349,2.83,,1294349,3984383,-2690034,玻璃基板、三季报增长,0.65,58423040,1505528230,1.64504,0
600794,保税科技,0.7,92655,-0.28,3.57,1281944,0.28,,1281944,5116171,-3834227,物流、一带一路,0.56,29686919,2441290250,0.977456,0
300634,彩讯股份,1.2,2589150,-1.08,20.92,1260619,-1.69,,1260619,75907472,-74646853,DeepSeek、RCS,-0.62,361995116,5224118139,1.01651,0
688737,中自科技,0.0,31572,0.0,35.55,1241278,1.34,,1241278,5304670,-4063392,固态电池、汽车类,1.34,38743845,2128777970,0.527865,0
600629,华建集团,0.2,234210,0.0,5.56,1238993,0.18,,1238993,7740195,-6501202,数据中心、人工智能,0.18,68153857,2392462538,0.731892,0
605068,明新旭腾,11.7,953160,3.64,26.65,1213363,-2.06,,1213363,3563137,-2349774,汽车零部件、内外饰,-5.5,87068998,1370264043,2.15717,0
001338,永顺泰,1.2,207024,-0.8,13.99,1200486,1.89,,1200486,4203153,-3002667,年报增长、农业,2.72,55374970,1752294931,1.27957,0
600055,万东医疗,0.9,51240,-0.18,17.82,1195749,4.15,,1195749,11429561,-10233812,医疗器械、医药,4.33,77614970,6836719634,1.35082,0
300137,ST先河,0.0,45200,-1.05,5.72,1192919,0.18,,1192919,5406457,-4213538,核污染概念、环保,1.24,34085738,2640153984,0.871945,0
600710,苏美达  ,0.8,358834,-0.69,7.48,1187799,2.89,,1187799,9414355,-8226556,发电机、算力,3.6,74648406,4350851263,1.80704,0
601177,杭齿前进,0.3,32412,-0.23,9.02,1173599,2.73,,1173599,2826484,-1652885,机器人概念、农业,2.97,30573132,1802180186,1.43685,0
000551,创元科技,0.5,41448,-0.42,9.58,1161935,1.27,,1161935,2392274,-1230339,机器人概念、病毒防治,1.7,21388332,2450412464,0.805485,0
601366,利群股份,16.0,8288,0.0,5.26,1159282,1.54,,1159282,1466990,-307708,跨境电商、新零售,1.54,13890084,2583581391,1.05507,0
688633,星球石墨,0.0,322019,-1.11,32.95,1154979,-1.14,,1154979,3059581,-1904602,科创板、化工,-0.03,34727144,1140225863,1.59821,0
688566,吉贝尔  ,2.3,58422,-0.99,26.82,1147302,6.13,,1147302,2982677,-1835375,医药、眼科医疗,7.19,57582126,1407906471,1.42471,0
603917,合力科技,0.6,56482,-0.27,18.39,1142990,0.66,,1142990,3354391,-2211401,比亚迪产业链、有色金属,0.93,40740835,1751068671,0.775878,0
301332,德尔玛,3.5,241276,-0.97,12.73,1126232,2.41,,1126232,5046331,-3920099,家电、地产链,3.41,47345129,1072743351,1.48172,0
301087,可孚医疗,0.9,73269,0.23,36.72,1116830,5.49,,1116830,3128798,-2011968,医疗器械、高股息,5.25,63678965,3288517285,1.89645,0
300774,倍杰特,3.5,285831,0.0,10.65,1100667,1.72,,1100667,1889978,-789311,环保、锂电池,1.72,26295893,1315615837,0.582989,0
688681,科汇股份,0.0,21200,0.0,14.49,1091901,2.11,,1091901,1091901,0,科创板、虚拟电厂,2.11,14941601,968699765,1.67724,0
688468,科美诊断,0.0,27748,-0.2,10.33,1084001,4.03,,1084001,2405974,-1321973,科创板、医药,4.24,28399095,2084019980,1.39958,0
001380,华纬科技,0.2,332290,-0.27,33.3,1081722,0.94,,1081722,10902077,-9820355,机器人概念、新能源汽车,1.22,87908557,1052303526,0.923711,0
301323,新莱福,3.0,1585402,2.74,39.62,1078580,3.47,,1078580,4929818,-3851238,稀土永磁、核污染概念,0.71,68038355,926523407,1.67347,0
605378,野马电池,1.8,172692,-1.07,21.91,1078410,1.67,,1078410,1078410,0,电源、多胎概念,2.77,19165195,729145800,1.18971,0
002066,瑞泰科技,0.1,6168,0.0,10.4,1077693,1.17,,1077693,1077693,0,核电、国有企业,1.17,15006091,1438424988,0.808905,0
688117,圣诺生物,1.2,383279,-2.35,29.03,1076873,6.57,,1076873,36076733,-34999860,减肥药、科创板,9.14,210315341,1655104137,1.79927,0
002278,神开股份,0.6,42994,1.22,5.82,1071036,1.39,,1071036,1451088,-380052,商业航天、石油石化,0.17,42223617,1543174923,0.605436,0
002096,易普力,0.3,63860,-0.29,10.58,1070686,2.42,,1070686,2501302,-1430616,民用爆破、基础建设,2.72,24227039,1369977721,1.20802,0
603159,上海亚虹,0.3,12304,-0.06,15.88,1057167,3.18,,1057167,8982608,-7925441,特斯拉概念、股权转让,3.25,59721599,847597766,2.36657,0
300315,掌趣科技,1.4,919259,-0.69,4.38,1050420,0.46,,1050420,55248062,-54197642,游戏、AIGC,1.15,240312564,11208372899,0.996768,0
000529,广弘控股,3.5,69708,-0.32,6.45,1044933,2.38,,1044933,3267572,-2222639,猪肉、并购重组,2.71,28228386,1628990784,1.19369,0
300621,维业股份,0.4,101947,0.1,10.44,1035848,-0.57,,1035848,1400202,-364354,装修家具、并购重组,-0.67,23727573,1032438901,1.08195,0
688631,莱斯信息,0.8,29472,2.79,36.96,1029318,3.12,,1029318,2526992,-1497674,低空经济、国产软件,0.33,40153693,1237068975,1.21665,0
301276,嘉曼服饰,2.3,139128,0.11,28.43,1026523,4.33,,1026523,3083561,-2057038,服装家纺,4.22,45080642,1095616124,1.69836,0
603225,新凤鸣  ,4.3,965888,0.49,12.72,1025585,3.75,,1025585,7883272,-6857687,化工、涤纶,3.25,170596218,7628910348,2.14724,0
688639,华恒生物,0.4,321300,0.11,99.03,1010527,4.9,,1010527,8273185,-7262658,科创板、农业,4.79,93243327,10117574180,1.64909,0
688646,逸飞激光,0.0,0,0.0,38.51,1009043,2.31,,1009043,2072326,-1063283,科创板、固态电池,2.31,30745471,688918098,1.40625,0
600195,中牧股份,1.5,165900,-0.38,10.92,998969,3.61,,998969,8784465,-7785496,农业、动物疫苗,4.0,63999246,5641285629,1.62463,0
600748,上实发展,0.5,145040,0.0,3.74,995100,1.08,,995100,8365599,-7370499,房地产、破净股概念,1.08,43167964,3121273537,0.838018,0
600768,宁波富邦,2.5,218154,0.19,10.62,993078,0.47,,993078,1584196,-591118,体育产业、有色金属,0.28,19430544,891464876,0.709741,0
300349,金卡智能,1.5,112500,-0.16,12.45,988051,-0.56,,988051,3589105,-2601054,氢能源、电气设备,-0.4,49305842,3400308295,0.792305,0
300510,金冠股份,0.9,244292,-0.79,6.4,983064,1.11,,983064,24687320,-23704256,充电桩、汽车充电,1.91,134101493,3872707034,0.765173,0
603028,赛福天  ,2.2,299642,0.24,12.71,971454,1.19,,971454,4732154,-3760700,光伏、钢铁,0.95,55126897,2161205650,0.644695,0
600721,百花医药,1.4,3178960,-2.71,8.33,965370,2.59,,965370,65732354,-64766984,流感、减肥药,5.44,368240905,2501964607,1.2064,0
688698,伟创电气,0.2,36542,0.45,34.02,959906,2.87,,959906,6449009,-5489103,光伏、氢能源,2.41,43112016,1560651000,0.908167,0
300155,安居宝,1.1,220728,-0.37,5.36,954559,-1.29,,954559,2194106,-1239547,物业服务、地产链,-0.92,40707403,1368241725,1.15404,0
300918,南山智尚,0.4,36414,0.09,11.04,954297,3.18,,954297,2017990,-1063693,机器人概念、化工,3.08,27739167,1195937126,1.17082,0
688128,中国电研,0.6,151433,0.0,20.12,948032,3.93,,948032,1704576,-756544,汽车充电、锂电池,3.93,34485295,1496144298,1.3068,0
688539,高华科技,0.1,7486,-0.32,37.66,946981,0.29,,946981,3035793,-2088812,军工、高铁,0.61,24885927,1137508861,1.08476,0
603712,七一二  ,0.6,108416,-0.16,24.92,946830,0.97,,946830,15042946,-14096116,人工智能、军工,1.14,95490668,10013812527,0.890912,0
300572,安车检测,0.3,17545,0.25,15.92,940526,0.06,,940526,2526329,-1585803,汽车检测、再融资,-0.19,26739460,2691396855,0.813792,0
301020,密封科技,22.0,44352,-0.1,20.1,939564,-0.4,,939564,939564,0,汽车零部件、地方国企,-0.3,17112083,821902857,0.960625,0
002546,新联电子,0.4,186662,0.21,4.75,925826,1.5,,925826,6281386,-5355560,年报增长、数字经济,1.28,55886679,2281034384,1.10036,0
600927,永安期货,1.6,125469,-0.32,15.69,923800,0.97,,923800,6726738,-5802938,期货概念、地方国企,1.29,43698488,3504634289,0.843488,0
600613,神奇制药,0.3,138380,-1.07,7.7,911541,2.94,,911541,16272963,-15361422,医药、止咳药,4.05,195043608,1795298250,1.39813,0
002112,三变科技,0.9,110799,-0.73,9.67,909688,1.36,,909688,5108948,-4199260,人工智能、电气设备,2.11,51684290,2153269093,0.851171,0
600523,贵航股份,0.5,65943,-0.31,13.09,905568,0.93,,905568,1763271,-857703,汽车零部件、华为汽车,1.24,38678735,2501307735,0.789203,0
300008,天海防务,14.5,3729519,-2.1,4.29,892563,0.23,,892563,44316047,-43423484,军工、造船,2.39,180679498,5671674438,1.5105,0
601965,中国汽研,0.5,123816,0.16,19.16,888460,2.3,,888460,10818208,-9929748,汽车服务、中字头,2.13,79413803,6851679417,1.26593,0
603860,中公高科,0.3,85800,-0.61,26.26,884269,0.38,,884269,3133711,-2249442,中字头、数字经济,1.0,21090523,941420174,0.818222,0
600580,卧龙电驱,0.8,408600,-0.09,11.59,880893,2.02,,880893,30051604,-29170711,机器人概念、电机电控,2.11,144248707,10259440480,1.21333,0
600897,厦门空港,2.4,188100,0.16,12.64,875261,0.96,,875261,2831461,-1956200,福建、福建自贸区,0.8,24477357,2715022691,1.14115,0
603871,嘉友国际,28.0,3981280,5.23,17.06,873335,7.5,,873335,32805331,-31931996,物流、高股息,2.16,175009270,5033941975,4.1628,0
002943,宇晶股份,1.4,125783,0.0,25.79,868873,0.47,,868873,6266807,-5397934,消费电子、光伏设备,0.47,57390182,2081808801,1.24255,0
300881,盛德鑫泰,0.1,27520,0.0,27.81,867070,1.05,,867070,3056295,-2189225,钢铁、火电灵活改造,1.05,34007949,868125277,0.793618,0
002394,联发股份,0.1,15865,-0.48,8.55,866542,1.91,,866542,2487704,-1621162,机器人概念、贬值受益,2.4,37044515,1637548693,1.12415,0
603096,新经典  ,2.4,76860,-0.06,17.31,866114,1.29,,866114,866114,0,谷子经济、高股息,1.35,20192308,1300791260,0.816364,0
002521,齐峰新材,1.0,286212,-0.14,7.53,850173,2.73,,850173,8108783,-7258610,造纸、包装印刷,2.87,84842347,2828578150,1.20791,0
000581,威孚高科,0.4,157632,0.18,16.51,835146,0.73,,835146,14222935,-13387789,机器人概念、毫米波雷达,0.55,93703520,10230991478,1.08715,0
600279,重庆港  ,0.5,60918,0.0,4.22,812676,-0.94,,812676,2284476,-1471800,并购重组、港口,-0.94,34358298,1827155587,1.50274,0
600250,南京商旅,1.2,103707,0.0,6.26,811700,0.81,,811700,811700,0,旅游、跨境电商,0.81,21040635,932025061,1.00465,0
603390,通达电气,4.1,164160,-0.93,8.74,806015,1.27,,806015,1447333,-641318,比亚迪产业链、网约车,2.22,34588714,1156071327,1.43521,0
300407,凯发电气,0.2,68716,-0.12,8.52,804889,1.55,,804889,3413167,-2608278,高铁、一带一路,1.67,33900121,1466676407,1.12322,0
603208,江山欧派,0.9,75831,-0.33,34.23,802939,3.48,,802939,2212774,-1409835,装修家具、并购重组,3.82,65348803,2301468289,0.939796,0
603579,荣泰健康,2.5,494488,-2.67,22.58,791107,0.44,,791107,2179283,-1388176,成人用品、高股息,3.2,25552085,1479231489,1.00302,0
002029,七匹狼,1.2,64766,0.49,6.1,779408,0.33,,779408,6369293,-5589885,服装家纺、破净股概念,-0.16,48160627,2830686164,1.58205,0
601717,郑煤机  ,3.8,356952,0.08,12.84,778055,0.08,,778055,8411896,-7633841,汽车类、并购重组,0.0,81924739,13752271433,1.00877,0
002797,第一创业,0.5,338142,-0.51,5.86,776052,0.34,,776052,66471335,-65695283,证券、股权转让,0.86,202001074,21490707528,0.822186,-6962721
600838,上海九百,0.4,318351,-0.82,7.5,762279,2.46,,762279,23167263,-22404984,零售、参股券商,3.31,119081037,2256834264,1.08626,0
601139,深圳燃气,4.8,658240,0.44,6.89,761715,1.77,,761715,20486058,-19724343,天然气、并购重组,1.32,100800643,3808452582,1.73669,0
300066,三川智慧,0.0,71690,-0.19,5.39,757224,0.56,,757224,3443470,-2686246,数字经济、稀土永磁,0.75,47551435,3403454048,0.851897,0
600127,金健米业,0.3,291256,-0.8,7.57,742307,1.07,,742307,25873113,-25130806,农业、食品饮料,1.88,135851471,3816509102,0.734137,0
605155,西大门  ,0.8,90174,-0.06,15.8,733965,-0.19,,733965,1254772,-520807,外贸、建筑节能,-0.13,35138008,740492970,1.63089,0
603648,畅联股份,4.2,221400,-0.77,9.12,730988,0.55,,730988,2187805,-1456817,物流、一带一路,1.33,35647285,1667374876,1.42169,0
688526,科前生物,4.2,161456,-0.6,18.58,729004,1.59,,729004,2452810,-1723806,动物疫苗、农业,2.2,45884741,4503815524,2.64185,0
605288,凯迪股份,0.1,7902,-0.45,40.3,726972,1.54,,726972,1214964,-487992,医疗器械、钒电池,2.0,16204062,732830341,1.24316,0
300393,中来股份,0.1,182492,-0.66,11.03,725117,3.28,,725117,21914819,-21189702,分布式光伏、TOPCon,3.96,165424620,8845643419,1.06368,0
600354,敦煌种业,0.8,114270,-0.51,5.95,714847,1.02,,714847,3101225,-2386378,农业、供销社,1.54,37490083,2313876549,0.852125,0
600597,光明乳业,0.4,89280,0.1,10.1,713196,1.92,,713196,24407179,-23693983,食品饮料、地方国企,1.81,89711908,6735483017,1.62787,0
002284,亚太股份,3.9,2337255,0.4,9.91,709628,0.0,,709628,46840025,-46130397,比亚迪产业链、汽车零部件,-0.4,275079538,4098516304,1.38885,3735000
603949,雪龙集团,0.4,292896,0.0,27.07,707800,4.44,,707800,45431857,-44724057,宇树机器人、农业,4.44,154590353,1639452597,1.14569,-1208231
300808,久量股份,0.2,33488,1.25,14.19,701846,-1.32,,701846,2649992,-1948146,LED、露营经济,-2.54,46321560,889298651,0.898173,0
002986,宇新股份,0.0,0,0.0,17.35,672670,3.21,,672670,1926481,-1253811,超跌、化工,3.21,22150511,3279116617,1.75878,0
002833,弘亚数控,0.1,24066,0.0,17.48,667105,1.69,,667105,5170441,-4503336,减速器、高股息,1.69,72421577,3553658142,1.45208,0
000750,国海证券,0.3,389150,-0.55,3.64,661589,0.0,,661589,61409206,-60747617,证券、地方国企,0.55,193388003,14362197045,0.798076,586599
603955,大千生态,0.2,40274,-0.26,15.61,656405,0.52,,656405,990507,-334102,股权转让、并购重组,0.77,18314503,1245389545,0.811147,0
600962,国投中鲁,0.0,0,0.0,10.6,651507,2.12,,651507,1912706,-1261199,食品饮料、国有企业,2.12,16315943,1533878142,1.01179,0
301175,中科环保,0.4,118040,-0.38,5.3,641743,1.53,,641743,7768262,-7126519,环保、中字头,1.92,45766020,3295964000,0.969299,0
300888,稳健医疗,0.9,499330,-0.18,39.87,633816,3.61,,633816,8231947,-7598131,医疗器械、并购重组,3.8,104003640,7477725574,1.47452,0
300616,尚品宅配,123.8,901395,0.66,18.49,616664,2.21,,616664,5276110,-4659446,装修家具、高股息,1.54,52762484,1829628378,1.72853,0
000791,甘肃能源,6.1,357191,-0.18,5.59,609288,2.01,,609288,6173033,-5563745,电力、并购重组,2.19,72838231,2608824669,1.82038,0
000548,湖南投资,0.5,253872,0.19,5.25,603113,1.94,,603113,4726933,-4123820,公路运营、房地产,1.74,42364136,1771790914,1.42843,0
301468,博盈特焊,2.5,202356,-0.87,31.39,591865,1.49,,591865,959968,-368103,垃圾分类、核电,2.38,30241508,981852579,0.924695,0
300376,ST易事特,1.9,1021860,0.32,6.41,589347,2.07,,589347,43844934,-43255587,ST板块、第三代半导体,1.75,208561566,6367550467,1.78584,0
002289,ST宇顺,0.0,3690,-0.81,6.17,589137,-0.48,,589137,2807024,-2217887,ST板块、面板,0.33,13557546,1091265631,0.635389,0
002780,三夫户外,1.3,624985,0.0,12.15,586207,1.67,,586207,4846061,-4259854,户外运动、并购重组,1.67,65462890,1487324515,0.8179,0
000972,中基健康,1.4,89430,-0.6,3.37,581202,1.51,,581202,1057572,-476370,并购重组、农业,2.12,14830072,1671798552,0.802809,0
002216,三全食品,1.4,192915,0.07,14.61,571042,2.31,,571042,6383267,-5812225,食品饮料、高股息,2.24,68420394,4511743312,2.01657,0
002730,电光科技,0.2,65816,-0.23,8.72,561008,0.46,,561008,872768,-311760,机器人概念、算力租赁,0.69,21867870,1556392046,0.882926,0
603997,继峰股份,0.4,138624,-0.28,14.68,557340,1.38,,557340,10114535,-9557195,特斯拉概念、内外饰,1.66,85979213,7757217711,1.33632,0
688543,国科军工,6.1,910464,0.4,48.02,553286,0.44,,553286,34971297,-34418011,军工、地方国企,0.04,137733148,1595035202,1.00527,0
002498,汉缆股份,22.6,1123136,1.1,3.76,550033,3.3,,550033,14026854,-13476821,海缆、并购重组,2.17,92088718,4195757510,2.80811,0
300651,金陵体育,0.3,40278,-2.14,19.98,532873,1.94,,532873,905003,-372130,世界杯概念、足球概念,4.17,33396729,1411549462,0.692544,0
600655,豫园股份,0.8,95626,-0.14,7.13,521581,2.0,,521581,6475074,-5953493,白酒、酿酒,2.15,59708151,17802445594,1.02525,0
300743,天地数码,0.1,66928,0.28,14.12,514011,-0.56,,514011,1189591,-675580,化工、包装印刷,-0.84,40773486,1150184453,0.819666,0
003036,泰坦股份,0.7,640758,-1.33,12.23,511577,1.33,,511577,3391744,-2880167,专用设备、服装家纺,2.69,62890833,695218625,0.83659,0
300977,深圳瑞捷,0.1,95421,-0.95,18.92,503840,0.16,,503840,2213114,-1709274,房屋检测、算力,1.12,48446014,733252609,0.984285,0
603637,镇海股份,0.8,64038,-0.12,8.24,502425,0.24,,502425,502425,0,石油石化、化工,0.37,17178849,1676522353,0.594213,0
688097,博众精工,0.0,31873,-0.04,24.79,501857,4.95,,501857,8826505,-8324648,科创板、固态电池,5.0,56859585,2302235832,2.20624,0
688620,安凯微  ,3.0,134421,-1.14,12.33,497411,0.65,,497411,8474084,-7976673,DeepSeek、数字经济,1.82,59278806,1036575305,1.34136,0
002308,*ST威创,3.1,945342,-0.57,5.3,490935,0.95,,490935,50681900,-50190965,信创、虚拟电厂,1.53,170541275,3126153258,1.58301,3144239
000058,深赛格,1.0,552624,-1.14,7.03,489883,-0.14,,489883,19324348,-18834465,光伏、深圳,1.01,123448288,2033933216,1.14191,0
600512,腾达建设,0.1,44704,0.0,2.56,479978,0.79,,479978,12616317,-12136339,基础建设、破净股概念,0.79,43412064,3468081926,1.12471,0
301301,川宁生物,0.2,121903,0.0,9.18,478101,4.68,,478101,28018063,-27539962,合成生物、土地流转,4.68,187431342,2045304000,1.66295,0
301186,超达装备,5.7,726585,0.12,40.58,474572,-1.02,,474572,7441347,-6966775,汽车零部件、小米汽车,-1.14,83753977,875909764,1.15032,0
600616,金枫酒业,0.5,55890,0.32,6.28,474021,1.45,,474021,2392574,-1918553,黄酒、酿酒,1.13,24639151,2738100328,0.802652,0
603901,永创智能,0.1,6696,-0.8,11.44,469860,1.69,,469860,809076,-339216,机器人概念、并购重组,2.51,16406076,2730152285,0.818538,0
603307,扬州金泉,5.0,70500,-0.04,48.55,469500,3.25,,469500,2556614,-2087114,外贸、露营经济,3.3,30517923,812375000,1.38169,0
300153,科泰电源,0.9,55090,-0.25,7.91,457603,0.25,,457603,3580113,-3122510,电源、发电机,0.51,32862808,1593265027,0.952862,0
300809,华辰装备,0.7,575990,-0.54,24.81,457025,2.39,,457025,28442388,-27985363,工业母机、江苏省,2.95,276893131,1917913048,1.68873,0
600108,亚盛集团,0.2,48708,-0.34,2.99,456615,0.34,,456615,12474380,-12017765,农业、代糖概念,0.67,48670328,4392117974,0.913186,0
002117,东港股份,0.2,63080,-0.12,8.34,454407,0.36,,454407,4375446,-3921039,宇树机器人、算力,0.48,48343670,3197516927,0.908102,0
002775,文科股份,0.2,19248,0.25,3.99,452518,-0.25,,452518,1132813,-680295,光伏、绿色电力,-0.5,21276419,1222433900,1.13119,0
002140,东华科技,1.0,85400,-0.12,8.59,452386,0.47,,452386,1157749,-705363,年报增长、氢能源,0.59,22507899,1894203681,0.469113,0
688623,双元科技,0.0,0,0.0,73.2,451567,2.08,,451567,2954860,-2503293,人工智能、锂电池,2.08,21361528,983503342,1.33841,0
600182,S佳通   ,1.8,81316,-0.28,14.32,446210,1.85,,446210,828581,-382371,轮胎、橡胶,2.14,17889731,2437800000,0.992366,0
603102,百合股份,0.3,254600,-0.13,39.33,446054,3.36,,446054,7466397,-7020343,维生素、食品饮料,3.5,86658321,1410100390,1.27893,0
601869,长飞光纤,0.6,106794,-0.57,31.82,442245,0.73,,442245,1392198,-949953,高速连接、特高压,1.31,44192040,3375733917,0.82606,0
688315,诺禾致源,0.8,8152,0.15,22.15,439130,8.85,,439130,4318749,-3879619,基因疗法、科创板,8.68,70980517,2422361675,1.69369,0
002789,建艺集团,0.0,7250,0.0,14.59,438715,0.62,,438715,438715,0,装修家具、基础建设,0.62,11785901,1060904021,0.841358,0
603233,大参林  ,1.3,147328,-0.26,23.92,438698,3.64,,438698,34600961,-34162263,医药零售、高股息,3.91,196657962,11623535992,2.23595,-3549556
000007,全新好,2.0,58750,0.43,4.81,432765,2.78,,432765,1265371,-832606,金融科技、年报增长,2.34,9663709,1479861131,0.520057,0
001212,中旗新材,0.0,0,0.0,24.0,431859,2.13,,431859,1828703,-1396844,光伏、并购重组,2.13,28879807,1319426512,1.18752,0
002093,国脉科技,1.2,353280,-0.26,7.59,422869,-1.43,,422869,21676250,-21253381,通信、数据确权,-1.17,143369883,3895602432,1.25989,0
001288,运机集团,9.2,78016,0.71,16.81,422008,-0.18,,422008,422008,0,减速器、基础建设,-0.88,18012967,884152959,0.673735,0
300019,硅宝科技,0.1,33390,-0.13,16.31,417789,2.45,,417789,4382700,-3964911,成人用品、有机硅,2.58,50804204,3626349774,1.22563,0
300234,开尔新材,0.0,0,0.0,5.29,415843,1.34,,415843,2873637,-2457794,建筑节能、碳中和,1.34,22879087,1565613785,1.07994,0
688618,三旺通信,0.0,26702,0.82,64.3,414501,-0.22,,414501,1714701,-1300200,通信、科创板,-1.03,39164554,1628601194,0.968493,0
603685,晨丰科技,1.3,53539,-1.83,14.76,399398,0.14,,399398,399398,0,绿色电力、电力,2.0,14632525,850217618,1.40897,0
300908,仲景食品,1.1,173460,-0.77,43.0,398941,3.32,,398941,6745678,-6346737,食品饮料、电子商务,4.12,70261568,1630561119,1.3611,0
002172,澳洋健康,2.2,163713,0.0,3.72,398131,2.48,,398131,2905017,-2506886,养老概念、医美,2.48,45526883,1972299659,1.4413,0
300415,伊之密,2.2,857990,0.57,18.05,392819,3.68,,392819,26768680,-26375861,机器人概念、一体化压铸,3.08,219593523,5169667045,1.64876,-4840307
600833,第一医药,0.1,4240,-0.47,10.92,390490,2.54,,390490,696528,-306038,上海、医药零售,3.02,32902928,1342450804,1.51705,0
600729,重庆百货,1.3,160765,0.1,29.66,390168,1.58,,390168,2834251,-2444083,零售、并购重组,1.47,42137918,5713771541,1.12904,0
000524,岭南控股,0.6,196350,-0.36,8.5,389264,2.66,,389264,2833053,-2443789,飞行汽车、免税,3.03,51514062,1664075712,1.3001,0
300697,电工合金,5.3,385476,-0.47,10.77,388894,1.22,,388894,2504571,-2115677,金属铜、有色金属,1.7,39256774,111522233,1.13194,0
603661,恒林股份,0.2,60192,-0.78,33.0,385167,3.35,,385167,710766,-325599,算力、并购重组,4.17,27990493,1338413606,1.22687,0
300026,红日药业,0.4,390600,-0.47,4.38,382225,3.79,,382225,80548339,-80166114,新冠药概念、中药,4.29,334220877,8127481133,2.15268,0
300286,安科瑞,0.3,558939,-1.01,28.27,380305,5.64,,380305,8754679,-8374374,智能电网、光伏,6.72,131987970,3230820018,1.85645,0
002486,嘉麟杰,0.4,25080,0.71,2.9,371612,2.47,,371612,5964413,-5592801,户外运动、露营经济,1.75,44934409,1982539445,1.35496,0
002429,兆驰股份,1.2,646144,0.0,5.19,370179,1.37,,370179,23857516,-23487337,光模块、分拆上市预期,1.37,155300900,10811560044,1.13013,0
688056,莱伯泰科,0.0,0,0.0,35.32,366787,2.61,,366787,1888719,-1521932,医药、核污染概念,2.61,13844648,952100665,0.993849,0
000869,张裕Ａ,1.1,105830,-0.61,28.69,366528,2.39,,366528,4804039,-4437511,酿酒、葡萄酒,3.02,47310088,3101523227,1.56444,0
301386,未来电器,2.4,30540,-0.43,25.85,365725,1.13,,365725,3338784,-2973059,无人驾驶、光伏,1.57,44926060,904046500,1.26644,0
300781,因赛集团,1.2,26286,-1.51,20.4,360179,-0.63,,360179,1601718,-1241539,并购重组、文化传媒,0.89,32563513,1010229838,0.94355,0
600548,深高速  ,0.5,42269,0.0,9.75,357424,-0.81,,357424,357424,0,基础建设、并购重组,-0.81,18603123,3589936092,0.828945,0
688202,美迪西  ,0.1,183744,-0.9,71.49,355271,7.34,,355271,44756088,-44400817,CRO、医药,8.32,213045169,5474505393,1.89696,0
002956,西麦食品,0.1,15804,-0.38,13.72,353952,3.78,,353952,353952,0,食品饮料、西部大开发,4.18,36745073,1637316933,1.20423,0
002779,中坚科技,0.1,10377,-0.74,19.45,353937,2.69,,353937,1316104,-962167,机器人概念、农业,3.46,23315239,1193763529,1.5982,0
603808,歌力思  ,0.1,2314,-0.52,11.84,328103,1.81,,328103,328103,0,小红书概念、平台经济,2.33,27849127,1967592941,1.20329,0
600084,中信尼雅,0.2,3765,0.0,7.58,323870,0.66,,323870,776399,-452529,机器人概念、酿酒,0.66,14632538,3880016674,0.536047,0
301008,宏昌科技,0.5,68952,0.0,29.35,323064,2.16,,323064,323064,0,家电、装修家具,2.16,20539688,723547840,0.964265,0
002898,赛隆药业,0.7,205744,-0.96,12.72,323048,2.25,,323048,2724483,-2401435,创新药、幽门螺杆菌,3.25,50839288,786078928,1.02999,0
600007,中国国贸,1.7,152640,0.21,19.04,322877,0.0,,322877,322877,0,高股息、中特估,-0.21,34239949,3711881787,1.33578,0
603551,奥普科技,1.5,77774,-0.38,10.89,319800,3.22,,319800,319800,0,家电、高股息,3.62,22959048,1364625689,1.17435,0
301321,翰博高新,2.3,1297814,-0.51,15.74,316636,0.51,,316636,8206925,-7890289,人工智能、消费电子,1.03,104119819,1466833027,1.48342,0
300877,金春股份,2.2,163680,-0.11,18.01,312677,2.21,,312677,312677,0,服装家纺、光伏,2.33,26570340,1112153568,1.0047,0
000949,新乡化纤,1.6,161966,0.62,3.27,308496,2.19,,308496,5237662,-4929166,化工、聚氨酯,1.55,42116413,2711281012,1.30157,0
002485,ST雪发,0.0,92460,-1.71,4.61,307736,-1.5,,307736,307736,0,ST板块、并购重组,0.22,12129841,769415539,1.84209,0
003001,中岩大地,0.2,179520,1.56,17.28,306655,-0.29,,306655,2277037,-1970382,基础建设、一带一路,-1.82,39289577,852485536,0.925353,0
688819,天能股份,0.4,243230,-0.72,32.64,306346,1.52,,306346,2826821,-2520475,储能、固态电池,2.26,37434617,4276503000,0.809915,0
603488,展鹏科技,0.1,43416,0.0,8.04,301034,0.0,,301034,1524755,-1223721,军工、并购重组,0.0,17754983,1353472098,1.09222,0
300602,飞荣达,6.1,2108880,-0.44,19.02,297589,4.16,,297589,68556765,-68259176,华为概念、汽车类,4.62,420610366,4214897893,1.71166,-3182964
688092,爱科科技,0.4,21096,0.07,29.84,297330,1.91,,297330,739751,-442421,机器人概念、科创板,1.84,20203295,802312010,0.887522,0
002940,昂利康,0.7,77099,0.17,18.89,297088,5.53,,297088,2461270,-2164182,医药、合成生物,5.35,46190503,2093885810,1.87599,0
002614,奥佳华,1.2,49232,-0.69,7.39,296557,1.37,,296557,9214586,-8918029,AI医疗、血氧仪,2.07,42131795,2807065937,1.09388,0
600689,上海三毛,0.6,144001,-0.2,10.48,281869,3.87,,281869,5369045,-5087176,股权转让、物业服务,4.07,62970287,1046833727,1.63274,0
003003,天元股份,3.1,548438,-1.48,10.91,281287,0.74,,281287,1274826,-993539,冷链物流、平台经济,2.25,29414165,1271117969,1.07786,0
603183,建研院  ,0.4,124550,-0.21,4.71,278254,0.0,,278254,1876772,-1598518,房屋检测、分布式光伏,0.21,32423803,1873993345,0.922518,0
300030,阳普医疗,0.0,358926,-1.08,7.72,274586,4.04,,274586,1572276,-1297690,医疗器械、PPP概念,5.18,50317920,1743796314,1.60813,0
300962,中金辐照,22.5,73170,0.0,16.47,271248,1.29,,271248,2069375,-1798127,中字头、医美,1.29,19811937,1572167871,1.02518,0
605287,德才股份,0.0,3444,-0.06,17.18,261622,-0.29,,261622,1028368,-766746,装修家具、分布式光伏,-0.23,29362184,1075026328,0.816247,0
003011,海象新材,0.1,24981,-1.26,23.35,261095,1.52,,261095,2639300,-2378205,装修家具、地产链,2.82,39861395,1783699172,1.18996,0
688571,杭华股份,0.1,155054,0.0,7.4,260349,-0.13,,260349,2660101,-2399752,科创板、化工,-0.13,49934248,766607570,0.728281,0
688019,安集科技,1.3,515340,-1.09,184.87,259456,1.58,,259456,64978280,-64718824,芯片、三季报增长,2.71,315461089,11636391132,1.24689,-3094180
002688,金河生物,6.5,347724,-0.21,4.87,255845,3.84,,255845,1285332,-1029487,饲料、并购重组,4.06,42410620,2481975230,1.53786,0
000582,北部湾港,4.1,979788,-0.8,7.51,254331,-0.13,,254331,14926285,-14671954,港口、高股息,0.67,82909270,3559021128,1.52999,0
603698,航天工程,0.0,2734,-0.29,13.74,250068,0.22,,250068,575706,-325638,煤化工、军工,0.51,18829632,2230988540,0.834826,0
001230,劲旅环境,0.5,16156,-0.22,23.42,241456,1.25,,241456,1071264,-829808,环保、算力,1.47,18861357,923325952,1.32532,0
300468,四方精创,0.3,635040,-0.28,10.75,229585,-0.74,,229585,17152665,-16923080,跨境支付、数字经济,-0.46,120143171,4082797232,0.633811,0
301092,争光股份,0.6,125550,-0.18,28.76,209989,2.9,,209989,5513497,-5303508,核污染概念、化工,3.08,74509637,1038449411,1.25173,0
605398,新炬网络,0.6,1741425,1.13,31.85,207176,-2.9,,207176,12450466,-12243290,AI智能体、数据要素,-3.98,154777381,1038896104,0.81479,0
688355,明志科技,0.0,0,0.0,20.65,203087,-0.39,,203087,1525016,-1321929,工业母机、一带一路,-0.39,13942445,807960801,0.579496,0
688360,德马科技,0.0,0,0.0,18.95,200107,1.5,,200107,947475,-747368,三季报增长、年报增长,1.5,13896225,1117253799,0.885846,0
000017,深中华A,0.1,1664,0.0,4.29,189422,3.12,,189422,1179184,-989762,黄金、锂电池,3.12,22451909,1027403961,1.39353,0
688395,正弦电气,0.2,4554,-0.09,23.03,186840,1.05,,186840,878203,-691363,科创板、抽水蓄能,1.14,15386736,765774420,0.894148,0
605066,天正电气,9.6,225960,0.12,8.5,185490,1.31,,185490,1123719,-938229,电气设备、智能电网,1.19,22289860,3408500000,0.942709,0
002434,万里扬,10.8,262190,-0.71,8.48,185193,0.83,,185193,11166620,-10981427,减速器、电机电控,1.56,70650867,5220906260,1.15207,0
600726,华电能源,4.8,301504,-0.44,2.26,183413,0.44,,183413,2974720,-2791307,电力、煤炭,0.89,28294513,1856268200,0.891252,0
002669,康达新材,5.2,57105,-0.25,12.31,182383,1.07,,182383,2657855,-2475472,VR/AR/MR、电磁屏蔽,1.32,51004511,2802478720,0.999694,0
002724,海洋王,0.4,87776,-0.12,8.59,174103,1.66,,174103,1120477,-946374,军工、并购重组,1.78,41929892,2004390537,0.993562,0
603355,莱克电气,1.4,63024,-0.53,25.2,173500,3.41,,173500,3755294,-3581794,家电、并购重组,3.96,40162876,2820687845,1.67708,0
603059,倍加洁  ,0.7,80364,-0.73,22.76,170233,4.02,,170233,2539541,-2369308,零售、并购重组,4.79,38000560,673428082,1.18796,0
002012,凯恩股份,0.4,120537,0.0,5.39,167872,1.51,,167872,2713749,-2545877,包装印刷、储能,1.51,27327282,1962697219,0.917029,0
300823,建科智能,0.5,632016,0.74,21.15,167722,3.83,,167722,9008020,-8840298,工程机械、基础建设,3.07,122725384,895515703,1.44507,0
002592,ST八菱,1.6,167640,-0.39,5.19,165270,1.76,,165270,2226524,-2061254,ST板块、汽车类,2.17,21829442,898171775,1.45147,0
301267,华厦眼科,0.6,225500,-0.58,43.03,160078,4.34,,160078,14217013,-14056935,眼科医疗、互联网医疗,4.95,113941786,3865435575,1.15803,0
603163,圣晖集成,0.8,1097744,1.27,35.21,159539,2.0,,159539,8557550,-8398011,芯片、江苏省,0.72,86334107,1232446828,0.768634,0
002598,山东章鼓,1.0,107576,0.0,9.6,158205,0.84,,158205,2932353,-2774148,机器人概念、储能,0.84,32524820,1740156084,0.835057,0
603506,南都物业,0.4,18688,0.17,11.77,157942,0.94,,157942,1545436,-1387494,物业服务、房地产,0.77,18247551,977635299,1.10391,0
300279,和晶科技,0.8,713869,0.33,6.2,151339,0.81,,151339,7927624,-7776285,家电、多胎概念,0.49,68728532,1875341765,0.90815,0
688687,凯因科技,0.0,5608260,12.09,29.98,145962,20.02,首板,145962,157398727,-157252765,医药、新冠药概念,7.07,414967475,3543546060,5.41183,0
002749,国光股份,3.9,81432,-0.48,10.8,140230,2.96,,140230,1189081,-1048851,磷化工、并购重组,3.45,20992737,2474522190,0.679511,0
605133,嵘泰股份,3.6,168888,-1.05,27.37,139903,-0.58,,139903,4066263,-3926360,特斯拉概念、三季报增长,0.48,66398992,1736461942,1.13213,0
300878,维康药业,2.5,154636,-0.77,24.27,133271,4.34,,133271,2377488,-2244217,民营医院、中药,5.16,55317575,1891574375,1.29117,0
688429,时创能源,0.0,143750,0.57,21.66,132013,2.03,,132013,3629081,-3497068,光伏、科创板,1.45,31369178,643606598,1.1493,0
301208,中亦科技,4.5,1144056,-0.63,39.26,127217,-0.43,,127217,13645124,-13517907,互联网金融、鸿蒙概念,0.2,136620833,1390814712,1.55647,0
000828,东莞控股,0.1,28800,-0.33,9.02,120306,-0.11,,120306,8378767,-8258461,参股券商、锂电池,0.22,45158857,3107004466,0.661759,0
300789,唐源电气,0.9,160758,0.0,20.61,119977,0.0,,119977,1424346,-1304369,机器人概念、西部大开发,0.0,55026104,910072329,0.949041,0
001256,炜冈科技,3.3,146827,0.06,17.77,118177,0.51,,118177,661939,-543762,专用设备、新型工业化,0.45,17259714,633206160,1.02373,0
603700,宁水集团,0.5,90870,-0.57,13.87,115711,-1.35,,115711,1213383,-1097672,DeepSeek、远东开发,-0.79,39481744,2171751691,1.74064,0
300402,宝色股份,2.7,53312,-0.24,17.1,111359,2.4,,111359,449939,-338580,军工、有色金属,2.64,21061127,1113564511,1.08482,0
603566,普莱柯  ,0.3,44298,-0.52,20.02,103036,3.41,,103036,2692234,-2589198,动物疫苗、农业,3.95,47383743,4865716408,1.09568,0
301119,正强股份,1.8,104949,-0.52,27.0,99585,-0.18,,99585,4749982,-4650397,汽车零部件、浙江,0.33,49329116,736554000,1.35128,0
603291,联合水务,0.3,570474,-1.15,15.68,98979,0.26,,98979,6889136,-6790157,水务、环保,1.42,65505019,664033137,0.867262,0
300062,中能电气,0.0,0,0.0,6.22,97419,0.97,,97419,4910508,-4813089,光储充一体化、锂电池,0.97,37200300,2047856190,1.16533,0
603677,奇精机械,0.2,262052,-0.07,14.27,95995,3.93,,95995,12069248,-11973253,机器人概念、地方国企,4.01,129235004,1276057914,2.57464,0
002651,利君股份,1.1,145808,-0.43,7.06,87084,0.28,,87084,2785974,-2698890,军工、无人机,0.71,41690882,2085543255,0.80163,0
688338,赛科希德,4.4,182178,-1.2,30.78,86078,2.87,,86078,2749347,-2663269,医药、医疗器械,4.13,42977895,1768098798,2.09995,0
002540,亚太科技,9.3,124179,-0.51,5.9,84311,0.68,,84311,3499782,-3415471,有色金属、并购重组,1.2,39371405,3926664507,1.03303,0
688257,新锐股份,0.0,0,0.0,25.3,80519,4.07,,80519,383397,-302878,科创板、并购重组,4.07,19467723,2090423349,1.2281,0
300872,天阳科技,2.5,1096195,-0.59,13.67,79589,0.29,,79589,15267197,-15187608,互联网金融、算力,0.89,101943534,3169104168,1.3601,0
603815,交建股份,0.1,193305,-0.68,7.24,78661,-2.16,,78661,5171731,-5093070,基础建设、PPP概念,-1.5,55648997,2497496218,1.04107,0
300422,博世科,0.2,35223,0.0,6.04,78021,1.17,,78021,3157522,-3079501,实控人变更、土壤修复,1.17,32283058,1729670877,1.14132,0
002016,世荣兆业,0.9,35496,0.0,6.21,72665,1.47,,72665,1460552,-1387887,房地产、地产链,1.47,16958994,1322886310,0.73892,0
300795,米奥会展,0.1,3147,0.0,32.26,61928,2.51,,61928,3835584,-3773656,首发经济、平台经济,2.51,25145470,2109705558,0.936857,0
002826,易明医药,2.4,161112,-0.09,11.38,59734,3.74,,59734,7658995,-7599261,减肥药、中药,3.83,95150124,1395209932,1.69113,0
600697,欧亚集团,1.9,84688,0.0,12.86,59418,1.74,,59418,1313511,-1254093,旅游、破净股概念,1.74,27243324,1493700740,1.15072,0
603868,飞科电器,0.3,49437,-0.49,57.9,59108,4.89,,59108,2743811,-2684703,电子商务、高股息,5.41,52344944,2533262949,1.11585,0
002732,燕塘乳业,0.6,84050,-0.34,20.99,44716,2.04,,44716,732897,-688181,乳业、食品饮料,2.39,44963219,1371977161,1.21622,0
301195,北路智控,0.1,8020,-0.74,40.8,40681,0.99,,40681,1824903,-1784222,国产软件、江苏省,1.75,28863664,1495612294,0.760272,0
001215,千味央厨,0.5,287092,-1.23,59.5,36248,6.44,,36248,5480267,-5444019,预制菜、食品饮料,7.77,90329194,2684838214,1.30012,0
600488,津药药业,0.4,45980,-0.21,5.1,31294,5.15,,31294,7951362,-7920068,医药零售、仿制药,5.37,63817116,2436841660,1.82732,0
300389,艾比森,1.1,111470,-0.38,15.59,28691,-1.08,,28691,1941545,-1912854,面板、足球概念,-0.7,57442229,1926926150,0.966894,0
000895,双汇发展,0.4,380730,-0.19,26.25,28279,1.16,,28279,48199456,-48171177,食品饮料、高股息,1.35,205559349,26938937645,0.99879,4800872
000852,石化机械,0.8,57376,-0.15,6.65,27687,1.84,,27687,3542895,-3515208,氢能源、天然气,1.99,53045200,2971739357,1.04867,0
002963,豪尔赛,1.6,81760,0.21,14.38,26081,-1.3,,26081,668391,-642310,换电站、固态电池,-1.51,24818045,1013884677,1.04606,0
688173,希荻微  ,2.2,91804,0.0,15.86,20732,1.93,,20732,937823,-917091,并购重组、芯片,1.93,35529242,1878010524,0.944151,0
002554,惠博普,0.7,294792,-0.29,3.49,15085,0.58,,15085,9055698,-9040613,石油石化、碳中和,0.87,45050383,2522744117,0.80386,0
300354,东华测试,2.0,46284,0.12,34.01,10292,3.0,,10292,2921228,-2910936,地产链、三季报增长,2.87,28377352,2142921238,1.02932,0
300385,雪浪环境,0.2,55088,0.32,6.32,866,1.28,,866,315366,-314500,环保、有色金属,0.96,21350253,1103916254,1.00132,0
688309,恒誉环保,1.5,6813,0.04,23.05,0,1.54,,0,0,0,科创板、环保,1.5,9713299,1603467865,0.832833,0
605108,同庆楼  ,0.5,28880,0.0,29.6,0,2.49,,0,0,0,预制菜、食品饮料,2.49,18686095,3212286849,0.764208,0
605100,华丰股份,1.7,303195,-0.94,15.18,0,1.67,,0,0,0,发电机、固态电池,2.64,23108616,1241226096,1.27417,0
605179,一鸣食品,0.2,13536,-0.09,11.91,0,5.49,,0,0,0,乳业、食品饮料,5.59,30209553,725900000,2.03555,0
605268,王力安防,0.0,3804,-0.21,9.77,0,2.52,,0,0,0,装修家具、地产链,2.73,13894105,724461200,0.903184,0
002774,快意电梯,2.7,315146,-0.26,7.85,0,0.13,,0,0,0,电梯概念、高股息,0.38,18960387,917723340,0.886614,0
603909,建发合诚,1.1,177327,-0.52,11.5,0,-1.29,,0,0,0,基础建设、地产链,-0.78,16588610,1713653001,0.825825,0
603535,嘉诚国际,0.1,4977,0.55,16.81,0,1.88,,0,0,0,物流、送转填权,1.33,14642483,1298648443,0.808376,0
688283,坤恒顺维,0.5,28250,-0.51,56.86,0,0.12,,0,0,0,军工、西部大开发,0.64,11440839,1965465789,0.586456,0
600099,林海股份,0.1,8037,-0.78,9.09,0,1.0,,0,0,0,无人驾驶、农业,1.79,17535426,1152788573,0.848922,0
002830,名雕股份,1.4,103575,0.0,13.71,0,-0.72,,0,0,0,装修家具、基础建设,-0.72,17943046,613246185,0.825817,0
603053,成都燃气,3.8,73073,-0.2,10.1,-300,0.7,,-300,302100,-302400,西部大开发、天然气,0.9,27755822,1706686666,1.25126,0
600060,海信视像,0.3,178932,0.31,22.65,-1608,-0.96,,-1608,5571133,-5572741,三季报增长、股权转让,-1.26,102372780,15396177978,0.860745,0
603798,康普顿  ,56.0,104272,0.0,9.51,-3642,2.15,,-3642,1815589,-1819231,氢能源、石油石化,2.15,26974902,1147235459,0.726258,0
002249,大洋电机,0.8,329814,-0.4,5.14,-4529,1.98,,-4529,18850680,-18855209,氢燃料电池、加氢站,2.39,114500013,8177511390,1.1859,0
600271,航天信息,0.2,80868,-0.59,11.76,-7022,-0.25,,-7022,15614618,-15621640,财税数字化、蚂蚁金服概念,0.34,105972105,13087426626,0.888629,0
300833,浩洋股份,0.0,0,0.0,85.88,-9268,4.12,,-9268,1142886,-1152154,专精特新、文化传媒,4.12,31631261,1973551007,1.4108,0
605060,联德股份,0.5,26949,-0.77,21.27,-9449,1.82,,-9449,338905,-348354,燃气轮机、风电,2.6,16260002,1432703283,0.862223,0
600379,宝光股份,0.5,200560,-0.86,9.36,-9509,0.86,,-9509,820760,-830269,电气设备、智能电网,1.74,21860929,1818071689,0.966326,0
603013,亚普股份,0.2,314340,-0.49,16.25,-10258,0.31,,-10258,22786491,-22796749,汽车零部件、央企,0.81,132297292,1728920926,0.931427,8247054
300557,理工光科,0.0,0,0.0,34.3,-10971,0.68,,-10971,343900,-354871,传感器、央企,0.68,20447759,1299985248,0.877185,0
300943,春晖智控,0.8,150228,-0.57,14.04,-16969,0.36,,-16969,1445794,-1462763,氢能源、加氢站,0.93,21598366,1415665078,0.877999,0
002917,金奥博,1.5,126822,-0.65,9.4,-19162,1.62,,-19162,1825848,-1845010,机器人概念、民用爆破,2.29,36403302,1800476291,0.833736,0
002930,宏川智慧,1.9,41040,0.0,21.57,-20365,-0.14,,-20365,1554942,-1575307,物流、石油石化,-0.14,13685611,3181699156,0.908942,0
600665,天地源  ,0.6,209587,0.0,3.86,-23110,1.85,,-23110,3328001,-3351111,房地产、地产链,1.85,29932922,1413151967,0.722927,0
603313,梦百合  ,2.7,99360,-1.43,10.61,-25555,1.05,,-25555,6159546,-6185101,服装家纺、破净股概念,2.51,62392048,2610068202,1.41164,0
300960,通业科技,17.0,37349,-0.5,22.44,-29542,1.63,,-29542,417657,-447199,高铁、三季报增长,2.14,17528836,573440000,0.936989,0
001202,炬申股份,4.6,76176,0.55,16.89,-32085,2.55,,-32085,374000,-406085,物流、一带一路,1.99,33878468,678142920,1.35911,0
002609,捷顺科技,2.0,100415,-0.28,10.7,-33622,0.94,,-33622,3371636,-3405258,智慧停车、华为概念,1.23,47554282,3380942856,0.967552,0
002535,林州重机,0.7,850916,0.0,4.85,-34929,4.08,,-34929,43530965,-43565894,机器人概念、锂电池,4.08,306609383,2395990940,1.83941,0
002290,禾盛新材,0.0,0,0.0,11.35,-38426,-0.44,,-38426,1170511,-1208937,AI政务、三季报增长,-0.44,15921794,1374461365,0.825572,0
603238,诺邦股份,0.4,51090,0.38,13.27,-39187,1.69,,-39187,1741571,-1780758,美容护理、平台经济,1.3,27265504,926262375,0.872235,0
002315,焦点科技,0.2,820800,-0.55,27.37,-42723,0.81,,-42723,30276081,-30318804,AI智能体、跨境电商,1.37,276952505,4395245513,1.23494,0
600640,国脉文化,1.5,94525,-0.2,10.0,-44673,0.3,,-44673,1516086,-1560759,AI眼镜、端侧AI,0.5,27851080,2766173359,0.833304,0
002149,西部材料,0.9,61026,-0.48,14.46,-45483,-0.96,,-45483,7630157,-7675640,军工、金属锆,-0.48,60134080,4535223501,1.2695,0
301056,森赫股份,0.2,41451,0.0,10.2,-49325,0.89,,-49325,3589965,-3639290,电梯概念、专用设备,0.89,42978856,681639937,1.37496,0
000882,华联股份,0.1,44030,0.0,1.71,-73256,0.59,,-73256,10920487,-10993743,零售、房地产,0.59,33306271,2962098248,0.703163,0
600983,惠而浦  ,0.0,3152,0.0,8.04,-74909,2.03,,-74909,823458,-898367,年报增长、C2M,2.03,12127220,1399744054,0.92539,0
603639,海利尔  ,2.5,34340,-0.06,17.53,-77982,2.04,,-77982,1051121,-1129103,农药、高股息,2.1,28434032,2280182739,1.02169,0
002073,软控股份,0.7,173880,-0.29,7.01,-86503,1.3,,-86503,24180952,-24267455,轮胎、化工,1.59,105578660,5611415613,0.82943,0
300815,玉禾田,0.0,0,0.0,15.03,-99798,1.21,,-99798,1958411,-2058209,环保、病毒防治,1.21,23791328,1822886757,0.781101,0
688570,天玛智控,1.5,568702,0.55,27.99,-112005,1.71,,-112005,18183355,-18295360,华为概念、央企,1.16,130390247,1520114256,1.56222,0
002686,亿利达,1.7,193884,0.5,6.19,-113774,3.0,,-113774,3518143,-3631917,腾讯系AI 、病毒防治,2.48,50092017,1849683562,1.99565,0
002090,金智科技,1.5,439899,-0.7,9.98,-115256,-0.2,,-115256,921221,-1036477,智能电网、机器人概念,0.5,35726708,2779566780,0.801051,0
600101,明星电力,3.8,228984,0.0,8.25,-117256,1.6,,-117256,6944444,-7061700,西部大开发、绿色电力,1.6,45457297,2380342378,1.47804,0
688522,纳睿雷达,1.3,374016,-0.96,48.07,-121235,0.35,,-121235,5642268,-5763503,毫米波雷达、年报增长,1.33,48930330,1790197784,0.769854,0
301373,凌玮科技,0.5,148400,-0.64,30.08,-121478,0.7,,-121478,2016720,-2138198,化工、新材料概念,1.35,32932557,802036095,0.817217,0
301222,浙江恒威,1.6,64860,0.14,28.96,-124789,2.84,,-124789,1230635,-1355424,工业互联网、新型工业化,2.7,23969086,843983928,1.33311,0
600903,贵州燃气,0.8,35904,0.0,8.28,-127171,1.47,,-127171,4576294,-4703465,天然气、地方国企,1.47,50199970,2409477620,1.0947,0
600571,信雅达  ,0.2,108693,0.0,9.19,-134695,-1.08,,-134695,5573739,-5708434,腾讯概念、金融科技,-1.08,73068988,3378276195,0.962114,0
002622,皓宸医疗,1.2,98210,0.94,3.27,-135465,2.51,,-135465,3783047,-3918512,民营医院、互联网金融,1.55,35741061,2086275179,1.16905,0
001366,播恩集团,0.3,26154,-0.68,14.87,-136450,1.64,,-136450,3508518,-3644968,合成生物、医药,2.34,27959939,600004500,1.22652,0
300987,川网传媒,0.3,17644,-0.25,16.08,-138948,0.0,,-138948,2301552,-2440500,算力、地方国企,0.25,26031469,1533507903,0.900044,0
000576,甘化科工,3.1,195808,0.22,9.44,-139636,1.94,,-139636,332362,-471998,军工、并购重组,1.72,23432810,2312924455,0.685089,0
000584,*ST工智,1.4,306460,-0.75,4.11,-139722,2.49,,-139722,11000998,-11140720,ST板块、机器人概念,3.27,49704488,2325736618,1.19397,0
003002,壶化股份,2.1,87174,-0.86,15.6,-141767,2.9,,-141767,1528777,-1670544,民用爆破、烟花爆竹,3.79,29825905,3084863455,0.898632,0
300715,凯伦股份,0.1,146900,-1.96,13.02,-141878,-1.81,,-141878,801159,-943037,并购重组、基础建设,0.15,27511351,1862272755,0.890121,0
603587,地素时尚,0.0,1490,0.0,15.33,-142639,2.89,,-142639,1177231,-1319870,首发经济、高股息,2.89,30830232,2108651632,1.28255,0
600261,阳光照明,0.5,29993,-0.59,3.42,-145106,0.88,,-145106,1026996,-1172102,参股券商、LED,1.48,19634669,2678215743,0.719858,0
002715,登云股份,0.5,17688,-0.07,14.89,-151200,0.95,,-151200,300000,-451200,汽车零部件、并购重组,1.02,21661913,1252598400,0.904894,0
603725,天安新材,0.3,190105,-0.51,9.88,-164022,-0.2,,-164022,3645984,-3810006,汽车零部件、并购重组,0.3,60412655,1279555881,0.74915,0
002051,中工国际,0.2,188505,-0.45,8.91,-170221,0.22,,-170221,20543279,-20713500,基础建设、一带一路,0.68,107633291,4085398463,0.938217,0
301345,涛涛车业,16.2,460459,0.66,49.93,-184679,5.87,,-184679,8095887,-8280566,平台经济、三季报增长,5.18,102785682,1261013576,3.90061,0
603339,四方科技,0.3,23877,-0.79,11.63,-184959,1.48,,-184959,1632455,-1817414,液冷服务器、算力,2.29,26979860,2142974352,0.739146,0
301303,真兰仪表,0.5,61628,-0.8,20.4,-190033,1.8,,-190033,1568887,-1758920,天然气、三季报增长,2.62,34682336,1484082700,1.22216,0
605388,均瑶健康,1.8,61450,-0.33,12.64,-211679,2.51,,-211679,377539,-589218,食品饮料、幽门螺杆菌,2.85,28353401,1793207147,1.48299,0
600496,精工钢构,0.2,148382,-0.59,3.41,-214975,0.29,,-214975,5047339,-5262314,基础建设、算力,0.89,44825406,5032869119,0.819156,0
601019,山东出版,2.0,111327,0.23,8.68,-216771,0.81,,-216771,1324800,-1541571,版权、高股息,0.58,32079505,2855591333,0.637533,0
301298,东利机械,0.3,1132437,-1.05,17.93,-218744,-0.83,,-218744,23937797,-24156541,汽车零部件、三季报增长,0.22,211056243,1449315600,0.978367,0
002807,江阴银行,0.4,150954,-0.28,3.64,-220410,0.28,,-220410,9985061,-10205471,银行、高股息,0.55,47857311,7895725379,0.730306,0
002933,新兴装备,1.9,199226,0.0,28.21,-225613,0.53,,-225613,1269889,-1495502,机器人概念、无人机,0.53,38601135,1979505924,0.863959,0
300594,朗进科技,1.9,274448,-0.39,19.98,-226393,-1.38,,-226393,11848664,-12075057,飞行汽车、韧性城市,-0.99,60586359,1189635004,1.47304,-3216000
600339,中油工程,0.7,309287,-0.58,3.43,-229718,0.0,,-229718,23732033,-23961751,石油石化、聚氨酯,0.59,86656978,5307985062,0.921147,-3429999
601702,华峰铝业,13.8,685542,-0.19,16.27,-233323,1.62,,-233323,7319867,-7553190,有色金属、金属铝,1.81,66215198,5330768721,1.37068,0
002723,小崧股份,1.9,770876,-0.2,10.41,-233721,2.97,,-233721,14387774,-14621495,电子烟、家电,3.17,104106577,2216977859,0.842609,0
688582,芯动联科,0.3,174088,-0.35,37.15,-237441,-0.05,,-237441,10795517,-11032958,机器人概念、专精特新,0.3,58369006,1706521140,0.778681,0
603209,兴通股份,0.4,29830,-0.7,16.1,-237826,1.83,,-237826,402262,-640088,DeepSeek、航运,2.55,21597741,1813180715,0.846948,0
002820,桂发祥,1.7,115254,0.2,10.28,-244768,1.88,,-244768,2124331,-2369099,食品饮料、预制菜,1.68,41952859,1356456572,1.236,0
301272,英华特,0.5,211380,-0.62,55.45,-250429,1.67,,-250429,2220762,-2471191,储能、空气储能,2.31,36973502,768266502,0.876087,0
300948,冠中生态,0.3,99227,-1.07,15.15,-251343,1.2,,-251343,6941448,-7192791,土壤修复、碳汇林,2.3,47707086,1053259200,0.968088,0
300775,三角防务,0.9,411428,-0.53,28.73,-259378,1.41,,-259378,27244058,-27503436,军工、西部大开发,1.95,159801931,9676356280,0.781322,0
603003,*ST龙宇 ,0.5,9777475,-2.38,10.02,-283578,-4.57,,-283578,56516077,-56799655,ST板块、石油石化,-2.24,356034584,2635528440,0.657786,3602780
688410,山外山  ,3.4,291689,-0.75,31.07,-288308,1.21,,-288308,8090603,-8378911,西部大开发、重庆市,1.97,61002556,1601645454,1.26425,0
002409,雅克科技,0.4,318600,-0.67,55.31,-292662,3.46,,-292662,90990606,-91283268,存储、大基金二期,4.16,383854268,14835454282,1.281,-4285729
301286,侨源股份,30.0,78450,-0.11,26.4,-293248,0.84,,-293248,3265602,-3558850,工业气体、医药,0.96,17746751,1048740000,1.29582,0
688398,赛特新材,0.0,0,0.0,30.06,-296568,1.55,,-296568,1663432,-1960000,化工、新材料概念,1.55,25392867,1808657341,0.704102,0
605099,共创草坪,0.0,0,0.0,20.32,-299096,2.47,,-299096,405796,-704892,足球概念、电子商务,2.47,14818687,2356160216,1.01565,0
300294,博雅生物,0.3,86730,-0.34,30.17,-300707,4.0,,-300707,16091313,-16392020,医药、病毒防治,4.36,128107148,9029582176,1.60755,0
688518,联赢激光,0.7,227015,-0.54,20.98,-324627,2.04,,-324627,47175653,-47500280,芯片、科创板,2.59,160662358,6471861451,1.83331,0
688084,晶品特装,0.0,9272,-0.13,61.81,-326478,0.52,,-326478,2227744,-2554222,机器人概念、军工电子,0.65,17412069,1120848000,1.34986,0
688101,三达膜  ,0.3,45509,-0.83,13.33,-328705,1.14,,-328705,0,-328705,环保、锂电池,1.99,14687916,1377792192,0.918849,0
603877,太平鸟  ,3.9,344864,-3.1,16.77,-344698,-1.99,,-344698,2722195,-3066893,电子商务、高股息,1.15,58442911,2119201397,2.10703,0
601686,友发集团,0.5,860654,-1.35,6.6,-353274,-1.2,,-353274,3510470,-3863744,基础建设、并购重组,0.15,48302505,3769280120,0.965959,0
002973,侨银股份,26.6,580914,1.3,11.05,-354597,2.31,,-354597,1642457,-1997054,无人驾驶、锂电池,1.01,34974417,1261265160,1.6154,0
301251,威尔高,0.5,472118,-0.6,40.52,-359549,0.67,,-359549,19677401,-20036950,印制电路板、面板,1.27,180335986,1289870228,1.21018,0
603699,纽威股份,0.0,166440,2.1,14.45,-360544,1.05,,-360544,1069355,-1429899,核电、氢能源,-1.03,67569113,3779596964,1.23009,0
603839,安正时尚,1.2,25445,-0.55,7.44,-371997,1.78,,-371997,0,-371997,电子商务、服装家纺,2.34,18129106,905630861,1.04614,0
003018,金富科技,0.5,7000,0.2,10.14,-373871,1.6,,-373871,0,-373871,超跌、包装印刷,1.4,16201093,768833571,1.06852,0
600356,恒丰纸业,0.6,23157,-0.27,7.63,-380498,1.87,,-380498,0,-380498,并购重组、破净股概念,2.14,22359405,1595563817,1.42475,0
601921,浙版传媒,0.6,140988,-0.39,7.72,-386259,1.45,,-386259,3886171,-4272430,AI眼镜、端侧AI,1.85,65007863,3259553547,1.32613,0
002346,柘中股份,8.9,194519,-1.03,11.77,-387857,1.2,,-387857,0,-387857,电气设备、算力,2.26,20143163,2261527441,1.09406,0
688379,华光新材,1.8,63831,-0.38,21.03,-390804,0.43,,-390804,398975,-789779,机器人概念、绿色电力,0.81,16180430,879218130,0.856799,0
603880,南卫股份,0.0,4500,-0.66,4.57,-391920,0.88,,-391920,0,-391920,医疗器械、医药,1.56,4343031,705435720,0.83087,0
300824,北鼎股份,0.1,4845,-0.1,9.9,-395036,2.06,,-395036,0,-395036,家电、芯片,2.17,14221735,1428724119,0.733385,0
688073,毕得医药,2.2,74938,-0.25,66.69,-396677,2.71,,-396677,24595750,-24992427,医药、科创板,2.96,90805194,2454624935,1.54582,0
600638,新黄浦  ,0.5,88067,-0.18,5.65,-396741,3.1,,-396741,1075344,-1472085,房地产、破净股概念,3.29,30368965,1982366529,0.961758,0
002014,永新股份,0.1,31068,-0.23,8.85,-398166,2.31,,-398166,467976,-866142,高股息、化工,2.55,27027520,2441838925,1.36884,0
001872,招商港口,0.3,568480,-0.91,15.47,-400907,0.85,,-400907,3765731,-4166638,港口、中特估,1.78,64381577,3435271501,1.58806,0
605319,无锡振华,0.7,7417200,-1.73,20.37,-401550,-4.68,,-401550,48900283,-49301833,小米汽车、汽车零部件,-3.0,315599536,1104251947,0.91537,0
002255,海陆重工,0.5,71000,0.0,5.04,-402137,0.8,,-402137,1425519,-1827656,核电、光伏,0.8,39752268,3163949531,1.21753,0
301202,朗威股份,0.2,417536,-1.54,33.16,-402771,0.09,,-402771,13252832,-13655603,阿里系AI、数据中心,1.66,97031464,1075281459,1.05092,0
301390,经纬股份,0.7,323152,0.16,41.6,-405483,-2.0,,-405483,5472272,-5877755,光伏、电力,-2.16,39240861,623850000,1.09766,0
600883,博闻科技,2.3,259675,0.63,8.0,-416548,0.76,,-416548,811150,-1227698,食品饮料、并购重组,0.13,33225095,1015979210,1.82947,0
600827,百联股份,1.0,57344,0.0,10.48,-419210,2.34,,-419210,8917764,-9336974,免税、破净股概念,2.34,72697830,7911681741,1.19688,0
688718,唯赛勃  ,20.0,60832,-0.4,15.5,-419715,2.58,,-419715,401600,-821315,上海、盐湖提锂,2.99,16523969,877614898,0.996219,0
300288,朗玛信息,0.4,488653,-0.9,14.39,-426728,-0.48,,-426728,10867052,-11293780,AI医疗、ChatGPT,0.42,114892326,3306287206,1.11103,0
300535,达威股份,0.8,342160,0.67,16.68,-436780,2.08,,-436780,1247316,-1684096,西部大开发、化工,1.4,43836271,1000908582,1.27366,0
300022,吉峰科技,0.0,0,0.0,4.58,-439885,0.44,,-439885,300906,-740791,农机、农业,0.44,23070643,1417394754,0.792309,0
605198,安德利  ,0.2,136110,0.1,20.82,-443774,-0.48,,-443774,1833255,-2277029,食品饮料、超跌,-0.57,35655396,426488769,0.89321,0
603757,大元泵业,0.4,273180,-0.8,24.05,-447901,1.31,,-447901,2921497,-3369398,液冷服务器、算力,2.12,48788174,1449036979,0.886465,0
002161,远望谷,0.5,103572,-0.18,5.42,-448004,-1.28,,-448004,5438751,-5886755,股权转让、数字经济,-1.09,63712235,3059058098,1.11319,0
603278,大业股份,3.7,50832,0.0,10.81,-448143,2.08,,-448143,917687,-1365830,机器人概念、工业4.0,2.08,22338112,1325046569,0.820226,0
301361,众智科技,1.0,72943,-0.08,23.93,-450894,1.61,,-450894,1747199,-2198093,虚拟电厂、电气设备,1.7,24330006,696270960,0.905636,0
301215,中汽股份,0.9,90792,0.0,5.87,-451614,0.86,,-451614,3616550,-4068164,车路云、中字头,0.86,41814009,2227962353,0.848355,0
301223,中荣股份,0.4,16110,-0.17,18.32,-455058,2.18,,-455058,305849,-760907,电子商务、平台经济,2.35,18428016,883890000,1.15952,0
301009,可靠股份,0.5,94920,0.0,11.7,-461878,3.54,,-461878,1774436,-2236314,养老概念、病毒防治,3.54,43738271,1142867720,1.5955,0
300553,集智股份,0.0,0,0.0,40.57,-470635,-1.29,,-470635,2725976,-3196611,机器人概念、浙江,-1.29,31290956,1661898658,1.12355,0
002560,通达股份,0.5,149017,-1.25,7.2,-473200,-0.28,,-473200,10554248,-11027448,军工、智能电网,0.98,66292939,2806367055,1.11743,0
002859,洁美科技,1.4,445681,-1.14,26.9,-476709,2.24,,-476709,4851570,-5328279,消费电子、电阻电容,3.42,54439612,5292207260,0.77977,0
002969,嘉美包装,0.2,135939,-0.25,4.12,-477962,2.49,,-477962,8233095,-8711057,年报增长、酿酒,2.74,78705470,1561431037,1.4563,0
300907,康平科技,24.8,210870,-0.93,21.45,-484376,-0.23,,-484376,803481,-1287857,汽车零部件、智能电网,0.7,18183098,792398280,0.808388,0
603586,金麒麟  ,1.5,211845,-0.61,14.82,-485449,0.82,,-485449,1500865,-1986314,汽车零部件、碳陶刹车,1.44,31404105,1274448642,1.37558,0
603121,华培动力,3.4,78432,0.0,8.17,-492000,0.0,,-492000,0,-492000,汽车零部件、并购重组,0.0,30522962,1423895155,1.14241,0
603507,振江股份,2.2,186884,-0.04,25.06,-501222,1.87,,-501222,7693178,-8194400,机器人概念、光热发电,1.91,76884053,2767166501,0.985365,0
688186,广大特材,0.0,0,0.0,19.84,-501283,1.02,,-501283,3125964,-3627247,风电、核电,1.02,52250875,3115068785,0.821041,0
603239,浙江仙通,6.2,7019856,-3.45,16.93,-505672,-2.76,,-505672,39246452,-39752124,华为汽车、地方国企,0.71,264866582,1710529511,0.88027,0
001209,洪兴股份,3.4,27914,-0.36,17.02,-506189,3.28,,-506189,0,-506189,电子商务、服装家纺,3.65,23167033,686102239,0.879484,0
603100,川仪股份,0.4,40754,-0.31,29.51,-506784,1.06,,-506784,757098,-1263882,新型工业化、高股息,1.37,39716808,5225108842,0.746439,0
300636,同和药业,0.2,149328,-0.39,11.24,-515218,7.97,,-515218,8562302,-9077520,新冠药概念、原料药,8.39,90056768,2469571776,2.65489,0
300694,蠡湖股份,0.1,127344,0.0,11.46,-526091,0.79,,-526091,4119772,-4645863,固态电池、锂电池,0.79,52486382,1532372076,1.16352,0
002809,红墙股份,0.8,153180,-0.77,10.54,-529500,1.05,,-529500,0,-529500,环氧丙烷、化工,1.84,32376979,1050953118,0.604173,0
000517,荣安地产,4.9,77259,-0.36,2.77,-535624,1.09,,-535624,4622003,-5157627,房地产、高股息,1.47,38309450,2036797349,0.819593,0
603331,百达精工,0.4,76863,0.0,13.03,-536358,0.7,,-536358,2575149,-3111507,汽车零部件、光伏,0.7,20035702,1605545803,1.04623,0
300893,松原安全,1.4,182700,0.31,28.87,-551337,-0.14,,-551337,6539785,-7091122,三季报增长、年报增长,-0.45,50447272,1641905574,0.603295,0
601008,连云港  ,0.2,117040,0.0,4.22,-551852,0.96,,-551852,3064472,-3616324,并购重组、港口,0.96,32502559,2160012328,0.926304,0
603280,南方路机,0.1,82425,-0.04,23.75,-552039,0.81,,-552039,4093202,-4645241,机器人概念、工程机械,0.85,44982105,643390864,0.885413,0
603315,福鞍股份,2.4,31523,0.0,11.25,-557000,3.5,,-557000,0,-557000,算力、锂电池,3.5,28241276,1278402264,1.09342,0
600609,金杯汽车,0.8,18213,-0.43,4.8,-570793,2.35,,-570793,7954861,-8525654,汽车整车、地方国企,2.78,52498554,4075821828,1.53323,0
002818,富森美,30.7,374808,1.8,13.44,-591549,0.75,,-591549,1924691,-2516240,高股息、装修家具,-1.03,64652229,1991578013,3.66785,0
603676,卫信康  ,0.1,48528,-0.2,10.77,-592045,6.32,,-592045,4034710,-4626755,医药、高股息,6.53,67899804,1085618310,2.25374,0
000739,普洛药业,0.5,454644,-0.7,16.87,-597735,7.59,,-597735,89842315,-90440050,减肥药、动物疫苗,8.35,403142264,10615334784,1.69974,-3328115
603001,奥康国际,1.9,41683,-0.17,5.77,-600766,0.87,,-600766,0,-600766,电子商务、破净股概念,1.05,8468302,1093072233,1.62013,0
301419,阿莱德,0.3,627290,-1.7,41.65,-603266,-2.76,,-603266,13103209,-13706475,5G、外贸,-1.07,125872666,1040750000,0.930862,0
002031,巨轮智能,1.0,1251164,0.0,3.34,-608221,0.0,,-608221,37324732,-37932953,机器人概念、工业机器人,0.0,165285651,5830350756,0.909648,0
301149,隆华新材,0.2,140420,-0.83,12.25,-612327,2.08,,-612327,26076538,-26688865,服装家纺、化工,2.94,151601349,2127767477,1.03759,0
688581,安杰思  ,0.0,0,0.0,120.67,-613390,-1.17,,-613390,11088282,-11701672,医疗器械、三季报增长,-1.17,64581731,1564859378,1.01464,0
603035,常熟汽饰,0.6,213037,0.15,20.03,-613445,0.75,,-613445,31254665,-31868110,内外饰、智能座舱,0.6,139099359,5425862444,1.49934,0
603036,如通股份,1.2,255192,-0.42,12.33,-614703,4.4,,-614703,10533638,-11148341,石油石化、化工,4.85,75545325,2038402754,1.17351,0
002905,金逸影视,0.9,146720,-0.22,9.24,-614856,0.54,,-614856,1150440,-1765296,影视院线、超跌,0.76,34409823,866865815,0.856686,0
603171,税友股份,0.6,132440,-0.06,30.83,-617000,0.03,,-617000,0,-617000,DeepSeek、数字经济,0.1,37513455,2787223516,0.763199,0
002627,三峡旅游,0.2,44030,-0.19,5.17,-620140,-0.39,,-620140,1313692,-1933832,旅游、并购重组,-0.19,23912978,2529205626,0.570414,0
603060,国检集团,3.2,35070,0.2,10.23,-634541,2.3,,-634541,1541561,-2176102,房屋检测、并购重组,2.1,16406219,2924071310,0.744866,0
300674,宇信科技,0.3,300088,-0.53,16.74,-634858,-1.12,,-634858,39058860,-39693718,DeepSeek、蚂蚁金服概念,-0.59,245917577,8680270216,0.733595,0
600088,中视传媒,0.2,53280,-0.59,12.01,-636606,0.84,,-636606,3166623,-3803229,中字头、超高清视频,1.44,36306769,2182386825,0.869046,0
603499,翔港科技,0.2,22800,-0.11,9.24,-636705,1.2,,-636705,1318791,-1955496,存储、包装印刷,1.32,20451819,666711709,1.29522,0
688548,广钢气体,2.0,1882815,1.98,12.63,-642942,8.88,,-642942,103042768,-103685710,芯片、工业气体,6.76,382959195,3079159693,1.93052,0
603221,爱丽家居,0.9,554128,0.0,9.54,-647309,1.06,,-647309,675407,-1322716,装修家具、地产链,1.06,51101705,694579200,1.45197,0
603718,海利生物,1.2,445665,0.64,11.22,-650720,3.12,,-650720,4795218,-5445938,并购重组、病毒防治,2.47,56696365,4694137664,1.05595,0
000507,珠海港,2.3,430794,-0.38,5.31,-652079,0.57,,-652079,0,-652079,港口、一带一路,0.95,27718811,3325240612,1.02461,0
600153,建发股份,0.8,564040,0.0,9.58,-652995,0.21,,-652995,27164321,-27817316,房地产、高股息,0.21,160472841,14247290046,0.663211,-731937
301256,华融化学,2.6,120916,-0.37,8.32,-659485,1.46,,-659485,499171,-1158656,西部大开发、化工,1.84,21011296,1131822000,0.847923,0
300817,双飞集团,0.5,99036,-0.38,15.86,-661057,0.51,,-661057,5107791,-5768848,机器人概念、风电,0.89,50707603,1106533715,0.823865,0
301093,华兰股份,0.2,29529,-0.39,34.52,-667658,4.8,,-667658,4675324,-5342982,医疗器械、医药,5.21,54212948,2585215607,1.20086,0
001229,魅视科技,4.2,549792,1.94,29.72,-680844,1.4,,-680844,3989808,-4670652,AI手机、数字经济,-0.54,63203113,873355497,1.73446,0
301070,开勒股份,0.0,135420,-1.19,37.09,-683440,0.13,,-683440,1694556,-2377996,储能、工商业储能,1.34,24078875,1179362341,0.918468,0
002552,宝鼎科技,0.5,13833,0.0,15.43,-691268,0.39,,-691268,3176915,-3868183,覆铜板、并购重组,0.39,26761317,1533971475,1.04653,0
603580,艾艾精工,0.2,15960,0.0,13.28,-695229,-0.15,,-695229,0,-695229,专用设备、超跌,-0.15,13732366,575899419,0.806685,0
003028,振邦智能,3.2,346860,-1.07,38.02,-697381,1.93,,-697381,0,-697381,机器人概念、光伏,3.04,22306344,1066231507,1.00765,0
000416,*ST民控,0.0,4531,-0.51,2.01,-703009,1.51,,-703009,1092386,-1795395,ST板块、期货概念,2.03,11297406,823444010,0.820383,0
603603,退市博天,0.0,0,0.0,2.91,-706034,2.46,,-706034,1934999,-2641033,5G、年报增长,2.46,15329275,1196716225,1.05841,0
688559,海目星  ,2.0,166803,0.99,37.45,-717765,3.17,,-717765,31624047,-32341812,医疗器械、锂电设备,2.15,97815013,7556802963,0.923438,3646
603045,福达合金,4.1,213500,-0.46,15.5,-720054,1.17,,-720054,5698333,-6418387,电气设备、有色金属,1.64,44436313,1532856023,1.13674,0
603926,铁流股份,1.8,704700,-1.97,10.9,-722513,2.35,,-722513,2027198,-2749711,汽车零部件、氢能源,4.41,93508399,1384803007,2.16017,0
002572,索菲亚,0.1,183560,-0.34,18.12,-723346,2.32,,-723346,16409195,-17132541,装修家具、高股息,2.66,134216989,7888515293,1.15159,0
300230,永利股份,3.1,222552,0.51,3.97,-726641,0.76,,-726641,3608182,-4334823,并购重组、煤化工,0.25,30939728,2267426669,1.13745,0
688521,芯原股份,1.3,262763,-0.73,57.81,-732902,2.28,,-732902,13102929,-13835831,芯片、数字芯片,3.03,126137697,28159009934,0.782504,0
605336,帅丰电器,0.1,11130,-0.44,16.2,-734263,1.44,,-734263,1017256,-1751519,家电、装修家具,1.89,22187822,2967613441,1.45683,0
603321,梅轮电梯,0.3,8382,0.13,7.71,-736305,1.31,,-736305,0,-736305,电梯概念、地产链,1.18,15876861,893048313,0.978839,0
688292,浩瀚深度,0.5,693583,1.26,26.79,-742862,-0.89,,-742862,5933422,-6676284,华为概念、科创板,-2.12,81819983,1818985091,1.05229,0
301185,鸥玛软件,2.2,417205,-0.82,23.2,-745432,-0.17,,-745432,4165178,-4910610,国产软件、算力,0.65,65896523,1998600868,0.789896,0
300884,狄耐克,0.8,85483,-0.17,11.84,-746875,0.94,,-746875,835164,-1582039,养老概念、智能交通,1.11,49962246,1632784921,0.909216,0
688093,世华科技,0.0,60233,-0.95,18.37,-755991,2.8,,-755991,1674800,-2430791,消费电子、举牌,3.79,21026000,2886971151,1.2807,0
603856,东宏股份,0.9,2707793,-0.88,12.14,-758978,-2.72,,-758978,12783180,-13542158,水利、基础建设,-1.86,154629104,1140542935,1.62454,0
300224,正海磁材,0.3,167904,-0.34,11.85,-759801,1.28,,-759801,10463355,-11223156,稀土永磁、小金属概念,1.63,74986147,5410596394,0.764568,0
000911,广农糖业,0.0,0,0.0,8.78,-764642,1.04,,-764642,1771820,-2536462,白糖、生物质能,1.04,28638504,1640631470,0.706363,0
688478,晶升股份,0.2,114235,0.43,43.25,-766505,2.13,,-766505,5706851,-6473356,芯片、光伏,1.69,58365116,1311330195,0.797065,0
688334,西高院  ,0.0,0,0.0,16.75,-766722,2.01,,-766722,4483585,-5250307,智能电网、柔性直流,2.01,36885169,1195136439,1.02017,0
688013,天臣医疗,1.0,33270,0.33,22.21,-770495,3.21,,-770495,0,-770495,医药、医疗器械,2.87,17827727,979486371,1.11408,0
000513,丽珠集团,1.4,3780654,1.48,34.27,-773427,5.41,,-773427,74379495,-75152922,病毒防治、仿制药,3.88,384012908,13169051897,1.36381,0
002976,瑞玛精密,0.2,69476,-0.54,31.7,-774881,-0.16,,-774881,1766419,-2541300,特斯拉概念、储能,0.38,34643299,1265942792,0.910309,0
002541,鸿路钢构,0.5,382500,-0.71,25.27,-781159,0.36,,-781159,7948863,-8730022,机器人概念、基础建设,1.08,116448654,9078889890,0.950892,0
600814,杭州解百,1.5,774180,0.0,7.08,-781325,2.61,,-781325,10866155,-11647480,零售、多胎概念,2.61,102214637,1607222588,1.17436,0
603031,安孚科技,1.9,138632,-0.84,45.25,-791038,0.33,,-791038,904855,-1695893,锂电池、并购重组,1.19,16155825,2124227734,1.10909,0
600215,派斯林  ,0.7,102968,0.24,8.54,-800938,1.42,,-800938,5836211,-6637149,机器人概念、物业服务,1.18,54493248,2823127032,1.34499,0
002955,鸿合科技,3.2,363068,0.0,26.52,-801389,1.53,,-801389,42629705,-43431094,教育、超跌,1.53,199503932,2595302753,1.82182,0
301011,华立科技,0.5,111093,0.26,19.73,-804066,1.49,,-804066,1224302,-2028368,谷子经济、三季报增长,1.23,29580762,1376807376,0.880168,0
301010,晶雪节能,0.0,0,0.0,18.83,-804409,1.45,,-804409,1067177,-1871586,体育产业、建筑节能,1.45,23359731,649690564,1.02215,0
001311,多利科技,1.1,361380,-0.38,48.05,-807587,0.67,,-807587,17373538,-18181125,一体化压铸、汽车类,1.05,111495095,2208474699,1.16449,0
002483,润邦股份,1.2,260869,0.17,5.85,-820260,0.86,,-820260,2869493,-3689753,年报增长、并购重组,0.69,44986857,3475962190,0.85228,0
003013,地铁设计,0.4,97860,0.0,16.44,-821822,0.8,,-821822,390719,-1212541,轨道交通、并购重组,0.8,15139969,1460526512,0.734357,0
301515,港通医疗,1.3,51520,-0.8,32.85,-824641,1.2,,-824641,1636208,-2460849,医疗器械、西部大开发,2.02,49381500,780010111,1.17184,0
300125,ST聆达,3.3,32890,-1.04,14.28,-825058,-1.18,,-825058,5628461,-6453519,ST板块、TOPCon,-0.14,40704763,2925774512,0.88872,0
603519,立霸股份,0.8,162688,-0.16,12.92,-825984,1.49,,-825984,1262644,-2088628,家电、高股息,1.65,38208282,1613367771,0.821196,0
000919,金陵药业,1.0,108420,-0.64,8.13,-836587,3.57,,-836587,3964582,-4801169,流感、新冠药概念,4.23,67868674,2231417843,1.80436,0
688479,友车科技,1.3,42579,0.2,24.92,-836635,0.81,,-836635,669849,-1506484,国产软件、科创板,0.61,16301690,811328003,0.954231,0
001323,慕思股份,2.0,228872,-0.64,35.43,-838360,3.05,,-838360,3960240,-4798600,高股息、装修家具,3.72,53647797,1417154200,1.76666,0
600576,祥源文旅,2.0,90300,-0.85,7.06,-842744,0.0,,-842744,0,-842744,谷子经济、文创产品,0.86,16943341,3290770795,0.649938,0
600265,景谷林业,0.0,8485,0.41,17.03,-850547,0.77,,-850547,339027,-1189574,农业、西部大开发,0.35,4003054,788738356,1.53095,0
601298,青岛港  ,2.2,357435,0.49,6.19,-853799,1.81,,-853799,5392822,-6246621,港口、并购重组,1.31,63393476,5319686393,1.29214,0
301168,通灵股份,1.5,183264,0.0,39.68,-857566,3.93,,-857566,9705634,-10563200,光伏设备、光伏,3.93,79247175,1652775373,1.42781,-3184181
300508,维宏股份,1.2,190414,-0.8,28.88,-860066,0.8,,-860066,3229068,-4089134,工业母机、并购重组,1.62,53192993,1300029736,1.15275,0
002006,精工科技,0.3,5992,0.2,15.33,-867741,2.54,,-867741,6572984,-7440725,机器人概念、碳纤维,2.34,62595836,4876653574,1.05917,0
301043,绿岛风,0.2,141680,0.31,32.1,-873134,0.0,,-873134,1084795,-1957929,装修家具、地产链,-0.31,47909504,577260000,1.19078,0
001218,丽臣实业,4.5,211600,-0.84,21.67,-877461,1.55,,-877461,0,-877461,破净股概念、化工,2.41,23266449,1601751684,1.25729,0
300154,瑞凌股份,1.4,225957,0.29,7.03,-884619,2.03,,-884619,2826615,-3711234,机器人概念、三季报增长,1.74,39601823,1216241660,1.81332,0
600637,东方明珠,0.3,168504,0.0,7.23,-886275,1.26,,-886275,12277139,-13163414,文化传媒、破净股概念,1.26,72422317,13318961694,0.770067,0
002404,嘉欣丝绸,1.0,66636,0.33,6.23,-886779,1.3,,-886779,4791373,-5678152,电子商务、平台经济,0.97,37909476,2181284226,1.05808,0
300328,宜安科技,4.6,1488543,0.43,6.87,-887702,-0.43,,-887702,26611487,-27499189,AI眼镜、端侧AI,-0.87,204640664,3059504522,1.79993,0
300946,恒而达,0.1,6200,-0.26,31.5,-893830,1.35,,-893830,2122550,-3016380,工业母机、三季报增长,1.61,19284695,1075940460,0.95725,0
603701,德宏股份,0.0,0,0.0,12.93,-898780,0.39,,-898780,3098407,-3997187,汽车零部件、农业,0.39,28001776,1752747611,0.631283,0
603378,亚士创能,0.0,11928,-0.23,8.75,-902227,2.46,,-902227,746068,-1648295,装修家具、建筑节能,2.7,29503073,1349671492,1.12912,0
601599,浙文影业,1.6,111180,-0.3,3.33,-904384,1.52,,-904384,4632126,-5536510,影视院线、一带一路,1.83,32644678,2668971477,0.933226,0
000523,红棉股份,1.0,35568,0.0,3.18,-914578,1.92,,-914578,4137891,-5052469,食品饮料、酿酒,1.92,27566235,3169632031,1.27632,0
605123,派克新材,0.2,90310,-0.81,84.37,-925525,1.93,,-925525,5572814,-6498339,军工、风电,2.76,56745357,4745469055,0.886998,0
600846,同济科技,0.6,156420,-0.11,8.73,-932184,0.34,,-932184,2797937,-3730121,房地产、氢能源,0.46,35384747,3438482062,0.353786,0
002689,远大智能,0.4,33200,-0.5,4.02,-941879,0.0,,-941879,4882882,-5824761,机器人概念、地产链,0.5,36737392,2076646225,0.962164,0
603022,新通联  ,1.0,208780,-0.32,9.79,-943559,2.84,,-943559,382782,-1326341,汽车零部件、并购重组,3.16,20498570,909677508,1.03198,0
603214,爱婴室  ,0.5,28260,0.26,15.82,-947939,1.02,,-947939,323748,-1271687,小红书概念、电子商务,0.76,22110348,1188741892,1.03104,0
000929,兰州黄河,0.5,59598,-0.53,9.6,-947999,0.95,,-947999,0,-947999,实控人变更、啤酒,1.48,22507574,1311448591,0.721553,0
601949,中国出版,1.0,408012,0.12,8.51,-949940,1.07,,-949940,10244291,-11194231,文化传媒、中特估,0.95,91189428,3713484993,0.610142,0
603078,江化微  ,0.2,24880,-0.06,16.04,-961921,3.08,,-961921,9887632,-10849553,芯片、光刻胶,3.15,104971194,3665178767,1.51939,0
605009,豪悦护理,0.1,11376,-0.05,39.52,-965194,4.16,,-965194,4307363,-5272557,并购重组、高股息,4.22,52223510,2262348127,1.36816,0
603070,万控智造,0.9,34272,-0.43,16.52,-965451,0.79,,-965451,330598,-1296049,电气设备、算力,1.23,17287105,1336296637,0.701346,0
688058,宝兰德  ,1.2,757904,-2.58,49.13,-965983,-5.23,,-965983,4137945,-5103928,DeepSeek、科创板,-2.71,60812085,1423066306,1.04737,0
301190,善水科技,0.0,7676,-0.36,19.5,-971655,1.25,,-971655,301745,-1273400,化工、幽门螺杆菌,1.62,17080171,1387545957,0.889454,0
300622,博士眼镜,3.8,35682,0.64,19.65,-972652,5.31,,-972652,1335062,-2307714,AI眼镜、端侧AI,4.63,32998454,1898714634,1.25243,0
002329,皇氏集团,1.0,329104,0.0,5.47,-986993,2.05,,-986993,4653506,-5640499,乳业、TOPCon,2.05,57397244,2986490355,0.653056,0
603758,秦安股份,0.9,285120,-0.64,10.82,-991698,-0.46,,-991698,0,-991698,汽车零部件、高股息,0.19,43652353,1654692956,0.691298,0
000997,新大陆,0.6,813665,0.06,17.66,-1005261,0.11,,-1005261,25036785,-26042046,阿里巴巴概念、移动支付,0.06,162957765,11490286006,0.94615,-8814140
300927,江天化学,3.1,49042,-0.88,16.11,-1017421,0.94,,-1017421,0,-1017421,并购重组、化工,1.83,17260511,698025314,0.842952,0
002937,兴瑞科技,4.8,845812,0.05,20.73,-1017473,0.29,,-1017473,2512223,-3529696,特斯拉概念、小米汽车,0.24,68072622,2701836584,1.70966,0
300558,贝达药业,0.3,370458,-0.11,57.55,-1019982,2.42,,-1019982,57432348,-58452330,眼科医疗、医药,2.53,298367407,14648770417,1.47413,-3392879
601963,重庆银行,2.6,209978,-1.01,7.94,-1021994,0.25,,-1021994,1754220,-2776214,银行、高股息,1.28,24255992,3980232336,0.946574,0
300201,海伦哲,0.7,603785,0.0,4.64,-1026397,1.98,,-1026397,22145929,-23172326,机器人概念、军工,1.98,116981231,3503506045,1.26411,0
300467,迅游科技,0.4,491454,-0.14,14.39,-1028477,0.0,,-1028477,7721697,-8750174,游戏、西部大开发,0.14,71468138,2269064604,0.684236,0
000623,吉林敖东,1.2,551544,-0.06,16.49,-1034482,2.49,,-1034482,41546696,-42581178,参股券商、高股息,2.55,196017406,13699112988,1.51662,-3213619
688616,西力科技,12.6,307115,1.82,12.69,-1043846,0.56,,-1043846,1277763,-2321609,便携式储能、电力,-1.25,36305216,693849600,2.23276,0
688557,兰剑智能,0.0,109521,-0.28,36.58,-1053107,1.02,,-1053107,2152793,-3205900,智能物流、科创板,1.3,21414165,1453484305,0.960293,0
301156,美农生物,7.5,280716,1.3,18.24,-1056362,3.34,,-1056362,678624,-1734986,饲料、化工,2.01,45299881,645418559,2.26385,0
002502,ST鼎龙,4.3,367305,0.0,2.41,-1056608,2.55,,-1056608,1847101,-2903709,ST板块、化工,2.55,27569280,1602058091,1.14843,0
301377,鼎泰高科,2.7,144067,0.05,20.46,-1061641,9.41,,-1061641,16652456,-17714097,印制电路板、三季报增长,9.35,127717429,1027000000,3.65996,0
002632,道明光学,2.9,238740,-0.43,7.04,-1071004,1.59,,-1071004,1892301,-2963305,固态电池、VR/AR/MR,2.03,47141636,2329436256,1.14241,0
301235,华康医疗,22.0,117920,0.94,27.77,-1081146,4.6,,-1081146,1471169,-2552315,AI医疗、人工智能,3.62,50230559,1042553595,1.62942,0
000404,长虹华意,0.7,280600,0.16,6.15,-1082219,0.99,,-1082219,13372913,-14455132,家电、国有企业,0.82,83601484,2952687357,1.0154,0
002468,申通快递,1.5,155314,-0.3,9.96,-1088001,1.01,,-1088001,13620395,-14708396,年报增长、物流,1.32,71422973,7417914168,1.2903,0
002469,三维化学,8.4,1068788,1.77,5.9,-1088657,4.61,,-1088657,12383458,-13472115,煤化工、光热发电,2.79,113501075,2847133832,4.2302,0
688231,隆达股份,0.0,87053,-0.93,22.9,-1095574,1.87,,-1095574,1655705,-2751279,科创板、年报增长,2.83,23800725,2698989975,0.968204,0
600750,江中药业,2.4,1333850,-0.43,19.42,-1097600,4.52,,-1097600,25191652,-26289252,中药、高股息,4.97,207828164,6844905583,1.82752,0
000639,西王食品,18.1,722400,3.7,4.34,-1108450,7.16,,-1108450,8110432,-9218882,食品饮料、代糖概念,3.33,93788105,2353210573,5.23016,0
300756,金马游乐,0.0,26240,-0.3,16.66,-1113055,1.28,,-1113055,1679364,-2792419,旅游、多胎概念,1.59,45170396,1593165858,1.39467,0
002395,双象股份,8.5,921525,2.01,11.1,-1115154,1.37,,-1115154,3783380,-4898534,足球概念、VR/AR/MR,-0.63,58886644,1055323507,1.20528,0
300127,银河磁体,0.2,69000,-0.69,17.46,-1115704,0.52,,-1115704,4759083,-5874787,稀土永磁、汽车零部件,1.22,64396736,1863048007,0.809991,0
605168,三人行  ,0.3,283713,0.0,57.26,-1115872,2.93,,-1115872,17902581,-19018453,人工智能、参股券商,2.93,155136868,4096523490,1.38314,0
603237,五芳斋  ,13.2,710952,-2.6,27.29,-1119707,-1.3,,-1119707,5986171,-7105878,食品饮料、农业,1.34,73333403,2377819531,2.99878,0
600828,茂业商业,1.3,12740,0.0,3.67,-1120122,0.82,,-1120122,301391,-1421513,零售、新零售,0.82,22400828,1211350427,1.28654,0
600973,宝胜股份,1.6,756840,-0.39,5.14,-1124572,0.39,,-1124572,37043485,-38168057,高速连接、光伏,0.78,140516226,4335343619,1.36557,3268834
301058,中粮科工,0.5,4892,0.0,12.32,-1137827,0.74,,-1137827,364500,-1502327,中字头、国有企业,0.74,18714439,1855222900,0.81314,0
600052,东望时代,3.6,21197,-0.44,4.58,-1149901,1.1,,-1149901,1216916,-2366817,热力、地方国企,1.55,19534310,2249551423,0.818214,0
603610,麒盛科技,2.4,80730,-0.59,12.11,-1152953,2.89,,-1152953,2895654,-4048607,浙江、高股息,3.5,39897858,1851007051,1.38967,0
301288,清研环境,0.3,52520,-0.05,20.42,-1154412,1.04,,-1154412,1801321,-2955733,环保、韧性城市,1.09,30908957,699721081,0.765288,0
003023,彩虹集团,0.8,197880,-0.51,19.71,-1159364,1.08,,-1159364,4035955,-5195319,家电、电子商务,1.6,47057879,1014303062,1.04194,0
603689,皖天然气,0.6,235788,0.12,8.12,-1159539,1.37,,-1159539,487193,-1646732,天然气、高股息,1.25,22670706,1373965987,1.18958,0
300864,南大环境,0.0,0,0.0,22.27,-1162017,1.41,,-1162017,1350361,-2512378,土壤修复、碳中和,1.41,27449057,862739796,1.33421,0
605077,华康股份,0.6,92708,-0.65,22.29,-1162642,2.72,,-1162642,650662,-1813304,并购重组、代糖概念,3.39,35149877,2809778768,1.33453,0
688489,三未信安,0.0,750274,3.59,47.01,-1166783,7.53,,-1166783,10711431,-11878214,信创、网络安全,3.8,122539280,1181969121,2.21279,0
002053,云南能投,2.8,120000,-0.93,9.85,-1171404,1.65,,-1171404,4959376,-6130780,天然气、并购重组,2.6,38476856,2536754562,1.11931,0
601886,江河集团,1.6,70756,0.0,7.27,-1177040,0.69,,-1177040,1069880,-2246920,高股息、分布式光伏,0.69,41191100,2704446051,1.40828,0
001316,润贝航科,0.0,0,0.0,34.3,-1181682,1.06,,-1181682,689027,-1870709,商业航天、石油石化,1.06,16760308,820131199,0.873234,0
301125,腾亚精工,0.3,59210,1.06,19.0,-1185368,0.53,,-1185368,1601907,-2787275,机器人概念、储能,-0.52,33964186,770286976,0.892412,0
300217,东方电热,0.9,658880,-0.18,5.72,-1186381,0.53,,-1186381,19606258,-20792639,锂电池、光热发电,0.7,100864105,5534277729,1.03795,0
600719,大连热电,0.2,205205,-0.97,7.36,-1204002,1.94,,-1204002,20540161,-21744163,电力、并购重组,2.94,104451492,1997223690,1.68764,0
000533,顺钠股份,2.4,137600,-0.25,4.03,-1205060,0.5,,-1205060,3201688,-4406748,变压器、充电桩,0.75,34085583,1682809559,1.00182,0
600551,时代出版,0.3,24244,-0.18,11.02,-1211364,-0.18,,-1211364,0,-1211364,文化传媒、教育,0.0,17512501,1749455064,0.609231,0
002159,三特索道,0.4,52136,-0.15,13.96,-1216584,1.6,,-1216584,1932325,-3148909,旅游、露营经济,1.75,27625741,1388630340,0.975469,0
300501,海顺新材,0.2,116112,-0.56,14.51,-1224098,1.9,,-1224098,1524166,-2748264,固态电池、病毒防治,2.47,39794997,1488867030,0.643888,0
000967,盈峰环境,0.1,5784,0.0,4.89,-1236370,1.45,,-1236370,2333610,-3569980,机器人概念、垃圾发电,1.45,42005642,5324142391,0.951384,0
300911,亿田智能,0.2,193715,-0.57,37.21,-1246412,1.22,,-1246412,7144272,-8390684,装修家具、地产链,1.81,57689903,1561715763,0.954333,0
600894,广日股份,4.5,48374,-0.28,7.31,-1248966,0.97,,-1248966,877064,-2126030,新型工业化、高股息,1.25,31218447,2737512704,0.979474,0
002259,ST升达,6.6,66010,0.31,3.19,-1250537,-0.62,,-1250537,333991,-1584528,ST板块、四川省,-0.93,6579536,1725552150,1.28955,0
688021,奥福环保,1.4,73235,0.0,21.09,-1256667,-0.71,,-1256667,1492926,-2749593,汽车类、破净股概念,-0.71,29626919,1012219169,1.13914,0
603568,伟明环保,2.1,376250,0.17,17.8,-1280190,1.89,,-1280190,9055025,-10335215,环保、垃圾发电,1.71,76089073,12582511865,1.27248,0
603697,有友食品,0.0,20325,0.0,8.42,-1283594,3.57,,-1283594,404005,-1687599,食品饮料、高股息,3.57,25619462,1160593984,1.79208,0
600635,大众公用,0.7,89238,0.0,3.24,-1287306,0.93,,-1287306,8104897,-9392203,天然气、参股券商,0.93,47051036,5716605164,0.889431,0
688106,金宏气体,0.2,89438,-0.51,24.19,-1293386,3.11,,-1293386,6801080,-8094466,科创板、天然气,3.64,106969911,6686687196,1.40504,0
603368,柳药集团,0.2,1007692,0.15,20.65,-1297794,4.88,,-1297794,19847508,-21145302,中药、破净股概念,4.72,191415501,5351813776,2.18022,0
605016,百龙创园,0.6,257372,-1.12,29.29,-1305422,5.78,,-1305422,10218332,-11523754,代糖概念、食品饮料,6.98,121101154,2996928664,1.26514,0
000931,中关村,0.0,8520,0.18,5.83,-1307691,2.82,,-1307691,834192,-2141883,仿制药、创投,2.64,30481433,2936943633,1.03554,0
600292,远达环保,0.7,231110,0.5,6.04,-1325697,0.33,,-1325697,8172137,-9497834,并购重组、环保,-0.17,50690414,2238997996,1.21823,0
002098,浔兴股份,2.6,572012,0.0,6.72,-1328570,2.13,,-1328570,1664164,-2992734,外贸、服装家纺,2.13,47128135,943225585,1.90787,0
605167,利柏特  ,25.5,2516196,3.82,8.91,-1344215,3.01,,-1344215,9061286,-10405501,氢能源、一带一路,-0.78,103148831,1405289914,2.29925,3007252
603066,音飞储存,3.5,81984,-0.41,9.9,-1346745,1.02,,-1346745,0,-1346745,AGV机器人、地方国企,1.43,18665706,1384517257,1.1018,0
601117,中国化学,0.6,813375,-0.69,7.36,-1347904,1.1,,-1347904,60852852,-62200756,气凝胶、磷化工,1.8,219023387,26427634487,0.653195,-4111590
603193,润本股份,1.3,4986000,-1.64,18.8,-1352100,2.73,,-1352100,56986730,-58338830,电子商务、新零售,4.44,413710519,1115482180,1.17887,0
002835,同为股份,2.3,524835,1.11,16.35,-1364560,1.11,,-1364560,2000512,-3365072,AI视觉、三季报增长,0.0,62063762,1350223389,1.1342,0
603365,水星家纺,16.4,416835,-1.12,14.65,-1370539,2.52,,-1370539,1249633,-2620172,服装家纺、高股息,3.68,28026439,2042755450,1.52745,0
601619,嘉泽新能,0.3,469026,-0.54,3.72,-1370793,0.81,,-1370793,16374881,-17745674,风电运营商、绿色电力,1.36,81832675,4644227908,0.997541,-3672683
688211,中科微至,3.4,212927,0.76,35.0,-1375083,2.79,,-1375083,2476775,-3851858,智能物流、物流,2.01,22426002,1799088327,1.11341,0
688102,斯瑞新材,1.6,262460,-0.84,11.18,-1375341,3.9,,-1375341,9505671,-10881012,有色金属、西部大开发,4.78,64363913,1796853608,1.52817,0
301137,哈焊华通,0.1,635299,-1.88,18.85,-1379355,-4.22,,-1379355,7794859,-9174214,国有企业、一带一路,-2.38,121642204,928491094,0.804483,0
300413,芒果超媒,0.5,732000,-0.61,25.12,-1380879,2.32,,-1380879,42914103,-44294982,文化传媒、湖南,2.95,310043290,15001278336,0.999315,0
603903,中持股份,0.7,485072,-0.9,10.07,-1380924,0.4,,-1380924,878054,-2258978,水务、PPP概念,1.31,46998918,1399637168,1.16012,0
002912,中新赛克,0.6,128785,-0.66,30.01,-1394784,-0.46,,-1394784,1687420,-3082204,算力、网络安全,0.2,46724334,3414171487,0.812889,0
002162,悦心健康,1.0,121205,0.48,4.26,-1403900,1.67,,-1403900,4699963,-6103863,养老概念、医美,1.19,53264960,1975259156,1.4544,0
300906,日月明,0.0,10044,0.04,25.22,-1418260,0.48,,-1418260,0,-1418260,超跌、三季报增长,0.44,18388829,812202325,1.13012,0
002533,金杯电工,5.0,659869,0.67,7.63,-1421095,2.55,,-1421095,8943075,-10364170,风电零部件、并购重组,1.87,80705047,3770048644,1.45256,0
000738,航发控制,4.0,661260,0.29,20.57,-1422619,0.15,,-1422619,25901188,-27323807,大飞机、央企,-0.15,121288340,13594394770,1.13989,-5906274
002320,海峡股份,1.5,263097,0.36,5.68,-1427665,2.16,,-1427665,8466769,-9894434,海南、航运,1.79,52670525,3469941243,1.14625,0
603170,宝立食品,2.8,31637,0.0,19.67,-1429106,5.7,,-1429106,12813523,-14242629,食品饮料、预制菜,5.7,65832324,3115852200,2.31516,0
000026,飞亚达,0.4,87125,-0.29,10.48,-1438055,1.95,,-1438055,3813460,-5251515,消费电子、平台经济,2.24,41085967,2089425570,0.768354,0
603439,贵州三力,2.0,362202,-0.11,18.45,-1444450,2.27,,-1444450,18670118,-20114568,止咳药、并购重组,2.39,132934551,2611236797,1.51532,828142
002967,广电计量,4.9,603925,0.71,14.56,-1445496,3.19,,-1445496,21691213,-23136709,年报增长、并购重组,2.46,126810586,3483902613,2.12522,0
301199,迈赫股份,0.7,444536,0.7,24.46,-1455114,0.29,,-1455114,1062012,-2517126,机器人概念、智能驾驶,-0.41,39064083,870003264,0.872174,0
301456,盘古智能,0.4,286559,-0.3,33.75,-1457313,0.45,,-1457313,8258791,-9716104,风电、新型工业化,0.75,70399675,1167532312,0.816626,0
600976,健民集团,0.5,45616,-0.87,60.14,-1462275,4.55,,-1462275,11964169,-13426444,中药、医药,5.47,112149156,6972302463,1.7084,0
002595,豪迈科技,0.8,35552,-0.4,33.15,-1466444,2.16,,-1466444,18722356,-20188800,汽车类、燃气轮机,2.57,82816961,13020190876,1.5056,0
002981,朝阳科技,3.4,471665,0.5,26.05,-1466706,-0.65,,-1466706,356610,-1823316,苹果概念、超跌,-1.14,32320656,625941064,1.01115,0
601333,广深铁路,0.5,162069,0.0,2.72,-1468555,1.87,,-1468555,35197512,-36666067,高铁、客运,1.87,114893048,8222906040,0.903913,0
301197,工大科雅,0.5,81102,0.52,19.22,-1472899,0.05,,-1472899,381800,-1854699,信创、云计算,-0.47,28651332,1288473600,0.784722,0
000779,甘咨询,0.2,198220,0.0,10.4,-1473912,-1.89,,-1473912,7020822,-8494734,算力、基础建设,-1.89,63709363,1644191922,1.32826,0
300897,山科智能,2.4,613614,-0.72,33.08,-1477226,-0.45,,-1477226,2348317,-3825543,华为概念、基础建设,0.27,34846645,739856719,0.952091,0
002319,乐通股份,0.0,20397,0.58,15.6,-1496141,0.0,,-1496141,6593550,-8089691,光伏、化工,-0.57,25027696,2314720000,0.471908,0
000509,华塑控股,0.1,50922,0.0,3.68,-1514856,-0.27,,-1514856,1916826,-3431682,信创、地方国企,-0.27,32604868,2303922204,0.670167,0
603161,科华控股,2.5,1931270,-1.15,17.86,-1517908,-2.46,,-1517908,33858308,-35376216,汽车零部件、氢能源,-1.33,202074017,1331168574,1.48437,0
600059,古越龙山,0.5,456840,-0.53,9.56,-1518751,1.16,,-1518751,12533745,-14052496,黄酒、酿酒,1.7,71324267,5519115619,1.05258,-3427199
002588,史丹利,0.4,714400,0.16,6.08,-1522377,0.16,,-1522377,24174987,-25697364,农业、化肥,0.0,153558517,4335736461,1.24488,0
603116,红蜻蜓  ,0.7,61408,0.0,6.26,-1522545,2.96,,-1522545,2631811,-4154356,服装家纺、参股券商,2.96,49699852,1685121380,1.47109,0
688271,联影医疗,1.0,389153,-0.83,116.7,-1523503,0.19,,-1523503,96346898,-97870401,医药、阿尔茨海默,1.03,325550121,68741725550,0.668051,-13292689
002946,新乳业,2.2,202572,-0.97,13.82,-1528451,3.37,,-1528451,1767402,-3295853,乳业、并购重组,4.38,43522235,2100889356,1.12174,0
688189,南新制药,1.2,65191,0.0,10.31,-1529660,5.96,,-1529660,3028016,-4557676,湖南、地方国企,5.96,60578142,1571308749,1.88389,0
002423,中粮资本,0.3,244460,-0.55,7.28,-1530546,0.69,,-1530546,10801728,-12332274,资产管理、国有企业,1.25,67861051,5169041506,0.901683,0
002959,小熊电器,1.3,124522,0.11,56.66,-1537741,4.77,,-1537741,13416590,-14954331,家电、电子商务,4.65,122485489,3383167157,2.05415,0
603006,联明股份,1.5,499854,-0.54,11.3,-1542924,2.08,,-1542924,388293,-1931217,特斯拉概念、汽车类,2.63,40748614,859152070,1.94422,0
605098,行动教育,0.3,69246,1.1,38.56,-1543695,1.34,,-1543695,2048728,-3592423,教育、高股息,0.23,39818022,1446654009,0.950165,0
688287,ST观典  ,1.8,230527,0.48,10.46,-1556071,0.58,,-1556071,2875792,-4431863,低空经济、军工,0.1,31305660,2233901280,1.00208,0
603017,中衡设计,0.4,46322,-0.1,10.08,-1560665,0.0,,-1560665,0,-1560665,低空经济、算力,0.1,18345165,1559729851,0.764766,0
301518,长华化学,0.4,68432,-1.09,25.0,-1562066,1.17,,-1562066,1335427,-2897493,汽车类、化工,2.29,40254881,833081358,1.07698,0
603755,日辰股份,0.0,0,0.0,29.7,-1563745,3.23,,-1563745,766155,-2329900,食品饮料、三季报增长,3.23,24332896,1176920209,1.19288,0
300332,天壕能源,0.3,76368,-0.45,9.23,-1569441,3.48,,-1569441,4092480,-5661921,PVDF、锂电池,3.94,57300519,6482098520,1.14978,0
300931,通用电梯,0.7,65205,0.25,8.12,-1575349,1.12,,-1575349,0,-1575349,电梯概念、地产链,0.87,20496034,856405378,0.774013,0
603588,高能环境,1.6,228330,-0.77,7.91,-1579550,1.41,,-1579550,7632010,-9211560,环保、垃圾发电,2.2,59977991,9940128930,0.940737,0
300272,开能健康,2.7,273394,0.0,5.83,-1582843,0.87,,-1582843,4819772,-6402615,再生医学、医美,0.87,51280616,2038856681,0.670495,0
300265,通光线缆,0.0,0,0.0,8.93,-1583020,0.22,,-1583020,819762,-2402782,通信、海缆,0.22,22429373,1438493416,0.917578,0
603319,湘油泵  ,0.8,297540,0.41,17.02,-1585786,-0.06,,-1585786,1978421,-3564207,比亚迪产业链、电机电控,-0.47,60927148,2553907627,1.03367,0
000920,沃顿科技,8.2,1787315,2.17,8.91,-1586853,1.71,,-1586853,5609677,-7196530,盐湖提锂、锂电池,-0.45,79604730,2158525976,2.55866,0
600502,安徽建工,0.3,4725604,-0.4,4.88,-1594802,-1.61,,-1594802,80713996,-82308798,水利、国有企业,-1.21,331010553,5683656581,1.45792,0
000951,中国重汽,0.1,246984,0.0,15.45,-1600171,2.59,,-1600171,32088500,-33688671,重卡、一带一路,2.59,178815213,7610437492,0.863473,0
300187,永清环保,0.4,172534,0.36,5.63,-1603519,0.54,,-1603519,0,-1603519,环保、垃圾发电,0.18,27139814,1569135963,1.06365,0
600774,汉商集团,1.1,80388,-0.75,9.58,-1603675,2.9,,-1603675,1178832,-2782507,医药、并购重组,3.68,43728139,1205762785,1.54991,0
600843,上工申贝,0.9,50960,-0.36,5.62,-1612626,0.0,,-1612626,1722686,-3335312,低空经济、并购重组,0.36,24724569,2044459065,0.946911,0
600785,新华百货,2.7,581624,0.08,13.73,-1613153,3.0,,-1613153,9835542,-11448695,零售、新零售,2.92,48289641,1512636794,1.34236,0
300839,博汇股份,0.4,358473,-0.8,10.11,-1623700,1.0,,-1623700,1483521,-3107221,股权转让、石油石化,1.81,60046213,1133199022,1.13184,0
603187,海容冷链,10.4,887110,2.55,16.81,-1637609,7.07,,-1637609,14407972,-16045581,高股息、医药,4.41,167479054,5153909638,4.19695,0
301225,恒勃股份,0.7,1711668,-1.5,39.49,-1663667,-3.19,,-1663667,42683179,-44346846,华为汽车、氢能源,-1.72,286694167,934696143,0.823653,0
002032,苏泊尔,21.1,1464016,5.98,51.0,-1667018,9.28,,-1667018,34073885,-35740903,家电、高股息,3.11,226720848,3550879986,4.12895,-3069918
601567,三星医疗,0.2,182928,0.24,16.5,-1669595,0.36,,-1669595,17873799,-19543394,电气设备、医美,0.12,274215529,12513797745,1.66954,-6942130
301428,世纪恒通,1.9,444600,-0.99,38.24,-1671307,-0.36,,-1671307,1832888,-3504195,腾讯系AI 、数据要素,0.63,48476273,895564390,1.01674,0
601566,九牧王  ,4.1,87930,0.0,10.17,-1677320,4.09,,-1677320,3482609,-5159929,服装家纺、电子商务,4.09,43630514,2703514667,2.47951,0
603126,中材节能,3.3,121860,0.59,6.77,-1685323,0.59,,-1685323,425833,-2111156,分布式光伏、碳中和,0.0,24965437,2045885719,0.927653,0
603308,应流股份,0.4,113560,-0.89,13.79,-1693301,2.3,,-1693301,4091171,-5784472,燃气轮机、低空经济,3.22,47373883,6850132892,0.908153,0
601089,福元医药,12.4,1653696,-3.46,18.31,-1705848,2.29,,-1705848,16909490,-18615338,降压药、仿制药,5.96,185114358,2478375092,3.11751,0
000729,燕京啤酒,0.9,1758708,0.5,10.49,-1706132,5.75,,-1706132,75113606,-76819738,啤酒、酿酒,5.22,413506514,12469025297,2.44901,4064478
002880,卫光生物,0.4,253688,0.09,34.45,-1708924,3.3,,-1708924,1449850,-3158774,地方国企、国有企业,3.21,28000613,2153295389,1.04933,0
002694,顾地科技,0.2,190400,-1.16,6.67,-1709518,-3.05,,-1709518,8263947,-9973465,水利、化工,-1.91,55347352,2566851254,1.39126,0
600429,三元股份,1.9,264575,-0.21,4.86,-1711423,2.1,,-1711423,964000,-2675423,乳业、食品饮料,2.32,30330149,2239537408,1.01789,0
300763,锦浪科技,0.3,4099788,-0.99,69.88,-1719404,3.28,,-1719404,233536808,-235256212,PCS设备、分布式光伏,4.31,966016902,14912396762,0.922992,-13805556
603282,亚光股份,1.1,107070,-0.12,25.25,-1741353,1.28,,-1741353,1135055,-2876408,锂电池、核准制次新股,1.41,19396056,846545000,1.30513,0
603950,长源东谷,0.5,409437,0.0,14.26,-1755603,1.35,,-1755603,6109308,-7864911,发电机、算力,1.35,47350204,1702048643,1.24894,0
000061,农产品,0.2,9870,0.15,6.61,-1756481,0.61,,-1756481,2013258,-3769739,农业、并购重组,0.46,34203905,4514462243,0.794962,0
603730,岱美股份,0.3,18348,-0.6,17.34,-1761447,3.34,,-1761447,4034357,-5795804,三季报增长、上海,3.96,70295617,4350993472,0.767275,0
300546,雄帝科技,0.9,61457,-0.78,16.56,-1773475,-1.07,,-1773475,5613805,-7387280,蚂蚁金服概念、数字货币,-0.3,57865199,1932399703,0.927122,0
002712,思美传媒,17.8,37630,-0.38,5.35,-1774416,0.56,,-1774416,1888765,-3663181,小红书概念、短剧,0.94,38398944,1793971216,0.790113,0
300143,盈康生命,3.8,590320,2.4,9.96,-1777492,8.5,,-1777492,8922980,-10700472,民营医院、并购重组,5.96,137340803,3855443336,3.84266,0
002438,江苏神通,0.2,38922,0.0,10.13,-1779753,1.5,,-1779753,5877627,-7657380,低空经济、核电,1.5,34139863,3349672667,0.956619,0
002960,青鸟消防,0.6,190817,-0.82,16.09,-1780391,1.19,,-1780391,5751536,-7531927,机器人概念、芯片,2.03,67582497,5754319044,0.825039,0
001318,阳光乳业,0.9,15432,0.31,13.0,-1789093,1.4,,-1789093,0,-1789093,乳业、食品饮料,1.09,23422729,1001780000,1.28245,0
300695,兆丰股份,0.2,300900,0.12,51.31,-1806828,0.73,,-1806828,2530173,-4337001,创投、浙江,0.61,48730007,1073683293,1.24654,0
603029,天鹅股份,0.2,13034,-0.69,19.02,-1814207,1.44,,-1814207,2844405,-4658612,农机、国有企业,2.15,35565691,946098254,0.876114,0
688480,赛恩斯  ,37.7,1185661,-3.86,32.92,-1815225,0.86,,-1815225,1318398,-3133623,环保、三季报增长,4.91,18564207,662150950,1.20889,0
603638,艾迪精密,6.0,168810,0.18,16.65,-1818514,0.79,,-1818514,1225886,-3044400,减速器、基础建设,0.6,27920983,5789547080,1.04104,0
603129,春风动力,1.2,253925,-0.54,103.53,-1829272,1.38,,-1829272,20701512,-22530784,年报增长、两轮车,1.93,150325071,9577791051,0.918414,0
600012,皖通高速,2.0,416702,0.0,10.23,-1831308,-1.06,,-1831308,5161640,-6992948,并购重组、公路运营,-1.06,65980492,2430785763,0.674783,0
603711,香飘飘  ,0.3,1534,-0.26,16.15,-1833052,5.01,,-1833052,1465023,-3298075,食品饮料、股权转让,5.28,31665932,1502097111,1.6347,0
603690,至纯科技,0.3,106108,-0.8,26.59,-1834574,1.92,,-1834574,17940092,-19774666,并购重组、大基金二期,2.74,158342639,7978280212,1.1175,0
300046,台基股份,0.7,547200,-0.31,16.25,-1847497,1.25,,-1847497,8432045,-10279542,芯片、IGBT,1.56,71885709,2832311869,1.23764,0
300239,东宝生物,1.8,95456,-0.16,6.23,-1848526,2.3,,-1848526,300700,-2149226,人造肉、土壤修复,2.47,32352271,2561260664,1.33295,0
600961,株冶集团,1.7,85905,-0.66,7.63,-1853274,1.46,,-1853274,1489789,-3343063,金属锌、有色金属,2.14,34092424,2405538535,0.988839,0
605368,蓝天燃气,0.8,16745,0.0,10.0,-1881932,1.52,,-1881932,1060806,-2942738,天然气、高股息,1.52,21943030,2484990508,1.05476,0
603286,日盈电子,0.6,155484,-0.54,18.73,-1882315,0.64,,-1882315,2010734,-3893049,汽车零部件、无人驾驶,1.19,50226373,915519580,0.726028,0
002353,杰瑞股份,1.3,516378,-1.23,29.49,-1887081,0.41,,-1887081,20247269,-22134350,天然气、石油石化,1.65,118669622,13181233920,0.691018,0
603103,横店影视,0.7,108528,-0.28,14.33,-1895420,0.07,,-1895420,1585623,-3481043,影视院线、文化传媒,0.35,38719696,1053545267,0.561978,0
301132,满坤科技,1.9,180312,-0.04,28.07,-1903981,2.71,,-1903981,2972899,-4876880,印制电路板、充电桩,2.75,70736868,1206304275,1.35148,0
301017,漱玉平民,0.8,116935,1.47,18.44,-1905152,4.0,,-1905152,1622701,-3527853,医药零售、医美,2.5,26487205,1046406572,1.29726,0
300988,津荣天宇,15.9,376075,-1.15,21.7,-1913287,-0.18,,-1913287,7779193,-9692480,小米汽车、汽车零部件,0.98,78846849,1257773155,1.57463,0
603800,洪田股份,0.0,14260,0.21,28.69,-1913872,0.81,,-1913872,336373,-2250245,锂电池、复合集流体,0.6,31265307,2344414059,1.22739,0
688523,航天环宇,1.4,4194874,-1.34,31.41,-1919988,-8.43,,-1919988,148929369,-150849357,卫星导航、三季报增长,-7.18,449544707,1067595967,1.12829,-3000000
603633,徕木股份,1.1,4609689,-1.83,9.75,-1921825,-1.02,,-1921825,28598683,-30520508,高速连接、超跌,0.83,176514911,2614695799,1.162,0
000755,山西高速,1.6,146240,-0.65,4.62,-1922773,0.43,,-1922773,0,-1922773,公路运营、绿色电力,1.09,20104800,1566293599,0.807088,0
600268,国电南自,1.8,408639,-0.89,6.79,-1929216,0.3,,-1929216,6730652,-8659868,虚拟电厂、特高压,1.19,54070728,2578180798,1.11177,0
300283,温州宏丰,1.0,243439,-0.51,5.83,-1931274,-0.17,,-1931274,6013497,-7944771,电气设备、智能电网,0.34,68206792,1561990937,1.0457,0
601200,上海环境,0.8,48348,0.11,9.57,-1939063,1.06,,-1939063,3829806,-5768869,垃圾发电、破净股概念,0.95,46943717,5182453731,1.04409,0
002877,智能自控,0.7,105392,-0.84,9.58,-1944867,0.95,,-1944867,2245900,-4190767,人工智能、光伏,1.81,46701315,1482016658,0.906154,0
301398,星源卓镁,0.3,356507,-0.26,51.98,-1949724,-2.57,,-1949724,11786051,-13735775,特斯拉概念、小米汽车,-2.31,114327883,1002594777,1.0656,0
301057,汇隆新材,0.6,29087,-0.06,17.33,-1950710,1.23,,-1950710,3792090,-5742800,化工、韧性城市,1.29,26101030,766736000,1.06894,0
688310,迈得医疗,7.9,1097894,3.25,37.74,-1964567,14.61,,-1964567,23699486,-25664053,医疗器械、医药,11.0,112714241,1636448220,4.29501,0
300435,中泰股份,1.5,602085,-0.67,13.69,-1980353,1.86,,-1980353,15542078,-17522431,煤化工、天然气,2.55,106019778,3008744072,1.08169,0
300869,康泰医学,0.6,97200,-0.54,21.37,-1984989,4.96,,-1984989,14884001,-16868990,医疗器械、幽门螺杆菌,5.53,117792206,4254632526,2.07349,0
002922,伊戈尔,1.3,436644,-0.92,14.1,-1995132,-0.49,,-1995132,10920633,-12915765,数据中心、算力,0.43,113961879,2628693343,1.11628,0
000014,沙河股份,0.8,148905,-0.9,11.25,-1995883,1.08,,-1995883,5882909,-7878792,房地产、物业服务,1.99,63581470,1791838535,0.973211,0
000756,新华制药,0.5,1003220,0.05,20.21,-1997864,3.8,,-1997864,91525251,-93523115,流感、参股券商,3.75,525212437,4762543032,1.07371,2306429
301257,普蕊斯,0.5,191611,-0.77,67.32,-1999179,8.07,,-1999179,26715137,-28714316,医疗器械、新冠药概念,8.91,136497158,1953576712,2.01094,-605178
603223,恒通股份,1.4,595980,-0.7,10.02,-2000840,0.5,,-2000840,5469161,-7470001,物流、天然气,1.21,81974373,3696649574,0.5776,0
605258,协和电子,1.3,1710824,-2.34,27.06,-2004504,-2.38,,-2004504,6446390,-8450894,印制电路板、三季报增长,-0.04,114459534,891870066,0.576277,0
000880,潍柴重机,2.8,186180,0.66,10.65,-2009545,0.19,,-2009545,1140412,-3149957,发电机、地方国企,-0.47,36762293,1736755020,1.53692,0
002867,周大生,1.3,177600,-0.56,16.55,-2014024,2.86,,-2014024,26398067,-28412091,黄金、高股息,3.44,144639719,6546130412,2.01404,-3664057
605599,菜百股份,1.3,150629,-0.45,14.3,-2019065,6.8,,-2019065,6798462,-8817527,黄金、高股息,7.28,72368437,4147823996,1.81248,0
000839,中信国安,0.6,55188,0.0,2.22,-2019985,1.37,,-2019985,8342779,-10362764,DeepSeek、广电网,1.37,34866511,5507073561,1.59632,0
002133,广宇集团,6.5,279212,0.61,3.42,-2025897,3.64,,-2025897,3630793,-5656690,房地产、地产链,3.01,62070079,1912177098,1.84713,0
300577,开润股份,0.0,1522,-0.07,16.06,-2037101,5.45,,-2037101,2080254,-4117355,服装家纺、露营经济,5.52,32583837,1738837329,1.34414,0
603696,安记食品,1.1,55320,0.22,9.48,-2040266,3.04,,-2040266,2507631,-4547897,食品饮料、电子商务,2.82,35742367,833172181,1.81295,0
301280,珠城科技,43.7,459941,-1.1,35.17,-2043938,-0.93,,-2043938,2700666,-4744604,机器人概念、地产链,0.17,38352112,820929533,1.3777,0
002766,索菱股份,5.2,544966,0.77,5.15,-2051732,-0.39,,-2051732,2174213,-4225945,车路云、智能驾驶,-1.15,36693655,2185594922,0.92575,0
002563,森马服饰,0.3,29784,0.0,6.0,-2066190,2.74,,-2066190,1272420,-3338610,服装家纺、高股息,2.74,49497915,4245560923,1.02353,0
300993,玉马科技,0.0,79272,-0.63,11.11,-2069240,0.27,,-2069240,11311121,-13380361,分布式光伏、建筑节能,0.91,44401896,1106004158,0.978922,-3369000
002674,兴业科技,4.9,119364,-0.16,12.25,-2072148,0.41,,-2072148,0,-2072148,内外饰、并购重组,0.57,23885420,1631543092,0.920209,0
002893,京能热力,0.4,342043,-0.37,10.93,-2073298,0.92,,-2073298,1572299,-3645597,热力、碳中和,1.3,42578757,1405749176,1.14654,0
000921,海信家电,2.6,577368,0.08,24.55,-2074088,3.41,,-2074088,10108397,-12182485,家电、并购重组,3.32,127394268,9474530390,1.18309,0
600406,国电南瑞,0.4,1146272,-0.63,22.54,-2079346,2.04,,-2079346,42993700,-45073046,抽水蓄能、柔性直流,2.69,307296237,44927001498,0.840229,0
605218,伟时电子,0.2,20790,-0.07,14.9,-2080380,0.27,,-2080380,302267,-2382647,首发经济、AI PIN,0.34,26006227,971086940,0.862168,0
600517,国网英大,0.6,207207,0.21,4.88,-2080981,1.24,,-2080981,12314653,-14395634,参股券商、钒电池,1.04,67972010,7545856240,1.17562,0
605199,葫芦娃  ,0.4,183122,-1.18,15.46,-2084261,1.78,,-2084261,7491764,-9576025,流感、止咳药,3.0,94637270,2205659311,0.965896,0
000886,海南高速,0.4,20160,-0.24,4.28,-2090600,1.66,,-2090600,3489771,-5580371,算力、旅游,1.9,25689635,3094099117,0.81868,0
605188,国光连锁,0.4,106176,0.42,9.34,-2092508,-1.06,,-2092508,1442374,-3534882,零售、食品饮料,-1.48,40260173,1072936250,0.53071,0
001207,联科科技,0.6,177216,-0.53,17.19,-2092917,0.35,,-2092917,3485001,-5577918,化工、三季报增长,0.88,59655688,1113830751,0.645345,0
688278,特宝生物,1.8,714952,-0.02,43.16,-2107924,0.0,,-2107924,6523633,-8631557,年报增长、医药,0.02,81913786,7396943378,0.454705,0
603500,祥和实业,18.2,122080,0.36,11.43,-2131968,2.42,,-2131968,667667,-2799635,轨道交通、基础建设,2.05,18499882,1064257748,1.28473,0
002187,广百股份,0.5,20658,-0.32,6.4,-2140352,1.91,,-2140352,1142247,-3282599,零售、并购重组,2.24,24506755,1625694282,0.951357,0
300842,帝科股份,2.4,1703760,-0.81,73.23,-2149148,5.73,,-2149148,80653846,-82802994,光伏银浆、异质结电池,6.59,314048787,5541592813,0.803095,-4353544
300753,爱朋医疗,1.2,180831,0.24,17.3,-2155453,4.53,,-2155453,4137393,-6292846,脑机接口、医药,4.28,74186848,1192051284,1.76793,0
603156,养元饮品,0.8,91279,0.08,25.22,-2157698,2.31,,-2157698,2600496,-4758194,食品饮料、高股息,2.23,61043083,12947011859,1.27778,0
600479,千金药业,0.5,63000,-0.47,10.89,-2161858,3.22,,-2161858,10016120,-12177978,医疗器械、并购重组,3.71,91217315,3263154857,1.6469,0
000751,锌业股份,0.4,241424,-0.32,3.2,-2162531,0.95,,-2162531,4759766,-6922297,金属锌、有色金属,1.27,51469272,3446081444,1.39459,0
301399,英特科技,5.5,229185,-0.53,41.81,-2166325,-0.19,,-2166325,3330794,-5497119,液冷服务器、算力,0.34,46049366,872962647,1.1611,0
300257,开山股份,0.0,2652,-0.6,13.8,-2173825,3.45,,-2173825,4672775,-6846600,空气储能、并购重组,4.07,46249372,5188400771,0.963585,0
600928,西安银行,0.1,41067,-0.28,3.51,-2175289,-0.28,,-2175289,16824952,-19000241,银行、中特估,0.0,56270642,6153752955,1.04849,0
000909,ST数源,6.6,101200,-0.54,5.59,-2179089,1.08,,-2179089,1313664,-3492753,ST板块、通信,1.64,20220277,1413286713,1.15145,0
000048,京基智农,0.4,114619,-0.21,19.01,-2181110,0.96,,-2181110,12284482,-14465592,猪肉、农业,1.17,66503981,3193779316,0.706543,0
688100,威胜信息,0.2,79721,0.22,27.68,-2195679,0.91,,-2195679,1069047,-3264726,湖南、三季报增长,0.69,32597486,3982354400,0.828878,0
603169,兰石重装,0.7,100701,-0.82,6.2,-2204795,1.97,,-2204795,6619557,-8824352,核电、基础建设,2.82,55570793,4278957602,0.884462,0
600986,浙文互联,1.4,285704,-0.98,5.08,-2221266,0.0,,-2221266,31233580,-33454846,腾讯系AI 、网红经济,0.99,106516435,5861716205,1.0421,0
002467,二六三,1.1,318744,-0.43,4.63,-2226430,-1.07,,-2226430,10218717,-12445147,智谱AI、云计算,-0.64,105349375,5257965025,1.16592,0
601528,瑞丰银行,0.4,384670,-0.74,5.41,-2229175,-0.18,,-2229175,13609379,-15838554,银行、破净股概念,0.56,82138163,4268147071,0.829219,0
000088,盐田港,7.4,133770,0.2,4.99,-2237815,2.04,,-2237815,1924495,-4162310,港口、一带一路,1.84,41419227,3647905818,1.43971,0
300387,富邦科技,26.3,559320,1.14,7.31,-2240995,4.43,,-2240995,4373037,-6614032,农业、数字乡村,3.25,78573305,1302496089,2.99487,0
688191,智洋创新,0.2,240851,-1.02,18.28,-2243044,-6.73,,-2243044,13440583,-15683627,华为概念、科创板,-5.77,119346217,1330863110,1.67755,0
002419,天虹股份,0.5,443688,-0.37,5.41,-2247276,1.31,,-2247276,4756352,-7003628,国有企业、预制菜,1.69,54573167,2644753221,1.23359,0
601107,四川成渝,1.2,426132,0.0,4.03,-2255997,1.0,,-2255997,2430476,-4686473,西部大开发、成渝经济圈,1.0,44102039,6040244245,1.52759,0
300805,电声股份,0.4,76360,0.36,8.2,-2266955,-0.85,,-2266955,1409139,-3676094,电子商务、首发经济,-1.2,33053343,1618479936,0.870621,0
601399,国机重装,3.1,452235,-0.34,2.98,-2278959,0.68,,-2278959,8651115,-10930074,三季报增长、氢能源,1.02,52200526,8069521192,1.00224,0
603511,爱慕股份,4.5,15084,0.0,17.27,-2285235,3.04,,-2285235,731994,-3017229,成人用品、高股息,3.04,25770205,943951938,1.89729,0
301382,蜂助手,0.4,1228815,-2.11,39.24,-2291571,-1.53,,-2291571,31170268,-33461839,华为概念、字节概念,0.59,187380842,1418516484,0.823112,0
688032,禾迈股份,3.8,340425,-0.37,233.3,-2297298,2.41,,-2297298,34532211,-36829509,逆变器、光伏设备,2.8,174642671,6756553811,1.08439,0
603197,保隆科技,1.4,176988,0.0,61.51,-2300781,-2.69,,-2300781,37730673,-40031454,无人驾驶、传感器,-2.69,156735469,9424230739,0.891208,-5376837
600803,新奥股份,5.1,355980,0.17,17.38,-2306094,-0.23,,-2306094,3414329,-5720423,天然气、并购重组,-0.4,69203933,28768458708,0.863298,0
600526,菲达环保,3.3,134316,0.0,4.73,-2317528,1.07,,-2317528,1368898,-3686426,环保、碳中和,1.07,24346254,2242638844,1.01252,0
603683,晶华新材,0.0,20040,0.4,10.15,-2323232,1.7,,-2323232,0,-2323232,固态电池、锂电池,1.3,21830593,990808348,1.04635,0
600965,福成股份,0.4,133644,0.33,6.15,-2323904,2.5,,-2323904,307499,-2631403,农业、预制菜,2.16,25476298,2042346425,1.26315,0
002238,天威视讯,0.3,128544,0.16,6.21,-2332379,0.65,,-2332379,1759167,-4091546,短剧、通信,0.49,32632743,1714099834,1.34378,0
600388,龙净环保,0.1,18590,-0.14,14.51,-2337674,1.33,,-2337674,17588498,-19926172,垃圾发电、火电灵活改造,1.47,81033681,10661165938,1.18051,0
603655,朗博科技,0.8,252216,-0.73,20.46,-2349155,-0.15,,-2349155,4322505,-6671660,汽车零部件、橡胶,0.59,43659408,702121204,0.587142,0
603090,宏盛股份,2.2,99450,0.0,20.15,-2371452,1.31,,-2371452,1372199,-3743651,数据中心、有色金属,1.31,18948424,951806300,0.997046,0
002909,集泰股份,2.8,25212,-0.13,7.79,-2383738,1.83,,-2383738,838626,-3222364,汽车热管理、有机硅,1.96,31092468,1658184406,1.04534,0
603828,ST柯利达,0.2,73986,-0.28,3.56,-2386477,0.28,,-2386477,1084206,-3470683,ST板块、分布式光伏,0.56,30194876,1229713287,0.745005,0
688386,泛亚微透,0.0,0,0.0,39.63,-2397269,3.26,,-2397269,5089312,-7486581,气凝胶、并购重组,3.26,35422812,1494747626,2.04955,0
300832,新产业,9.5,1103376,1.2,64.5,-2404596,7.07,,-2404596,42113025,-44517621,抗原检测、医药,5.81,293321148,22127339291,2.56874,-3240286
300445,康斯特,0.0,1485,0.0,15.01,-2407041,1.08,,-2407041,1680112,-4087153,传感器、三季报增长,1.08,22009988,1456571301,1.01112,0
688349,三一重能,1.0,49575,0.17,30.1,-2422466,-0.2,,-2422466,6412665,-8835131,风电、变压器,-0.36,36324017,6042776414,0.893783,0
301319,唯特偶,1.9,169600,-1.41,54.15,-2444665,0.73,,-2444665,685884,-3130549,光伏、BC电池,2.17,37336973,1411560000,1.62836,0
300034,钢研高纳,4.5,480233,-0.5,21.53,-2449198,-1.42,,-2449198,23220246,-25669444,军工、军工材料,-0.92,158726281,9526284630,2.52601,3078737
002170,芭田股份,3.1,216855,-0.18,5.55,-2451492,0.91,,-2451492,4988172,-7439664,化肥、磷化工,1.09,50311097,3349125003,0.973074,0
002998,优彩资源,1.6,941687,-0.24,8.28,-2454138,0.61,,-2454138,15968192,-18422330,化工、并购重组,0.85,133891933,1251069591,0.983063,0
002461,珠江啤酒,1.5,168096,0.0,8.49,-2458266,3.03,,-2458266,8804163,-11262429,酿酒、啤酒,3.03,60606486,2983938630,1.02227,0
603030,全筑股份,0.2,253680,-0.3,3.33,-2470050,-1.19,,-2470050,5684699,-8154749,人工智能、基础建设,-0.89,40809164,1409343668,1.30804,0
000411,英特集团,0.1,41440,-0.36,11.53,-2479298,2.58,,-2479298,6673311,-9152609,医药零售、冷链物流,2.95,67943506,1398678476,1.37212,0
002204,大连重工,0.3,113792,-0.22,4.55,-2488569,1.34,,-2488569,3066707,-5555276,军工、并购重组,1.56,43948561,3314831012,1.03536,0
600718,东软集团,1.2,441750,-0.21,9.37,-2491684,0.54,,-2491684,17065435,-19557119,智能座舱、并购重组,0.75,99892729,8164658211,0.733178,0
002237,恒邦股份,2.0,396288,-0.43,11.63,-2491997,0.52,,-2491997,15085912,-17577909,黄金、有色金属,0.95,86537597,6624214525,0.73999,0
688612,威迈斯  ,0.7,66396,0.0,40.9,-2509082,1.64,,-2509082,4316259,-6825341,汽车零部件、三季报增长,1.64,45464749,1277834662,1.18371,0
301170,锡南科技,0.9,130986,-1.2,34.87,-2527510,-0.06,,-2527510,6930060,-9457570,氢能源、汽车类,1.16,57491519,826985756,1.08014,0
002608,江苏国信,0.4,113876,-0.58,7.1,-2529981,2.9,,-2529981,8561251,-11091232,固态电池、锂电池,3.5,92025924,4245894756,1.4727,0
688033,天宜上佳,0.9,556192,-0.32,18.97,-2563596,2.1,,-2563596,34411298,-36974894,光伏、破净股概念,2.43,173748287,8288447125,1.0015,0
603112,华翔股份,0.6,428792,-0.08,11.95,-2572369,1.36,,-2572369,4645134,-7217503,并购重组、高股息,1.44,59999186,1346145279,2.50655,0
688333,铂力特  ,10.5,235446,1.08,105.5,-2573530,-0.81,,-2573530,46427142,-49000672,西部大开发、股权转让,-1.87,172308258,11986980231,1.05745,0
600223,福瑞达  ,5.7,543830,-0.11,9.35,-2575342,2.19,,-2575342,3456015,-6031357,腾讯概念、美容护理,2.3,43299797,4588415401,0.799394,0
300480,光力科技,0.0,0,0.0,18.95,-2581093,3.5,,-2581093,3398843,-5979936,芯片、大基金二期,3.5,54624387,3832532738,1.07035,0
300860,锋尚文化,0.4,350390,-0.84,47.81,-2582173,0.13,,-2582173,843122,-3425295,首发经济、体育产业,0.97,33085919,1962210994,0.976568,0
603861,白云电器,0.5,2432325,-0.58,10.6,-2583835,2.81,,-2583835,36513984,-39097819,电气设备、柔性直流,3.41,359520971,1429486178,0.776072,0
002693,双成药业,3.4,394290,-1.61,7.03,-2605658,2.63,,-2605658,3872607,-6478265,并购重组、肝炎概念,4.3,92488207,1464425292,1.106,0
000040,ST旭蓝,2.7,754244,-1.28,3.92,-2619478,0.26,,-2619478,9586870,-12206348,ST板块、环保,1.55,53537157,3531865590,0.986255,0
002373,千方科技,0.8,674322,0.09,11.51,-2624240,2.68,,-2624240,19290647,-21914887,无人驾驶、蚂蚁金服概念,2.58,224637483,11546724133,1.82749,0
003012,东鹏控股,0.5,204856,0.0,8.98,-2626917,1.7,,-2626917,3420166,-6047083,装修家具、高股息,1.7,74874294,8262125619,0.790535,0
603333,尚纬股份,1.2,374768,-0.63,4.8,-2631592,1.05,,-2631592,708053,-3339645,轨道交通、汽车类,1.69,34441034,1571931284,0.838613,0
600758,辽宁能源,0.3,16318,-0.25,4.02,-2633611,0.75,,-2633611,3985034,-6618645,年报增长、煤炭,1.01,37701837,2428793656,1.05712,0
600235,民丰特纸,1.1,263952,0.36,5.72,-2636413,1.78,,-2636413,1185807,-3822220,化工、可降解概念,1.42,36819264,1307557320,1.37223,0
301041,金百泽,1.6,379872,-0.79,26.36,-2638355,-0.86,,-2638355,9968305,-12606660,印制电路板、智能电网,-0.08,107071395,1370246546,1.02538,0
300945,曼卡龙,1.4,786073,-1.29,15.21,-2649770,3.33,,-2649770,23448245,-26098015,谷子经济、黄金,4.68,157095330,1165285407,1.14162,0
300702,天宇股份,0.3,14546,-0.1,22.27,-2650958,7.07,,-2650958,6565767,-9216725,原料药、降压药,7.17,80352996,3173630954,2.37048,0
301548,崇德科技,1.0,322974,-0.48,61.06,-2658614,1.6,,-2658614,7780807,-10439421,机器人概念、风电,2.09,95505957,866299662,0.991182,0
603012,创力集团,6.4,339789,-0.52,5.74,-2662685,-0.35,,-2662685,5100095,-7762780,人工智能、破净股概念,0.17,58177018,2934141118,1.76243,0
603970,中农立华,0.7,169931,-0.19,15.98,-2679873,2.3,,-2679873,2002046,-4681919,中字头、农药,2.5,27956438,1724369828,1.02661,0
300843,胜蓝股份,0.0,0,0.0,20.79,-2680717,-0.57,,-2680717,0,-2680717,高速连接、低空经济,-0.57,23362625,2939253083,1.05614,0
603071,物产环能,0.3,7455,-0.47,15.11,-2681099,0.87,,-2681099,1513526,-4194625,绿色电力、高股息,1.34,25407676,3591417298,1.02611,0
600477,杭萧钢构,0.3,61952,-0.56,3.54,-2691027,0.0,,-2691027,6071976,-8763003,数据中心、基础建设,0.57,52694666,5182483675,0.768222,0
600916,中国黄金,0.6,101947,-0.57,10.75,-2691967,1.7,,-2691967,21549580,-24241547,高股息、中特估,2.28,106541228,7790603999,1.37208,0
603230,内蒙新华,137.3,1606410,2.45,11.96,-2705027,4.73,,-2705027,5114391,-7819418,版权、地方国企,2.22,94553265,1070129970,4.04005,0
002116,中国海诚,0.4,128520,-0.29,10.34,-2718150,1.08,,-2718150,1366059,-4084209,中字头、基础建设,1.37,42113286,2067442766,0.871756,0
601696,中银证券,0.9,2226860,-0.92,10.83,-2749695,-0.73,,-2749695,128840569,-131590264,证券、期货概念,0.19,448651283,15710634416,1.19217,-7853538
601918,新集能源,1.5,758234,0.0,4.92,-2760018,-0.2,,-2760018,17038295,-19798313,煤炭、煤化工,-0.2,130136297,7250793447,0.843129,0
688135,利扬芯片,2.2,576802,-0.42,21.39,-2783467,-0.93,,-2783467,4356032,-7139499,芯片、算力,-0.51,85756426,2788707207,0.819521,0
001328,登康口腔,2.9,228640,-0.42,29.2,-2809244,1.74,,-2809244,4688918,-7498162,美容护理、地方国企,2.17,65185422,1256009330,1.27229,0
002911,佛燃能源,2.1,69915,0.25,11.95,-2823769,1.1,,-2823769,687422,-3511191,储能、并购重组,0.84,29110270,1446609007,1.09309,0
600237,铜峰电子,0.7,122436,-0.87,6.97,-2828330,1.01,,-2828330,12905953,-15734283,复合集流体、锂电池,1.9,92077174,3152502618,0.765071,0
002165,红宝丽,0.5,1237758,-0.74,4.16,-2843001,2.72,,-2843001,20719423,-23562424,光刻胶、化工,3.48,125606107,2418150829,1.55625,0
600573,惠泉啤酒,0.1,186760,-0.68,10.39,-2849488,1.66,,-2849488,2654767,-5504255,国有企业、酿酒,2.36,58329016,1297500000,0.778817,0
600229,城市传媒,3.5,372231,-0.71,7.49,-2853969,6.09,,-2853969,28900910,-31754879,版权、地方国企,6.85,138090493,1957521072,2.95037,0
300307,慈星股份,4.4,848292,0.6,6.77,-2864841,1.8,,-2864841,22138128,-25002969,机器人概念、C2M,1.2,127073811,3174707840,1.10255,0
688569,铁科轨道,0.0,59836,-0.85,28.45,-2873170,0.74,,-2873170,2060130,-4933300,高铁、一带一路,1.61,37974117,1503798039,0.943552,0
688133,泰坦科技,0.3,18800,-0.21,50.2,-2879191,6.58,,-2879191,39528012,-42407203,化工、科创板,6.81,204413256,4215503963,4.50298,0
603058,永吉股份,1.1,34920,-0.13,8.0,-2888230,2.96,,-2888230,5237754,-8125984,大麻、酿酒,3.09,47489377,1517246679,1.4614,0
002223,鱼跃医疗,1.1,3049504,0.89,33.7,-2912902,3.92,,-2912902,98838525,-101751427,呼吸机、血氧仪,3.0,396183767,19329723575,1.33364,13486061
603983,丸美生物,1.2,73952,-1.24,24.33,-2918806,3.97,,-2918806,1580453,-4499259,电子商务、美容护理,5.28,50070486,1865205665,1.35494,0
000421,南京公用,0.9,191232,-0.2,5.15,-2922641,3.21,,-2922641,5118706,-8041347,并购重组、天然气,3.41,66350165,1490321135,2.18737,0
000899,赣能股份,3.2,857650,0.59,8.41,-2941826,-0.47,,-2941826,7631721,-10573547,绿色电力、火电,-1.06,65622340,2376414999,1.11808,0
002736,国信证券,1.6,543454,-0.41,9.74,-2994404,0.31,,-2994404,39372442,-42366846,证券、并购重组,0.72,169646730,26550100708,0.777016,0
301181,标榜股份,0.6,112936,-0.93,29.93,-2999291,-0.23,,-2999291,3400143,-6399434,汽车热管理、氢能源,0.71,52756767,1166880000,0.988167,0
603933,睿能科技,0.8,205440,0.12,16.1,-3022602,0.44,,-3022602,2830874,-5853476,机器人概念、并购重组,0.31,59297821,1125147985,0.949675,0
301376,致欧科技,0.7,94170,-0.5,22.9,-3035442,4.04,,-3035442,12990538,-16025980,装修家具、地产链,4.57,76937120,763789989,2.04174,0
605088,冠盛股份,1.1,325380,-1.0,19.85,-3046103,-0.35,,-3046103,8223297,-11269400,固态电池、汽车类,0.66,91843982,1598865101,1.08371,0
000768,中航西飞,0.7,392490,-0.59,22.3,-3050991,0.54,,-3050991,44012799,-47063790,军工、并购重组,1.13,214616924,27799087148,0.754509,-7294010
300335,迪森股份,0.8,456768,0.0,5.57,-3054324,1.46,,-3054324,8665908,-11720232,天然气、生物质能,1.46,101781742,1987028001,1.29379,0
601059,信达证券,0.7,3518333,-1.0,16.84,-3063396,-0.82,,-3063396,135935563,-138998959,证券、央企,0.18,444139538,5448240000,0.566101,10947001
301233,盛帮股份,0.5,80522,-0.14,42.58,-3070249,0.33,,-3070249,1149845,-4220094,核污染概念、风电,0.47,42246954,785876256,0.890937,0
002152,广电运通,0.9,398160,-0.25,11.88,-3077976,0.0,,-3077976,47322825,-50400801,训推一体机、数据确权,0.25,243276506,14731990692,1.02105,3130087
600696,岩石股份,1.8,121394,-0.24,21.68,-3079386,3.34,,-3079386,2931059,-6010445,白酒、酿酒,3.58,32260035,3159802906,1.23566,0
605286,同力日升,0.8,200080,-0.41,24.25,-3091002,-1.02,,-3091002,369360,-3460362,储能、并购重组,-0.61,41257070,1164960000,0.97618,0
002236,大华股份,1.4,6694360,-0.85,20.22,-3103110,0.75,,-3103110,357164143,-360267253,人工智能、GPT4,1.61,1128459670,34417792491,0.871752,32633663
000850,华茂股份,0.4,22875,-0.27,3.81,-3106030,1.33,,-3106030,3652324,-6758354,参股券商、外贸,1.6,42914465,1919769334,1.38309,0
601966,玲珑轮胎,0.7,403650,-0.26,19.95,-3113663,2.05,,-3113663,34016659,-37130322,汽车零部件、橡胶,2.31,194091402,13920579709,0.823912,0
000848,承德露露,1.3,59328,0.12,8.37,-3121958,1.7,,-3121958,3211499,-6333457,食品饮料、高股息,1.58,45987054,5139096963,1.05894,0
002471,中超控股,0.2,64753,-0.34,2.96,-3124193,0.68,,-3124193,17654472,-20778665,商业航天、柔性直流,1.02,85763604,3096025682,1.06538,0
002839,张家港行,1.5,286538,-0.24,4.25,-3190469,0.47,,-3190469,10418259,-13608728,银行、高股息,0.71,64266793,6620731529,0.920873,0
601009,南京银行,0.6,385526,-0.13,7.86,-3202220,0.38,,-3202220,25389505,-28591725,银行、高股息,0.51,111504573,42573911016,0.866728,0
301061,匠心家居,0.0,0,0.0,46.89,-3219134,5.42,,-3219134,1269738,-4488872,装修家具、地产链,5.42,45667262,1498560000,2.50149,0
300528,幸福蓝海,1.0,1124805,-1.37,9.49,-3258671,0.11,,-3258671,8655371,-11914042,影视院线、地方国企,1.5,104743408,1421391613,1.04811,0
002448,中原内配,1.3,268986,0.0,7.25,-3258797,2.69,,-3258797,5493923,-8752720,无人驾驶、新型工业化,2.69,108533729,3259027156,1.66484,0
001213,中铁特货,1.8,1323850,0.73,4.18,-3264760,1.46,,-3264760,7484286,-10749046,一带一路、物流,0.72,59945595,3202523796,1.23519,0
002731,萃华珠宝,0.4,14868,-0.19,11.01,-3271301,3.48,,-3271301,1396938,-4668239,黄金、并购重组,3.67,35271490,1981076283,1.37298,0
002062,宏润建设,0.1,144188,0.0,4.48,-3282607,-0.88,,-3282607,3016624,-6299231,机器人概念、基础建设,-0.88,53170608,2345336541,0.688611,0
603811,诚意药业,1.0,171396,-1.03,10.43,-3293844,-2.43,,-3293844,9619232,-12913076,医药、肝炎概念,-1.42,100255125,2607943262,2.84016,0
301066,万事利,43.9,526140,-0.6,13.8,-3297578,2.99,,-3297578,650754,-3948332,文创产品、服装家纺,3.6,41109826,994162764,1.36785,0
300473,德尔股份,3.1,1940003,-1.05,18.84,-3303991,-1.31,,-3303991,26855767,-30159758,固态电池、并购重组,-0.26,196597226,1823936630,1.15687,0
301130,西点药业,0.1,48314,0.35,30.11,-3323356,6.32,,-3323356,3045295,-6368651,医药、猴痘概念,5.95,56312595,1359549218,1.80306,0
600105,永鼎股份,1.1,537922,0.0,5.41,-3333795,0.37,,-3333795,20737593,-24071388,核电、5G,0.37,135073363,5409612379,0.777767,0
001965,招商公路,0.5,39360,0.0,9.56,-3343794,-0.42,,-3343794,3023519,-6367313,金融概念、公路运营,-0.42,48369664,11518034438,0.555244,0
600475,华光环能,1.4,19000,-0.42,9.7,-3375785,1.68,,-3375785,1214029,-4589814,电解槽、并购重组,2.11,34430625,2452652706,1.01783,0
301101,明月镜片,0.7,151800,1.23,36.25,-3381126,6.37,,-3381126,11073467,-14454593,AI眼镜、光学镜头,5.07,106797124,2127088898,1.68958,0
603196,日播时尚,0.0,11333,-1.1,16.86,-3385427,2.99,,-3385427,3750044,-7135471,服装家纺、并购重组,4.14,46741678,1151285424,0.859681,0
688029,南微医学,0.2,51834,-0.53,82.93,-3394952,3.77,,-3394952,24827617,-28222569,医药、医疗器械,4.31,173553792,7947171317,1.07352,0
688551,科威尔  ,0.0,11935,0.11,47.56,-3400008,1.32,,-3400008,1541474,-4941482,电解槽、数字能源,1.21,31807908,1474093311,1.26894,0
600993,马应龙  ,8.8,364227,-0.82,22.55,-3440051,2.55,,-3440051,8677381,-12117432,医药、中药,3.39,92555858,6362138846,1.9394,0
002637,赞宇科技,0.5,371774,0.29,10.72,-3441601,4.69,,-3441601,5806691,-9248292,化工、并购重组,4.38,71881724,2989717136,1.50274,0
688248,南网科技,0.8,52100,-0.38,26.78,-3446603,2.41,,-3446603,3456870,-6903473,储能、电力,2.8,74511654,2179161600,1.2506,0
000420,吉林化纤,2.4,195435,-0.66,3.1,-3453720,1.64,,-3453720,11485129,-14938849,化纤、碳纤维,2.31,66585696,6026469761,1.08041,-3110000
300092,科新机电,1.9,138539,0.0,12.98,-3461852,2.12,,-3461852,2085468,-5547320,化工、石油石化,2.12,38698960,2087071077,0.961766,0
000969,安泰科技,0.9,167796,-0.42,9.59,-3472770,0.74,,-3472770,19825546,-23298316,核电、第三代半导体,1.16,118194217,6346896161,1.08719,0
300174,元力股份,0.0,1496,0.27,15.16,-3481012,1.61,,-3481012,8101328,-11582340,化工、钠电池材料,1.34,52239746,3950116987,1.26615,0
301293,三博脑科,1.3,1521183,-1.32,62.13,-3484330,3.58,,-3484330,50222324,-53706654,脑机接口、民营医院,4.97,257699318,2125599034,2.39979,5664758
300430,诚益通,4.1,1265260,-1.72,15.83,-3505680,0.83,,-3505680,15843695,-19349375,脑机接口、大麻,2.59,77026690,2660513460,1.68576,0
300005,探路者,0.3,313443,-0.8,7.53,-3515555,0.8,,-3515555,17918527,-21434082,服装家纺、零售,1.62,126685213,5038054596,0.525837,0
300276,三丰智能,1.8,259000,0.0,3.75,-3520231,1.35,,-3520231,3966738,-7486969,机器人概念、专用设备,1.35,61680984,3000416858,1.08642,0
300428,立中集团,0.9,342103,-0.37,22.22,-3527874,1.6,,-3527874,15134576,-18662450,汽车零部件、锂电池,1.97,118150051,6665045768,1.33021,0
002324,普利特,5.2,2553054,-1.59,13.85,-3530143,-0.22,,-3530143,41568171,-45098314,机器人概念、固态电池,1.39,186716994,7835598472,1.22223,0
603881,数据港  ,0.2,295616,-0.25,19.77,-3555210,-0.6,,-3555210,9888191,-13443401,阿里系AI、数字经济,-0.35,112155581,4766794386,0.882586,0
688377,迪威尔  ,0.6,20016,-0.04,25.89,-3570822,3.44,,-3570822,1678001,-5248823,新型工业化、石油石化,3.48,32797566,4535048636,1.19852,0
000068,华控赛格,0.7,132495,0.0,3.52,-3571906,-3.56,,-3571906,14274314,-17846220,深圳、锂电池,-3.56,85240619,2100754224,2.26346,0
688219,会通股份,0.8,752718,-0.09,10.93,-3573955,-1.09,,-3573955,4671125,-8245080,锂电池、化工,-1.0,64386264,2162523471,0.702811,0
605255,天普股份,5.3,504336,-0.24,16.59,-3573968,-0.24,,-3573968,5982953,-9556921,汽车热管理、橡胶,0.0,39248234,626233450,1.641,0
688517,金冠电气,0.0,8952,-0.67,15.01,-3595762,-0.07,,-3595762,4231199,-7826961,汽车充电、柔性直流,0.6,43459348,1055486776,1.63039,0
000978,桂林旅游,0.1,83790,-0.89,6.78,-3601298,1.04,,-3601298,1395470,-4996768,旅游、地方国企,1.95,32378013,1602088117,0.864568,0
300539,横河精密,0.1,19482,-0.61,11.61,-3602103,0.69,,-3602103,2716951,-6319054,机器人概念、化工,1.31,59635758,1030088225,1.73369,0
002175,东方智造,1.4,326634,-0.33,3.02,-3602689,-0.66,,-3602689,18615003,-22217692,芯片、元宇宙,-0.33,88972475,3105664852,0.898265,0
002970,锐明技术,1.4,417846,-0.51,29.18,-3606520,-0.65,,-3606520,4044073,-7650593,三季报增长、智能驾驶,-0.14,77236625,1337050136,1.02146,0
600749,西藏旅游,0.9,109707,-0.09,11.55,-3628118,2.03,,-3628118,3105884,-6734002,旅游、低空经济,2.12,45763360,1588797103,1.46108,0
002243,力合科创,2.5,701040,-0.78,7.73,-3641142,0.65,,-3641142,13763499,-17404641,深圳、并购重组,1.44,86266516,4120201819,1.32942,0
600301,华锡有色,14.1,137610,-0.71,14.08,-3667014,0.57,,-3667014,653494,-4320508,金属锑、有色金属,1.29,23508302,2238601148,0.832991,0
688279,峰岹科技,3.0,67701,-0.61,102.91,-3672111,-0.59,,-3672111,4021327,-7693438,芯片、三季报增长,0.02,35807952,4333029565,0.453449,0
002358,森源电气,0.1,77164,-0.74,4.18,-3682692,2.7,,-3682692,5134544,-8817236,电气设备、算力,3.47,59055100,2841804538,1.77792,0
300625,三雄极光,1.9,338142,-0.29,13.56,-3690918,-0.44,,-3690918,1493144,-5184062,高股息、装修家具,-0.15,60360634,1682109325,0.94269,0
600398,海澜之家,2.0,200142,0.0,7.74,-3692322,2.11,,-3692322,8860813,-12553135,服装家纺、高股息,2.11,80622518,11205901126,0.852468,0
000554,泰山石油,2.2,755568,-0.17,5.94,-3694608,-0.17,,-3694608,19324252,-23018860,氢能源、石油石化,0.0,103691172,2150500772,0.723264,0
300619,金银河,1.1,93824,-0.49,59.99,-3698500,1.8,,-3698500,3317929,-7016429,锂电设备、锂电池,2.3,46196547,3176100846,2.02812,0
300017,网宿科技,1.2,6981492,-0.14,7.05,-3731355,-1.4,,-3731355,134757187,-138488542,边缘计算、云计算,-1.26,542806726,13857221608,1.10482,0
002103,广博股份,0.4,672462,-0.7,5.74,-3750529,0.53,,-3750529,2570107,-6320636,谷子经济、字节概念,1.23,69229125,1498210023,0.871775,0
688222,成都先导,1.2,36529,-0.87,14.45,-3765626,5.17,,-3765626,5596684,-9362310,创新药、腾讯概念,6.09,64632479,2814980449,1.69389,0
002453,华软科技,0.9,183925,-0.94,10.66,-3768304,0.47,,-3768304,9356106,-13124410,光刻胶、数字经济,1.43,57934353,4837125510,0.596456,0
301109,军信股份,11.0,388800,0.63,16.15,-3771004,1.57,,-3771004,2117060,-5888064,并购重组、绿色电力,0.94,29136124,1591237904,1.44478,0
688188,柏楚电子,2.1,344415,-0.93,237.5,-3788281,3.15,,-3788281,4986987,-8775268,激光、三季报增长,4.13,167091014,11440299270,1.59514,0
000966,长源电力,1.4,299727,-0.22,4.64,-3788962,0.87,,-3788962,8133804,-11922766,绿色电力、碳中和,1.09,68186685,4148004109,1.25939,0
601878,浙商证券,0.1,186732,-0.3,9.98,-3797336,0.71,,-3797336,53348419,-57145755,证券、控参股基金,1.01,182732434,17478264413,0.860468,8990867
600980,北矿科技,0.3,46080,-1.03,15.66,-3805675,0.9,,-3805675,672939,-4478614,稀土永磁、并购重组,1.95,39093042,1487432162,1.17806,0
688625,呈和科技,0.0,306636,3.89,39.17,-3815597,5.86,,-3815597,4302188,-8117785,科创板、化工,1.9,39974767,1596993652,3.58036,0
301320,豪江智能,1.7,83556,-0.37,19.12,-3829806,0.31,,-3829806,2351900,-6181706,装修家具、智能家居,0.68,47708791,821055551,1.15649,0
300452,山河药辅,4.0,283140,-0.49,14.84,-3837706,3.27,,-3837706,11693891,-15531597,中药、新冠药概念,3.78,94768169,2140279356,1.75149,0
603707,健友股份,3.4,166239,-0.42,12.26,-3843543,3.55,,-3843543,2762184,-6605727,医药出海、肝素,3.99,89438462,6291847025,1.37891,0
600151,航天机电,8.5,676022,0.0,6.8,-3850660,0.89,,-3850660,6421542,-10272202,卫星导航、军工,0.89,58519372,7185810834,0.984313,0
603199,九华旅游,0.2,139806,-0.73,26.38,-3859930,1.15,,-3859930,7958757,-11818687,旅游、地方国企,1.89,63701546,1620848976,1.12807,0
600979,广安爱众,13.8,613204,1.22,3.39,-3861290,3.35,,-3861290,10686455,-14547745,算力、天然气,2.11,116654802,2865155616,2.92206,0
301252,同星科技,66.8,3803084,4.5,46.74,-3873658,3.0,,-3873658,18757105,-22630763,液冷服务器、汽车零部件,-1.43,160353155,934600000,2.88399,0
603318,水发燃气,0.5,167090,-0.52,7.82,-3886172,1.03,,-3886172,4729788,-8615960,天然气、并购重组,1.56,44293026,1850555644,0.843237,-3915000
000531,穗恒运Ａ,16.6,308958,0.0,6.72,-3897685,1.36,,-3897685,2923194,-6820879,绿色电力、锂电池,1.36,44122059,2325403470,1.1673,0
600824,益民集团,0.1,13604,0.0,3.63,-3904974,1.4,,-3904974,3301398,-7206372,零售、平台经济,1.4,29214616,2340580402,1.3865,0
300711,广哈通信,1.9,602364,-0.56,13.84,-3906864,-2.67,,-3906864,5121064,-9027928,5G、低空经济,-2.12,97057739,1148340715,1.2328,0
301266,宇邦新材,1.1,349440,-0.67,46.74,-3911222,3.64,,-3911222,15663835,-19575057,光伏设备、异质结电池,4.33,128999178,1756500000,1.24276,4700000
603833,欧派家居,0.9,295800,0.22,88.19,-3912280,1.59,,-3912280,27211608,-31123888,装修家具、高股息,1.37,253638138,13792771442,1.83706,0
002033,丽江股份,0.3,217621,-0.37,8.24,-3925821,1.48,,-3925821,9328087,-13253908,旅游、高股息,1.85,74857403,2488510064,0.726272,0
002561,徐家汇,1.0,67387,-0.58,8.71,-3941573,1.52,,-3941573,3715381,-7656954,零售、食品饮料,2.11,45205086,2271644909,1.01853,0
600098,广州发展,1.2,187288,-0.35,5.81,-3945821,1.39,,-3945821,14975413,-18921234,电力、并购重组,1.75,74310502,5823242106,1.10044,-3485800
300238,冠昊生物,5.2,470652,-1.0,14.09,-3966250,7.89,,-3966250,21427046,-25393296,再生医学、病毒防治,8.97,175231867,2741355750,2.87584,0
300439,美康生物,0.2,319104,-0.27,11.53,-3974537,3.78,,-3974537,8313735,-12288272,新冠检测、抗原检测,4.06,117653664,2364723354,1.98177,0
002701,奥瑞金,0.3,88200,-0.23,4.56,-3980740,3.17,,-3980740,19754782,-23735522,食品饮料、锂电池,3.4,98118984,7888226003,1.31,0
688198,佰仁医疗,2.6,238770,0.95,131.47,-3986217,0.05,,-3986217,2230235,-6216452,医疗器械、眼科医疗,-0.89,34842252,4743480658,1.17326,0
002023,海特高新,2.4,569400,0.0,9.49,-4015307,0.0,,-4015307,11853891,-15869198,飞行汽车、低空经济,0.0,94071829,5503541154,0.957025,0
301227,森鹰窗业,5.6,226200,2.0,30.47,-4020304,7.18,,-4020304,5444109,-9464413,装修家具、破净股概念,5.07,67203105,1024202270,3.19668,0
301128,强瑞技术,1.6,7716000,-1.33,56.5,-4023991,-7.09,,-4023991,107227389,-111251380,液冷服务器、并购重组,-5.83,457088546,1542186858,0.946043,-5073700
300011,鼎汉技术,1.0,286760,-0.59,6.74,-4026849,0.0,,-4026849,3440932,-7467781,高铁、一带一路,0.6,41994413,2522677056,1.04895,0
301331,恩威医药,2.1,1452480,-1.99,41.94,-4034189,0.74,,-4034189,7159396,-11193585,病毒防治、中药,2.79,106513796,964816863,1.01129,0
003031,中瓷电子,0.0,53400,-0.49,91.99,-4043634,2.85,,-4043634,23666485,-27710119,第三代半导体、汽车电子,3.36,131833650,4804518742,1.29722,0
600674,川投能源,0.8,253099,-0.2,14.65,-4045328,-0.07,,-4045328,8763953,-12809281,电力、水电,0.14,105758300,23484360633,0.701205,0
600300,维维股份,0.8,275400,0.0,3.05,-4053129,1.67,,-4053129,6658024,-10711153,年报增长、食品饮料,1.67,45273983,3086869721,1.12525,0
000027,深圳能源,0.8,179902,0.33,6.25,-4056792,2.12,,-4056792,19557513,-23614305,光伏、垃圾发电,1.79,109440838,9223475332,1.41413,0
000632,三木集团,0.2,17343,0.0,4.28,-4061045,1.18,,-4061045,3915416,-7976461,房地产、福建自贸区,1.18,51135397,1448696641,1.11989,0
603396,金辰股份,7.0,230104,0.73,48.1,-4061631,3.17,,-4061631,4132493,-8194124,光伏设备、TOPCon,2.43,92201566,3176753635,1.16593,0
601956,东贝集团,0.3,144969,-0.17,5.81,-4084452,1.22,,-4084452,2254362,-6338814,家电、绿色电力,1.4,59595317,1876277196,1.67579,0
002843,泰嘉股份,1.1,5661978,-0.83,24.3,-4085230,1.0,,-4085230,44042958,-48128188,电源、分布式光伏,1.84,231593522,2119754188,0.863637,0
003037,三和管桩,0.1,305879,-0.67,12.09,-4092275,1.68,,-4092275,7299542,-11391817,水利、基础建设,2.37,104798843,1097720291,2.11663,0
301339,通行宝,8.2,572088,0.51,21.92,-4096296,1.67,,-4096296,11381119,-15477415,算力、地方国企,1.15,96338963,2634954342,1.8537,0
603326,我乐家居,2.6,740259,-0.3,10.14,-4098011,1.2,,-4098011,9080649,-13178660,装修家具、地产链,1.5,71631813,1154175754,0.776327,0
002360,同德化工,0.0,0,0.0,6.77,-4131546,0.89,,-4131546,0,-4131546,民用爆破、化工,0.89,23591605,2027331712,1.1025,0
000887,中鼎股份,2.8,1027890,-0.16,12.37,-4159205,1.64,,-4159205,43937983,-48097188,机器人概念、底盘,1.81,261360824,9652400165,1.42936,-6538146
300757,罗博特科,1.9,1950300,-0.7,63.64,-4172789,-2.8,,-4172789,68561533,-72734322,光模块、TOPCon,-2.11,290245959,3613761534,1.16933,1141817
002846,英联股份,0.2,45315,-0.1,10.32,-4236590,2.38,,-4236590,5045351,-9281941,复合集流体、固态电池,2.48,50276969,1332158509,1.18855,0
301158,德石股份,2.1,319600,-1.16,17.5,-4244170,1.74,,-4244170,14591855,-18836025,专用设备、石油石化,2.94,78625534,1358561353,0.757562,0
002104,恒宝股份,1.0,514696,-0.62,8.05,-4250157,-0.98,,-4250157,13792333,-18042490,移动支付、数字货币,-0.37,110615944,4471272462,1.25052,0
002971,和远气体,0.4,1384800,-1.88,25.41,-4261217,3.88,,-4261217,12208507,-16469724,电子气体、化工,5.88,118997714,2141971985,1.08297,0
002958,青农商行,5.5,1335320,-0.37,2.68,-4297558,0.37,,-4297558,21471257,-25768815,银行、破净股概念,0.75,71521361,10948544370,1.20612,0
605177,东亚药业,1.8,173667,-0.84,29.4,-4315509,2.4,,-4315509,5131448,-9446957,原料药、合成生物,3.27,67453434,1649925012,1.05499,0
603977,国泰集团,0.5,1536520,-0.81,8.53,-4318945,-1.16,,-4318945,9948054,-14266999,民用爆破、军工,-0.35,103293905,2461878660,0.851761,0
002017,东信和平,0.9,182115,0.09,10.48,-4338984,-1.5,,-4338984,6767514,-11106498,通信、并购重组,-1.6,110329327,3366629296,1.46728,0
601279,英利汽车,0.7,68655,-0.17,6.09,-4340573,1.84,,-4340573,3268140,-7608713,汽车零部件、汽车类,2.01,70792704,1188276325,2.29538,0
688700,东威科技,14.6,2113822,-2.51,48.7,-4342610,1.88,,-4342610,42528348,-46870958,复合集流体、锂电池,4.51,211373295,6575125595,0.914431,-4197936
601577,长沙银行,1.1,136576,-0.39,7.55,-4344055,-3.08,,-4344055,16390493,-20734548,银行、高股息,-2.71,166698393,25769880353,2.36474,0
002650,ST加加,8.1,270072,0.51,4.04,-4354246,2.54,,-4354246,3569964,-7924210,ST板块、食品饮料,2.02,32580478,2693163055,1.64134,0
600999,招商证券,1.2,498107,-0.29,14.1,-4357858,0.57,,-4357858,38345867,-42703725,证券、央企,0.86,182855963,44031329351,0.927582,-3225728
688628,优利德  ,5.2,583009,-1.62,41.94,-4359433,0.05,,-4359433,13311819,-17671252,碳中和、医药,1.7,80057489,1898849299,2.42745,3522006
601789,宁波建工,0.5,10257960,-1.57,4.37,-4381414,-1.8,,-4381414,55058096,-59439510,存储、数字经济,-0.23,272718784,3481456015,1.4519,0
300791,仙乐健康,0.2,510853,-0.26,31.94,-4394440,4.14,,-4394440,14255343,-18649783,食品饮料、维生素,4.41,106990777,2310445661,1.05242,-3180005
600667,太极实业,1.1,404432,-0.63,6.35,-4407658,0.47,,-4407658,30228284,-34635942,存储、HBM,1.11,152269607,9288945032,0.789376,0
300900,广联航空,0.3,351918,-0.87,24.27,-4435806,0.5,,-4435806,920306,-5356112,大飞机、航空发动机,1.38,67934295,3198513545,1.00791,0
002097,山河智能,0.6,122720,-0.51,5.94,-4436928,0.17,,-4436928,4248825,-8685753,机器人概念、锂电池,0.68,53051175,3913136486,0.626396,0
603166,福达股份,5.4,1097954,0.14,7.1,-4437642,1.87,,-4437642,10116342,-14553984,机器人概念、西部大开发,1.72,127193652,2066765509,2.61633,0
603885,吉祥航空,1.1,322458,0.6,13.65,-4460536,2.63,,-4460536,6671363,-11131899,机场航空、三季报增长,2.02,122934198,12257737547,0.994357,0
301268,铭利达,2.5,992445,-1.11,30.52,-4464347,-0.55,,-4464347,13992867,-18457214,汽车零部件、光伏,0.56,121495898,5437647788,0.983353,0
301498,乖宝宠物,0.2,116200,-0.43,44.42,-4472364,6.57,,-4472364,19642935,-24115299,宠物经济、三季报增长,7.04,188904922,1673302277,2.10117,0
603693,江苏新能,0.7,107868,-0.17,12.2,-4478124,0.49,,-4478124,711348,-5189472,光伏EPC、电力,0.66,35330194,2377620193,0.960969,0
300070,碧水源,0.1,344084,0.0,5.11,-4518974,0.39,,-4518974,17712854,-22231828,环保、破净股概念,0.39,109510553,9832810494,0.759627,0
300863,卡倍亿,0.4,330712,-0.58,49.39,-4538012,-0.52,,-4538012,5319227,-9857239,汽车类、三季报增长,0.06,73968680,1639348614,1.08942,0
688789,宏华数科,0.0,0,0.0,100.76,-4574387,1.0,,-4574387,13934253,-18508640,新型工业化、科创板,1.0,83318831,5385855330,0.980068,-3175601
301004,嘉益股份,13.2,3494520,0.11,41.35,-4585784,-8.01,,-4585784,10952060,-15537844,外贸、电子商务,-8.11,112055268,1081157136,2.71375,0
688156,路德环境,0.5,15960,0.08,27.8,-4592925,4.59,,-4592925,1582689,-6175614,并购重组、环保,4.51,44740211,2173804361,2.78534,0
600707,彩虹股份,21.2,4369276,4.93,5.75,-4613158,1.23,,-4613158,29963375,-34576533,面板、玻璃,-3.52,338644603,8342611633,4.0745,0
002198,嘉应制药,0.0,0,0.0,6.45,-4626679,2.38,,-4626679,2504213,-7130892,医药、大麻,2.38,34675502,2405905002,1.36732,0
600558,大西洋  ,25.5,105280,1.08,3.8,-4652471,2.15,,-4652471,5387590,-10040061,年报增长、超超临界概念,1.06,45650222,2265421711,1.2714,0
600959,江苏有线,0.8,485060,0.0,3.1,-4653754,0.98,,-4653754,11899132,-16552886,文化传媒、广电网,0.98,63579143,8160178370,0.977898,0
688003,天准科技,1.2,181440,-0.43,33.04,-4659879,1.54,,-4659879,6676493,-11336372,芯片、光伏,1.98,41276823,2469349986,1.33614,-9809364
000937,冀中能源,0.9,1510086,-0.3,6.5,-4660005,-0.91,,-4660005,59667486,-64327491,化工、并购重组,-0.61,202607001,6661579499,1.30238,-3395600
002639,雪人股份,2.8,197784,0.82,7.48,-4662178,2.19,,-4662178,9024722,-13686900,数据中心、算力,1.36,75889768,4569772585,1.5889,0
603767,中马传动,5.2,2619500,-1.59,15.76,-4662350,0.06,,-4662350,29205255,-33867605,机器人概念、减速器,1.68,234879739,1807518511,1.29052,0
601975,招商南油,0.4,630480,-0.67,3.0,-4665275,0.67,,-4665275,53959700,-58624975,航运、石油石化,1.35,172009610,13394396779,0.95253,-2990000
301446,福事特,6.6,1353000,-2.65,32.9,-4666025,-2.95,,-4666025,1716095,-6382120,风电、农业,-0.3,57280566,657800000,1.32241,0
002128,电投能源,0.4,287896,-0.51,13.68,-4666819,0.22,,-4666819,14390569,-19057388,电力、有色金属,0.74,121268950,12026032618,0.943856,0
300192,科德教育,1.2,4519476,2.34,9.13,-4675328,-2.87,,-4675328,20033693,-24709021,教育、并购重组,-5.09,207404668,1842341155,0.984887,0
600642,申能股份,2.2,357435,0.16,6.14,-4681341,0.66,,-4681341,12454147,-17135488,电力、火电,0.49,85986513,10849955589,0.92089,0
300465,高伟达,0.5,593032,0.0,10.21,-4698217,0.89,,-4698217,18493972,-23192189,金融科技、算力,0.89,165327137,3132753470,0.686276,0
601900,南方传媒,0.3,712422,0.14,14.45,-4734514,1.76,,-4734514,27566425,-32300939,文化传媒、地方国企,1.62,202526570,4973560294,0.858692,0
000030,富奥股份,1.1,205418,-0.55,5.61,-4739483,2.94,,-4739483,4088327,-8827810,并购重组、锂电池,3.51,92023950,2710735444,2.04298,0
301133,金钟股份,1.4,1258146,-0.36,30.19,-4740193,-1.02,,-4740193,46501559,-51241752,汽车零部件、内外饰,-0.66,342244948,1003880258,1.75169,0
688187,时代电气,17.8,3711736,-0.94,38.17,-4745106,-0.24,,-4745106,39795246,-44540352,碳化硅、柔性直流,0.71,169931023,9947943754,1.57964,-3703590
300263,隆华科技,1.2,318264,0.42,7.22,-4772892,1.83,,-4772892,11787759,-16560651,OLED、有色金属,1.4,66417576,4964601141,1.25059,0
600249,两面针  ,21.5,590364,1.73,5.36,-4782442,3.08,,-4782442,5797117,-10579559,中药、流感,1.32,90439814,1793849574,2.82964,0
300971,博亚精工,0.4,102270,-0.08,24.33,-4786002,-0.16,,-4786002,4295804,-9081806,商业航天、一带一路,-0.08,67969572,1328641779,0.73627,0
002402,和而泰,0.6,760050,0.9,13.67,-4811241,2.17,,-4811241,24985578,-29796819,芯片、数字经济,1.26,226162700,10436039561,1.00619,0
688072,拓荆科技,1.1,1802245,0.8,246.5,-4817245,0.2,,-4817245,111346358,-116163603,半导体设备、三季报增长,-0.59,407461322,21604571314,0.917436,10996926
300523,辰安科技,0.3,669194,-0.6,21.22,-4825488,-1.35,,-4825488,6349802,-11175290,人工智能、算力,-0.75,68988765,2443309959,1.03343,0
601825,沪农商行,1.3,165966,-0.67,6.0,-4875584,-0.17,,-4875584,11825621,-16701205,银行、高股息,0.5,60991845,27201124159,0.781264,0
603618,杭电股份,0.8,327488,-0.83,6.02,-4898654,-0.83,,-4898654,5929725,-10828379,电气设备、锂电池,0.0,46851520,2002731634,1.06295,0
601186,中国铁建,0.3,869232,-0.5,8.07,-4904597,0.88,,-4904597,109008852,-113913449,中字头、基础建设,1.38,325339321,36799955147,0.864576,-15203885
603043,广州酒家,0.4,12540,-0.48,21.96,-4913257,4.57,,-4913257,7080315,-11993572,食品饮料、地方国企,5.07,90301316,4093786196,2.48797,0
300562,乐心医疗,9.1,2613986,4.98,11.69,-4934238,7.84,,-4934238,17000924,-21935162,养老概念、医药,2.72,236671899,1655825601,4.86857,0
600396,华电辽能,43.3,2365965,0.78,2.57,-4934822,0.0,,-4934822,4998685,-9933507,电力、智能电网,-0.77,30982460,1668929095,1.70823,0
688112,鼎阳科技,0.2,323082,-2.37,38.53,-4965642,-1.98,,-4965642,4441716,-9407358,芯片、专用设备,0.39,81548036,1722007218,1.70321,0
603515,欧普照明,9.6,280665,-0.05,21.45,-4993397,3.12,,-4993397,4771245,-9764642,高股息、LED,3.17,80801036,2904833948,2.03668,0
601811,新华文轩,4.9,379696,0.0,12.78,-5010637,2.32,,-5010637,2076494,-7087131,高股息、地方国企,2.32,34698497,10104693764,1.20521,0
002746,仙坛股份,0.3,335335,-0.56,7.28,-5033435,1.25,,-5033435,23392488,-28425923,预制菜、鸡肉,1.82,104498074,3456906395,1.3225,0
300221,银禧科技,0.7,138693,0.36,5.56,-5037224,0.18,,-5037224,2532779,-7570003,可降解概念、OLED,-0.18,50086236,2528458971,0.784669,0
601808,中海油服,0.8,177612,0.0,16.09,-5040567,3.27,,-5040567,9998698,-15039265,石油石化、中特估,3.27,130996359,47663534800,1.62581,0
603165,荣晟环保,0.1,17576,-0.22,13.82,-5083667,1.99,,-5083667,3714074,-8797741,宇树机器人、造纸,2.22,38843378,2406666728,1.20776,0
300819,聚杰微纤,0.5,406630,-0.82,15.94,-5088935,0.69,,-5088935,8309438,-13398373,服装家纺、光伏,1.53,93970998,717707264,0.944979,0
605050,福然德  ,0.2,226440,-0.18,10.9,-5090398,-1.98,,-5090398,915774,-6006172,物流、高股息,-1.8,43071882,1450563693,1.4128,0
301162,国能日新,0.9,111682,0.58,62.27,-5100931,6.55,,-5100931,22560924,-27661855,虚拟电厂、国产软件,5.94,134750644,3040446005,1.8899,0
603569,长久物流,1.7,1012460,0.07,14.24,-5106125,0.35,,-5106125,19171393,-24277518,物流、并购重组,0.28,137937932,2734186181,0.634238,0
301211,亨迪药业,1.7,125021,-0.24,22.03,-5118301,3.72,,-5118301,5661187,-10779488,医药、仿制药,3.96,122281290,1522604666,1.25908,0
688503,聚和材料,28.5,348664,0.15,62.83,-5118484,4.02,,-5118484,10092977,-15211461,光伏、科创板,3.87,64837627,2311593976,1.19855,3393569
688505,复旦张江,0.5,69097,-0.1,10.44,-5139579,1.36,,-5139579,2877344,-8016923,医药、科创板,1.46,48344254,4345835514,1.07787,0
600783,鲁信创投,1.3,229248,0.51,11.88,-5147258,0.0,,-5147258,5827290,-10974548,参股券商、地方国企,-0.5,36651869,2692955953,1.34215,0
300225,金力泰,1.9,886604,0.57,10.44,-5162112,-0.76,,-5162112,15772397,-20934509,光刻机、芯片,-1.32,88124029,4221008063,0.578887,0
600796,钱江生化,2.6,174041,-0.56,5.38,-5199269,1.13,,-5199269,6390210,-11589479,农药、并购重组,1.7,37597228,1084837297,1.57639,-3182122
002095,生意宝,0.5,396116,-0.05,21.43,-5207481,1.66,,-5207481,22448235,-27655716,数据要素、跨境电商,1.71,171831615,2746280758,1.10642,0
300644,南京聚隆,20.3,108458,-0.78,18.03,-5229092,0.61,,-5229092,1457975,-6687067,化工、阻燃剂,1.41,30556041,1102900069,0.915979,0
688190,云路股份,0.0,0,0.0,68.21,-5229550,4.36,,-5229550,3733509,-8963059,科创板、央企,4.36,38312177,2059287964,1.38027,0
002094,青岛金王,0.3,121072,-0.54,3.75,-5250767,1.35,,-5250767,3071679,-8322446,资产管理、跨境电商,1.9,56221929,2033835359,0.932662,0
301261,恒工精密,1.0,297504,-0.72,42.93,-5259657,3.15,,-5259657,10012919,-15272576,减速器、三季报增长,3.9,94608578,852432740,1.18206,0
002847,盐津铺子,1.0,212184,0.33,79.38,-5267317,5.1,,-5267317,15088100,-20355417,食品饮料、湖南,4.75,123171541,5088426814,1.72524,0
600611,大众交通,1.4,94743,-0.34,3.03,-5276621,1.67,,-5276621,4346892,-9623513,无人驾驶、智能交通,2.02,49921111,3303260231,1.62331,0
002458,益生股份,1.0,195358,0.0,10.31,-5311087,2.38,,-5311087,14311629,-19622716,鸡肉、农业,2.38,109697764,5915733990,1.18205,0
002375,亚厦股份,0.2,271542,-0.4,5.06,-5324328,0.59,,-5324328,10574889,-15899217,韧性城市、华为概念,1.0,92195782,3201633143,0.728539,0
300084,海默科技,0.7,366876,-0.97,7.12,-5355498,-0.84,,-5355498,6168668,-11524166,石油石化、天然气,0.14,53146849,2205542608,0.943445,0
600378,昊华科技,0.3,15130,-1.18,31.72,-5356550,3.59,,-5356550,2794698,-8151248,芯片、军工,4.82,46327095,8483095154,1.18696,0
002478,常宝股份,0.4,735795,-0.17,5.95,-5415370,0.51,,-5415370,10771891,-16187261,光热发电、超超临界概念,0.68,105430724,3309870357,1.30259,0
603050,科林电气,1.1,243300,-0.25,16.47,-5450587,1.29,,-5450587,4186410,-9636997,电气设备、逆变器,1.54,68627486,2850573648,0.671338,0
002574,明牌珠宝,0.1,22089,0.51,6.06,-5477611,2.02,,-5477611,691433,-6169044,黄金、破净股概念,1.51,28154263,1500400096,0.962444,0
002879,长缆科技,4.0,442029,-0.72,14.51,-5486764,-5.16,,-5486764,6443036,-11929800,数据中心、算力,-4.48,72222368,1705542079,4.07906,0
000539,粤电力Ａ,2.4,665445,-0.37,5.47,-5492816,0.0,,-5492816,16750188,-22243004,绿色电力、火电,0.37,136701360,4962964300,1.11254,0
300654,世纪天鸿,0.3,1809738,-1.07,10.93,-5518581,-2.84,,-5518581,17031574,-22550155,AI智能体、职业教育,-1.8,204037534,1920658170,0.682013,0
002270,华明装备,0.8,445560,0.64,12.5,-5535081,-0.48,,-5535081,14295864,-19830945,机器人概念、智能电网,-1.11,136351005,6331937731,0.776056,0
600751,海航科技,0.3,941382,-0.99,3.04,-5542825,1.0,,-5542825,59045886,-64588711,海南、算力,2.01,220817402,3977489093,0.708771,-3040000
601877,正泰电器,0.3,314580,-0.4,23.04,-5558822,2.13,,-5558822,40376051,-45934873,光伏组件、绿色电力,2.54,254109658,24975016239,1.18998,0
300917,特发服务,0.3,659988,-0.53,26.74,-5598455,1.56,,-5598455,22472616,-28071071,物业服务、算力,2.1,156365374,1503009621,0.637355,0
600035,楚天高速,0.8,387000,0.26,3.92,-5612979,1.55,,-5612979,11963898,-17576877,公路运营、高股息,1.29,76736282,2897515756,1.38147,0
301051,信濠光电,0.3,97668,-0.02,55.8,-5623887,2.82,,-5623887,17782043,-23405930,消费电子、玻璃,2.84,77852433,3463002113,1.08979,0
002065,东华软件,1.9,1515888,-0.31,6.25,-5631019,-2.34,,-5631019,76825760,-82456779,腾讯系AI 、国产软件,-2.04,358512546,13529355884,1.43401,3149999
002635,安洁科技,0.8,381432,-0.22,13.93,-5657798,0.58,,-5657798,11435295,-17093093,消费电子、并购重组,0.8,123056472,4398985578,1.39145,0
688390,固德威  ,2.0,5604720,-0.83,122.45,-5669648,1.2,,-5669648,124968599,-130638247,光伏、逆变器,2.04,497136137,13424554155,1.1776,7794650
002832,比音勒芬,0.2,16435,0.21,33.51,-5701339,2.16,,-5701339,13675498,-19376837,体育产业、高股息,1.95,73899423,11209757494,0.891366,-70139
600528,中铁工业,0.0,103320,-0.24,8.27,-5717315,0.61,,-5717315,12395224,-18112539,基础建设、破净股概念,0.85,84994158,8412556358,0.941836,0
002296,辉煌科技,42.8,2109030,2.39,7.86,-5726364,4.52,,-5726364,5875604,-11601968,年报增长、高铁,2.08,145239220,2616472632,3.436,0
603855,华荣股份,2.6,411944,-0.39,18.25,-5738098,2.82,,-5738098,2288158,-8026256,光伏、高股息,3.22,57064817,3718541710,0.736363,0
688658,悦康药业,0.9,84589,-1.04,18.63,-5757583,7.19,,-5757583,19980045,-25737628,科创板、医药,8.31,138849794,3813741763,1.93917,0
301310,鑫宏业,1.4,1068063,-1.63,50.45,-5805182,1.75,,-5805182,11909916,-17715098,汽车零部件、光伏,3.44,103269921,1115901732,1.21377,0
688376,美埃科技,12.8,1932634,1.01,37.6,-5815676,5.62,,-5815676,77076530,-82892206,中芯国际概念、病毒防治,4.56,197623935,1187663266,4.18222,-21096489
002393,力生制药,1.3,70615,0.0,25.3,-5817248,3.9,,-5817248,11233902,-17051150,破净股概念、霍乱概念,3.9,72792108,2236666429,1.90314,0
300645,正元智慧,2.0,496440,-0.28,24.29,-5824501,-3.88,,-5824501,6480086,-12304587,数字货币、蚂蚁金服概念,-3.61,90347070,2516222617,1.51649,0
003021,兆威机电,1.2,258096,-0.07,66.77,-5830151,-1.77,,-5830151,32896715,-38726866,宇树机器人、汽车零部件,-1.69,170019078,3351809806,2.4532,0
000591,太阳能,1.1,550760,-0.35,5.74,-5841345,1.77,,-5841345,29141329,-34982674,光伏EPC、绿色电力,2.14,156084295,15266955481,1.16726,0
002628,成都路桥,0.7,2854213,-1.78,3.28,-5874055,-2.67,,-5874055,8693989,-14568044,西部大开发、基础建设,-0.91,81931703,1958843320,1.08068,0
300583,赛托生物,0.3,181328,-0.92,17.21,-5876354,5.32,,-5876354,11743548,-17619902,合成生物、医药,6.3,110140001,1618530180,0.747088,0
601611,中国核建,0.2,134652,-0.43,6.96,-5882528,0.87,,-5882528,13012879,-18895407,军工、中特估,1.31,57483356,5423400157,1.02251,0
002163,海南发展,23.8,1984280,1.86,8.99,-5948359,4.29,,-5948359,13610762,-19559121,海南、免税,2.39,116139008,5259336704,2.61553,0
301333,诺思格,0.2,186570,0.26,67.77,-5975112,9.25,,-5975112,22950179,-28925291,创新药、医药,8.97,119727416,2271427268,2.26719,0
002327,富安娜,2.2,454610,1.32,8.84,-6061270,6.0,,-6061270,6382579,-12443849,高股息、服装家纺,4.62,106152491,3273271357,2.33171,0
601858,中国科传,0.3,2111688,-0.64,25.14,-6075057,-0.16,,-6075057,35446076,-41521133,文化传媒、中字头,0.48,327570578,5085989720,0.749624,0
300377,赢时胜,1.3,686424,0.57,8.69,-6097960,-1.59,,-6097960,23596833,-29694793,互联网金融、金融科技,-2.14,158974876,5593837164,0.518534,0
600369,西南证券,0.6,281392,-0.73,4.11,-6106400,-0.24,,-6106400,42313507,-48419907,证券、控参股基金,0.49,173112298,15554656935,0.948125,-4069996
000788,北大医药,6.5,235476,0.0,6.56,-6162633,3.63,,-6162633,5867923,-12030556,流感、新冠药概念,3.63,72929066,2513049456,1.92662,-4704002
603897,长城科技,20.0,1267200,3.41,18.3,-6281366,7.52,,-6281366,10347346,-16628712,汽车零部件、扁线,3.98,150371265,1568569055,4.75313,0
600662,外服控股,1.7,115584,-0.96,5.16,-6286075,-0.96,,-6286075,974161,-7260236,上海国资改革、国有企业,0.0,44376880,3262242059,1.94132,0
601588,北辰实业,0.5,55677,-0.5,2.02,-6299026,0.0,,-6299026,7248677,-13547703,房地产、破净股概念,0.5,36602783,3027980888,0.755578,0
688025,杰普特  ,0.0,0,0.0,73.11,-6311475,6.9,,-6311475,10363216,-16674691,TOPCon、光伏,6.9,83464959,4350111024,1.50255,0
600420,国药现代,1.2,259084,-0.2,10.28,-6320239,5.33,,-6320239,33613043,-39933282,医药、医美,5.54,206055927,6310268264,2.25799,-4120000
000566,海南海药,2.4,71001,0.0,4.55,-6340237,3.17,,-6340237,7151339,-13491576,创新药、病毒防治,3.17,63404638,3471236169,1.57424,0
300444,双杰电气,0.5,1190392,-0.54,7.49,-6417824,1.63,,-6417824,72193345,-78611169,华为超充、汽车充电,2.18,432944608,3776604657,1.12742,0
002858,力盛体育,1.1,131370,-1.18,15.16,-6423581,-0.79,,-6423581,3057812,-9481393,体育产业、web3.0,0.4,48963548,1888230632,0.60818,0
300970,华绿生物,10.8,1193500,-6.12,17.48,-6440122,-6.22,,-6440122,9555373,-15995495,农业、破净股概念,-0.11,114354444,1063037783,4.13824,0
300633,开立医疗,0.1,365229,-0.35,46.97,-6474131,3.8,,-6474131,17583610,-24057741,医疗器械、医药,4.17,216736676,11252649889,1.10253,0
300303,聚飞光电,0.5,1401506,-0.36,5.52,-6491272,-0.54,,-6491272,32944395,-39435667,Mini/Micro、并购重组,-0.18,200749173,5979957373,1.20211,0
603195,公牛集团,5.1,775546,-0.06,105.51,-6523052,6.0,,-6523052,31605264,-38128316,数字经济、电子商务,6.06,232832442,12896317266,3.42213,2864883
600822,上海物贸,1.2,234210,0.0,10.68,-6524097,1.23,,-6524097,5664993,-12189090,上海、新能源汽车,1.23,57136108,1678958362,1.19354,0
603896,寿仙谷  ,3.4,944280,-1.42,36.75,-6560859,0.63,,-6560859,10357706,-16918565,中药、大麻,2.08,85689240,4783927893,1.63465,-4128480
002333,罗普斯金,2.5,639144,0.51,5.97,-6583433,1.02,,-6583433,3241468,-9824901,分布式光伏、基础建设,0.51,67881306,385232557,1.3873,0
002777,久远银海,0.4,378884,-0.83,23.93,-6588965,-1.03,,-6588965,23972354,-30561319,AI医疗、信创,-0.21,209603868,5816844755,1.00857,-3048973
002380,科远智慧,0.6,640444,0.28,17.77,-6594076,-0.95,,-6594076,5296848,-11890924,机器人概念、虚拟电厂,-1.22,106764852,2011022347,0.533213,0
002177,御银股份,0.1,36892,-0.25,4.02,-6621924,0.0,,-6621924,16060091,-22682015,金融科技、数字货币,0.25,83986822,2565342223,0.973097,-3871053
600708,光明地产,1.4,1509669,-0.91,2.22,-6691132,1.37,,-6691132,16327380,-23018512,房地产、破净股概念,2.3,64300615,2391517859,0.852139,0
601179,中国西电,2.0,611923,-0.44,4.63,-6806742,0.87,,-6806742,10099295,-16906037,特高压、变压器,1.31,72896350,7861549155,1.168,0
300627,华测导航,0.3,276552,-0.27,30.2,-6814576,0.2,,-6814576,10592279,-17406855,卫星导航、三季报增长,0.47,118509828,9040418755,0.768277,0
002231,奥维通信,1.7,2092252,0.0,7.06,-6822525,-1.67,,-6822525,11308163,-18130688,军工、通信,-1.67,157635878,1961849491,1.42326,0
002303,美盈森,1.5,26676,0.29,3.43,-6867426,0.59,,-6867426,3659371,-10526797,食品饮料、高股息,0.29,42459388,2610055841,1.59559,0
603158,腾龙股份,1.0,21979039,-1.14,9.46,-6913818,-1.87,,-6913818,193482464,-200396282,汽车零部件、新能源汽车,-0.73,970973499,2742993532,0.996089,28358982
300731,科创新源,17.4,8394792,-0.88,22.0,-6918613,-2.96,,-6918613,45916439,-52835052,创投、汽车零部件,-2.09,294419430,1819589405,1.5257,0
300133,华策影视,1.5,522000,-0.76,5.3,-6935451,0.76,,-6935451,24435885,-31371336,文生视频、影视院线,1.53,124328134,6433547340,1.21464,0
002055,得润电子,4.3,1182708,-0.96,9.25,-7007847,-1.7,,-7007847,10059491,-17067338,高速连接、汽车类,-0.75,128385883,4521265307,1.44976,0
601098,中南传媒,0.5,209150,0.34,11.71,-7022433,0.0,,-7022433,3977379,-10999812,高股息、中字头,-0.34,92170746,6821030483,0.70537,0
688590,新致软件,7.7,268670,0.18,16.67,-7030190,0.18,,-7030190,14690954,-21721144,AI智能体、算力,0.0,108905213,2691605112,1.52442,0
000597,东北制药,4.5,1163065,1.6,5.31,-7096985,5.99,,-7096985,30178807,-37275792,流感、维生素,4.32,195864587,3196631464,3.61393,0
600717,天津港  ,4.1,719950,0.24,4.25,-7116584,0.24,,-7116584,8636375,-15752959,港口、破净股概念,0.0,64562670,5325000342,1.38747,0
603269,海鸥股份,2.3,460280,-0.2,14.48,-7147619,-2.36,,-7147619,7962365,-15109984,液冷服务器、算力,-2.16,72013239,1698031762,0.928804,0
601500,通用股份,1.8,680400,0.0,3.85,-7216951,1.85,,-7216951,23890277,-31107228,轮胎、汽车零部件,1.85,113125543,2371671061,1.03009,0
601515,东峰集团,0.1,24060,0.0,4.01,-7291680,0.0,,-7291680,4111744,-11403424,固态电池、电子烟,0.0,32963885,3408802210,0.768604,0
300997,欢乐家,0.4,42670,0.08,12.99,-7321227,3.59,,-7321227,3109573,-10430800,食品饮料、电子商务,3.51,49802672,1170900000,2.51326,0
002611,东方精工,1.7,723216,-0.87,4.59,-7324551,-0.22,,-7324551,11404815,-18729366,机器人概念、锂电池,0.66,100942286,3881274825,1.03861,0
002397,梦洁股份,0.2,600412,-1.08,3.78,-7350069,1.89,,-7350069,11340330,-18690399,小红书概念、C2M,3.0,130748898,1490460583,0.808379,0
300269,联建光电,0.2,111926,-0.26,3.73,-7375776,-2.61,,-7375776,10278486,-17654262,VR/AR/MR、平台经济,-2.36,94627352,1596493853,1.57679,0
001269,欧晶科技,0.4,242440,-1.16,43.71,-7377246,3.36,,-7377246,10859574,-18236820,石英坩埚、高股息,4.57,116602612,3668545915,1.25484,0
002700,ST浩源,0.1,76360,-0.65,4.68,-7387747,1.08,,-7387747,1268229,-8655976,ST板块,1.74,31099505,969254130,2.66936,0
300490,华自科技,0.2,421482,-0.33,12.08,-7441766,0.83,,-7441766,19377834,-26819600,固态电池、工商业储能,1.17,157924346,3460540799,1.1736,0
603220,中贝通信,0.9,72967681,-2.0,44.1,-7487308,-1.12,,-7487308,974944085,-982431393,算力租赁、通信,0.89,2868525178,10776466142,1.03169,23596846
300700,岱勒新材,7.6,494214,0.53,17.3,-7511281,0.99,,-7511281,15955793,-23467074,芯片、湖南,0.46,89985873,2695752470,1.30741,0
002593,日上集团,2.2,147132,-0.25,4.05,-7580144,0.5,,-7580144,4565918,-12146062,汽车零部件、一体化压铸,0.75,62353367,1684768055,1.36755,0
300065,海兰信,1.6,1642680,-0.83,10.76,-7599300,-1.19,,-7599300,55847364,-63446664,数据中心、一带一路,-0.37,256032215,6843431492,1.06101,-3199022
601606,长城军工,0.7,501410,-0.56,12.61,-7627898,1.53,,-7627898,21046691,-28674589,并购重组、军工,2.11,137333524,3749292765,1.1629,0
600645,中源协和,0.6,166712,-0.38,18.79,-7643605,2.18,,-7643605,20356577,-28000182,再生医学、干细胞,2.57,111045612,6879025005,1.08293,-3770074
603886,元祖股份,16.3,949245,1.97,18.95,-7675547,6.46,,-7675547,3673683,-11349230,高股息、食品饮料,4.41,112083300,2292951516,5.79886,0
300793,佳禾智能,1.8,692461,-0.51,18.13,-7729170,1.85,,-7729170,22166159,-29895329,AI眼镜、储能,2.37,148876405,4075698756,1.22136,0
000089,深圳机场,7.6,1107120,-0.15,6.68,-7734211,1.21,,-7734211,3967469,-11701680,地方国企、国有企业,1.37,56985103,5888874437,1.2475,0
600742,一汽富维,0.8,2146440,1.31,9.3,-7799542,1.31,,-7799542,44142630,-51942172,华为汽车、智能座舱,0.0,261191383,4349843787,1.54998,5002323
300001,特锐德,0.2,782250,-0.96,18.17,-7806356,2.83,,-7806356,47619454,-55425810,汽车充电、锂电池,3.83,245982958,11640990354,1.5707,0
603920,世运电路,0.1,111957,-0.3,16.87,-7864648,0.66,,-7864648,10818318,-18682966,机器人概念、光储充一体化,0.96,94325922,3642965345,0.910559,0
000987,越秀资本,0.6,305776,-0.3,6.64,-7874040,0.45,,-7874040,17246337,-25120377,资产管理、参股券商,0.76,100156734,9301155661,0.966631,0
688126,沪硅产业,11.4,497096,-0.6,18.41,-7876314,0.55,,-7876314,16300080,-24176394,芯片、科创板,1.15,133275938,26789465065,0.751933,0
601608,中信重工,3.0,959950,0.55,3.67,-7876559,1.1,,-7876559,8219148,-16095707,机器人概念、军工,0.55,74360064,6325272864,1.36906,0
688670,金迪克  ,0.3,5949,0.2,31.4,-7895614,6.3,,-7895614,5463996,-13359610,疫苗概念、病毒防治,6.08,68318751,1379237031,1.77763,0
600829,人民同泰,1.1,73326,0.0,7.5,-7940929,3.31,,-7940929,5021037,-12961966,医药零售、医药,3.31,85789526,1093329360,1.71488,0
002138,顺络电子,0.8,1214766,-1.06,29.02,-7952802,2.58,,-7952802,32113763,-40066565,元器件、三季报增长,3.68,302081734,18548566351,0.943027,0
002985,北摩高科,3.8,655483,-0.86,34.96,-7964942,-0.11,,-7964942,9985701,-17950643,商业航天、无人机,0.75,94155236,6024517894,1.77296,0
300352,北信源,2.0,1041845,0.0,5.07,-8007477,-1.55,,-8007477,31426332,-39433809,网络安全、数字经济,-1.55,178535753,5803716495,0.891939,0
688332,中科蓝讯,0.2,12832,-0.22,65.55,-8044404,1.94,,-8044404,3254969,-11299373,芯片、三季报增长,2.17,63603613,2224766567,1.51347,0
002763,汇洁股份,2.4,315700,-0.12,8.41,-8067568,2.44,,-8067568,5226762,-13294330,小红书概念、高股息,2.56,53497986,1116242984,1.57726,0
002500,山西证券,0.7,732240,-0.35,5.7,-8073848,0.53,,-8073848,31999748,-40073596,证券、地方国企,0.88,142810092,10928252063,0.826604,0
002452,长高电新,9.6,1753335,1.44,7.03,-8250268,1.15,,-8250268,17548494,-25798762,电气设备、湖南,-0.28,129048143,3429113317,2.31236,-3040320
601006,大秦铁路,6.6,1683732,0.14,7.2,-8306541,-0.83,,-8306541,144838025,-153144566,高股息、中特估,-0.96,398250912,43561079102,1.18053,-5038329
002050,三花智控,0.4,855561,-0.15,27.28,-8337927,-0.98,,-8337927,72299538,-80637465,机器人概念、汽车热管理,-0.84,385090655,35986365797,0.733527,274988
002664,信质集团,3.2,601920,0.0,17.18,-8369678,0.47,,-8369678,30670986,-39040664,机器人概念、电机电控,0.47,154922803,3613501907,1.07387,0
600186,莲花控股,0.8,17329130,-2.28,6.63,-8421515,-5.42,,-8421515,280592796,-289014311,DeepSeek、算力租赁,-3.21,1041255417,9571991708,0.933404,12378583
000829,天音控股,0.5,324139,-0.72,8.37,-8445599,0.24,,-8445599,19082776,-27528375,华为手机、网红经济,0.97,104537840,5585777323,0.811554,0
300404,博济医药,1.0,121365,-0.59,8.9,-8481702,5.7,,-8481702,18449382,-26931084,减肥药、病毒防治,6.33,170983273,2124599167,1.95362,0
000705,浙江震元,0.9,155771,-0.36,8.68,-8591611,3.83,,-8591611,10653402,-19245013,合成生物、浙江,4.2,122144156,2173478637,1.21876,0
300185,通裕重工,0.6,621205,-0.4,2.5,-8653550,0.81,,-8653550,17847094,-26500644,风电、基础建设,1.21,85867736,7132086071,1.08908,0
002984,森麒麟,1.4,349638,0.23,31.19,-8686998,1.93,,-8686998,18884425,-27571423,汽车零部件、一带一路,1.7,114844160,10464039468,0.860583,11524072
000786,北新建材,2.8,2109860,0.95,25.23,-8701610,0.2,,-8701610,41195987,-49897597,建材、分布式光伏,-0.75,527333800,16927294362,1.71144,0
002037,保利联合,0.3,124683,-0.44,9.22,-8731765,2.33,,-8731765,13156497,-21888262,民用爆破、并购重组,2.79,111999668,2483933595,1.37188,0
600368,五洲交通,0.5,445104,0.25,3.99,-8760517,1.01,,-8760517,8074118,-16834635,公路运营、基础建设,0.76,105808377,2454237143,0.988562,-6662906
688580,伟思医疗,0.7,1928150,-0.1,63.25,-8797916,7.53,,-8797916,11098955,-19896871,机器人概念、医美,7.64,103284140,2526085378,2.27859,0
601939,建设银行,0.4,1792538,-0.15,6.45,-8825195,-0.77,,-8825195,281703721,-290528916,银行、高股息,-0.62,641075210,61879091559,1.08907,-39343997
301391,卡莱特,1.0,753170,-0.25,95.2,-8848997,3.39,,-8848997,17956859,-26805856,VR/AR/MR、LED,3.65,131966584,1516098156,0.756956,0
002966,苏州银行,1.3,484671,-0.32,6.29,-8859214,0.0,,-8859214,42452111,-51311325,银行、高股息,0.32,161350580,18986992235,0.852822,-6045936
601788,光大证券,1.4,4269312,0.0,16.45,-8993970,0.8,,-8993970,203290362,-212284332,证券、央企,0.8,573638021,29368620085,1.22095,-27574245
300194,福安药业,1.3,4875096,0.44,4.77,-9002245,5.06,,-9002245,91252372,-100254617,大麻、仿制药,4.61,488521076,4267417492,2.59653,0
000537,中绿电,1.2,79180,-0.28,10.99,-9017815,2.42,,-9017815,7189166,-16206981,光伏EPC、并购重组,2.71,84773878,4898188520,1.17945,0
688439,振华风光,0.0,2145771,4.41,87.5,-9061838,3.23,,-9061838,30133716,-39195554,芯片、科创板,-1.13,138639226,8301153034,2.41114,0
300857,协创数据,0.2,248676,-0.44,26.74,-9073186,-1.51,,-9073186,12166384,-21239570,存储、数字经济,-1.07,142616565,3697032742,0.545055,0
002390,信邦制药,4.4,433236,0.22,4.84,-9094352,6.14,,-9094352,23055908,-32150260,基因疗法、病毒防治,5.91,164189652,5366847364,2.74718,0
301263,泰恩康,1.1,1083962,-0.23,17.75,-9141234,4.23,,-9141234,35271887,-44413121,眼科医疗、新冠药概念,4.47,176819944,4189581705,1.54411,0
301160,翔楼新材,1.3,1972048,-0.05,39.35,-9150607,-1.48,,-9150607,14927327,-24077934,机器人概念、钢铁,-1.43,146703679,1555985058,0.971952,0
601882,海天精工,0.2,37828,0.33,26.9,-9290195,-0.11,,-9290195,2760323,-12050518,工业母机、新型工业化,-0.44,41828258,3714962584,1.16296,0
688078,龙软科技,0.7,168513,0.73,37.86,-9322418,-1.74,,-9322418,14214447,-23536865,DeepSeek、煤炭,-2.45,66397490,1469707443,1.37064,-17997952
688088,虹软科技,0.7,306369,-0.85,36.3,-9355322,-0.36,,-9355322,34663410,-44018732,AIGC、汽车类,0.5,182906226,8363864241,1.26718,3511991
603969,银龙股份,0.3,4824468,-1.69,5.4,-9516982,1.31,,-9516982,70298548,-79815530,核电、雄安新区,3.05,305131218,2789233069,1.04282,0
000922,佳电股份,0.2,248688,-0.21,9.34,-9533746,-1.06,,-9533746,13377974,-22911720,核电、并购重组,-0.85,120204506,3476019768,1.57763,0
002178,延华智能,0.6,346896,-0.23,4.17,-9547564,-3.7,,-9547564,15644274,-25191838,养老概念、算力,-3.47,162872223,1965910480,1.48747,0
605128,上海沿浦,0.7,629750,-1.46,56.61,-9673161,-2.56,,-9673161,9761492,-19434653,特斯拉概念、三季报增长,-1.12,91568897,2357663267,0.93766,0
001282,三联锻造,2.9,4711044,0.1,39.02,-9797226,0.49,,-9797226,86712090,-96509316,小米汽车、机器人概念,0.39,527817676,1087036767,1.4106,0
301052,果麦文化,1.0,279376,-0.89,37.09,-9888077,0.0,,-9888077,12091806,-21979883,文生视频、文化传媒,0.9,103755055,1872107501,0.992577,-11132164
603778,国晟科技,0.2,238032,0.19,5.24,-9935892,0.58,,-9935892,4862298,-14798190,光伏、碳中和,0.38,57780953,2424300001,0.882328,0
600132,重庆啤酒,0.4,768000,-0.7,82.77,-10086880,2.74,,-10086880,32143937,-42230817,啤酒、酿酒,3.46,285138558,13389083635,1.18117,2347459
300569,天能重工,7.9,1111228,-0.95,7.4,-10104832,0.0,,-10104832,13728952,-23833784,风电、破净股概念,0.95,99328668,3412615920,1.40751,0
002142,宁波银行,0.5,1590050,-0.33,24.39,-10145263,-0.77,,-10145263,117746819,-127892082,银行、破净股概念,-0.45,539400438,78037553761,0.936493,-3067136
300009,安科生物,1.0,266325,0.0,10.37,-10158724,3.18,,-10158724,33328563,-43487287,民营医院、医药,3.18,205799031,11079771592,2.09959,0
300378,鼎捷数智,1.1,1458876,0.76,19.67,-10183238,-0.56,,-10183238,23123080,-33306318,AI智能体、新型工业化,-1.3,194924716,4101596748,0.757625,0
002195,岩山科技,1.4,788205,-0.35,2.81,-10227161,-0.35,,-10227161,39409147,-49636308,人工智能、互联网金融,0.0,169018602,14337513718,0.834243,0
600789,鲁抗医药,1.0,258594,-0.3,6.92,-10250773,4.85,,-10250773,32740883,-42991656,流感、新冠药概念,5.17,191967925,4871148006,2.12787,0
600283,钱江水利,0.3,9468936,-2.05,14.37,-10261363,1.41,,-10261363,55937764,-66199127,水利、基础建设,3.53,390523999,2059341663,2.37533,0
002337,赛象科技,0.3,1221006,-1.17,5.93,-10318290,-0.84,,-10318290,15015053,-25333343,机器人概念、大麻,0.34,164663603,2366054550,0.465484,0
300729,乐歌股份,0.1,374904,-0.27,14.76,-10355128,-0.27,,-10355128,16960689,-27315817,跨境电商、装修家具,0.0,125998294,2404916917,1.14011,4497934
688711,宏微科技,1.0,148335,-1.23,47.69,-10385671,1.3,,-10385671,41461530,-51847201,芯片、科创板,2.56,156347110,5557419183,1.5104,-14990345
300520,科大国创,1.8,1117128,-0.6,21.29,-10422105,-0.93,,-10422105,22939144,-33361249,算力、国产软件,-0.33,187910266,3691832406,1.1241,0
300722,新余国科,3.1,587028,-0.22,27.54,-10422572,-0.29,,-10422572,25696363,-36118935,民用爆破、军工,-0.07,187626416,2958087959,0.983235,0
600901,江苏金租,0.6,150213,-0.21,4.78,-10469775,-1.24,,-10469775,16340751,-26810526,高股息、地方国企,-1.04,89953896,7143905684,0.909174,0
300036,超图软件,0.4,998149,-0.2,19.28,-10515080,-1.88,,-10515080,48242585,-58757665,时空大数据、国产软件,-1.68,308367627,8111581925,1.40958,0
002357,富临运业,1.9,1067370,0.14,7.21,-10541544,2.41,,-10541544,7969478,-18511022,网约车、成渝经济圈,2.27,114509673,1581153614,1.78393,-5815988
300258,精锻科技,0.3,162432,-0.78,12.34,-10555773,-3.52,,-10555773,16125272,-26681045,比亚迪产业链、电机电控,-2.76,126462519,3335076031,0.645634,0
600353,旭光电子,0.3,28860,-0.27,7.36,-10629318,-0.81,,-10629318,6620412,-17249730,DeepSeek、算力,-0.54,59528397,3550275476,1.01912,0
603088,宁波精达,23.8,1279872,-3.18,7.79,-10675238,-4.77,,-10675238,25688920,-36364158,芯片、电池回收,-1.64,215457171,2008395828,5.10606,-3809238
300461,田中精机,1.0,176970,-0.86,19.68,-10762702,-6.29,,-10762702,3573005,-14335707,苹果概念、实控人变更,-5.48,65349287,962923900,1.81204,0
002631,德尔未来,1.3,6770080,-2.42,6.34,-10885628,-4.23,,-10885628,33869022,-44754650,石墨烯、碳基材料,-1.86,238733344,1496266077,0.723599,3411759
002083,孚日股份,0.9,1759498,-1.03,4.91,-10888597,1.03,,-10888597,16326331,-27214928,电解液、服装家纺,2.08,140090493,2832375764,1.08086,0
603960,克来机电,1.2,198582,0.07,14.4,-10982616,0.14,,-10982616,8323370,-19305986,机器人概念、CPO/MPO,0.07,72108768,2339767977,1.39356,0
603153,上海建科,0.7,2559900,-2.72,15.96,-11002793,-3.56,,-11002793,10013714,-21016507,算力、数字经济,-0.87,116151349,876700000,1.38047,0
688389,普门科技,0.1,17772,-0.16,21.09,-11087265,10.3,,-11087265,13447385,-24534650,医美、医药,10.48,131788897,5853167506,2.06759,0
600858,银座股份,13.2,822324,-2.11,5.46,-11132076,-3.87,,-11132076,9540023,-20672099,零售、字节概念,-1.8,98742469,1863424060,3.42621,0
002939,长城证券,0.4,592956,-0.12,8.25,-11178940,0.61,,-11178940,64295753,-75474693,证券、控参股基金,0.73,191728084,10480149903,0.974555,0
000680,山推股份,0.7,6607601,-0.93,5.27,-11225623,-2.05,,-11225623,53538912,-64764535,专用设备、一带一路,-1.13,318655899,4639128431,1.45013,-5358960
002045,国光电器,1.2,1685287,0.0,14.24,-11232693,-0.21,,-11232693,73748750,-84981443,AI眼镜、无线耳机,-0.21,378983655,4985722264,1.02248,-8328955
600095,湘财股份,0.6,1777792,-0.61,8.16,-11296923,-0.73,,-11296923,58315368,-69612291,证券、并购重组,-0.12,259151632,7196916793,0.471085,-10972780
601727,上海电气,0.5,442775,-0.45,4.54,-11363369,1.57,,-11363369,107967584,-119330953,机器人概念、一带一路,2.02,251138237,20103626685,1.29095,6387768
301383,天键股份,1.6,6412276,-1.79,40.82,-11369795,-2.72,,-11369795,16299993,-27669788,AI眼镜、一带一路,-0.95,156689367,1130004362,1.33512,0
002368,太极股份,0.4,607614,0.0,27.68,-11420319,1.13,,-11420319,52115452,-63535771,AI政务、信创,1.13,461802894,11011572411,1.58913,0
603173,福斯达  ,52.0,2748000,-4.57,24.82,-11456828,-1.31,,-11456828,11048224,-22505052,三季报增长、天然气,3.42,97574480,994800000,2.08439,0
600004,白云机场,1.0,75828,0.19,10.83,-11468273,1.59,,-11468273,24044130,-35512403,机场航空、中特估,1.4,124684379,10991145711,1.14882,0
002364,中恒电气,0.4,792990,-0.74,8.03,-11474919,-1.59,,-11474919,22530047,-34004966,阿里系AI、储能,-0.86,204729168,2875277761,0.608536,0
300511,雪榕生物,0.8,70664,-0.51,5.9,-11481433,0.51,,-11481433,5970614,-17452047,农业、人造肉,1.03,58837590,2245986287,1.41414,0
601929,吉视传媒,2.1,229080,-0.54,1.86,-11545342,0.54,,-11545342,21051650,-32596992,AI智能体、超高清视频,1.09,67467111,4311870253,1.36166,0
603398,沐邦高科,13.3,70840,0.0,17.71,-11567149,0.0,,-11567149,4958471,-16525620,TOPCon、并购重组,0.0,43674099,3138043124,1.26465,0
688348,昱能科技,3.6,593776,-0.97,121.2,-11592477,1.72,,-11592477,26975135,-38567612,逆变器、光伏,2.71,168188928,6935385891,0.984716,0
300606,金太阳,0.3,429200,1.22,29.1,-11694518,1.57,,-11694518,38166075,-49860593,折叠屏、消费电子,0.34,148132702,2313166990,0.951284,-3467630
002418,康盛股份,1.5,540735,-0.67,2.96,-11724299,-0.34,,-11724299,11497666,-23221965,液冷服务器、汽车类,0.34,68618526,2442734415,0.954591,0
600033,福建高速,3.3,126007,0.0,3.34,-11808446,1.52,,-11808446,5868878,-17677324,公路运营、高股息,1.52,50786999,4225717453,1.36917,0
000426,兴业银锡,0.9,368634,-0.21,9.5,-11943257,1.06,,-11943257,35589574,-47532831,白银、有色金属,1.28,166950085,9613126358,0.906939,-5490368
600483,福能股份,1.9,222091,-0.59,8.72,-12074413,2.23,,-12074413,18037527,-30111940,绿色电力、火电,2.83,146002506,6497511617,1.57556,0
002354,天娱数科,0.1,1266510,-0.41,4.89,-12080877,-0.41,,-12080877,52790050,-64870927,DeepSeek、虚拟人,0.0,255039325,7484785586,0.908998,-3461758
603275,众辰科技,1.8,2531364,-1.23,42.7,-12191025,0.64,,-12191025,19972409,-32163434,机器人概念、汽车类,1.88,136255713,1554816758,1.21897,0
601163,三角轮胎,22.5,4255749,1.73,15.07,-12238905,0.4,,-12238905,17073366,-29312271,汽车零部件、橡胶,-1.31,136597018,5206050000,2.44355,0
000612,焦作万方,50.3,2989230,3.16,5.58,-12285477,3.72,,-12285477,23159080,-35444557,金属铝、有色金属,0.54,276706751,4366321309,3.77206,0
300292,吴通控股,0.7,573387,-0.51,3.9,-12302114,-1.27,,-12302114,39022593,-51324707,三季报增长、5G,-0.76,171201075,4079726844,0.975104,0
603167,渤海轮渡,61.7,10445280,6.52,7.54,-12491091,6.8,,-12491091,95483458,-107974549,航运、高股息,0.27,333682203,2154243175,11.6555,26777283
600202,哈空调  ,0.5,384160,-0.88,5.65,-12659894,0.0,,-12659894,15575758,-28235652,核电、储能热管理,0.89,92460700,1425656080,1.28123,-5584511
000528,柳工,0.1,148934,-0.3,6.75,-12685593,2.12,,-12685593,9048630,-21734223,工程机械、基础建设,2.43,99411585,7846061298,1.12539,0
300969,恒帅股份,195.0,1466790,5.04,78.66,-12722037,9.84,,-12722037,41299173,-54021210,无人驾驶、三季报增长,4.57,258526693,1572600000,4.39991,0
300044,赛为智能,0.5,251430,-0.8,4.88,-12731808,-1.81,,-12731808,35841767,-48573575,养老概念、机器人概念,-1.01,205415144,3236408842,1.11156,0
300213,佳讯飞鸿,0.7,1526688,-1.2,7.3,-12749600,-3.05,,-12749600,59084757,-71834357,工业互联网、元宇宙,-1.88,278406409,3917741268,0.8912,0
300705,九典制药,0.5,46436,-0.12,25.49,-12806085,4.17,,-12806085,23866197,-36672282,病毒防治、湖南,4.3,159821750,4577565794,1.49578,3360898
600191,华资实业,17.6,1123125,-2.19,6.28,-12957056,-1.72,,-12957056,8375324,-21332380,参股券商、代糖概念,0.48,62854128,1395568927,0.689585,-3125407
002491,通鼎互联,0.4,240118,-0.7,5.73,-12961813,0.0,,-12961813,12804943,-25766756,通信、并购重组,0.7,106231552,4004517141,1.33171,3438000
688392,骄成超声,0.0,0,0.0,75.4,-13018798,0.48,,-13018798,19755438,-32774236,年报增长、复合集流体,0.48,64604631,3372543903,1.37629,0
000948,南天信息,1.7,937320,-1.77,16.14,-13048900,-1.22,,-13048900,21937560,-34986460,信创、华为概念,0.56,164912440,3955313676,0.732695,-3205476
600170,上海建工,0.2,514597,0.0,2.7,-13087119,0.37,,-13087119,14161148,-27248267,破净股概念、一带一路,0.37,101687952,12673721732,0.807773,0
001227,兰州银行,0.9,876445,-0.34,2.96,-13186537,0.0,,-13186537,27349676,-40536213,银行、高股息,0.34,125785059,8165939170,0.978574,0
301153,中科江南,0.3,75166,0.0,55.81,-13231635,-3.48,,-13231635,17181314,-30412949,人工智能、国产软件,-3.48,126057296,2696691887,2.76391,-3408069
000166,申万宏源,0.5,685470,-0.23,4.43,-13246222,0.91,,-13246222,73030194,-86276416,证券、央企,1.14,263775958,48260958059,0.963488,-15976519
603305,旭升集团,0.5,327600,-0.5,18.34,-13305009,1.38,,-13305009,57593195,-70898204,比亚迪产业链、汽车零部件,1.89,233777371,6772556341,1.13448,-24900139
002463,沪电股份,0.3,2211840,-1.29,19.52,-13370945,0.36,,-13370945,155890881,-169261826,印制电路板、汽车电子,1.67,658050188,23053285453,0.834749,-2212638
000728,国元证券,3.6,5609479,-0.73,6.91,-13402813,0.44,,-13402813,125994091,-139396904,证券、破净股概念,1.17,388605973,17676866741,1.24498,-15089794
601028,玉龙股份,0.8,5404256,-2.07,11.85,-13478791,-1.74,,-13478791,76513552,-89992343,黄金、石墨化,0.34,411861913,4978542021,0.557736,-3740505
600125,铁龙物流,2.7,1363318,0.82,6.05,-13491466,-0.49,,-13491466,29250031,-42741497,物流、国有企业,-1.31,156438438,5518540024,1.77599,-1418356
300690,双一科技,0.5,1613700,0.0,18.84,-13565244,-4.85,,-13565244,49988049,-63553293,飞行汽车、碳纤维,-4.85,350692308,1769244193,1.04273,-3820408
600686,金龙汽车,1.3,7286744,0.0,8.05,-13786049,-1.59,,-13786049,150721388,-164507437,汽车整车、无人驾驶,-1.59,730270317,3319143542,1.0809,-6385860
688120,华海清科,0.5,594249,0.14,204.52,-13891868,-2.19,,-13891868,81741996,-95633864,芯片、地方国企,-2.33,338791947,19295812592,1.35139,-5368457
002171,楚江新材,0.2,562320,-0.14,7.21,-13905028,1.41,,-13905028,13848132,-27753160,军工、碳基材料,1.55,133857316,6536274121,1.16425,-5357751
300319,麦捷科技,0.8,2947818,-0.1,10.42,-13905439,-0.1,,-13905439,136104614,-150010053,滤波器、并购重组,0.0,559177958,6425538557,0.961796,3234586
600015,华夏银行,0.2,377055,-0.18,5.65,-13908160,-0.53,,-13908160,29691503,-43599663,银行、高股息,-0.35,127977177,28904962956,0.805412,0
300031,宝通科技,9.7,2914748,-3.51,15.82,-13927365,-2.53,,-13927365,33442438,-47369803,宇树机器人、VR/AR/MR,1.02,309608607,5142245541,2.24254,0
000409,云鼎科技,32.8,4864860,-1.39,7.67,-13947664,-3.03,,-13947664,16873159,-30820823,盘古大模型、卫星导航,-1.67,135403171,2903559991,1.85202,0
688636,智明达  ,1.5,1949499,1.02,56.48,-13971054,11.01,,-13971054,75790660,-89761714,军工、西部大开发,9.88,307065071,1946439898,5.77701,-4395328
300110,华仁药业,0.8,819687,0.24,4.32,-14034439,2.86,,-14034439,17082766,-31117205,病毒防治、美容护理,2.61,132382086,3291900876,1.65692,0
002823,凯中精密,1.5,3736562,-0.17,12.52,-14140695,4.33,,-14140695,27741566,-41882261,特斯拉概念、比亚迪产业链,4.51,282077689,1736224179,2.2582,0
300910,瑞丰新材,1.6,291412,-0.3,42.3,-14143070,7.09,,-14143070,18704121,-32847191,化工、三季报增长,7.41,188231931,5733203927,1.43276,0
301229,纽泰格,1.2,1891006,0.91,35.73,-14166596,-2.0,,-14166596,11783931,-25950527,汽车零部件、江苏省,-2.88,114644940,1192561911,1.09716,0
603037,凯众股份,13.6,28196480,8.67,21.05,-14188161,9.98,2连板,-14188161,71665383,-85853544,小米汽车、华为汽车,1.2,173594105,1889788008,0.742379,13376497
002424,ST百灵,1.1,692368,-0.63,8.2,-14286281,2.63,,-14286281,57107938,-71394219,ST板块、中药,3.27,249311692,8231608296,1.5398,-6372582
600415,小商品城,0.6,845840,-0.51,7.83,-14308458,0.38,,-14308458,82539056,-96847514,跨境支付、零售,0.9,316092990,18885929937,0.701798,-3833200
600863,内蒙华电,12.0,8302560,1.15,3.61,-14361207,3.44,,-14361207,111684936,-126046143,风电运营商、火电,2.27,424483254,11631224889,2.48096,-3205240
601229,上海银行,2.9,713090,-0.16,6.13,-14553741,0.33,,-14553741,19390570,-33944311,银行、高股息,0.49,129291802,54257705836,0.850596,0
600157,永泰能源,0.7,2016366,0.74,1.37,-14702864,0.74,,-14702864,179872480,-194575344,电力、并购重组,0.0,274493022,24921418758,0.923136,0
601456,国联民生,0.3,986552,-0.98,11.07,-14823649,-0.9,,-14823649,125169620,-139993269,证券、并购重组,0.09,473730608,13128126566,0.629138,14557822
002687,乔治白,4.1,1213399,2.78,5.37,-14836134,6.76,,-14836134,28482117,-43318251,电子商务、高股息,3.87,213804667,1730124540,5.42726,3837446
002703,浙江世宝,3.5,5207787,-1.84,14.58,-14972036,-0.82,,-14972036,153402018,-168374054,汽车零部件、小米汽车,1.04,862915342,3881366131,1.58979,-2684685
601188,龙江交通,1.0,5030076,0.0,4.28,-15134436,-3.6,,-15134436,61869589,-77004025,网约车、公路运营,-3.6,368947727,1767478095,1.50396,810051
600325,华发股份,2.0,357000,0.0,8.56,-15182411,0.71,,-15182411,27222976,-42405387,房地产、粤港澳,0.71,153483006,13755832485,0.927134,-11578555
600288,大恒科技,1.6,3139584,-0.39,10.32,-15257523,0.58,,-15257523,7211319,-22468842,机器人概念、机器视觉,0.98,125220652,3172926460,1.8661,0
002583,海能达,1.2,2103264,-1.06,6.49,-15351599,-1.82,,-15351599,77007095,-92358694,量子科技、互联网金融,-0.76,363479904,6469645059,0.888807,-9439379
002683,广东宏大,1.2,245558,-0.43,21.55,-15376606,3.11,,-15376606,21433322,-36809928,民用爆破、军工,3.56,137879909,10027406907,1.03094,0
000593,德龙汇能,0.9,1745370,-1.28,7.74,-15421317,-1.28,,-15421317,24107247,-39528564,天然气、并购重组,0.0,200302765,1593292717,0.667437,-5595644
300978,东箭科技,5.2,4001088,-0.61,14.41,-15709719,-1.64,,-15709719,34768181,-50477900,汽车零部件、并购重组,-1.03,233036270,1834748039,1.65852,0
300740,水羊股份,33.2,6888607,-12.95,15.5,-15735547,-7.07,,-15735547,82148565,-97884112,平台经济、并购重组,6.75,429751884,3230436731,4.91556,3120000
300973,立高食品,1.2,2549300,-1.82,56.18,-15842475,4.08,,-15842475,17805068,-33647543,食品饮料、三季报增长,6.0,268731584,3763665044,2.3484,0
000598,兴蓉环境,10.1,7846656,2.84,5.73,-15844248,8.32,,-15844248,93600592,-109444840,垃圾发电、水务,5.33,405251344,7700026669,5.56068,-4488190
601669,中国电建,0.2,4957460,-0.95,5.28,-15866843,0.38,,-15866843,183307277,-199174120,绿色电力、乌克兰概念,1.34,508791198,39058334124,0.864627,32986159
300414,中光防雷,2.2,521520,-0.84,9.92,-15992990,-7.2,,-15992990,33397114,-49390104,华为概念、西部大开发,-6.42,233636019,1734413504,3.33895,0
002349,精华制药,0.2,143550,-0.46,8.93,-16227055,2.17,,-16227055,25460223,-41687278,中药、地方国企,2.64,190008106,4750793911,1.33035,0
603399,永杉锂业,0.5,6550668,-2.83,11.36,-16354717,0.53,,-16354717,127165780,-143520497,锂矿、文化传媒,3.46,671776739,3242183291,0.768847,0
300426,唐德影视,0.9,2936640,1.32,9.05,-16366398,-0.33,,-16366398,15635136,-32001534,文化传媒、地方国企,-1.63,193939812,2254089757,1.75666,0
300466,赛摩智能,0.4,238196,-0.3,6.42,-16374232,-2.73,,-16374232,8256670,-24630902,机器人概念、元宇宙,-2.43,113419243,1754843865,1.18536,0
603057,紫燕食品,266.3,1757001,4.71,23.1,-16394176,10.0,首板,-16394176,67712932,-84107108,食品饮料、高股息,5.05,183860487,1572230468,8.59655,-34789931
605577,龙版传媒,1.9,4002240,-4.69,13.14,-16426015,-5.13,,-16426015,21025812,-37451827,文化传媒、一带一路,-0.45,215361578,1193500267,0.670527,0
600728,佳都科技,1.5,716605,-0.35,5.69,-16747243,-0.7,,-16747243,29434933,-46182176,人工智能、元宇宙,-0.35,166637341,10947052613,0.841804,0
002782,可立克,0.7,3634125,1.33,14.03,-16747940,3.39,,-16747940,88200052,-104947992,华为超充、汽车类,2.04,425567694,2719334257,0.768309,3676638
002991,甘源食品,0.3,3037500,1.97,78.05,-16750632,6.12,,-16750632,58591172,-75341804,三季报增长、高股息,4.07,331963461,2758543542,5.26795,0
600582,天地科技,1.0,980838,0.58,5.31,-16802944,2.31,,-16802944,19485213,-36288157,化工、煤化工,1.72,216270410,8606482140,1.80621,-3252646
601128,常熟银行,1.2,526907,0.27,7.5,-16830063,1.76,,-16830063,55826644,-72656707,银行、破净股概念,1.49,247538610,17948573679,1.82377,-36496
600918,中泰证券,0.3,414422,-0.42,7.11,-16885152,0.28,,-16885152,24536277,-41421429,证券、地方国企,0.71,133986876,23312576379,0.765626,0
601816,京沪高铁,0.6,1358784,0.0,5.04,-16982235,0.0,,-16982235,97536898,-114519133,客运、中特估,0.0,306067956,108320635519,0.848602,-7693181
600159,大龙地产,0.5,1794981,0.32,3.1,-17369409,0.65,,-17369409,50622644,-67992053,房地产、地产链,0.32,253083824,1345406354,0.888062,-3018568
002510,天汽模,2.4,5723100,-1.1,4.79,-17461619,5.27,,-17461619,132160610,-149622229,特斯拉概念、锂电池,6.44,678062060,4414599687,1.44302,545216
600776,东方通信,0.1,1371051,-0.87,12.52,-17472753,-1.42,,-17472753,53015499,-70488252,5G、并购重组,-0.56,334784931,5137296835,0.749523,0
300058,蓝色光标,3.8,6392878,-2.56,6.97,-17509436,-0.85,,-17509436,175532672,-193042108,智谱AI、文心千帆,1.75,735164157,16037170397,1.75371,0
300139,晓程科技,3.0,3523974,-2.09,11.53,-17558598,0.52,,-17558598,63057575,-80616173,芯片、并购重组,2.67,380478911,2542264591,0.980835,-3378481
300547,川环科技,0.8,10749074,0.11,17.77,-17745026,-3.0,,-17745026,65003049,-82748075,液冷服务器、汽车类,-3.11,346579228,2730257466,1.27541,-1242859
300455,航天智装,1.4,13240080,0.0,13.5,-17760409,-4.93,,-17760409,193020949,-210781358,商业航天、华为概念,-4.93,812342604,4864970838,1.01405,-3356700
600130,波导股份,0.3,5696712,-1.93,4.93,-17826144,-4.83,,-17826144,71078412,-88904556,消费电子、卫星导航,-2.95,399051102,3145801881,0.802843,0
002235,安妮股份,0.3,964440,-1.04,7.57,-17886657,-1.43,,-17886657,56715154,-74601811,版权、知识产权,-0.39,396772025,3424041487,0.623606,0
301013,利和兴,7.6,5017600,-0.38,15.45,-18010716,-1.84,,-18010716,49466340,-67477056,华为概念、医药,-1.47,285533576,2383690460,1.14536,0
300075,数字政通,0.7,1719000,-2.16,17.31,-18269095,-1.48,,-18269095,61286089,-79555184,信创、国产软件,0.7,327412699,8299397319,1.24385,-13465725
002196,方正电机,37.2,2396870,2.11,6.83,-18313729,2.71,,-18313729,21601462,-39915191,机器人概念、扁线,0.59,179967989,2805966141,3.2535,0
002625,光启技术,1.0,265359,-0.88,13.7,-18314377,0.81,,-18314377,31045505,-49359882,军工、汽车零部件,1.71,153751201,18894655774,1.2532,-21449403
601818,光大银行,3.5,2354326,0.0,3.0,-18389204,0.33,,-18389204,127895556,-146284760,银行、高股息,0.33,284764563,126665546801,0.901503,-9028250
300015,爱尔眼科,0.3,8027000,-0.51,18.06,-18405766,2.96,,-18405766,344431232,-362836998,眼科医疗、并购重组,3.5,1694269588,77942541750,1.49789,1616618
002406,远东传动,0.7,1806080,-0.15,6.47,-18441477,-2.71,,-18441477,58702186,-77143663,算力、汽车零部件,-2.56,350017557,3206816894,0.694388,-13214
603567,珍宝岛  ,1.1,101088,-0.16,12.81,-18734739,2.48,,-18734739,35953150,-54687889,医药、中药,2.64,147457056,2981457201,1.35595,-16885989
002965,祥鑫科技,24.7,20110500,0.02,45.38,-18807438,0.87,,-18807438,246298907,-265106345,机器人概念、汽车热管理,0.84,919192515,5247949604,2.90283,-12015676
688276,百克生物,0.0,0,0.0,65.84,-18888176,1.76,,-18888176,45500676,-64388852,疫苗概念、医药,1.76,187815799,7635633225,1.39401,3399576
002929,润建股份,0.4,14267162,-2.58,39.77,-19061973,-2.21,,-19061973,242025672,-261087645,阿里系AI、数字经济,0.38,811339629,4616994931,0.796442,-5686636
300219,鸿利智汇,2.4,1339021,-1.32,8.22,-19184382,-1.44,,-19184382,22812060,-41996442,并购重组、地方国企,-0.12,191476758,3320718175,1.1925,0
600269,赣粤高速,1.3,866932,1.21,4.3,-19440402,4.12,,-19440402,25299875,-44740277,破净股概念、参股券商,2.87,171122532,5280545098,2.33397,0
600039,四川路桥,0.6,309285,-0.13,7.83,-19513915,-0.13,,-19513915,47724582,-67238497,西部大开发、一带一路,0.0,178922729,16365412619,0.902277,-3405580
600909,华安证券,0.6,330084,-0.21,4.8,-19578377,0.42,,-19578377,44591864,-64170241,证券、地方国企,0.63,189864387,14384567721,0.958255,0
603679,华体科技,3.8,15065600,-2.97,15.59,-19623985,-5.46,,-19623985,99475620,-119099605,低空经济、锂电池,-2.56,413909974,1648716899,1.46902,0
300228,富瑞特装,0.5,9537120,-4.26,7.57,-19896093,0.66,,-19896093,83756025,-103652118,汽车类、天然气,5.14,470276768,4022527895,0.819364,0
300253,卫宁健康,0.3,1824437,-0.68,7.33,-20039151,-0.68,,-20039151,47026563,-67065714,AI医疗、蚂蚁金服概念,0.0,318631473,13230188078,1.26404,0
300267,尔康制药,1.9,326978,-0.61,3.4,-20076594,3.66,,-20076594,22067103,-42143697,维生素、并购重组,4.29,143357101,3648659251,1.51285,0
300850,新强联,1.3,3637280,2.29,37.57,-20137676,7.34,,-20137676,250640143,-270777819,风电、海工装备,4.94,841141004,6474135448,1.57056,-444607
002681,奋达科技,4.8,2600007,-0.79,5.03,-20415892,-0.79,,-20415892,72058829,-92474721,机器人概念、VR/AR/MR,0.0,325369468,6221673204,1.6061,0
002947,恒铭达,0.7,2673000,-0.79,27.0,-20504338,-2.6,,-20504338,69329950,-89834288,消费电子、华为概念,-1.82,327768991,4007139598,0.795568,-7042353
601398,工商银行,0.3,3334560,0.21,4.77,-20920221,-0.42,,-20920221,810769454,-831689675,银行、高股息,-0.63,1401153451,166516500813,0.954588,-83650401
300364,中文在线,0.5,754296,-1.01,12.63,-21062355,-1.71,,-21062355,46202605,-67264960,文化传媒、网红经济,-0.71,333018262,8045212757,0.778112,-3661366
002413,雷科防务,7.0,4809300,-1.03,5.68,-21064783,-2.24,,-21064783,85301268,-106366051,无人驾驶、智能驾驶,-1.22,464986295,7103110158,1.6337,0
300514,友讯达,44.4,6130084,3.37,14.89,-21139805,2.55,,-21139805,46700249,-67840054,充电桩、虚拟电厂,-0.8,321964727,1814582771,4.41131,0
300926,博俊科技,1.2,4535238,-2.24,33.25,-21213599,-5.54,,-21213599,77294376,-98507975,汽车零部件、小米汽车,-3.37,464709955,2334041186,1.40323,0
600821,金开新能,0.4,578656,-0.44,6.84,-21254251,0.74,,-21254251,39098388,-60352639,算力、绿色电力,1.18,192612913,10767576584,1.00681,0
600732,爱旭股份,1.0,3245952,-1.46,19.99,-21947185,3.9,,-21947185,213622959,-235570144,BC电池、TOPCon,5.43,773524110,21998333023,1.07563,4758022
000938,紫光股份,0.5,1997580,-0.86,19.69,-22061232,-0.91,,-22061232,266667333,-288728565,RDMA、训推一体机,-0.05,935876937,32908827084,1.55173,-47669755
600109,国金证券,0.7,479332,-0.33,9.06,-22598194,0.22,,-22598194,54477450,-77075644,证券、破净股概念,0.55,206617849,21463807171,0.808681,0
603118,共进股份,0.4,522741,-1.02,10.39,-23065578,-3.8,,-23065578,73283927,-96349505,华为概念、wifi6/7,-2.81,345117775,4773740837,1.34472,-3100198
300166,东方国信,1.4,3355800,-0.76,10.45,-23107115,-1.23,,-23107115,93086725,-116193840,信创、新型工业化,-0.48,430218666,8810941668,0.678202,-3128189
603383,顶点软件,1.1,125580,-0.99,58.35,-23376988,-3.39,,-23376988,22905804,-46282792,互联网金融、碳中和,-2.42,216899628,5661707753,1.8315,0
603099,长白山  ,0.5,1957722,0.82,14.73,-23469709,0.2,,-23469709,9109097,-32578806,旅游、远东开发,-0.61,141793845,1585636300,1.04064,-3168545
600664,哈药股份,1.6,789480,0.88,3.58,-23641368,4.99,,-23641368,45709734,-69351102,流感、霍乱概念,4.07,222683263,4801914012,2.47937,-4151273
002146,荣盛发展,0.4,2148941,0.0,1.9,-23736924,-0.52,,-23736924,55994217,-79731141,破净股概念、房地产,-0.52,256587388,4585019370,0.613151,0
603218,日月股份,1.1,322235,-1.3,14.24,-23856926,-2.73,,-23856926,36080770,-59937696,基础建设、一带一路,-1.45,316435932,5933063113,2.16103,-9402472
600048,保利发展,0.7,1417920,-0.36,11.23,-24327820,-0.09,,-24327820,279885253,-304213073,房地产、物业服务,0.27,796108997,83905656019,1.19824,22913035
600489,中金黄金,0.6,1571310,-0.63,11.15,-24333639,0.27,,-24333639,124424505,-148758144,黄金、有色金属,0.9,396330040,29244379985,0.882313,-9688203
300559,佳发教育,0.5,802581,0.19,15.3,-24637467,-3.16,,-24637467,33980365,-58617832,教育、西部大开发,-3.35,160929852,2960322131,0.771326,0
000682,东方电子,1.0,264264,-0.55,7.41,-24893828,1.23,,-24893828,41150946,-66044774,电气设备、地方国企,1.79,172820779,5807237041,1.75721,0
603296,华勤技术,3.0,6446594,-1.58,77.23,-25582772,-1.29,,-25582772,53926155,-79508927,阿里系AI、汽车电子,0.3,274070015,4610968288,0.64866,0
000617,中油资本,0.7,1005291,-0.17,5.91,-25741412,-0.17,,-25741412,86407003,-112148415,跨境支付、石油石化,0.0,304043219,16891780964,1.10398,-23737589
603168,莎普爱思,1.9,8273967,-3.73,10.85,-25832007,-1.36,,-25832007,62611649,-88443656,医药、并购重组,2.46,408093798,2103328787,0.90419,-6762265
300145,中金环境,0.3,919590,0.67,3.03,-25835264,1.0,,-25835264,16425656,-42260920,算力、基础建设,0.33,139692487,4022853952,1.3155,0
300541,先进数通,0.7,4119069,-1.51,16.88,-26126971,-1.8,,-26126971,87651621,-113778592,互联网金融、网红经济,-0.3,488128551,4331427991,0.657936,0
002536,飞龙股份,0.9,7419125,0.99,14.8,-26232116,-1.99,,-26232116,105948497,-132180613,奇瑞产业链、无人机,-2.95,626007466,4168759591,1.18138,-15216767
601857,中国石油,0.4,3037354,-0.4,7.42,-26266365,-0.4,,-26266365,207017870,-233284235,中字头、石油石化,0.0,707619082,81715189043,0.753524,-15493390
300275,梅安森,3.3,6512120,1.79,13.82,-26617693,-0.93,,-26617693,66803041,-93420734,智慧矿山、PPP概念,-2.68,362374295,3208714869,1.12036,-3907748
300507,苏奥传感,1.1,1350200,-0.48,6.29,-26648432,-0.32,,-26648432,50768203,-77416635,汽车零部件、数字经济,0.16,266606291,2994933618,1.60535,0
688127,蓝特光学,36.1,3811893,4.26,20.3,-26698494,4.26,,-26698494,53516804,-80215298,华为概念、三季报增长,0.0,240147279,4885305984,3.73938,0
688318,财富趋势,0.2,2584193,-1.6,143.15,-26737785,-2.01,,-26737785,172709626,-199447411,互联网金融、金融概念,-0.42,516813281,5965452600,0.761002,21463796
002527,新时达,4.3,4161276,-1.91,10.3,-26871265,-1.81,,-26871265,23762799,-50634064,机器人概念、智能电网,0.1,243082679,4605738098,1.34394,0
002252,上海莱士,1.0,145607,-0.45,6.86,-27326500,1.78,,-27326500,34282200,-61608700,医药、阿尔茨海默,2.24,207802683,34158320046,1.16981,0
002179,中航光电,1.0,521031,0.2,40.26,-27511976,-0.12,,-27511976,34037508,-61549484,军工、成飞概念,-0.32,279310248,44061042452,0.821768,0
002590,万安科技,2.3,7972673,-0.74,13.42,-27801547,-0.07,,-27801547,94034396,-121835943,汽车零部件、年报预增,0.68,662265312,3159305304,1.02762,0
003816,中国广核,0.6,2097970,-0.33,3.02,-27810354,0.0,,-27810354,74625752,-102436106,绿色电力、电力,0.33,255466312,108436114025,1.00412,-18086401
600906,财达证券,0.2,870580,-0.75,7.94,-27839441,-0.25,,-27839441,95454254,-123293695,证券、地方国企,0.51,321137969,10381514304,0.6402,-3955000
301096,百诚医药,0.2,653470,0.31,68.94,-28216810,6.88,,-28216810,45463971,-73680781,医药、眼科医疗,6.55,243724514,4717386690,2.55111,-6900210
601555,东吴证券,0.5,1786990,-0.72,8.38,-28258406,0.24,,-28258406,120079910,-148338316,证券、破净股概念,0.96,465724626,31794081306,1.03587,-3079212
600598,北大荒  ,0.5,379088,-0.56,12.63,-29252222,0.72,,-29252222,49774591,-79026813,农业、生物质能,1.28,162439290,8056486056,1.37559,-555002
300680,隆盛科技,2.1,3841299,0.74,20.98,-29255671,-2.55,,-29255671,41392205,-70647876,商业航天、军工,-3.27,258798835,3266691794,1.38877,0
300097,ST智云,1.8,5735660,-4.25,10.41,-29647310,-5.96,,-29647310,61717697,-91365007,华为概念、汽车零部件,-1.79,452070373,2362665303,1.21496,-3170769
301007,德迈仕,5.6,7926237,1.35,18.77,-29816459,-2.29,,-29816459,90777806,-120594265,无人驾驶、小米汽车,-3.6,517168276,2332478242,1.49006,928756
301078,孩子王,0.4,71896,-0.83,8.45,-29963750,0.24,,-29963750,26924758,-56888508,零售、多胎概念,1.08,113683451,3877779054,1.55464,0
000801,四川九洲,0.5,6662708,-2.96,8.65,-30074532,-5.05,,-30074532,111759597,-141834129,低空经济、大飞机,-2.15,512223060,4640881177,1.24472,2951459
301517,陕西华达,1.5,15615180,-3.25,73.85,-30181082,0.07,,-30181082,208554440,-238735522,商业航天、卫星导航,3.43,939663574,1572470924,1.12775,0
002015,协鑫能科,0.9,2846448,-0.17,11.82,-30298044,-0.67,,-30298044,68823574,-99121618,光伏、储能,-0.51,270769044,9958823463,0.943549,-6653565
300936,中英科技,0.4,6789229,-1.49,45.03,-31478422,-5.2,,-31478422,57764369,-89242791,印制电路板、通信,-3.76,447400105,1195940512,1.20483,3249157
600050,中国联通,0.5,2045120,-0.67,4.53,-31714991,0.44,,-31714991,322653047,-354368038,AI政务、算力,1.12,840021713,58147908045,0.83397,12416447
601668,中国建筑,0.9,4314401,0.0,5.22,-31729759,0.19,,-31729759,307047688,-338777447,基础建设、高股息,0.19,713987574,92691284903,1.00028,-3575199
600422,昆药集团,3.5,1144960,-0.67,19.81,-31841255,9.99,首板,-31841255,311182943,-343024198,年报增长、中药,10.73,614455673,9607933364,3.64905,-132104805
601021,春秋航空,0.3,151950,0.08,51.41,-32881195,1.58,,-32881195,48303713,-81184908,机场航空、免税,1.5,231410597,24384758125,1.43659,-11230205
600985,淮北矿业,2.2,2611810,-1.35,13.82,-33003585,-1.92,,-33003585,25162125,-58165710,煤炭、冶金煤,-0.58,190024233,12151723505,0.837808,0
002670,国盛金控,0.5,3149000,-1.48,10.04,-33466294,-1.08,,-33466294,62504641,-95970935,证券、并购重组,0.4,373893551,6167491260,0.490238,0
000990,诚志股份,45.5,5247200,5.26,8.04,-33796704,5.79,,-33796704,36042339,-69839043,人造肉、食品饮料,0.5,297357982,9782654912,6.35287,0
301172,君逸数码,0.8,14315797,-1.87,48.98,-33952043,-6.33,,-33952043,105040962,-138993005,西部大开发、智慧城市,-4.54,611788478,1362786225,0.735685,4217033
601169,北京银行,0.6,630666,0.0,4.59,-33961298,0.22,,-33961298,87264547,-121225845,银行、高股息,0.22,280840307,67688725211,0.962872,-13077362
301519,舜禹股份,0.6,17088372,-6.88,24.41,-34253361,-7.26,,-34253361,59676963,-93930324,水利、环保,-0.41,430781184,953272917,1.72033,4081308
002300,太阳电缆,1.2,488684,0.35,8.88,-34520873,2.66,,-34520873,41825144,-76346017,海缆、绿色电力,2.3,192431882,3162711547,1.56615,-8252927
300053,航宇微,2.5,6540794,-2.0,12.81,-34714115,-1.69,,-34714115,101388904,-136103019,飞行汽车、并购重组,0.31,472879163,6728747863,0.977269,3842997
600893,航发动力,0.4,465300,-0.09,35.43,-35848841,0.43,,-35848841,61669554,-97518395,军工、成飞概念,0.51,274557272,51465095536,0.892068,3104198
600660,福耀玻璃,2.0,969779,-0.03,38.52,-35942653,2.64,,-35942653,61360502,-97303155,玻璃、光伏,2.67,434989077,39786025608,1.38897,2813425
300113,顺网科技,1.1,6862790,-1.82,13.98,-36604309,-2.1,,-36604309,46004502,-82608811,云游戏、算力,-0.29,316233242,6624299557,1.03899,-3802088
002363,隆基机械,1.1,4531520,-3.25,8.36,-36761178,-2.9,,-36761178,32894952,-69656130,飞行汽车、碳陶刹车,0.36,332411463,1998037539,0.66174,0
300032,金龙机电,0.5,1025585,-0.92,6.7,-37175814,3.24,,-37175814,100971333,-138147147,电子烟、消费电子,4.2,467116839,4489927414,1.38783,0
300545,联得装备,7.4,6641422,-3.65,29.16,-37290772,-4.99,,-37290772,32962675,-70253447,华为概念、端侧AI,-1.39,359325346,2625014399,1.24616,0
300738,奥飞数据,0.5,809908,-0.57,8.59,-38121711,-1.72,,-38121711,58117895,-96239606,阿里系AI、算力,-1.15,321369179,5404691209,0.953606,0
600266,城建发展,0.3,538118,-1.03,5.74,-38183749,-1.71,,-38183749,30408872,-68592621,房地产、创投,-0.69,255393146,7529342119,0.959275,0
601199,江南水务,1.9,1239875,1.11,5.45,-38588128,1.11,,-38588128,18399077,-56987205,固废处理、基础建设,0.0,132815958,2128309694,1.85714,0
000065,北方国际,0.5,331188,-0.6,11.64,-38909802,-0.09,,-38909802,16811190,-55720992,基础建设、并购重组,0.52,141096965,5157797411,0.769055,0
000727,冠捷科技,0.7,3292577,-0.69,2.83,-39000480,-2.75,,-39000480,103888385,-142888865,消费电子、央企,-2.08,589343133,7256676035,0.777214,0
600908,无锡银行,0.8,85120,0.0,5.29,-39404021,-0.56,,-39404021,23163510,-62567531,银行、破净股概念,-0.56,130390207,8332231730,2.21056,0
601162,天风证券,0.2,2546560,-0.62,3.23,-39726894,0.31,,-39726894,202791755,-242518649,证券、物业服务,0.94,529801561,21592722472,0.597361,-32298026
300395,菲利华,0.8,505000,0.0,38.41,-42534497,-4.93,,-42534497,53056507,-95591004,芯片、蓝宝石,-4.93,312478415,15642486966,1.80675,-14482423
600745,闻泰科技,3.3,51989524,0.58,49.57,-43585085,3.14,,-43585085,1013180066,-1056765151,股权转让、服务器,2.54,2683407911,44458507235,3.20802,-114102908
688111,金山办公,0.9,2322798,-0.82,293.12,-44079178,-4.05,,-44079178,342967319,-387046497,AI智能体、AI办公,-3.26,1662552160,65637004447,1.86647,-10800368
000766,通化金马,1.6,16246786,-1.76,12.62,-44522713,-3.3,,-44522713,229731154,-274253867,阿尔茨海默、并购重组,-1.56,917235084,9839380802,0.835837,-736545
603939,益丰药房,0.1,142515,-0.22,33.45,-45282113,5.39,,-45282113,60378452,-105660565,医药零售、并购重组,5.62,316765172,10314806372,2.10585,-6681857
688007,光峰科技,1.5,1840999,-2.11,29.1,-45528969,-1.02,,-45528969,114758251,-160287220,激光、深圳,1.11,457354890,10400471059,1.10205,0
603023,*ST威帝 ,10.7,4423998,-1.34,5.14,-48063594,-1.34,,-48063594,46906923,-94970517,ST板块、汽车零部件,0.0,308092172,1539219038,1.72847,-7543994
000988,华工科技,1.3,10650750,-0.76,27.59,-49036758,-0.43,,-49036758,318982304,-368019062,光模块、光芯片,0.33,1223659433,22441652823,1.01858,-2928469
600941,中国移动,0.5,3528916,-0.46,92.89,-49256973,0.09,,-49256973,179415628,-228672601,6G、算力,0.55,732240174,70422960744,0.609284,942553
600066,宇通客车,7.7,5333936,1.69,14.0,-49604375,2.87,,-49604375,87448152,-137052527,汽车类、高股息,1.16,557083391,12740286565,2.67592,6182486
603083,剑桥科技,5.3,22663347,-2.75,36.96,-50108333,-3.22,,-50108333,240355017,-290463350,光模块、CPO/MPO,-0.48,1114851493,8137495182,0.990917,899885
600760,中航沈飞,1.2,921922,-0.47,42.07,-50170310,-0.99,,-50170310,74118328,-124288638,军工、无人机,-0.52,477721034,39051692411,1.05191,1418483
002728,特一药业,1.8,6313484,-2.24,17.14,-54744796,-1.38,,-54744796,90066626,-144811422,NMN、止咳药,0.88,644824344,3290914174,0.963367,-4457299
000333,美的集团,0.9,3644256,-0.29,53.74,-55156333,2.34,,-55156333,267549676,-322706009,家电、并购重组,2.64,1352282942,178689131163,1.2173,3461091
601881,中国银河,0.3,4433536,-1.38,12.33,-55625470,0.0,,-55625470,276839936,-332465406,证券、中特估,1.4,819626780,84255381247,0.528959,-599007
002997,瑞鹄模具,0.5,2463758,0.68,41.41,-55641103,-6.65,,-55641103,142492713,-198133816,一体化压铸、汽车类,-7.28,650699128,4085818035,1.13214,5105998
002351,漫步者,8.5,7169391,-1.55,16.35,-56124348,-2.27,,-56124348,108240192,-164364540,智能音箱、无线耳机,-0.73,601969181,6620923275,1.59018,-26775685
600410,华胜天成,1.2,10682560,-1.3,7.39,-57445755,-4.03,,-57445755,112602529,-170048284,AI政务、芯片,-2.76,616170351,8103095707,0.672935,-11131453
601288,农业银行,0.6,4823907,0.28,3.63,-57524530,0.28,,-57524530,834599799,-892124329,银行、高股息,0.0,1524581310,116599504106,1.00939,-148261188
600853,龙建股份,2.5,57596508,9.94,4.78,-57563610,-1.04,,-57563610,301755426,-359319036,体育产业、基础建设,-9.98,1151606017,2689297097,4.46925,-15288221
002122,汇洲智能,0.4,11017501,-2.59,4.14,-59291261,-2.36,,-59291261,173081617,-232372878,数据中心、算力,0.24,818711070,5094487522,0.93391,-1888136
300049,福瑞股份,0.1,755550,-1.03,36.12,-61423653,-2.06,,-61423653,135221666,-196645319,医药、医疗器械,-1.04,513622981,7736356761,1.51355,-5681262
002512,达华智能,1.7,3598056,-1.48,5.16,-61713296,-4.27,,-61713296,89861974,-151575270,量子科技、智能驾驶,-2.82,549612873,3934759273,0.968816,-8551468
600919,江苏银行,3.1,8381156,-0.14,6.89,-62013277,-1.85,,-62013277,1007498460,-1069511737,银行、高股息,-1.71,1851049429,99053483731,2.31467,8482689
301131,聚赛龙,2.6,12104000,-5.82,53.5,-62096652,-11.54,,-62096652,91258860,-153355512,华为汽车、化工,-6.07,515869660,1246930200,1.26052,-4590774
600602,云赛智联,0.1,530424,-0.62,12.6,-62486493,-1.56,,-62486493,67681888,-130168381,阶跃星辰、国资云,-0.94,397436309,7576047703,0.782761,-3405724
603160,汇顶科技,0.5,11683280,-2.63,70.28,-65179575,1.68,,-65179575,218940025,-284119600,并购重组、模拟芯片,4.43,1013520354,17710283803,1.06832,3580329
000001,平安银行,0.5,4484160,-0.29,10.45,-66550520,0.38,,-66550520,382539583,-449090103,银行、高股息,0.67,957587534,79240411508,1.20117,-20279396
600547,山东黄金,2.2,1589952,-0.16,24.7,-74144550,-1.2,,-74144550,168677082,-242821632,黄金、并购重组,-1.04,687361684,47352982119,1.81255,-28097725
601328,交通银行,0.4,1005615,0.17,5.82,-74778532,-0.34,,-74778532,166731289,-241509821,银行、高股息,-0.51,494308113,228440028567,1.00375,-38076615
601988,中国银行,0.9,3136592,0.0,3.89,-75117035,0.26,,-75117035,551077898,-626194933,银行、高股息,0.26,981956952,86316672892,1.26131,4285129
002446,盛路通信,0.9,3745080,-0.59,9.77,-76813851,-3.84,,-76813851,212714269,-289528120,5G、军工,-3.27,945964680,8018191115,1.00892,-32173091
002115,三维通信,0.6,68759648,0.23,8.7,-79720549,1.64,,-79720549,710136836,-789857385,小红书概念、平台经济,1.4,2315403064,5922325424,1.76571,-17308089
600839,四川长虹,0.9,72644178,-3.43,6.22,-79889798,-3.12,,-79889798,1288309110,-1368198908,DeepSeek、算力,0.32,3988118900,22072692823,0.718331,6672064
301085,亚康股份,1.0,8856742,-2.18,63.21,-80020380,-7.59,,-80020380,107521942,-187542322,数据中心、英伟达概念,-5.53,537031987,1774410576,1.69924,-15280015
600864,哈投股份,11.6,20831400,-2.91,6.01,-81233754,-2.75,,-81233754,164436791,-245670545,证券、碳中和,0.17,567282096,6519504841,1.17173,-25939889
600809,山西汾酒,1.3,5892750,-0.16,242.51,-82509210,-0.15,,-82509210,401450857,-483960067,白酒、酿酒,0.0,1660142689,95814103552,1.52384,-13931222
600435,北方导航,1.5,6767761,-2.05,10.0,-91261821,-2.15,,-91261821,55510680,-146772501,军工、卫星导航,-0.1,448441941,9218334915,1.52732,-3037030
688041,海光信息,0.6,10826515,-0.8,59.44,-92313229,-1.1,,-92313229,622335887,-714649116,GPU、DeepSeek,-0.3,1729996376,52393152270,0.791753,21979099
002886,沃特股份,9.3,33030059,-2.99,20.38,-96811876,-7.74,,-96811876,117281285,-214093161,机器人概念、电磁屏蔽,-4.9,682181880,2369834354,2.56043,-69685315
301525,儒竞科技,0.4,2528000,-1.0,79.8,-98373152,0.0,,-98373152,82500508,-180873660,汽车类、储能,1.01,372494711,1780900432,1.90797,-18139178
600155,华创云信,0.5,17484350,-1.91,9.13,-98432754,-3.18,,-98432754,372475076,-470907830,证券、酿酒,-1.3,1343564707,18385444313,0.578919,-10045446
300394,天孚通信,0.4,8552109,-1.5,74.15,-99776539,-4.26,,-99776539,561495904,-661272443,CPO/MPO、三季报增长,-2.81,1501475606,15469296199,0.680871,-62478368
300250,初灵信息,7.7,27947430,0.1,18.31,-105420061,-6.15,,-105420061,153108531,-258528592,AI智能体、元宇宙,-6.25,867936715,2655507303,2.22872,-6468816
600100,同方股份,0.3,23000055,-2.09,8.49,-111211984,-1.62,,-111211984,333791097,-445003081,训推一体机、服务器,0.47,1463905375,19836052476,0.804273,-23890372
300457,赢合科技,0.6,2036034,-0.45,20.01,-117622848,-0.5,,-117622848,167271266,-284894114,锂电设备、固态电池,-0.05,719783493,5161729248,0.871746,-25756154
601136,首创证券,0.5,7509305,-1.47,22.39,-118276368,-3.2,,-118276368,175540696,-293817064,证券、互联网金融,-1.76,1000846737,6130877134,0.622242,-25191435
603768,常青股份,1.7,34599552,9.99,27.35,-138497137,-0.26,,-138497137,303278245,-441775382,汽车零部件、汽车类,-9.32,1041817264,2193680707,2.20735,-151280716
003039,顺控发展,1.5,72885350,7.54,18.98,-186147219,0.74,,-186147219,317451114,-503598333,水利、垃圾发电,-6.32,1141678483,2363386302,14.1313,-47714014
603985,恒润股份,0.3,136458524,-0.08,46.16,-197304269,-2.41,,-197304269,1279972858,-1477277127,算力租赁、风电零部件,-2.33,3305329515,8527950332,1.70227,-5958441
002671,龙泉股份,5.7,173262170,10.08,6.88,-217247325,10.08,3连板,-217247325,408207911,-625455236,基础建设、氢能源,0.0,1169548166,2730250839,4.35187,-132549684
600030,中信证券,0.5,2932764,-0.64,22.03,-230855037,1.06,,-230855037,731056323,-961911360,证券、金融概念,1.71,2036093789,199649804986,1.41711,31137573
000541,佛山照明,3.6,45624600,1.92,8.23,-235122931,-1.32,,-235122931,337051245,-572174176,华为汽车、汽车类,-3.18,1486655489,4310636653,1.56766,-28058125
601099,太平洋  ,0.2,16235602,-0.79,3.72,-262150874,-2.62,,-262150874,640144126,-902295000,证券、西部大开发,-1.85,2104055057,22528163833,0.675464,-11049240
600519,贵州茅台,1.0,50252800,-0.49,1676.71,-267549015,0.27,,-267549015,3231467074,-3499016089,白酒、酿酒,0.76,5754795486,826587424320,1.07718,-208488492
300045,华力创通,0.7,56051294,-2.7,28.4,-316990178,-6.36,,-316990178,816941062,-1133931240,卫星导航、创投,-3.76,3301163934,12643592054,0.806889,-135160793
300342,天银机电,2.3,102494900,5.6,22.27,-395137339,2.25,,-395137339,1113687637,-1508824976,商业航天、卫星导航,-3.17,3368229789,6558325794,1.2601,-130901147
