股票代码,股票名称,竞价量比,竞价金额,竞价涨幅%,价格,净额,涨幅%,板上信息,主力净额,主力买,主力卖,所属板块,区间涨幅%,成交额,实际流通,量比,300w大单净额
002528,ST英飞拓,0.8,529409,-0.59,9.28,385009128,9.95,首板,385009128,554767667,-169758539,ST板块、信创,10.61,1140385979,4494609279,2.44848,282692814
002654,万润科技,1.1,4569904,-0.84,10.47,209888066,9.98,首板,209888066,377234299,-167346233,存储、文化传媒,10.91,692795872,6094134988,1.21847,116989974
600850,电科数字,422.0,14061040,2.76,25.48,162956994,10.02,首板,162956994,402573511,-239616517,光刻机、算力,7.06,540746475,8893846210,5.05334,164437552
002385,大北农,0.7,134183,0.0,6.69,80582360,1.21,,80582360,164934575,-84352215,农业、转基因,1.21,359358344,20429970463,2.69108,17616298
001979,招商蛇口,1.0,860000,-0.65,13.72,50605732,-0.94,,50605732,140476325,-89870593,房地产、破净股概念,-0.29,443906207,37304782886,0.539423,-9756500
300374,中铁装配,0.5,292032,-0.72,15.8,47373691,3.13,,47373691,85518101,-38144410,中字头、乌克兰概念,3.88,296497276,1666560801,1.94179,0
000826,启迪环境,0.5,3754905,-1.03,3.95,42863257,1.54,,42863257,196935152,-154071895,固废处理、垃圾发电,2.6,708801431,4366030756,1.31683,3772884
002285,世联行,0.6,5495814,0.0,3.03,32533332,0.0,,32533332,78549067,-46015735,房地产、租售同权,0.0,279240269,3321890116,1.13211,3029791
002027,分众传媒,0.3,326800,0.26,7.53,31072481,-0.66,,31072481,114064778,-82992297,文化传媒、高股息,-0.92,344560783,55700215341,0.603529,-6090152
300560,中富通,0.8,505827,-0.6,19.11,28769468,4.77,,28769468,89439598,-60670130,车路云、智能驾驶,5.41,381132610,1481647994,1.66897,8795106
300585,奥联电子,1.2,415410,-0.33,19.52,27744978,6.32,,27744978,120453275,-92708297,无人驾驶、钙钛矿电池,6.67,535818268,1961338739,2.92886,0
300270,中威电子,37.4,3198840,-1.88,7.95,26481686,6.57,,26481686,55596024,-29114338,机器人概念、地方国企,8.61,313332526,1438151520,5.14075,0
300005,探路者,0.5,237120,-0.12,8.46,26369115,1.56,,26369115,99181982,-72812867,服装家纺、零售,1.68,231276047,5667811421,1.60829,0
300687,赛意信息,0.2,2028434,-0.63,23.7,25657406,-0.96,,25657406,79351986,-53694580,ERP、C2M,-0.34,369708456,6550687868,1.16038,3555936
600892,大晟文化,87.2,8904432,9.94,5.64,25452749,9.94,首板,25452749,53507801,-28055052,游戏、文化传媒,0.0,64148790,1700586618,1.90415,33220157
600690,海尔智家,0.6,683602,-0.08,24.49,23413019,-0.49,,23413019,78926768,-55513749,家电、电子商务,-0.41,345177168,80844222123,0.434352,16487298
002217,*ST合泰,1.0,26695124,-2.06,3.26,22701577,-3.84,,22701577,121315218,-98613641,ST板块、面板,-1.81,538927461,6875220786,1.86213,2993186
600794,保税科技,1.2,3285576,-0.54,3.67,21189996,-1.61,,21189996,36380155,-15190159,物流、一带一路,-1.08,120039305,2516723376,1.60777,0
600246,万通发展,4.0,524300,0.19,5.59,20808994,4.68,,20808994,118862567,-98053573,房地产、地产链,4.49,332128572,4976088944,2.80029,1686860
000721,西安饮食,2.0,1601300,0.22,13.8,20490930,3.22,,20490930,130176412,-109685482,旅游、并购重组,2.99,785805443,4611227274,1.41816,7736825
300467,迅游科技,4.3,1659212,2.17,16.47,19196081,8.43,,19196081,105707526,-86511445,游戏、西部大开发,6.12,559231846,2600430088,6.01956,0
300245,天玑科技,0.8,437536,-0.41,9.96,18851681,2.47,,18851681,42272019,-23420338,训推一体机、数字经济,2.89,233646702,2840965417,1.4494,0
601188,龙江交通,0.4,805142,0.56,3.61,18657116,1.4,,18657116,45297736,-26640620,网约车、公路运营,0.84,150537510,1494923062,1.48734,3361787
300674,宇信科技,0.4,688086,0.23,18.0,18162435,1.47,,18162435,129064371,-110901936,DeepSeek、蚂蚁金服概念,1.24,548759386,9344788509,1.22631,-1417430
002584,西陇科学,1.0,3581214,-2.0,6.63,16473910,2.0,,16473910,104025016,-87551106,化工、光刻胶,4.08,455997554,2579186449,1.47049,12574397
000818,航锦科技,5.5,2005578,0.67,33.14,16108577,0.3,,16108577,165457462,-149348885,算力、化工,-0.36,397437007,16347514486,2.0963,22106762
000558,天府文旅,0.8,377417,0.68,3.03,15916756,2.36,,15916756,55160711,-39243955,体育产业、旅游,1.68,228234671,2413167909,2.52159,0
002044,美年健康,0.5,110160,0.0,6.71,15566826,-1.32,,15566826,36219514,-20652688,AI医疗、健康中国,-1.32,136439713,20998036030,1.1323,0
002670,国盛金控,1.0,1851903,-0.5,10.27,14205919,3.22,,14205919,219757669,-205551750,证券、并购重组,3.74,889184921,6321524508,1.5887,12153938
300213,佳讯飞鸿,1.3,411520,0.0,6.56,14180316,2.02,,14180316,61417255,-47236939,工业互联网、元宇宙,2.02,272235498,3520055598,2.9438,0
300730,科创信息,5.0,250792,-1.02,14.36,13451208,4.28,,13451208,80161009,-66709801,AI政务、信创,5.36,403398637,2140583048,2.99126,3964308
300712,永福股份,6.0,36900,-0.45,30.68,13075137,-0.68,,13075137,19512961,-6437824,锂电池、柔性直流,-0.23,81098620,2767351042,2.31215,7836562
000615,ST美谷,0.9,3616650,-0.21,5.0,12917980,5.04,3天2板,12917980,60535813,-47617833,ST板块、医美,5.26,221153205,2646701944,0.877252,-4466000
002761,浙江建投,1.5,1212596,0.07,14.07,12863472,0.79,,12863472,83729582,-70866110,基础建设、建筑节能,0.72,415914821,7077749334,0.883325,0
600060,海信视像,0.7,190645,-0.14,20.8,12545546,-0.86,,12545546,27340349,-14794803,三季报增长、股权转让,-0.72,132711157,14165231787,0.780778,0
000905,厦门港务,0.7,219062,-0.26,7.54,12170506,-0.79,,12170506,46601773,-34431267,福建、港口,-0.53,123271641,2679558725,1.36559,8528160
002065,东华软件,1.2,743700,-0.3,6.67,11813053,-0.74,,11813053,43554770,-31741717,腾讯系AI 、国产软件,-0.45,172122900,14438528599,1.10853,0
603617,君禾股份,2.6,13403,0.88,10.55,11309709,3.23,,11309709,28615296,-17305587,机器人概念、跨境电商,2.33,110779715,2527614930,3.95346,0
002182,宝武镁业,0.0,51900,-0.1,20.43,10292985,-1.68,,10292985,30430151,-20137166,机器人概念、金属镁,-1.59,151629164,8934266025,0.949103,0
601789,宁波建工,1.1,163440,-0.22,4.51,10117558,-0.88,,10117558,26082944,-15965386,存储、数字经济,-0.66,70595863,3584786901,0.93634,4565039
601069,西部黄金,1.8,309855,-0.44,13.34,9857591,-2.7,,9857591,18760381,-8902790,黄金、并购重组,-2.27,121231959,3297153338,1.55095,0
300621,维业股份,1.3,51888,0.82,11.81,9606747,7.85,,9606747,34611269,-25004522,装修家具、并购重组,6.97,209041033,1117249759,9.36125,0
600185,格力地产,25.4,639304,0.48,6.16,9507058,-1.44,,9507058,27712099,-18205041,并购重组、免税,-1.91,117766222,6394098147,0.915509,0
002676,顺威股份,1.1,302085,0.49,4.2,8271331,2.69,,8271331,15240235,-6968904,光伏、低空经济,2.19,42502348,1838396063,2.16515,0
300072,海新能科,4.7,132741,0.0,3.36,8021028,-2.04,,8021028,18639009,-10617981,生物质能、环保,-2.04,48836142,5044383229,0.68537,0
000056,皇庭国际,4.3,951210,-1.13,3.61,7748943,1.69,,7748943,94314475,-86565532,房地产、并购重组,2.85,251641335,2073491912,3.439,-7185518
603161,科华控股,2.9,15311868,0.0,16.39,7605513,-4.49,,7605513,62277396,-54671883,汽车零部件、氢能源,-4.49,352931851,1169372542,2.44963,-3185888
000715,中兴商业,2.4,2498720,0.26,7.9,7576531,2.07,,7576531,36610822,-29034291,零售、电子商务,1.8,208916735,1567036744,1.21092,0
002713,东易日盛,0.9,210000,0.57,8.81,7481720,1.26,,7481720,16145177,-8663457,并购重组、AIGC,0.69,84362313,1605395147,1.09755,0
002195,岩山科技,0.2,1087814,-0.33,3.02,7221338,0.0,,7221338,68604512,-61383174,人工智能、互联网金融,0.33,220467350,15409000509,0.324391,-3009853
603118,共进股份,0.5,315276,-0.71,10.99,6888907,-2.4,,6888907,30908880,-24019973,华为概念、wifi6/7,-1.7,150858339,5048905173,0.719999,0
600350,山东高速,0.2,158032,-0.45,6.74,6851724,1.05,,6851724,17132802,-10281078,公路运营、高股息,1.51,88203789,4340921449,1.14879,0
603329,上海雅仕,0.9,1132677,0.0,13.78,6812002,-0.36,,6812002,11465170,-4653168,实控人变更、磷化工,-0.36,60002327,1204401509,0.890163,0
000921,海信家电,0.4,124073,0.47,22.8,6579725,-2.15,,6579725,18616270,-12036545,家电、并购重组,-2.61,129277806,8806875091,0.977891,14767561
300520,科大国创,4.4,2172515,0.72,20.82,6570936,0.1,,6570936,36720725,-30149789,算力、国产软件,-0.62,184083902,3620601757,1.23255,0
000516,国际医学,0.7,190931,0.13,7.64,6045182,-1.04,,6045182,37106557,-31061375,AI医疗、多胎概念,-1.16,146277952,12121173292,1.14128,6759961
603008,喜临门  ,0.2,176436,0.0,22.52,5841384,-0.44,,5841384,20415557,-14574173,智能家居、装修家具,-0.44,114649452,5988800060,0.632845,0
601600,中国铝业,0.9,4378538,-0.59,6.7,5730742,-1.03,,5730742,321644008,-315913266,有色金属、中特估,-0.45,856521002,53953684083,0.639801,-13591796
600488,津药药业,1.2,172320,0.0,4.73,5591153,-1.46,,5591153,6545153,-954000,医药零售、仿制药,-1.46,34483437,2269278874,0.748883,4243539
600491,龙元建设,1.5,122310,0.22,4.52,4962622,0.0,,4962622,11215733,-6253111,水利、破净股概念,-0.22,29537835,4532580270,0.532788,0
603223,恒通股份,1.9,545000,-0.5,10.02,4902623,-0.3,,4902623,11410987,-6508364,物流、天然气,0.2,51514821,3257862667,0.50707,0
000576,甘化科工,61.5,248952,-0.2,10.05,4869043,-0.89,,4869043,8586994,-3717951,军工、并购重组,-0.69,42191852,2462516463,1.45453,0
300277,海联讯,2.0,321024,0.0,8.42,4842447,0.72,,4842447,12108212,-7265765,并购重组、智能电网,0.72,70799513,1976623522,1.58995,0
600198,大唐电信,2.1,234880,-0.16,6.34,4787867,-1.09,,4787867,7796658,-3008791,芯片、并购重组,-0.94,46805852,3691254925,1.04268,0
600986,浙文互联,11.6,5160696,2.02,5.98,4708401,0.67,,4708401,85089686,-80381285,腾讯系AI 、网红经济,-1.32,272549866,6900209233,1.41156,-4925996
300710,万隆光电,34.2,509425,0.61,24.98,4625713,1.13,,4625713,8112924,-3487211,无人驾驶、股权转让,0.52,67638441,1681821915,2.49525,0
300716,泉为科技,1.1,191232,1.76,12.81,4580863,-1.84,,4580863,7162045,-2581182,异质结电池、化工,-3.54,30307654,1392108591,1.14968,0
002325,*ST洪涛,8.0,1089675,0.0,1.64,4567292,-1.8,,4567292,26620196,-22052904,ST板块、氢能源,-1.8,66613624,2258292375,1.13493,0
000659,珠海中富,1.6,128326,-0.65,2.99,4438469,-3.24,,4438469,9020233,-4581764,物流、代糖概念,-2.61,50213686,3058451011,1.5178,0
300247,融捷健康,9.9,329650,0.29,3.44,4436186,-0.58,,4436186,6673697,-2237511,医疗器械、病毒防治,-0.86,31099585,2360648010,1.00571,0
300084,海默科技,1.7,4167100,0.0,7.17,4403785,2.43,,4403785,49317099,-44913314,石油石化、天然气,2.43,283315966,2217089469,1.58475,0
002090,金智科技,1.2,147960,-0.45,10.81,3989082,-1.82,,3989082,11529705,-7540623,智能电网、机器人概念,-1.37,48423784,3010501757,1.11066,3905048
002490,ST墨龙,11.2,2024348,-1.36,4.33,3927632,-2.04,,3927632,8699527,-4771895,ST板块、石油石化,-0.69,68250323,1327103302,1.36629,0
300334,津膜科技,1.1,182253,0.26,7.67,3879148,0.0,,3879148,6993541,-3114393,污水处理、锂电池,-0.26,55133895,1361713575,0.592583,0
002524,光正眼科,0.7,40980,0.44,6.72,3744593,-1.18,,3744593,4067999,-323406,AI医疗、医美,-1.61,19873780,2577669696,0.987887,0
600651,飞乐音响,0.6,141410,-0.28,3.5,3722468,-2.51,,3722468,12217115,-8494647,阶跃星辰、小米汽车,-2.23,44313698,3040483677,1.16657,0
002437,誉衡药业,1.5,148392,-0.46,2.13,3698713,-1.84,,3698713,15907307,-12208594,创新药、民营医院,-1.39,49202016,4114838545,1.02697,0
300169,天晟新材,3.9,8134386,1.34,7.79,3480410,4.42,,3480410,130282874,-126802464,环保、参股券商,3.04,607300920,2064949366,1.06769,0
300681,英搏尔,7.0,25312,0.0,17.55,3284887,-2.93,,3284887,11540727,-8255840,汽车零部件、电机电控,-2.93,54987228,2622226121,1.24839,5098135
603959,ST百利  ,0.9,40656,0.11,9.05,3240626,-1.95,,3240626,19141146,-15900520,ST板块、汽车类,-2.06,64401823,3115100451,1.17429,0
002659,凯文教育,24.4,130092,0.23,4.41,3219474,-0.45,,3219474,8145718,-4926244,人工智能、地方国企,-0.68,56642919,1879324504,1.51605,0
002771,真视通,1.3,1020700,-0.17,17.31,3204510,-0.11,,3204510,34203283,-30998773,算力、数字经济,0.06,133645401,2545830815,0.465857,0
600322,津投城开,0.7,3427974,-3.26,3.07,3076875,0.0,,3076875,119036812,-115959937,房地产、并购重组,3.37,453259047,2501372368,0.855692,-3011226
000586,汇源通信,3.8,74550,0.0,14.75,3067622,-1.07,,3067622,5050036,-1982414,光模块、特高压,-1.07,30231849,1716950559,0.647916,0
002870,香山股份,1.4,134694,-0.37,31.6,2974236,-1.83,,2974236,9454762,-6480526,机器人概念、充电桩,-1.47,58427211,2330971271,0.886717,0
000796,凯撒旅业,0.3,192500,0.0,3.9,2966961,1.3,,2966961,6453550,-3486589,海南、免税,1.3,31508656,1641612184,0.719503,0
601877,正泰电器,1.1,650760,-0.08,24.19,2832779,-1.95,,2832779,67900392,-65067613,光伏组件、绿色电力,-1.87,321821347,26256668520,1.11654,0
002699,*ST美盛,0.5,3149664,-1.15,1.75,2821881,0.57,,2821881,23337089,-20515208,ST板块、元宇宙,1.74,109599539,1452753827,0.774292,0
000751,锌业股份,0.7,87204,-0.59,3.3,2816321,-2.94,,2816321,14650133,-11833812,金属锌、有色金属,-2.37,65139116,3564540493,0.711538,0
002802,洪汇新材,1.2,321677,0.0,11.73,2736802,-1.18,,2736802,3900794,-1163992,股权转让、化工,-1.18,35435035,990840357,0.442855,0
000528,柳工,3.5,1121848,-0.27,7.27,2713826,-0.41,,2713826,9711099,-6997273,工程机械、基础建设,-0.14,75552095,8463036444,0.529488,0
000711,*ST京蓝,1.5,134745,-0.51,1.99,2683809,1.53,,2683809,8967944,-6284135,ST板块、元宇宙,2.05,33273994,1487008136,1.04589,0
603088,宁波精达,2.4,104384,-0.32,9.23,2673081,-1.28,,2673081,10479697,-7806616,芯片、电池回收,-0.97,45649399,2372966967,0.905213,0
600594,益佰制药,8.9,310650,0.18,5.36,2647109,-1.47,,2647109,8454796,-5807687,并购重组、中药,-1.65,36683813,3253221160,0.909857,0
300635,中达安,2.2,349696,-0.36,13.75,2614802,0.29,,2614802,5420393,-2805591,国有企业、基础建设,0.66,48609839,1413680035,0.495861,0
300518,新迅达,1.6,84920,0.57,18.77,2604779,-2.19,,2604779,5287833,-2683054,网络直播、锂电池,-2.75,38525687,2178467210,1.46567,0
000632,三木集团,51.2,4733216,1.94,4.55,2524224,-1.73,,2524224,23411924,-20887700,房地产、福建自贸区,-3.6,168858194,1540336484,2.48876,0
300369,绿盟科技,1.1,575056,0.2,10.11,2472067,-0.3,,2472067,21417240,-18945173,数据安全、AI安全,-0.49,138688747,5692235051,0.537801,0
002647,*ST仁东,0.9,136374,0.0,5.69,2415753,-0.7,,2415753,6241176,-3825423,ST板块、超跌,-0.7,40315920,2572669578,0.699766,0
002581,未名医药,0.0,21424,-0.66,16.49,2335791,-0.6,,2335791,16042221,-13706430,医药、中药,0.06,49539150,5395657016,0.940879,0
688567,孚能科技,8.3,492493,-0.36,19.22,2330676,-0.36,,2330676,17326493,-14995817,锂电池、高压快充,0.0,84284780,15645569799,0.824882,0
600645,中源协和,1.1,62640,-0.29,17.23,2282312,-1.26,,2282312,24587214,-22304902,再生医学、干细胞,-0.98,56438695,6322552520,1.30712,8638001
600720,中交设计,2.6,162980,-0.62,11.12,2268928,-1.68,,2268928,12119747,-9850819,地产链、并购重组,-1.07,75857941,5803850997,1.42802,0
002548,金新农,0.3,89175,0.28,7.09,2234936,-1.94,,2234936,35379495,-33144559,猪肉、并购重组,-2.21,109019508,3858632461,0.595456,2006524
300201,海伦哲,1.7,137034,0.24,4.15,2223228,0.48,,2223228,24152043,-21928815,机器人概念、军工,0.24,109141420,3125973066,1.1063,0
300285,国瓷材料,1.8,118480,-0.2,29.42,2216086,-0.88,,2216086,6697668,-4481582,电阻电容、新材料概念,-0.68,65496616,16808493596,0.553239,0
300205,ST天喻,0.2,204282,-0.39,12.69,2213419,0.24,,2213419,11840526,-9627107,ST板块、数字经济,0.63,64822865,3252119978,1.27351,0
002563,森马服饰,2.5,125846,0.0,6.15,2103369,-1.28,,2103369,5796539,-3693170,服装家纺、高股息,-1.28,34809396,4358775881,0.624503,0
000955,欣龙控股,0.9,434891,0.0,4.78,2098042,-1.85,,2098042,4755210,-2657168,海南、病毒防治,-1.85,32534538,1933072850,0.753341,0
300025,华星创业,2.4,265200,0.78,12.86,2059464,-0.31,,2059464,28399098,-26339634,通信、数字经济,-1.08,100571340,4978121696,0.731173,3396781
000526,学大教育,0.8,184074,0.04,27.96,1945744,0.29,,1945744,5755665,-3809921,教育、并购重组,0.25,88886130,2036425509,1.10819,0
002552,宝鼎科技,1.2,4099590,-2.31,17.47,1943529,-6.13,,1943529,36588862,-34645333,覆铜板、并购重组,-3.91,146546218,1582104019,1.05045,7268750
300622,博士眼镜,3.6,199335,0.15,20.21,1919407,-1.51,,1919407,2452667,-533260,AI眼镜、端侧AI,-1.65,18062449,1954758119,0.481367,0
600297,广汇汽车,0.3,385838,-0.48,2.05,1862439,-0.97,,1862439,28805619,-26943180,换电站、汽车服务,-0.49,90030750,8124460268,0.70994,0
002653,海思科,1.0,16976,0.86,20.6,1857105,-2.09,,1857105,3039089,-1181984,AI医疗、西藏自治区,-2.92,26725764,5294683247,0.831287,0
600282,南钢股份,2.7,778358,0.27,3.72,1844458,0.54,,1844458,12472910,-10628452,钢铁、算力,0.27,82988128,9805664180,0.698137,0
300536,*ST农尚,0.2,109446,0.0,14.98,1830015,1.28,,1830015,21296218,-19466203,ST板块、园林,1.28,96869800,3513446276,0.665808,0
000039,中集集团,0.3,249550,0.28,7.07,1820762,-0.56,,1820762,7002359,-5181597,航运、破净股概念,-0.84,69580741,12540773203,1.05345,0
000851,ST高鸿,15.7,1833264,0.19,5.19,1796340,-0.38,,1796340,26502745,-24706405,ST板块、自主可控,-0.57,152742571,5100612288,2.1093,0
600881,亚泰集团,0.5,91592,0.0,2.11,1726514,-1.4,,1726514,10847743,-9121229,房地产、猴痘概念,-1.4,46206687,5869860685,0.927771,0
002667,威领股份,10.6,437880,0.07,13.05,1704393,-2.17,,1704393,3362993,-1658600,锂矿、锂电池,-2.25,34990188,2149218933,0.854398,0
600080,金花股份,1.6,11552,0.0,7.08,1658932,-1.94,,1658932,2854000,-1195068,中药、新冠药概念,-1.94,16386152,1832461532,1.08731,0
002832,比音勒芬,3.3,77096,-0.45,33.49,1649417,-0.53,,1649417,5059290,-3409873,体育产业、高股息,-0.09,49693503,11243289524,0.518284,0
300165,ST天瑞,2.2,408030,0.5,6.02,1574127,-0.66,,1574127,5347999,-3773872,仪器仪表、新冠检测,-1.15,33939986,2091241741,0.481261,0
600691,阳煤化工,0.6,1391940,-0.9,3.27,1379442,-1.8,,1379442,16273616,-14894174,煤化工、烧碱,-0.91,81461205,3861198014,0.690129,0
002479,富春环保,0.2,56916,0.22,4.51,1347189,-1.53,,1347189,2861026,-1513837,垃圾发电、绿色电力,-1.74,23840862,2525794907,0.596586,0
002789,建艺集团,1.4,52700,0.65,15.26,1325834,-0.91,,1325834,2667897,-1342063,装修家具、基础建设,-1.55,26459676,1107505159,0.710822,0
000888,峨眉山Ａ,0.3,154496,-0.09,10.82,1308157,-0.64,,1308157,18455477,-17147320,旅游、地方国企,-0.55,143824269,3444236311,1.25114,0
603838,四通股份,0.5,9825,-0.61,6.61,1292484,0.3,,1292484,2861348,-1568864,装修家具、地产链,0.92,32896879,1527844388,2.51009,0
300117,*ST嘉寓,0.2,27714,0.34,2.94,1277388,-1.01,,1277388,5485272,-4207884,ST板块、分布式光伏,-1.34,35594784,1300515039,0.993078,0
002685,华东重机,94.7,104512,0.55,3.64,1274203,-0.55,,1274203,4205056,-2930853,芯片、工业母机,-1.09,35981424,2639955330,0.948083,0
000702,正虹科技,0.1,33516,0.34,5.81,1235843,-0.85,,1235843,4047131,-2811288,猪肉、养殖业,-1.19,41703471,1160331324,0.924521,0
300385,雪浪环境,0.3,261547,0.31,6.27,1221400,-3.09,,1221400,2516003,-1294603,环保、有色金属,-3.39,53495808,1096940480,0.644748,0
002780,三夫户外,0.2,22100,0.39,12.75,1184282,-1.54,,1184282,1822934,-638652,户外运动、并购重组,-1.92,25179826,1563283427,1.0336,0
300108,*ST吉药,1.0,412832,-0.98,3.2,1162988,4.23,,1162988,11679037,-10516049,ST板块、中药,5.26,50621805,1727820676,0.871794,0
600422,昆药集团,0.3,233877,-0.75,15.72,1078762,-1.93,,1078762,14954358,-13875596,年报增长、中药,-1.19,119594012,7624266152,0.760829,0
300667,必创科技,4.8,266325,-0.53,16.5,1077950,-2.02,,1077950,5023497,-3945547,传感器、机器人概念,-1.49,49702900,2371785690,1.04475,0
603991,至正股份,3.9,253541,-0.7,35.28,1070995,-1.89,,1070995,2841835,-1770840,芯片、并购重组,-1.2,17079048,1925747580,1.28246,0
300425,中建环能,0.2,98600,-0.4,4.91,1055069,-0.81,,1055069,13201784,-12146715,中字头、环保,-0.41,73586238,2065880527,0.66636,0
002576,通达动力,2.1,190736,0.0,16.53,1036161,-2.94,,1036161,9473707,-8437546,比亚迪产业链、电机电控,-2.94,76500898,1913849934,1.3442,4376832
002760,凤形股份,2.1,278046,-0.29,24.33,1019751,-0.53,,1019751,13867684,-12847933,发电机、算力,-0.25,74431784,1525777225,2.01966,0
600960,渤海汽车,149.0,54683,-0.27,3.58,1019295,-2.72,,1019295,5808962,-4789667,机器人概念、华为汽车,-2.45,39600188,1882120681,1.30982,0
000735,罗牛山,10.1,188448,-0.17,5.98,990126,-1.16,,990126,8958199,-7968073,海南、猪肉,-0.99,69601724,5713947864,0.822828,0
300472,新元科技,1.2,42152,0.21,9.35,984218,-2.2,,984218,3107961,-2123743,光伏、新型工业化,-2.4,25565248,2092984625,0.786454,0
600486,扬农化工,0.3,84825,-0.32,65.74,979588,0.43,,979588,7847568,-6867980,化工、农药,0.75,72219416,15488604069,0.914168,0
002083,孚日股份,0.9,46800,0.21,4.62,927661,-1.07,,927661,3139773,-2212112,电解液、服装家纺,-1.28,28121001,2670853765,1.15111,0
300391,长药控股,0.5,54984,0.8,6.15,925439,-1.91,,925439,2708407,-1782968,中药、并购重组,-2.69,22282852,1695653421,0.708991,0
300271,华宇软件,0.6,33855,-0.44,9.05,924610,-1.52,,924610,10537319,-9612709,人工智能、国产软件,-1.09,76685712,6268174661,0.591631,0
300469,信息发展,0.0,7560,-0.26,18.97,910907,0.11,,910907,5394867,-4483960,车路云、并购重组,0.37,47227538,2698669749,0.835627,0
002883,中设股份,1.2,127651,-0.67,11.92,910507,-0.75,,910507,1526677,-616170,低空经济、土壤修复,-0.08,16813925,1169538069,0.673393,0
000622,*ST恒立,4.0,161075,0.0,4.21,884406,-0.94,,884406,7102501,-6218095,ST板块、汽车热管理,-0.94,39301058,1361802640,0.863448,0
002580,圣阳股份,0.1,6258,0.0,8.75,876823,-2.13,,876823,3277394,-2400571,电源、储能,-2.13,35269118,2812979242,1.03752,0
000403,派林生物,10.2,239844,0.83,17.99,824262,-0.17,,824262,3427342,-2603080,医药、病毒防治,-0.99,58380611,7949748655,1.3366,0
002857,三晖电气,1.4,72238,0.42,18.73,823482,-1.06,,823482,823482,0,变压器、电力,-1.47,8049528,1567967732,0.437036,0
600233,圆通速递,0.6,361998,0.26,15.06,818075,-2.4,,818075,30871062,-30052987,物流、股权转让,-2.65,173710151,22003137032,1.08583,-754234
601866,中远海发,1.1,545865,0.0,2.39,808738,-0.83,,808738,11778437,-10969699,航运、并购重组,-0.83,43508638,9138940445,0.755315,0
002059,云南旅游,6.3,345000,0.0,6.28,777562,0.48,,777562,13310057,-12532495,旅游、REITs,0.48,69045445,2499071098,1.7949,0
300399,天利科技,0.2,91460,-0.3,13.64,771003,1.11,,771003,14149500,-13378497,互联网金融、地方国企,1.41,114066247,1477621248,0.748649,0
002856,美芝股份,1.1,88160,0.36,10.88,739629,-0.91,,739629,1983938,-1244309,装修家具、并购重组,-1.27,33872986,823248110,0.826868,0
000790,华神科技,1.7,178729,0.41,4.8,709326,-1.03,,709326,1958094,-1248768,合成生物、中药,-1.44,27920494,2448439473,0.869883,0
002366,融发核电,0.5,42228,0.0,6.1,701760,-0.33,,701760,10120666,-9418906,核电、超超临界概念,-0.33,60395234,4741608776,0.708233,0
000761,本钢板材,0.5,44109,0.53,3.7,662415,-1.33,,662415,2891516,-2229101,钢铁、央企,-1.86,47373274,2081423681,0.78816,0
603955,大千生态,0.2,27676,0.25,15.8,638800,-2.71,,638800,638800,0,股权转让、并购重组,-2.95,13668406,1263774628,0.73412,0
300648,星云股份,1.0,5298,0.19,25.75,634090,-2.61,,634090,7368940,-6734850,固态电池、工商业储能,-2.79,35395718,2097284812,1.09753,0
600603,ST广物  ,0.9,765984,-0.63,6.18,592440,-2.83,,592440,15028704,-14436264,ST板块、地产链,-2.22,89794240,3752825740,0.563558,0
300345,华民股份,0.8,628168,-1.89,9.16,567461,-3.58,,567461,4235978,-3668517,光伏、并购重组,-1.72,45433334,3233356523,1.03311,0
002769,普路通,1.2,66612,0.0,8.56,562832,0.24,,562832,4402465,-3839633,固态电池、储能,0.23,33853146,1841494969,1.44857,0
600844,丹化科技,1.9,26226,0.36,2.76,546003,-1.78,,546003,546003,0,煤化工、化工,-2.13,11538502,1663674328,0.576099,0
300076,GQY视讯,1.8,549780,0.75,5.3,543197,-0.93,,543197,6681066,-6137869,机器人概念、VR/AR/MR,-1.67,41606060,1454167042,0.79804,0
002069,獐子岛,1.3,150360,0.0,4.13,538926,-1.67,,538926,7188589,-6649663,预制菜、核污染概念,-1.67,63611401,1668346929,0.505597,0
603988,中电电机,2.5,90157,-0.1,10.01,531700,-1.28,,531700,1041700,-510000,风电、股权转让,-1.18,21084105,927832120,1.42822,0
000677,恒天海龙,0.2,23409,0.0,2.88,522397,-0.35,,522397,1577950,-1055553,低空经济、化纤,-0.35,19947692,1658694170,1.17986,0
000782,恒申新材,0.0,1554,-0.19,5.11,502829,-1.54,,502829,2804407,-2301578,化工、化纤,-1.35,17147954,1947425081,0.982961,0
002880,卫光生物,0.9,99789,-0.26,34.0,497444,-1.45,,497444,1538202,-1040758,地方国企、国有企业,-1.19,27148966,2130168559,0.71201,0
000635,英力特,9.9,105672,-0.22,8.78,442198,-1.35,,442198,442198,0,国有企业、氢能源,-1.13,13522986,1299816101,0.756631,0
000860,顺鑫农业,0.9,277772,-0.46,25.59,425976,-1.88,,425976,25373187,-24947211,白酒、酿酒,-1.43,192604208,11870032653,0.772931,7704285
603268,松发股份,0.3,12774,0.0,21.14,423577,-0.7,,423577,423577,0,并购重组、锂电池,-0.7,14773573,1113483714,0.542015,0
300069,金利华电,0.0,4410,-0.07,14.53,420480,-1.22,,420480,420480,0,并购重组、特高压,-1.16,13167274,967365977,0.791263,0
002816,和科达,0.5,174515,-0.76,10.68,416766,1.42,,416766,1484150,-1067384,数据中心、算力,2.2,11893054,781942800,0.706777,0
600356,恒丰纸业,0.0,4010,0.25,7.92,399726,-1.0,,399726,2457885,-2058159,并购重组、破净股概念,-1.25,18667091,1660475207,0.977391,0
300180,华峰超纤,0.6,43542,0.0,3.47,366748,-1.98,,366748,7650402,-7283654,跨境支付、股权转让,-1.98,49699424,4455218901,0.917523,0
002893,京能热力,0.8,768180,0.34,11.57,362266,-1.62,,362266,5199522,-4837256,热力、碳中和,-1.95,77859287,1487986788,0.733886,0
603877,太平鸟  ,1.8,65170,0.0,18.37,352703,-1.34,,352703,352703,0,电子商务、高股息,-1.34,21746735,2328208110,0.741154,0
600682,南京新百,0.2,89040,0.0,7.85,336107,-1.26,,336107,6920386,-6584279,破净股概念、零售,-1.26,37111316,6007548538,0.686311,0
600857,宁波中百,12.8,49929,-0.1,9.7,328972,-1.02,,328972,702754,-373782,零售、黄金,-0.92,16004610,1428906937,0.704111,0
300132,青松股份,0.2,10840,0.0,5.35,285763,-1.29,,285763,3245440,-2959677,合成生物、病毒防治,-1.29,28157449,2324524528,0.915373,0
000695,滨海能源,1.0,27192,0.57,12.15,282240,-1.14,,282240,1738405,-1456165,固态电池、锂电池,-1.7,13223825,2016867828,1.41925,0
603239,浙江仙通,10.1,140087,0.14,13.53,281377,-2.31,,281377,2180558,-1899181,华为汽车、地方国企,-2.45,22330913,1369029821,1.11276,0
002515,金字火腿,1.4,76859,-0.39,5.08,263209,-0.59,,263209,4848656,-4585447,食品饮料、算力,-0.2,29980355,3411453350,0.67719,0
000691,亚太实业,0.7,45080,0.2,4.82,242418,-1.43,,242418,1099269,-856851,化工、甘肃省,-1.63,22667465,1213349390,0.822734,0
603637,镇海股份,9.1,85900,-0.12,8.5,229327,-1.16,,229327,1944487,-1715160,石油石化、化工,-1.05,19436819,1733491559,0.944282,0
000566,海南海药,1.5,96750,-0.22,4.42,166386,-2.0,,166386,7885948,-7719562,创新药、病毒防治,-1.78,41451018,3372349444,1.20018,0
002452,长高电新,0.5,86428,0.0,6.85,145787,-1.72,,145787,4949216,-4803429,电气设备、湖南,-1.72,29049743,3331695325,0.756255,3601798
002471,中超控股,0.8,1195600,-0.33,2.99,142866,-2.29,,142866,41197199,-41054333,商业航天、柔性直流,-1.97,184581174,3137863867,0.868626,-3009531
600936,广西广电,0.7,170144,0.0,4.04,142236,-1.22,,142236,4472615,-4330379,并购重组、广电网,-1.22,31250852,4442918966,0.688124,0
300478,杭州高新,0.5,53616,0.45,11.08,136886,-0.36,,136886,458582,-321696,游戏、并购重组,-0.81,22312034,844322881,0.795399,0
300555,ST路通,0.5,25056,0.29,6.85,103759,-1.3,,103759,1132683,-1028924,ST板块、农业,-1.58,15851873,1094398749,1.2712,0
000713,丰乐种业,1.6,122958,0.22,8.81,88431,-0.9,,88431,11890392,-11801961,农业、转基因,-1.12,52414232,3827971273,1.32915,0
002671,龙泉股份,0.5,26096,0.0,4.6,78855,-1.29,,78855,2496563,-2417708,基础建设、氢能源,-1.29,30290509,1517205267,0.706417,0
603022,新通联  ,2.5,348816,0.9,9.9,74364,-1.49,,74364,546592,-472228,汽车零部件、并购重组,-2.37,22714604,917111108,1.26668,0
603819,神力股份,0.0,0,0.0,14.19,67655,-0.42,,67655,430451,-362796,轨道交通、并购重组,-0.42,11643076,1466255860,0.924346,0
600165,*ST宁科 ,131.0,224272,0.94,4.11,65059,-3.07,,65059,3997664,-3932605,ST板块、新材料概念,-3.97,47433123,1988162055,1.27595,0
002787,华源控股,1.3,278154,-0.55,9.03,53522,-1.2,,53522,6055264,-6001742,年报增长、食品饮料,-0.66,48821056,1506517624,0.821079,0
600722,金牛化工,0.1,990,0.41,4.89,50136,-0.81,,50136,3066280,-3016144,化工、甲醇,-1.21,18348122,1465789152,0.959634,0
002348,高乐股份,26.9,89056,-0.27,3.65,40070,-1.08,,40070,4620698,-4580628,成人用品、固态电池,-0.82,20310120,2379117224,0.791174,201647
002346,柘中股份,0.6,21148,0.08,12.17,17751,-2.09,,17751,443880,-426129,电气设备、算力,-2.17,19076708,2340306222,1.03479,0
002848,高斯贝尔,1.6,1647306,1.93,10.21,3691,-1.64,,3691,14556824,-14553133,算力、卫星导航,-3.5,178081464,1069701083,3.20823,0
603909,建发合诚,2.9,61495,0.32,12.45,0,-0.48,,0,0,0,基础建设、地产链,-0.8,14269082,1858447724,0.903456,0
603683,晶华新材,1.0,23716,0.19,10.48,0,-2.6,,0,0,0,固态电池、锂电池,-2.78,19354023,1021069490,0.915669,0
600052,东望时代,46.5,266724,-0.21,4.72,0,-1.46,,0,0,0,热力、地方国企,-1.26,19421501,2328310335,0.737701,0
300626,华瑞股份,1.2,34848,-0.21,9.51,0,-1.96,,0,0,0,地方国企、国有企业,-1.76,17396964,886449635,0.833671,0
002633,申科股份,0.8,23694,0.47,10.54,0,-1.68,,0,0,0,股权转让、风电,-2.14,12319468,703578132,0.638339,0
600746,江苏索普,0.7,286715,0.14,7.07,-31836,-0.98,,-31836,4258799,-4290635,化工、甲醇,-1.12,35577800,2117067465,1.36514,0
000779,甘咨询,11.8,143780,0.18,10.88,-55067,-1.45,,-55067,3406848,-3461915,算力、基础建设,-1.63,29995736,1720901355,0.663539,0
002297,博云新材,2.1,155856,-0.26,7.52,-107374,-1.83,,-107374,1944152,-2051526,军工、大飞机,-1.57,30600904,3147016951,0.990533,0
600983,惠而浦  ,0.4,53262,0.37,7.95,-113648,-1.12,,-113648,796416,-910064,年报增长、C2M,-1.49,16592162,1382351495,0.667651,0
600279,重庆港  ,0.6,12068,0.0,4.29,-113892,-0.46,,-113892,1587483,-1701375,并购重组、港口,-0.46,21667371,1857392205,0.736741,0
002330,得利斯,0.5,187082,-0.51,5.73,-119963,-1.88,,-119963,3424823,-3544786,预制菜、猪肉,-1.38,41802133,2153105141,0.951803,0
600512,腾达建设,0.5,131320,0.0,2.64,-133704,-1.49,,-133704,7003336,-7137040,基础建设、破净股概念,-1.49,45293964,3590006683,0.639706,0
000829,天音控股,0.5,487595,0.0,8.62,-143802,-0.12,,-143802,19583711,-19727513,华为手机、网红经济,-0.12,117889006,5752618543,1.02231,0
600623,华谊集团,0.7,83840,0.31,6.47,-145234,-0.92,,-145234,3260040,-3405274,汽车类、醋酸,-1.22,30046142,4160654384,0.655033,0
600876,凯盛新能,1.0,55296,0.0,15.12,-146127,-1.56,,-146127,311073,-457200,光伏玻璃、光热储能,-1.56,23601568,2551333462,0.917522,0
600882,妙可蓝多,0.4,188944,-0.92,18.97,-157272,-2.52,,-157272,9479084,-9636356,乳业、食品饮料,-1.61,70434616,4838513174,0.615295,0
002468,申通快递,9.2,1153620,0.29,10.07,-193538,-0.98,,-193538,5810884,-6004422,年报增长、物流,-1.27,55895041,7484876282,0.380521,0
600055,万东医疗,3.1,511664,-0.55,18.09,-194100,-0.5,,-194100,2939686,-3133786,医疗器械、医药,0.06,45028134,6951880549,0.773664,0
603056,德邦股份,0.7,108339,-0.19,16.03,-216485,-1.05,,-216485,2968366,-3184851,物流、股权转让,-0.87,27958966,3546310036,0.735284,0
300424,航新科技,3.8,124550,-0.3,13.21,-243750,-0.6,,-243750,4420040,-4663790,军工、低空经济,-0.3,46145365,2499769465,1.16185,0
300022,吉峰科技,1.5,34020,0.0,4.79,-249759,-1.44,,-249759,885489,-1135248,农机、农业,-1.44,19841445,1461808794,0.861378,0
603021,山东华鹏,0.3,28713,-0.35,5.56,-272160,-1.59,,-272160,2170097,-2442257,玻璃、医疗器械,-1.24,17789264,1053041384,1.25863,0
002088,鲁阳节能,0.4,11760,0.48,16.49,-275242,-1.38,,-275242,387269,-662511,储能、并购重组,-1.85,25348838,2918082288,0.948994,0
300175,朗源股份,9.7,38715,-0.67,4.42,-276950,-1.34,,-276950,1508134,-1785084,农业、算力,-0.67,26294894,1586374196,0.675631,0
601107,四川成渝,0.5,87819,0.0,4.01,-284390,0.0,,-284390,1694197,-1978587,西部大开发、成渝经济圈,0.0,26331509,6010267847,0.463454,0
002357,富临运业,0.5,132990,-0.56,7.11,-302198,-1.11,,-302198,3013422,-3315620,网约车、成渝经济圈,-0.56,35895756,1559193147,0.832569,-3315620
300211,亿通科技,0.8,172414,-0.43,9.13,-333786,-1.4,,-333786,314760,-648546,AI眼镜、脑机接口,-0.98,26768932,1385682717,1.05442,0
600193,创兴资源,0.0,0,0.0,5.34,-336637,-0.56,,-336637,0,-336637,算力、装修家具,-0.56,11114566,1555014228,0.886604,0
300056,中创环保,0.0,270699,0.8,6.11,-340083,-2.4,,-340083,5665249,-6005332,实控人变更、并购重组,-3.17,28039349,1618158674,1.08846,0
300540,蜀道装备,3.8,40850,-0.19,21.28,-346795,-1.21,,-346795,1192579,-1539374,西部大开发、天然气,-1.02,39805615,1790866494,0.658242,0
000722,湖南发展,3.5,69741,-0.36,10.84,-365444,-2.43,,-365444,9171296,-9536740,电力、养老概念,-2.08,47013174,2444334582,1.3451,0
603010,万盛股份,0.7,43056,-0.36,10.93,-368567,-1.35,,-368567,328199,-696766,比亚迪产业链、化工,-1.0,19338950,4102943554,0.974497,0
600866,星湖科技,0.5,74589,-0.19,5.22,-371682,-1.51,,-371682,1123478,-1495160,合成生物、病毒防治,-1.32,15548851,3079879165,0.565879,0
603031,安孚科技,0.7,32886,0.3,46.8,-387991,-0.09,,-387991,1308421,-1696412,锂电池、并购重组,-0.38,10671370,2193449964,1.07869,0
300283,温州宏丰,3.6,394680,-0.45,6.39,-388027,-3.62,,-388027,14676464,-15064491,电气设备、智能电网,-3.18,126556221,1709272850,1.5879,0
601177,杭齿前进,5.7,106057,0.0,9.55,-397006,-1.85,,-397006,1655754,-2052760,机器人概念、农业,-1.85,22547863,1908170783,0.872144,0
603488,展鹏科技,0.5,51520,0.37,7.91,-397057,-1.37,,-397057,0,-397057,军工、并购重组,-1.74,13794674,1328283411,0.748094,0
002418,康盛股份,5.2,70265,0.34,2.9,-424620,-2.68,,-424620,11674451,-12099071,液冷服务器、汽车类,-3.01,56651621,2393386245,1.14472,0
603016,新宏泰  ,0.0,0,0.0,20.35,-443009,-2.4,,-443009,0,-443009,电气设备、特高压,-2.4,12591290,1461799038,0.731821,0
000017,深中华A,0.4,39525,0.43,4.57,-458099,-1.3,,-458099,458000,-916099,黄金、锂电池,-1.72,16012030,1096855511,0.923312,0
600070,*ST富润 ,2.9,213444,-0.34,2.92,-460606,-1.02,,-460606,585998,-1046604,ST板块、异质结电池,-0.68,8026352,1184867053,0.537074,0
002660,茂硕电源,0.6,93126,0.11,9.0,-474956,-1.31,,-474956,1513866,-1988822,电源、LED,-1.42,35908774,1605875094,1.05541,0
002638,勤上股份,1.8,213285,-0.67,2.93,-479096,-1.35,,-479096,3675587,-4154683,教育、低空经济,-0.68,34666245,2627892342,0.873917,0
000023,*ST深天,0.0,0,0.0,6.29,-485367,-0.94,,-485367,0,-485367,ST板块、股权转让,-0.94,4155625,581762077,0.585972,0
601519,大智慧  ,0.7,663850,-0.26,7.81,-488129,-0.26,,-488129,75169960,-75658089,互联网金融、并购重组,0.0,317511243,9090225254,0.804181,2709630
002678,珠江钢琴,0.9,25300,0.17,5.66,-494190,-1.39,,-494190,0,-494190,多胎概念、地方国企,-1.57,10186461,1923795508,0.997205,0
002047,宝鹰股份,0.3,17458,0.0,2.95,-495460,-1.99,,-495460,3061927,-3557387,股权转让、元宇宙,-1.99,25553487,3096661025,0.715099,0
002899,英派斯,1.3,135622,0.32,15.61,-498016,-0.7,,-498016,0,-498016,AI眼镜、体育产业,-1.01,19449505,1240084825,0.413025,0
002022,科华生物,1.3,76560,-0.34,8.68,-518488,-1.7,,-518488,440000,-958488,医疗器械、新冠检测,-1.36,24409543,3634602824,0.870784,0
000793,华闻集团,0.6,383680,-0.45,2.18,-530331,-1.36,,-530331,8161483,-8691814,海南、参股券商,-0.91,46032547,3697296820,0.993203,0
603133,退市碳元,0.0,21762,0.0,6.85,-533507,-2.42,,-533507,0,-533507,商业航天、卫星导航,-2.42,7217061,938592994,0.976811,0
002554,惠博普,2.5,431148,-0.81,3.65,-545344,-1.08,,-545344,9051307,-9596651,石油石化、碳中和,-0.27,42225208,2922827804,1.05156,0
300137,ST先河,0.3,1424022,-0.82,6.03,-558237,-1.47,,-558237,19632099,-20190336,核污染概念、环保,-0.66,112457002,2834738122,0.487074,0
002609,捷顺科技,0.6,107898,-0.54,10.92,-569297,-1.36,,-569297,4819792,-5389089,智慧停车、华为概念,-0.82,43282704,3444681541,0.722674,0
002486,嘉麟杰,0.7,34155,-0.34,2.95,-589998,-1.01,,-589998,0,-589998,户外运动、露营经济,-0.67,14788228,2016839435,0.703507,0
300321,同大股份,2.0,154686,0.0,17.64,-596826,-0.79,,-596826,0,-596826,聚氨酯、化工,-0.79,11891815,718557849,0.851137,0
600006,东风股份,1.7,101672,0.0,5.57,-604063,-1.94,,-604063,10741942,-11346005,并购重组、新能源汽车,-1.94,60171468,4444860000,0.800793,0
603808,歌力思  ,3.3,165758,0.16,12.18,-605755,-1.38,,-605755,326045,-931800,小红书概念、平台经济,-1.54,17707698,2024047085,0.830756,0
600170,上海建工,0.8,317198,0.0,2.75,-611717,-1.08,,-611717,25296872,-25908589,破净股概念、一带一路,-1.08,113144480,12908420282,0.847315,0
300484,蓝海华腾,0.9,95788,0.16,12.19,-641391,-1.85,,-641391,1699991,-2341382,固态电池、新能源汽车,-2.01,32912734,1855065966,1.06477,0
002644,佛慈制药,0.7,62292,-0.19,10.53,-654225,-2.14,,-654225,2430798,-3085023,中药、地方国企,-1.96,32716568,2062496571,1.33387,0
000631,顺发恒业,1.6,101320,0.34,2.91,-674615,-2.02,,-674615,1123980,-1798595,房地产、风电,-2.35,23402946,2628032783,0.776533,0
600281,华阳新材,1.0,29106,-0.23,4.35,-688117,-1.58,,-688117,351971,-1040088,煤化工、有色金属,-1.36,13193387,1262485933,0.951514,0
603356,华菱精工,2.7,36720,0.22,13.43,-692994,-1.03,,-692994,0,-692994,实控人变更、基础建设,-1.25,18183258,1295616041,0.869618,0
600668,尖峰集团,0.8,40355,0.09,11.39,-695765,-1.13,,-695765,1305230,-2000995,医药、地产链,-1.21,22683016,3286130731,0.752576,0
300019,硅宝科技,57.0,574902,0.9,16.54,-701903,-0.72,,-701903,2945670,-3647573,成人用品、有机硅,-1.61,59784320,3931983708,1.76414,0
300492,华图山鼎,0.2,6033,0.0,60.25,-703783,-0.13,,-703783,1492823,-2196606,装修家具、基础建设,-0.13,9281243,2729138950,0.55981,0
002775,文科股份,9.3,91392,0.49,4.01,-714061,-1.23,,-714061,0,-714061,光伏、绿色电力,-1.72,16859623,1234735013,0.645828,0
603685,晨丰科技,1.1,35604,0.32,15.3,-739172,-0.84,,-739172,305199,-1044371,绿色电力、电力,-1.16,12443838,879614572,0.650835,0
600817,宇通重工,0.0,34685,0.2,9.67,-740050,-2.22,,-740050,0,-740050,无人驾驶、环保,-2.42,16301015,1482076523,0.909689,0
600605,汇通能源,1.0,1950,-0.41,19.39,-745856,-0.97,,-745856,8873139,-9618995,房地产、物业服务,-0.56,37033759,1826101464,0.498636,-1060672
002715,登云股份,1.7,112125,-0.33,14.83,-748960,-1.13,,-748960,0,-748960,汽车零部件、并购重组,-0.8,21889629,1249231200,1.13684,0
600548,深高速  ,27.3,76178,-0.54,9.41,-755717,0.75,,-755717,795789,-1551506,基础建设、并购重组,1.29,22073294,3454120514,0.88501,0
300464,星徽股份,1.0,18570,0.16,6.06,-763805,-1.94,,-763805,614000,-1377805,跨境电商、电子商务,-2.1,23161684,1260263147,1.08345,0
300091,金通灵,0.8,468704,0.33,2.92,-764655,-2.99,,-764655,3318419,-4083074,储能、并购重组,-3.31,35700636,2631842692,1.03396,0
002264,新华都,1.9,68448,-0.18,5.45,-766535,-1.45,,-766535,976600,-1743135,白酒、酿酒,-1.27,24365646,2207437668,0.796106,0
600643,爱建集团,6.2,745524,-0.19,5.3,-774403,-0.38,,-774403,2923537,-3697940,金融概念、破净股概念,-0.19,41199130,4534943303,0.678114,0
600156,华升股份,1.6,150228,0.21,4.64,-785232,-0.64,,-785232,399285,-1184517,机器人概念、土地流转,-0.85,23239353,1111506138,0.749724,0
002664,信质集团,0.9,161115,-0.07,13.74,-787872,-2.0,,-787872,334202,-1122074,机器人概念、电机电控,-1.93,39633396,2897122521,0.910932,0
600865,百大集团,1.2,440865,-1.02,8.9,-801346,0.91,,-801346,2930288,-3731634,零售、物业服务,1.95,36135480,1483478419,0.815863,0
002763,汇洁股份,1.1,123000,-0.36,8.16,-819723,-0.85,,-819723,0,-819723,小红书概念、高股息,-0.49,21225652,1083021467,0.643867,0
300449,汉邦高科,0.7,136250,-0.32,6.19,-834100,-1.27,,-834100,392490,-1226590,VR/AR/MR、人工智能,-0.96,31192160,1715227783,0.636137,0
300248,新开普,1.7,347115,-0.11,9.4,-835130,-1.26,,-835130,7668693,-8503823,人工智能、数字经济,-1.16,73993221,3560872260,0.903844,0
002853,皮阿诺,0.5,98800,0.26,18.58,-837046,-1.95,,-837046,620003,-1457049,小红书概念、平台经济,-2.21,24708789,1674567421,0.617625,0
300566,激智科技,0.2,391745,-0.89,16.36,-866099,-2.73,,-866099,5189889,-6055988,POE胶膜、光伏,-1.86,76782993,3289707916,0.788382,0
002072,凯瑞德,2.2,104976,0.15,6.36,-880137,-1.7,,-880137,647935,-1528072,并购重组、煤炭,-1.85,18355747,1217842305,0.83702,0
002628,成都路桥,51.0,34272,0.0,3.32,-902902,-1.19,,-902902,336000,-1238902,西部大开发、基础建设,-1.19,26413279,1994785399,0.73079,0
600283,钱江水利,2.7,53040,-0.3,13.09,-905533,-1.58,,-905533,8501520,-9407053,水利、基础建设,-1.28,52183101,1884139652,1.05085,0
002205,国统股份,0.4,61275,-0.37,10.57,-918883,-2.04,,-918883,483300,-1402183,国有企业、风电,-1.67,32780443,1370271658,0.481234,0
000078,海王生物,2.2,33440,-0.33,3.01,-921729,-1.31,,-921729,1966053,-2887782,医药、病毒防治,-0.99,24069690,4230116181,0.869219,0
002211,宏达新材,0.1,56985,0.0,3.85,-923165,-2.04,,-923165,913768,-1836933,神经网络、数字经济,-2.04,27270278,1046203494,0.904145,0
002187,广百股份,1.9,60333,-0.15,6.58,-932325,-0.9,,-932325,1186398,-2118723,零售、并购重组,-0.75,28711613,1676497228,0.965841,0
000897,津滨发展,3.9,2071080,0.0,2.6,-947028,-1.52,,-947028,23706239,-24653267,房地产、地产链,-1.52,138365546,3338695310,0.571929,0
603789,星光农机,3.4,40084,0.44,8.93,-958265,-1.54,,-958265,0,-958265,农机、农业,-1.98,17248303,1014600600,0.79992,0
002096,易普力,2.8,112308,0.0,11.24,-971514,-1.92,,-971514,1285765,-2257279,民用爆破、基础建设,-1.92,16870121,1458112522,0.762959,0
600751,海航科技,0.9,175152,0.38,2.61,-979848,-1.88,,-979848,7160280,-8140128,海南、算力,-2.25,43716028,3416728335,0.941056,0
603903,中持股份,0.7,257655,0.0,9.52,-988402,-1.35,,-988402,0,-988402,水务、PPP概念,-1.35,20048630,1325898829,0.419363,0
002282,博深股份,0.7,71780,0.0,7.27,-991958,-1.76,,-991958,472140,-1464098,轨道交通、一带一路,-1.76,19750749,2310493294,0.954325,0
603616,韩建河山,0.4,210330,-0.18,5.62,-1006626,-1.58,,-1006626,1819319,-2825945,基础建设、水利,-1.4,40048148,1389480854,0.647565,0
600847,万里股份,0.4,22002,-0.09,11.47,-1021474,-1.04,,-1021474,0,-1021474,股权转让、锂电池,-0.95,22185654,1340444854,1.16844,0
000590,启迪药业,0.1,6728,0.12,8.25,-1026757,-1.79,,-1026757,899733,-1926490,AI医疗、中药,-1.9,34863507,1063081031,0.807138,0
600818,中路股份,1.0,268660,-0.14,13.88,-1030287,-1.98,,-1030287,3149950,-4180237,两轮车、美容护理,-1.84,56189943,2139931672,1.09669,0
600075,新疆天业,0.0,2400,0.0,4.73,-1040214,-1.46,,-1040214,2517938,-3558152,电石、煤化工,-1.46,26879160,4075712539,0.384331,0
600784,鲁银投资,3.9,217128,-0.46,6.43,-1043654,-2.13,,-1043654,644500,-1688154,并购重组、化工,-1.68,26342495,2789393317,0.762041,0
600326,西藏天路,0.5,67781,-0.71,4.15,-1055250,-2.12,,-1055250,6357131,-7412381,基础建设、地产链,-1.43,53013650,3899012667,0.812801,0
300135,宝利国际,3.0,1270670,-0.7,2.79,-1060201,-2.11,,-1060201,7004129,-8064330,股权转让、机场航空,-1.41,44157428,1784824906,0.896205,0
300103,达刚控股,0.5,28292,0.47,6.25,-1070141,-2.34,,-1070141,0,-1070141,基础建设、并购重组,-2.8,16151443,1047262535,0.580001,0
002687,乔治白,3.1,33150,0.0,5.06,-1081254,-0.79,,-1081254,340532,-1421786,电子商务、高股息,-0.78,29088015,1627025871,0.661625,0
000908,*ST景峰,17.0,240480,-0.35,2.81,-1090599,-2.77,,-1090599,1250325,-2340924,ST板块、医美,-2.43,35569278,1811647629,0.807215,0
002343,慈文传媒,1.6,55680,0.14,6.84,-1113118,-1.58,,-1113118,6253653,-7366771,AI眼镜、文化传媒,-1.72,65150954,2303342665,1.07167,0
603788,宁波高发,0.1,29417,-0.16,12.55,-1116335,-2.03,,-1116335,2144943,-3261278,三季报增长、股权转让,-1.88,30505746,1602996687,0.93004,0
600262,北方股份,2.4,42020,0.21,18.63,-1118589,-2.26,,-1118589,854151,-1972740,无人驾驶、基础建设,-2.46,20992545,1635232932,0.838007,0
603101,汇嘉时代,8.8,8408495,-0.28,6.97,-1173831,-0.85,,-1173831,48322374,-49496205,零售、酿酒,-0.57,338381039,1393184959,1.77222,-3484999
603039,泛微网络,0.5,53991,-0.05,58.55,-1188334,-2.45,,-1188334,322685,-1511019,DeepSeek、股权转让,-2.4,41572607,7376966704,0.666011,0
002960,青鸟消防,0.5,164610,0.17,17.24,-1189921,-2.43,,-1189921,2206358,-3396279,机器人概念、芯片,-2.6,37134186,6169988528,0.514034,0
000605,渤海股份,0.8,59136,-0.16,6.05,-1207190,-1.94,,-1207190,3824578,-5031768,污水处理、环保,-1.79,31716550,1254633392,0.553176,0
600824,益民集团,1.6,165256,0.28,3.59,-1213078,-1.1,,-1213078,1515008,-2728086,零售、平台经济,-1.37,26436981,2308429572,0.748225,0
600117,西宁特钢,0.2,57904,-0.3,3.37,-1242570,2.12,,-1242570,6820917,-8063487,钢铁、算力,2.43,30529794,1381855687,0.982699,0
300018,中元股份,1.1,61304,0.16,6.19,-1245963,-1.9,,-1245963,4901866,-6147829,锂电池、柔性直流,-2.06,36695869,2505404587,1.07359,0
000697,炼石航空,2.7,161670,-0.39,5.04,-1246058,-1.56,,-1246058,1695358,-2941416,军工、有色金属,-1.18,17965911,2196173847,0.560238,0
000036,华联控股,1.7,173528,0.0,3.92,-1246299,-1.51,,-1246299,5954483,-7200782,房地产、地产链,-1.51,45145376,4158208015,0.704528,0
000597,东北制药,1.8,365456,-0.2,4.92,-1248012,-2.19,,-1248012,7321555,-8569567,流感、维生素,-1.99,64125355,2865517671,1.32479,0
300048,合康新能,2.2,131320,0.37,5.23,-1265186,-2.06,,-1265186,1701829,-2967015,电气设备、基础建设,-2.43,23070229,4712986999,1.01331,0
002890,弘宇股份,2.1,30219,0.0,14.17,-1267063,-1.53,,-1267063,12849806,-14116869,农机、农业,-1.53,31817512,927530515,1.76614,0
300125,ST聆达,0.7,266175,0.25,15.38,-1277141,-2.1,,-1277141,3744927,-5022068,ST板块、TOPCon,-2.35,42214456,3142498551,0.7292,0
600136,ST明诚  ,0.1,179046,-0.68,2.93,-1278768,-1.01,,-1278768,901491,-2180259,ST板块、参股券商,-0.34,16641792,931897490,0.476533,0
600375,*ST汉马 ,0.5,99528,0.14,6.78,-1279334,-2.45,,-1279334,4625799,-5905133,ST板块、新能源汽车,-2.59,29447971,3199627441,0.827406,0
300534,陇神戎发,0.1,42210,-0.11,9.18,-1282091,-2.24,,-1282091,6645159,-7927250,中药、止咳药,-2.13,62633070,1731218166,0.669679,0
002513,蓝丰生化,0.5,346766,0.46,6.47,-1288938,-1.22,,-1288938,4602841,-5891779,农药、硫酸,-1.67,70742111,1311435270,1.06223,0
002312,川发龙蟒,1.2,139500,-0.39,7.63,-1293798,-1.93,,-1293798,13677830,-14971628,磷化工、并购重组,-1.55,58456994,8013449767,0.706465,0
002011,盾安环境,0.5,82320,-0.34,11.54,-1296344,-2.2,,-1296344,5013795,-6310139,汽车热管理、汽车类,-1.87,58468098,6415533798,0.930939,0
300237,美晨科技,4.5,284809,0.0,1.97,-1299052,-2.95,,-1299052,7366313,-8665365,汽车零部件、环保,-2.96,54041681,2064365717,1.16075,0
002793,罗欣药业,0.6,44690,0.0,5.29,-1305559,-2.94,,-1305559,551499,-1857058,流感、病毒防治,-2.94,28148133,3685147142,0.949771,0
002449,国星光电,0.9,254826,-0.35,8.46,-1311795,-1.74,,-1311795,2229172,-3540967,AI眼镜、先进封装,-1.4,46581443,4063617643,0.888957,0
000068,华控赛格,10.5,548184,-0.27,3.53,-1348450,-3.29,,-1348450,4434094,-5782544,深圳、锂电池,-3.02,42195802,2112690328,1.08761,0
300288,朗玛信息,0.8,124355,-0.12,15.96,-1376686,-1.3,,-1376686,14551675,-15928361,AI医疗、ChatGPT,-1.18,120173986,3668808634,1.04362,0
000601,韶能股份,2.5,184875,0.23,4.23,-1385665,-2.53,,-1385665,4428978,-5814643,绿色电力、电力,-2.76,34723463,2671703994,1.43163,0
300428,立中集团,0.1,52233,-0.53,22.25,-1414488,-2.54,,-1414488,9118431,-10532919,汽车零部件、锂电池,-2.03,64546357,6682641324,0.794147,0
300289,利德曼,1.2,19074,0.0,5.66,-1438046,-2.08,,-1438046,0,-1438046,病毒防治、地方国企,-2.08,16878878,1652656042,0.921633,0
603869,ST智知  ,1.0,267650,-0.69,10.14,-1439408,-0.29,,-1439408,5735730,-7175138,ST板块、脑机接口,0.4,70001205,2643514695,1.02249,0
601798,蓝科高新,0.3,11296,-0.14,6.92,-1440228,-2.12,,-1440228,817266,-2257494,氢能源、石油石化,-1.98,19021118,1024802243,1.04032,0
000531,穗恒运Ａ,1.8,81500,0.0,6.43,-1447992,-1.38,,-1447992,1291290,-2739282,绿色电力、锂电池,-1.38,20760879,2225051237,0.692363,0
002598,山东章鼓,0.7,151230,-0.28,10.48,-1459082,-1.87,,-1459082,1691299,-3150381,机器人概念、储能,-1.6,31420160,1897693627,0.886577,0
600758,辽宁能源,2.0,337550,0.23,4.27,-1459226,-0.47,,-1459226,6640001,-8099227,年报增长、煤炭,-0.7,52872640,2573860288,0.503142,0
600783,鲁信创投,2.5,38130,-0.39,12.54,-1462430,-1.72,,-1462430,2854317,-4316747,参股券商、地方国企,-1.34,34117393,2837665593,0.824386,0
002652,扬子新材,0.7,171613,0.0,3.06,-1463143,-0.33,,-1463143,4353376,-5816519,装修家具、地产链,-0.33,33789967,1094739109,0.564153,0
603038,华立股份,5.0,1058760,-0.39,10.04,-1477518,-1.95,,-1477518,4234910,-5712428,并购重组、装修家具,-1.57,67409286,1207616798,1.0474,0
600712,南宁百货,2.1,90354,-0.25,4.03,-1479379,-1.23,,-1479379,0,-1479379,零售、免税,-0.98,17133978,1358533373,0.630561,0
600661,昂立教育,0.2,1776,0.23,8.8,-1504445,-0.68,,-1504445,900327,-2404772,教育、并购重组,-0.9,26011719,1786410521,1.81056,0
600558,大西洋  ,0.3,52932,0.25,3.95,-1515145,-1.25,,-1515145,7381707,-8896852,年报增长、超超临界概念,-1.5,31924903,2355082201,0.873464,0
600455,博通股份,0.4,37648,-0.21,23.48,-1545766,-0.42,,-1545766,1170044,-2715810,西部大开发、职业教育,-0.21,30828001,1166049514,1.08,0
002231,奥维通信,2.4,676396,-0.44,6.83,-1556806,-0.87,,-1556806,8410519,-9967325,军工、通信,-0.44,86726069,1892477161,1.03363,0
300087,荃银高科,2.1,85656,-0.1,10.16,-1575197,-1.65,,-1575197,13145834,-14721031,农业、转基因,-1.55,77924676,6472314463,1.09388,0
600739,辽宁成大,2.8,457600,0.31,12.79,-1578859,-1.31,,-1578859,24964509,-26543368,实控人变更、参股券商,-1.62,87782988,11609707683,0.939016,5602264
002634,棒杰股份,0.3,100340,-0.12,8.45,-1610416,-2.42,,-1610416,7708529,-9318945,光伏、服装家纺,-2.31,40413464,2235628365,0.915227,0
600379,宝光股份,0.5,6144,0.1,10.01,-1623017,-2.15,,-1623017,315945,-1938962,电气设备、智能电网,-2.25,21317244,1944326668,0.844751,0
600107,美尔雅  ,0.7,81468,-0.36,5.56,-1630560,-0.72,,-1630560,1118999,-2749559,医药零售、服装家纺,-0.36,31165146,1593579205,0.564468,0
603701,德宏股份,0.2,29610,0.0,13.56,-1642392,-3.83,,-1642392,3565770,-5208162,汽车零部件、农业,-3.83,53039297,1831249048,0.900186,0
603026,石大胜华,1.8,117737,-0.33,49.93,-1643483,-2.78,,-1643483,4235733,-5879216,固态电池、电解液,-2.46,60038271,6410160765,1.06646,0
002441,众业达,1.3,80442,-0.2,9.62,-1648758,-2.14,,-1648758,1757759,-3406517,光伏、汽车零部件,-1.94,37446505,2611447835,0.458791,0
300662,科锐国际,0.7,189864,0.74,33.91,-1732655,-2.84,,-1732655,7742306,-9474961,就业概念、雄安新区,-3.56,64015787,4647215446,0.856735,0
600624,复旦复华,0.0,593,0.0,5.85,-1737582,-1.35,,-1737582,1135765,-2873347,量子科技、抗原检测,-1.35,13271936,2852431115,0.776935,0
000990,诚志股份,2.6,213867,0.0,7.9,-1739661,-1.37,,-1739661,2531948,-4271609,人造肉、食品饮料,-1.37,36609537,4470373617,0.748565,0
002198,嘉应制药,8.3,78996,-0.15,6.7,-1770907,-1.76,,-1770907,1939896,-3710803,医药、大麻,-1.62,25720079,2518155624,1.08381,0
600551,时代出版,1.4,21312,0.0,11.68,-1772068,-1.35,,-1772068,324980,-2097048,文化传媒、教育,-1.35,25186173,1855915999,0.528962,0
603615,茶花股份,0.6,87326,-0.21,8.9,-1773481,-4.4,,-1773481,3480063,-5253544,电子商务、化工,-4.2,41777145,835305540,1.42949,3023163
600774,汉商集团,0.6,18252,-0.78,10.02,-1793859,-1.96,,-1793859,337674,-2131533,医药、并购重组,-1.18,22649317,1261142287,0.747368,0
002820,桂发祥,0.9,155088,-0.28,10.65,-1796007,-1.39,,-1796007,2862435,-4658442,食品饮料、预制菜,-1.11,46308034,1406597962,0.699539,0
300281,金明精机,1.9,106972,0.18,5.58,-1803375,-1.76,,-1803375,0,-1803375,商业航天、化工,-1.93,22167460,1183206067,0.769212,0
002614,奥佳华,0.8,56952,-0.38,7.75,-1809216,-2.39,,-1809216,783000,-2592216,AI医疗、血氧仪,-2.02,32514550,2955600541,1.06382,0
600503,华丽家族,0.5,182520,-0.37,2.66,-1820139,-1.85,,-1820139,15231925,-17052064,房地产、机器人概念,-1.48,75174708,3719352419,0.832173,0
603712,七一二  ,0.4,137598,-0.11,26.68,-1825985,-1.22,,-1825985,12344615,-14170600,人工智能、军工,-1.11,101371046,10717312002,1.11173,0
002817,黄山胶囊,2.0,131040,-0.12,8.29,-1826449,-1.43,,-1826449,0,-1826449,医药、新冠药概念,-1.31,21355090,1459217242,0.760684,0
603677,奇精机械,0.2,15169,-0.07,13.53,-1832251,-1.96,,-1832251,0,-1832251,机器人概念、地方国企,-1.89,21680792,1226207657,1.02601,0
300141,和顺电气,1.3,90620,0.82,9.53,-1847182,-2.46,,-1847182,0,-1847182,电气设备、储能,-3.25,29290264,1147965312,1.02278,0
002085,万丰奥威,0.7,166582,-0.36,5.47,-1872671,-2.5,,-1872671,14160081,-16032752,飞行汽车、汽车类,-2.15,90787283,6921880440,1.16695,0
002722,物产金轮,0.7,305970,0.28,14.16,-1917196,0.71,,-1917196,6040613,-7957809,人工智能、ChatGPT,0.43,86203245,1479523825,1.09853,0
000668,荣丰控股,3.1,174344,0.88,11.24,-1925563,-1.14,,-1925563,337037,-2262600,房地产、破净股概念,-2.01,20267180,974966577,1.13762,0
600917,重庆燃气,0.0,0,0.0,6.86,-1930385,-2.7,,-1930385,1888021,-3818406,天然气、加氢站,-2.7,27982653,3147573266,1.0062,0
300929,华骐环保,0.9,226989,-0.41,11.85,-1952745,-1.74,,-1952745,2342028,-4294773,PPP概念、地方国企,-1.33,37846842,1131447558,0.782669,0
002376,新北洋,0.7,69828,-0.26,7.56,-1961678,-0.66,,-1961678,827191,-2788869,机器人概念、智能物流,-0.4,23833940,3110863162,0.740638,0
000025,特力Ａ,5.2,141680,0.5,15.76,-1981831,-1.62,,-1981831,1800534,-3782365,深圳、国有企业,-2.11,34607812,2578046037,0.620077,0
600969,郴电国际,6.5,219398,-0.3,6.64,-2008397,-1.63,,-2008397,3690404,-5698801,电力、水电,-1.34,25310798,1723050101,1.03022,0
002758,浙农股份,6.9,187275,-0.53,11.25,-2017912,-1.4,,-2017912,1902438,-3920350,供销社、农业,-0.88,25640284,2051314989,0.891404,0
002686,亿利达,0.7,79950,0.31,6.36,-2037231,-1.85,,-2037231,846405,-2883636,腾讯系AI 、病毒防治,-2.15,24637902,1903557840,1.0817,0
603001,奥康国际,0.0,51660,-0.35,5.67,-2109083,-1.56,,-2109083,0,-2109083,电子商务、破净股概念,-1.22,11796302,1074128174,0.975575,0
603458,勘设股份,22.3,64186,-0.31,9.46,-2112710,-1.56,,-2112710,1260058,-3372768,破净股概念、汽车零部件,-1.25,27322829,2676488913,0.872291,0
603578,三星新材,0.7,1586325,-0.31,15.81,-2122264,-3.12,,-2122264,12351494,-14473758,家电、建筑节能,-2.83,97355106,1234042523,0.82296,0
603042,华脉科技,3.0,1159220,0.0,15.21,-2138503,-2.25,,-2138503,7920757,-10059260,高速连接、人工智能,-2.25,130472495,1885226859,0.716674,0
300063,天龙集团,0.4,76728,-0.48,4.11,-2140397,-1.91,,-2140397,6780573,-8920970,字节概念、电子商务,-1.44,49126883,2369625760,0.926521,0
300210,森远股份,1.5,250931,0.0,3.43,-2147599,-1.72,,-2147599,2775302,-4922901,国有企业、3D打印,-1.72,31045937,1036677763,0.577791,0
000407,胜利股份,0.6,161568,0.0,3.69,-2149791,-1.34,,-2149791,6113518,-8263309,天然气、转基因,-1.34,32418114,2342786894,1.00147,3710000
002910,庄园牧场,2.0,118826,0.72,10.91,-2155679,-1.98,,-2155679,1182048,-3337727,乳业、食品饮料,-2.68,25591189,912329195,0.741534,0
000572,海马汽车,1.9,1405310,-0.89,4.38,-2159939,-2.45,,-2159939,33888164,-36048103,海南、氢能源,-1.57,149785728,4708855899,0.562878,0
002740,*ST爱迪,0.2,37620,-0.35,2.78,-2185214,-2.8,,-2185214,1163460,-3348674,ST板块、股权转让,-2.46,18312176,1048044171,1.0501,0
002453,华软科技,2.5,468714,0.16,12.15,-2193057,-0.82,,-2193057,18954988,-21148045,光刻胶、数字经济,-0.98,99006472,5527494597,0.970445,0
002534,西子洁能,0.5,67300,-0.52,13.09,-2262209,-3.25,,-2262209,7877700,-10139909,年报增长、光热发电,-2.75,60364145,2359455676,1.34364,0
300451,创业慧康,1.2,181575,-0.3,6.68,-2262363,-1.33,,-2262363,11580908,-13843271,AI医疗、医药,-1.04,100869037,7674548042,0.695623,0
603066,音飞储存,0.0,0,0.0,10.23,-2271456,-2.39,,-2271456,729564,-3001020,AGV机器人、地方国企,-2.39,22602194,1434914245,1.0451,0
300004,南风股份,0.3,86100,-0.52,5.95,-2273667,3.12,,-2273667,38221938,-40495605,核电、地方国企,3.66,222622291,1916828061,4.35232,0
002295,精艺股份,1.8,373230,-0.4,7.46,-2296926,-1.45,,-2296926,0,-2296926,家电、有色金属,-1.06,35765416,1303940632,0.574592,0
600872,中炬高新,16.3,173950,-0.36,35.3,-2338881,-0.93,,-2338881,23988326,-26327207,食品饮料、股权转让,-0.56,123252565,20714636309,0.429795,-6515363
002278,神开股份,0.5,118755,0.0,5.76,-2342172,-1.54,,-2342172,1110370,-3452542,商业航天、石油石化,-1.54,31348141,1529920921,0.89281,0
002316,ST亚联,0.7,359136,-0.77,5.1,-2365892,-1.92,,-2365892,9039845,-11405737,ST板块、数字货币,-1.16,94592829,1484185903,0.751117,0
300011,鼎汉技术,1.7,3440,0.0,6.71,-2376386,-2.47,,-2376386,3026603,-5402989,高铁、一带一路,-2.47,25004101,2515191367,0.959262,0
600223,福瑞达  ,6.7,119833,-0.77,8.93,-2419029,-1.65,,-2419029,4472202,-6891231,腾讯概念、美容护理,-0.89,38525358,4396616686,0.719884,0
603159,上海亚虹,0.2,86811,0.2,14.88,-2426929,-2.11,,-2426929,2653505,-5080434,特斯拉概念、股权转让,-2.3,38341586,794622906,0.813056,0
603716,塞力医疗,1.8,1151627,0.0,10.81,-2441522,-3.22,,-2441522,14184343,-16625865,AI医疗、抗原检测,-3.22,176641407,1774530646,0.604863,0
000557,西部创业,0.5,29890,0.2,4.81,-2465114,-1.64,,-2465114,907418,-3372532,股权转让、物流,-1.84,27718812,3667810058,1.18813,0
002735,王子新材,0.6,105200,-0.53,12.93,-2466619,-2.19,,-2466619,967835,-3434454,飞行汽车、并购重组,-1.67,33970038,2066080165,0.530698,0
300279,和晶科技,1.7,99072,-0.35,5.71,-2467338,-1.21,,-2467338,1719638,-4186976,家电、多胎概念,-0.87,39537086,1729684152,0.86241,0
002582,好想你,1.1,378576,-0.13,7.78,-2476612,-1.89,,-2476612,10258681,-12735293,食品饮料、零售,-1.77,66257311,2395571577,0.61038,0
002373,千方科技,3.9,273590,-0.79,12.46,-2506443,-1.5,,-2506443,5702451,-8208894,无人驾驶、蚂蚁金服概念,-0.72,87196389,12468058581,0.863805,0
300703,创源股份,0.9,61016,0.0,10.44,-2523196,-0.76,,-2523196,1546223,-4069419,谷子经济、一带一路,-0.76,31530099,1163243746,0.897767,0
000839,中信国安,2.2,25648,0.0,2.27,-2537473,-0.87,,-2537473,3197329,-5734802,DeepSeek、广电网,-0.87,16571434,5656586871,0.807056,0
603567,珍宝岛  ,0.8,80015,-0.08,12.02,-2544941,-2.44,,-2544941,5798576,-8343517,医药、中药,-2.36,52462179,2758823368,0.994582,0
300419,ST浩丰,2.9,2255866,1.11,7.34,-2545883,1.52,,-2545883,46129881,-48675764,网络安全、ST板块,0.41,290720511,2294561534,1.38018,0
300407,凯发电气,0.3,248829,0.23,8.48,-2572683,-1.97,,-2572683,2010616,-4583299,高铁、一带一路,-2.19,32904773,1431880180,0.945143,0
603779,威龙股份,0.5,103820,-0.56,8.81,-2603009,-2.11,,-2603009,3065000,-5668009,年报增长、酿酒,-1.56,63141722,1708644757,0.72862,0
002161,远望谷,1.9,386001,-0.54,5.53,-2606074,-1.25,,-2606074,4371365,-6977439,股权转让、数字经济,-0.72,66792192,3115394343,0.892247,0
300550,和仁科技,0.4,42140,0.74,14.7,-2618373,-1.61,,-2618373,2230677,-4849050,互联网医疗、股权转让,-2.33,17263592,1934055561,0.903328,0
000593,德龙汇能,1.7,67797,-0.27,7.1,-2620596,-2.87,,-2620596,3211791,-5832387,天然气、并购重组,-2.61,37567622,1452166661,1.00081,0
300134,大富科技,1.5,1126656,-1.41,9.67,-2627609,-2.52,,-2627609,11947771,-14575380,华为手机、5G,-1.12,121075392,3564520885,1.47615,0
300013,*ST新宁,0.5,146800,-0.74,3.95,-2638507,-1.99,,-2638507,2150327,-4788834,物流、ST板块,-1.25,29578467,1546287117,0.826422,0
603023,*ST威帝 ,2.6,293511,0.0,4.21,-2643849,-2.32,,-2643849,2406059,-5049908,ST板块、汽车零部件,-2.32,39142802,1263179756,1.05767,0
002097,山河智能,2.4,92720,0.0,5.99,-2653803,-1.8,,-2653803,3465754,-6119557,机器人概念、锂电池,-1.8,44617206,3959250888,0.709121,0
000889,ST中嘉,0.3,1245930,-0.94,2.23,-2673555,5.19,首板,-2673555,27362731,-30036286,ST板块、算力,6.19,109592808,1453351301,1.43057,0
300523,辰安科技,1.1,255018,-0.45,22.31,-2687253,-0.71,,-2687253,5385263,-8072516,人工智能、算力,-0.27,72355471,2568755454,0.648382,0
600255,鑫科材料,1.8,22260,-0.47,2.07,-2712848,-2.82,,-2712848,2077022,-4789870,高速连接、有色金属,-2.36,28850529,3388594373,0.81819,0
300222,科大智能,3.3,92500,-0.4,7.27,-2713058,-2.15,,-2713058,5362662,-8075720,机器人概念、汽车类,-1.76,50887427,4274340539,0.970168,0
600340,华夏幸福,4.9,2379539,0.0,2.24,-2721034,-2.18,,-2721034,72891255,-75612289,房地产、并购重组,-2.18,225733185,5468339903,1.05025,0
601616,广电电气,0.7,11088,0.0,3.3,-2728900,-1.79,,-2728900,2308140,-5037040,腾讯系AI 、数据中心,-1.79,24153808,2392043693,1.21479,0
603917,合力科技,3.2,134708,-0.15,19.15,-2818984,-3.48,,-2818984,754931,-3573915,比亚迪产业链、有色金属,-3.33,39669545,1820578194,1.32413,0
300230,永利股份,1.6,314028,-0.25,3.9,-2875308,-1.76,,-2875308,0,-2875308,并购重组、煤化工,-1.52,33335809,2233071719,0.544553,0
000416,*ST民控,0.1,169850,-0.46,2.11,-2887560,-2.31,,-2887560,1380916,-4268476,ST板块、期货概念,-1.86,23979662,868733431,0.613972,0
300143,盈康生命,0.4,21126,0.2,9.84,-2890871,-1.99,,-2890871,2391214,-5282085,民营医院、并购重组,-2.19,27850592,3816734066,0.981238,0
600807,济高发展,1.5,184924,0.61,3.23,-2899300,-2.12,,-2899300,327000,-3226300,基因疗法、并购重组,-2.71,25464952,2233288295,0.754158,0
002575,群兴玩具,4.2,155958,-0.53,5.5,-2931074,-2.48,,-2931074,409960,-3341034,并购重组、DeepSeek,-1.96,24042603,2960505683,0.961019,0
002539,云图控股,0.2,70227,-0.34,8.54,-2971595,-1.84,,-2971595,12522898,-15494493,磷化工、化肥,-1.5,60925951,6403129473,0.908025,0
300173,福能东方,0.0,0,0.0,4.27,-2993770,-1.84,,-2993770,0,-2993770,固态电池、机器人概念,-1.84,26082376,2482392238,1.24568,0
300290,荣科科技,0.9,207612,-0.42,4.74,-3035548,-0.42,,-3035548,4875856,-7911404,算力、数字经济,0.0,52139495,2417886023,1.07235,0
002443,金洲管道,1.3,217600,0.15,6.69,-3106837,-1.47,,-3106837,4509148,-7615985,水利、天然气,-1.62,50344539,2731759553,0.730553,0
601615,明阳智能,1.0,523160,-0.13,15.62,-3110449,-2.19,,-3110449,24428082,-27538531,风电、风电整机厂商,-2.07,201716850,23131323414,0.725102,0
002341,ST新纶,0.2,453549,0.0,3.18,-3139828,-2.75,,-3139828,4948142,-8087970,ST板块、病毒防治,-2.75,43845908,2925345712,0.887845,0
002623,亚玛顿,0.0,0,0.0,25.43,-3141818,-2.42,,-3141818,323819,-3465637,光伏玻璃、光储充一体化,-2.42,27596465,2582262036,0.722276,0
600800,渤海化学,3.9,67344,0.0,3.6,-3183535,-1.64,,-3183535,1974732,-5158267,石油石化、环氧丙烷,-1.64,21402751,2242672688,1.14821,0
002308,*ST威创,0.3,103332,-0.42,4.68,-3246952,-1.68,,-3246952,3745585,-6992537,信创、虚拟电厂,-1.27,36373455,2760452311,0.667086,0
600249,两面针  ,2.3,7448,-0.56,5.28,-3247564,-1.31,,-3247564,4940291,-8187855,中药、流感,-0.75,44045305,1767125558,1.38208,-3144609
002023,海特高新,1.3,377696,-0.32,9.18,-3260897,-1.4,,-3260897,12924028,-16184925,飞行汽车、低空经济,-1.08,76882760,5470135151,1.29841,0
603098,森特股份,0.1,29955,-0.3,19.53,-3261013,-2.5,,-3261013,0,-3261013,分布式光伏、土壤修复,-2.2,25960199,4210491264,1.01528,0
600578,京能电力,0.7,180024,-0.32,3.08,-3291476,-1.6,,-3291476,2770698,-6062174,蚂蚁金服概念、风电运营商,-1.28,50561267,4239220205,0.685342,0
300300,ST峡创,2.8,243670,0.0,4.14,-3317395,0.24,,-3317395,12768483,-16085878,ST板块、福建,0.24,60410522,2069420832,0.954576,0
002434,万里扬,3.2,215496,-0.11,8.55,-3322988,-2.51,,-3322988,6818477,-10141465,减速器、电机电控,-2.4,56880885,5270218243,0.84271,0
300358,楚天科技,2.4,212211,-0.4,12.15,-3354943,-2.49,,-3354943,3399605,-6754548,病毒防治、并购重组,-2.1,43556328,4252178822,0.988898,0
300167,*ST迪威,0.9,545523,-1.09,2.67,-3355799,-2.55,,-3355799,2560109,-5915908,ST板块、并购重组,-1.48,22375985,726065068,1.04275,0
603890,春秋电子,0.4,72776,-0.48,8.19,-3378253,-1.44,,-3378253,549228,-3927481,AI PC、股权转让,-0.97,32618729,2410368526,1.05658,0
601212,白银有色,1.3,173088,-0.35,2.85,-3390838,-1.38,,-3390838,7186456,-10577294,白银、有色金属,-1.04,75591138,8227705607,0.740594,0
002168,ST惠程,0.0,221760,0.0,4.31,-3394313,-2.05,,-3394313,6287122,-9681435,ST板块、数字经济,-2.05,62925080,2816160180,0.938813,0
600073,光明肉业,0.2,30480,0.0,7.58,-3405068,-0.52,,-3405068,13798684,-17203752,猪肉、食品饮料,-0.52,67785553,4425668762,1.00668,0
600463,空港股份,0.5,29271,0.0,8.74,-3428852,-1.46,,-3428852,0,-3428852,房地产、REITs,-1.47,14404147,921355200,0.589677,0
000688,国城矿业,0.5,17355,0.38,12.98,-3447999,-2.41,,-3447999,6733166,-10181165,有色金属、硫酸,-2.77,45394495,3594315795,1.06142,0
603618,杭电股份,1.3,39732,-0.33,5.93,-3488767,-1.82,,-3488767,370781,-3859548,电气设备、锂电池,-1.5,23277182,1966317854,0.907991,0
002615,哈尔斯,28.5,77064,1.05,6.6,-3508132,-1.35,,-3508132,333498,-3841630,年报增长、数字经济,-2.37,24499986,1700276294,0.858554,0
002134,天津普林,5.6,163214,-0.39,10.2,-3509876,-1.64,,-3509876,1729870,-5239746,印制电路板、资产管理,-1.26,41819241,1830566342,0.914826,0
000757,浩物股份,0.0,5172,-0.23,4.22,-3532839,-2.31,,-3532839,9222612,-12755451,网约车、华为汽车,-2.09,42829773,908410332,2.82884,0
603355,莱克电气,0.5,24795,-0.29,27.28,-3535445,-1.27,,-3535445,1717287,-5252732,家电、并购重组,-0.98,30920507,3040434059,0.757263,0
603168,莎普爱思,0.4,29469,-0.22,8.76,-3537562,-2.12,,-3537562,2962438,-6500000,医药、并购重组,-1.9,38191132,1750052332,0.786421,0
600312,平高电气,0.9,128760,-0.09,10.62,-3538001,-1.12,,-3538001,3049527,-6587528,特高压、智能电网,-1.03,92975048,8434458818,0.91662,0
002723,小崧股份,0.7,237440,0.0,10.85,-3552430,-3.12,,-3552430,5196884,-8749314,电子烟、家电,-3.12,65862317,2308641366,0.792728,0
002174,游族网络,0.8,884224,0.96,12.1,-3637678,-2.73,,-3637678,115838473,-119476151,游戏、云游戏,-3.66,510306294,8910084935,1.59932,1199058
002803,吉宏股份,0.6,329002,0.05,18.05,-3648270,-1.74,,-3648270,12009532,-15657802,跨境电商、数字经济,-1.8,109404295,4708332887,0.66151,0
002785,万里石,6.1,307260,-0.39,22.7,-3651778,-0.66,,-3651778,7168721,-10820499,锂矿、并购重组,-0.26,51217907,3570220621,1.05922,0
000633,合金投资,0.8,235944,-0.29,6.8,-3651963,-2.58,,-3651963,2793398,-6445361,年报增长、壳资源,-2.3,47691759,1815612566,0.917861,0
300262,*ST巴安,1.7,323736,-0.7,2.78,-3688497,-2.12,,-3688497,6825061,-10513558,ST板块、天然气,-1.42,50182905,1207903779,0.59491,0
002643,万润股份,1.3,694365,-1.05,17.06,-3692122,-5.43,,-3692122,12029990,-15722112,光刻胶、锂电池,-4.43,121046120,10140505320,1.71139,0
002167,东方锆业,1.5,266760,0.14,6.91,-3716425,-1.43,,-3716425,8815219,-12531644,固态电池、金属锆,-1.57,60059439,3481595854,0.861388,-3664440
300110,华仁药业,0.6,32805,0.25,3.97,-3724899,-1.73,,-3724899,1963322,-5688221,病毒防治、美容护理,-1.98,32355629,3032285315,1.01567,0
600918,中泰证券,0.9,290966,-0.14,7.17,-3745096,-0.83,,-3745096,45125733,-48870829,证券、地方国企,-0.69,202626873,23542095415,0.842008,-7992467
300203,聚光科技,0.7,403374,-0.58,16.74,-3821169,-2.22,,-3821169,17576652,-21397821,环保、PPP概念,-1.65,132131579,5473126836,0.630409,0
002386,天原股份,1.1,23106,-0.17,5.82,-3822729,-2.18,,-3822729,1815007,-5637736,磷化工、锂电池,-2.02,26078118,4568572242,0.704858,0
600397,安源煤业,1.9,1431300,0.62,3.18,-3834715,-1.55,,-3834715,10090555,-13925270,股权转让、煤炭,-2.15,73168415,1917113234,0.651811,0
002062,宏润建设,1.1,77433,-0.2,4.8,-3842424,-1.64,,-3842424,5286426,-9128850,机器人概念、基础建设,-1.44,39781350,2512860580,0.823211,0
300061,旗天科技,4.6,591850,-0.3,6.57,-3924284,-1.5,,-3924284,14050583,-17974867,金融概念、数字经济,-1.2,92684709,3284124430,0.708305,0
603922,金鸿顺  ,0.5,46200,2.03,22.42,-4015431,-0.97,,-4015431,3336283,-7351714,机器人概念、并购重组,-2.94,27000954,1301200563,1.23307,0
002024,ST易购,0.3,205604,0.0,1.94,-4034166,-1.02,,-4034166,3530620,-7564786,ST板块、平台经济,-1.02,21986959,6813658858,0.872447,0
300513,恒实科技,0.3,99638,-0.08,12.74,-4036733,-1.62,,-4036733,3531824,-7568557,虚拟电厂、碳中和,-1.55,43597019,3480325480,0.754175,0
002012,凯恩股份,0.9,84900,0.0,5.54,-4065599,-2.12,,-4065599,665437,-4731036,包装印刷、储能,-2.12,33114401,2020959104,1.03621,0
300466,赛摩智能,1.2,73136,0.0,6.41,-4072585,-1.84,,-4072585,2311619,-6384204,机器人概念、元宇宙,-1.84,50638904,1749394039,1.14599,0
002933,新兴装备,0.3,26586,0.1,29.3,-4086415,-0.71,,-4086415,1318999,-5405414,机器人概念、无人机,-0.81,57001721,2057533324,1.1884,0
002314,南山控股,1.3,1067064,-0.57,3.42,-4116798,-1.72,,-4116798,31571833,-35688631,房地产、基础建设,-1.16,144383091,2912464611,0.596181,-3429653
600400,红豆股份,0.5,73851,0.32,3.03,-4135613,-1.63,,-4135613,1531852,-5667465,固态电池、锂电池,-1.94,26021272,2424310007,0.658632,0
300629,新劲刚,2.7,340200,-0.37,18.55,-4144506,-2.21,,-4144506,10458350,-14602856,军工、碳纤维,-1.85,74775928,3459489787,1.04842,0
002419,天虹股份,8.5,252566,-0.34,5.81,-4163272,-1.19,,-4163272,4556181,-8719453,国有企业、预制菜,-0.85,56263908,2770551685,0.593518,0
300009,安科生物,2.1,271320,-0.31,9.33,-4206411,-2.3,,-4206411,6491435,-10697846,民营医院、医药,-2.0,66801570,9988906049,1.22699,0
600166,福田汽车,3.4,584775,-0.58,3.39,-4230259,-2.31,,-4230259,27807638,-32037897,汽车类、锂电池,-1.74,175446470,16218467331,0.680939,-3449999
000009,中国宝安,1.2,93786,-0.37,10.62,-4276241,-1.85,,-4276241,11583415,-15859656,创投、负极,-1.48,92106204,16776970994,0.745404,-3083112
002611,东方精工,2.1,292537,-0.19,5.16,-4295266,-2.64,,-4295266,11389241,-15684507,机器人概念、锂电池,-2.46,78979811,4372789977,1.2756,0
002207,准油股份,1.8,12399750,-6.6,7.68,-4298619,-4.36,,-4298619,51002531,-55301150,石油石化、天然气,2.4,360506992,1407012310,1.73165,-9161090
300365,恒华科技,0.9,269748,-0.56,7.01,-4330865,-1.54,,-4330865,4906802,-9237667,华为超充、算力,-0.99,58761056,2872097843,0.940845,0
603110,东方材料,1.0,344250,0.12,24.69,-4348892,-3.06,,-4348892,7015267,-11364159,DeepSeek、石墨化,-3.18,52099282,2791985595,1.01551,-6210490
002379,宏创控股,0.2,56760,0.0,4.65,-4378152,-1.69,,-4378152,6303240,-10681392,并购重组、金属铝,-1.69,45556805,3100240566,0.761113,0
002510,天汽模,0.0,13825,0.0,3.89,-4496943,-1.52,,-4496943,1343048,-5839991,特斯拉概念、锂电池,-1.52,40202528,3622948388,0.775254,0
300388,节能国祯,0.3,23976,-0.15,6.59,-4533842,-1.2,,-4533842,450780,-4984622,PPP概念、央企,-1.05,28017871,2047985049,0.519479,0
300197,节能铁汉,1.1,129658,0.0,2.37,-4543675,-1.66,,-4543675,5111392,-9655067,韧性城市、基础建设,-1.66,36529277,3803512786,0.552219,0
002813,路畅科技,0.3,52020,0.0,33.5,-4552907,-3.4,,-4552907,3749944,-8302851,无人驾驶、智能座舱,-3.4,48821432,1307306236,0.983451,0
002606,大连电瓷,1.1,75348,-0.24,7.99,-4619406,-2.68,,-4619406,972270,-5591676,特高压、电气设备,-2.44,31478593,2368827128,1.13657,0
300189,神农种业,2.1,245676,0.0,3.48,-4643783,-1.69,,-4643783,6795224,-11439007,海南、稀土永磁,-1.69,68022678,2923350530,0.768277,0
300327,中颖电子,1.2,759496,-0.15,26.77,-4658257,-2.16,,-4658257,14052230,-18710487,芯片、OLED,-2.01,149508584,6852317224,1.22786,0
002655,共达电声,0.3,137195,-0.25,11.75,-4693292,-1.76,,-4693292,5700118,-10393410,智能音箱、智能座舱,-1.51,61873024,3787653214,1.02456,0
002663,普邦股份,48.5,265005,0.52,1.9,-4756402,-2.06,,-4756402,4361097,-9117499,韧性城市、土壤修复,-2.56,35542810,2206034091,0.827118,0
000813,德展健康,1.9,425054,0.32,3.07,-4777730,-1.6,,-4777730,2494403,-7272133,创新药、减肥药,-1.92,50114922,2869771882,0.818502,0
002886,沃特股份,1.8,141000,-0.37,18.24,-4806141,-3.34,,-4806141,4294264,-9100405,机器人概念、电磁屏蔽,-2.98,53755833,2125149539,1.17521,0
002204,大连重工,3.5,65550,-0.21,4.65,-4832407,-2.31,,-4832407,4958566,-9790973,军工、并购重组,-2.11,42819303,3402447691,1.29893,0
002408,齐翔腾达,1.0,285120,0.0,6.52,-4843234,-1.21,,-4843234,2356847,-7200081,化工、橡胶,-1.21,39115154,8162621161,0.471222,0
002075,沙钢股份,175.0,214200,0.25,4.04,-4873927,-0.74,,-4873927,5882523,-10756450,钢铁、云计算,-0.98,49067328,6523884967,0.775967,0
300183,东软载波,0.9,133988,0.39,15.2,-4925336,-2.06,,-4925336,2772456,-7697792,智能电网、一带一路,-2.44,48367614,3412234506,1.0399,0
603015,弘讯科技,0.8,77228,0.0,8.74,-4936193,-2.67,,-4936193,555407,-5491600,机器人概念、风电,-2.67,34553056,1637574539,1.03639,0
002387,维信诺,1.0,723877,-0.36,8.19,-5045887,-2.03,,-5045887,3981190,-9027077,智能穿戴、华为概念,-1.68,80439549,6650221280,0.683186,0
600587,新华医疗,0.6,207480,-0.36,24.05,-5083680,-2.99,,-5083680,14157807,-19241487,病毒防治、地方国企,-2.63,139055022,7570366331,1.12425,0
002329,皇氏集团,0.6,297920,0.16,5.99,-5084160,-1.32,,-5084160,6018599,-11102759,乳业、TOPCon,-1.48,52099488,3275857793,0.759684,0
600389,江山股份,1.6,30996,-0.14,21.58,-5089084,-2.66,,-5089084,4318115,-9407199,化工、农业,-2.53,63089197,5677660961,1.53266,-3826468
688299,长阳科技,0.6,110428,0.07,14.88,-5098565,-1.72,,-5098565,645586,-5744151,固态电池、光伏,-1.78,48531487,3082488130,1.04713,0
600337,美克家居,0.2,70686,-0.97,3.02,-5250272,-2.27,,-5250272,6719840,-11970112,装修家具、破净股概念,-1.31,68486188,2468688155,0.985714,0
603260,合盛硅业,1.6,388448,0.05,62.08,-5337634,-2.47,,-5337634,20287025,-25624659,硅料、石墨电极,-2.51,119171472,16394283367,0.974947,0
603300,海南华铁,0.3,149404,0.0,6.27,-5338727,-0.79,,-5338727,14577746,-19916473,算力、并购重组,-0.79,98058365,9663378357,0.83717,-4385872
002786,银宝山新,1.0,750890,-1.25,6.26,-5356387,-2.03,,-5356387,8018033,-13374420,实控人变更、汽车热管理,-0.79,71374736,1684693393,0.717166,0
002696,百洋股份,1.1,996290,-0.15,6.59,-5401102,-1.79,,-5401102,11462155,-16863257,核污染概念、土壤修复,-1.64,105047923,1455502615,0.466694,0
002201,九鼎新材,0.9,334512,0.22,8.84,-5422294,-2.54,,-5422294,1127513,-6549807,股权转让、芯片,-2.75,38253966,3273040528,1.18972,0
300198,纳川股份,0.3,166708,-0.35,2.79,-5451159,-2.11,,-5451159,796428,-6247587,污水处理、汽车类,-1.76,37179599,1840590559,0.701501,0
002999,天禾股份,1.4,151654,-0.13,7.8,-5483695,-1.89,,-5483695,5021089,-10504784,供销社、化肥,-1.76,69229356,1701960368,0.751422,0
002829,星网宇达,5.2,369644,-0.6,29.01,-5502564,-3.27,,-5502564,6968839,-12471403,卫星导航、无人驾驶,-2.68,105731838,3012019191,1.32768,0
600238,海南椰岛,0.1,27200,0.0,10.67,-5505944,-1.93,,-5505944,1989417,-7495361,白酒、酿酒,-1.93,52726937,3865435158,0.494907,0
002630,华西能源,0.5,163584,-0.78,2.51,-5521992,-2.72,,-5521992,10577185,-16099177,电气设备、垃圾发电,-1.95,64278273,2562633317,0.947309,0
603703,盛洋科技,3.3,360859,-0.28,10.39,-5535966,-2.9,,-5535966,7565189,-13101155,卫星导航、通信,-2.62,53134534,2995382108,0.981108,0
603603,退市博天,0.2,31815,-0.63,3.08,-5608463,-2.84,,-5608463,2148020,-7756483,5G、年报增长,-2.22,22687361,1279533957,1.29944,0
002010,传化智联,0.9,157176,0.0,5.24,-5611267,-1.32,,-5611267,12160750,-17772017,DeepSeek、汽车类,-1.32,53639650,6082781210,0.806286,0
300426,唐德影视,0.8,228735,-0.72,10.8,-5621886,-2.96,,-5621886,9481155,-15103041,文化传媒、地方国企,-2.26,79916535,2637897220,0.986731,0
300080,易成新能,0.7,141680,-0.59,4.98,-5623955,-2.16,,-5623955,1508783,-7132738,光伏、石墨负极,-1.58,35024486,4173315411,1.03634,0
000155,川能动力,23.2,4974804,1.15,12.54,-5635374,-3.46,,-5635374,31454045,-37089419,并购重组、锂矿,-4.57,172132792,10014369513,1.87164,-169284
002331,皖通科技,7.5,245329,0.28,6.95,-5653494,-1.42,,-5653494,495590,-6149084,车路云、航运,-1.7,32533154,1918975250,0.98613,0
000906,浙商中拓,0.2,60137,-0.24,8.33,-5655033,-1.88,,-5655033,1631950,-7286983,电子商务、高股息,-1.65,39617921,3077266934,0.732834,0
300344,立方数科,1.8,142020,-0.18,5.33,-5665689,-1.48,,-5665689,5208590,-10874279,AI智能体、东数西算,-1.3,54570254,1877738982,1.02566,0
300095,华伍股份,0.8,29403,0.45,8.65,-5688432,-2.48,,-5688432,4942807,-10631239,机器人概念、碳陶刹车,-2.92,36663211,2679854910,1.13294,0
000415,渤海租赁,0.4,180230,-0.37,2.63,-5705307,-2.59,,-5705307,13518849,-19224156,低空经济、金融概念,-2.23,124961125,8812703365,0.937183,0
000159,国际实业,0.4,106880,-0.15,6.57,-5777726,-1.79,,-5777726,5320251,-11097977,房地产、石油石化,-1.65,43747706,2428464331,0.403377,0
002370,亚太药业,0.7,120768,-0.45,4.37,-5780918,-2.02,,-5780918,866432,-6647350,年报增长、幽门螺杆菌,-1.58,41661154,2008372317,0.708154,0
002622,皓宸医疗,0.6,107580,0.93,3.13,-5787036,-3.1,,-5787036,1745280,-7532316,民营医院、互联网金融,-3.99,34250279,2003141603,1.03259,0
600135,乐凯胶片,0.9,267140,-0.54,7.27,-5801159,-2.28,,-5801159,2185974,-7987133,固态电池、并购重组,-1.76,32711140,2182209253,1.01263,0
002429,兆驰股份,1.9,266590,-0.19,5.22,-5804684,-1.69,,-5804684,3194911,-8999595,光模块、分拆上市预期,-1.51,70850861,10894886133,0.859081,0
603800,洪田股份,1.4,159840,-1.1,32.55,-5886437,-3.33,,-5886437,6784911,-12671348,锂电池、复合集流体,-2.25,64645302,2657057020,0.544627,0
002397,梦洁股份,0.7,663702,0.26,3.68,-5960834,-3.16,,-5960834,1422264,-7383098,小红书概念、C2M,-3.41,60932376,1443269219,1.32134,0
600256,广汇能源,1.2,7370985,-0.69,7.18,-5977416,-1.37,,-5977416,187569423,-193546839,氢能源、煤化工,-0.69,561167676,30966097947,0.599153,-4935221
300042,朗科科技,0.5,753246,0.0,28.05,-5987811,-2.81,,-5987811,86817797,-92805608,AI眼镜、算力,-2.81,305179348,3593472196,1.11633,-8305541
000657,中钨高新,1.4,581418,-0.5,9.76,-6012712,-2.79,,-6012712,18247383,-24260095,金属钨、工业母机,-2.3,114601910,6612364741,0.889029,6147401
300145,中金环境,2.2,234906,0.0,2.87,-6079748,-2.38,,-6079748,19119679,-25199427,算力、基础建设,-2.38,81043283,3810551781,0.892995,0
600825,新华传媒,3.7,336172,-0.43,4.55,-6108332,-1.09,,-6108332,8233725,-14342057,阶跃星辰、并购重组,-0.66,59128702,2311618977,0.900719,0
002390,信邦制药,0.2,26619,-0.21,4.61,-6194196,-1.5,,-6194196,3386799,-9580995,基因疗法、病毒防治,-1.28,47864602,5122394689,0.939431,0
002150,通润装备,6.9,133830,0.61,14.38,-6256894,-2.71,,-6256894,6022518,-12279412,逆变器、农机,-3.3,58185957,2304571671,1.08114,0
300422,博世科,1.8,152256,0.32,6.08,-6278661,-2.25,,-6278661,4340932,-10619593,实控人变更、土壤修复,-2.56,47115343,1741125651,0.705025,0
600689,上海三毛,1.5,2702121,-2.05,10.42,-6298432,-2.89,,-6298432,7354248,-13652680,股权转让、物业服务,-0.86,128415851,1037835156,1.32273,0
000592,平潭发展,0.4,1036227,0.75,2.6,-6409588,-1.89,,-6409588,29601707,-36011295,福建、免税,-2.62,131625817,4099836150,0.743416,0
600572,康恩贝  ,0.7,253952,0.0,5.01,-6440341,-2.15,,-6440341,27865537,-34305878,病毒防治、并购重组,-2.15,171187593,8387708753,1.2112,0
300294,博雅生物,0.0,102646,0.0,29.49,-6449167,-2.32,,-6449167,12543216,-18992383,医药、病毒防治,-2.32,93525067,8837845858,1.30457,0
300376,ST易事特,0.2,37500,-0.32,6.14,-6470219,-2.07,,-6470219,11704350,-18174569,ST板块、第三代半导体,-1.76,71857238,6108868729,1.22372,0
600310,广西能源,0.9,421683,0.0,3.72,-6471026,-2.87,,-6471026,11503336,-17974362,电力、并购重组,-2.87,97693500,2671687697,0.976179,0
603283,赛腾股份,30.2,1016400,-1.29,40.2,-6506232,-5.52,,-6506232,13457436,-19963668,苹果概念、新型工业化,-4.29,114627697,4166383376,1.27258,0
002245,蔚蓝锂芯,2.1,399776,0.1,9.66,-6546420,-2.52,,-6546420,12129678,-18676098,电源、固态电池,-2.62,102029866,8958043637,1.34411,0
002350,北京科锐,0.1,127070,-0.3,6.39,-6553059,-2.74,,-6553059,1391012,-7944071,电气设备、储能,-2.44,37275644,2100186554,0.914492,0
603080,新疆火炬,0.6,5151170,-0.57,15.47,-6568652,-2.03,,-6568652,20821070,-27389722,天然气、并购重组,-1.46,203157961,1305695513,0.705716,0
002340,格林美,1.5,397474,0.0,6.26,-6583295,-1.88,,-6583295,45496288,-52079583,汽车拆解、电池回收,-1.88,212005533,29124279370,1.14474,-5537914
603328,依顿电子,2.7,580800,0.0,7.86,-6611778,-1.75,,-6611778,3635716,-10247494,印制电路板、地方国企,-1.75,83029815,3216168561,0.94177,0
603863,松炀资源,1.8,122732,0.0,19.72,-6764082,-1.99,,-6764082,11828861,-18592943,造纸、股权转让,-1.99,50213758,2782087767,0.859759,0
002431,棕榈股份,0.6,41870,-0.38,2.58,-6786206,-3.01,,-6786206,10785914,-17572120,足球概念、基础建设,-2.64,62180257,2549228192,1.10178,0
002141,*ST贤丰,0.7,159768,-0.31,3.09,-6862981,-2.83,,-6862981,6839754,-13702735,ST板块、盐湖提锂,-2.52,41717430,2110461125,1.00161,0
603990,麦迪科技,0.8,668794,-0.97,13.84,-6870392,-3.89,,-6870392,18571435,-25441827,AI医疗、医美,-2.95,108714942,3263157416,1.09797,7561467
002721,ST金一,3.3,594366,-1.39,3.5,-6924851,-2.51,,-6924851,6578910,-13503761,ST板块、并购重组,-1.13,36453095,2143128113,1.17591,0
002731,萃华珠宝,0.0,0,0.0,12.77,-6985667,-3.48,,-6985667,1713911,-8699578,黄金、并购重组,-3.48,33320126,2295961251,1.51482,0
000655,金岭矿业,1.0,419796,0.29,6.84,-7027020,-2.29,,-7027020,2758998,-9786018,铁矿石、有色金属,-2.56,43380499,1692917277,0.442994,0
002435,ST长康,1.6,312453,0.0,4.38,-7206935,-2.01,,-7206935,3276027,-10482962,医美、并购重组,-2.01,38186101,2255607445,0.84636,-3073000
000411,英特集团,3.9,358720,0.0,11.88,-7243665,-2.3,,-7243665,6734016,-13977681,医药零售、冷链物流,-2.3,86489470,1365450954,0.731458,0
300600,ST瑞科,1.4,288876,0.09,10.52,-7249290,-3.04,,-7249290,6647048,-13896338,军工、ST板块,-3.13,65155017,1485622111,1.14494,0
002196,方正电机,0.6,156510,0.0,6.49,-7252277,-2.55,,-7252277,5201318,-12453595,机器人概念、扁线,-2.55,63468173,2658499307,0.613159,0
002199,东晶电子,0.5,935492,-0.58,8.5,-7262530,-2.07,,-7262530,4888932,-12151462,股权转让、消费电子,-1.51,92098111,1173109090,0.698699,0
603045,福达合金,1.1,810648,-0.42,16.62,-7335278,-0.78,,-7335278,10672625,-18007903,电气设备、有色金属,-0.36,116973109,1640859453,1.06499,0
002226,江南化工,2.0,195286,0.0,5.06,-7375929,-2.32,,-7375929,4677815,-12053744,ChatGPT、并购重组,-2.32,60218624,4771539706,1.78124,-3181630
603227,雪峰科技,0.4,26505,-0.23,8.43,-7570751,-1.63,,-7570751,4596335,-12167086,实控人变更、并购重组,-1.4,37236401,3855324332,0.532327,0
002892,科力尔,0.7,799793,-1.35,11.58,-7585824,-2.44,,-7585824,15028887,-22614711,机器人概念、湖南,-1.11,130696994,2674802006,0.697841,0
300225,金力泰,1.9,312650,-0.54,8.91,-7607118,-4.19,,-7607118,32236629,-39843747,光刻机、芯片,-3.68,147943061,3609912936,1.52615,0
002251,ST步步高,0.6,510840,0.21,4.64,-7627085,-1.69,,-7627085,10813709,-18440794,ST板块、零售,-1.9,91086926,2438163983,0.567254,0
300569,天能重工,0.2,5096,0.14,7.11,-7684850,-2.2,,-7684850,3263265,-10948115,风电、破净股概念,-2.34,38194788,3287762307,1.10526,0
600736,苏州高新,0.8,230279,-0.41,4.86,-7724435,-1.42,,-7724435,8694786,-16419221,低空经济、新冠药概念,-1.02,87764939,3151692424,0.775495,0
603069,海汽集团,0.3,235092,-0.46,16.86,-7726119,-2.2,,-7726119,4703351,-12429470,免税、客运,-1.75,53342938,2525965604,0.921708,0
300461,田中精机,0.9,546695,0.0,19.95,-7858319,-3.3,,-7858319,10213508,-18071827,苹果概念、实控人变更,-3.3,80431534,967796997,0.659944,0
600196,复星医药,1.4,906876,-0.04,27.7,-7886299,-1.07,,-7886299,59332822,-67219121,医药、仿制药,-1.04,223023894,34121813179,0.837851,-4066889
600199,金种子酒,0.3,145350,-0.39,25.34,-7899104,-1.02,,-7899104,33986994,-41886098,白酒、酿酒,-0.63,173965825,12135446978,0.529666,0
601901,方正证券,0.2,319605,-0.14,7.13,-7933206,-0.42,,-7933206,30295978,-38229184,证券、并购重组,-0.28,170550671,20142734420,0.798417,0
000037,深南电A,0.2,220800,0.21,9.35,-8024634,-2.4,,-8024634,7587889,-15612523,虚拟电厂、环保,-2.6,89330778,1871639566,0.557127,0
002030,达安基因,1.5,167902,-0.42,9.25,-8033304,-1.8,,-8033304,8020850,-16054154,基因疗法、新冠检测,-1.39,82837769,8881251742,1.22446,0
603068,博通集成,4.2,637334,-0.07,27.8,-8055051,-2.8,,-8055051,2448181,-10503232,端侧芯片、消费电子,-2.73,83457812,2930953154,1.14356,0
002163,海南发展,1.7,95100,0.53,9.31,-8062711,-1.59,,-8062711,0,-8062711,海南、免税,-2.1,29588273,5452608543,0.915264,0
000913,钱江摩托,1.0,287728,0.27,14.12,-8132466,-3.55,,-8132466,6952177,-15084643,并购重组、锂电池,-3.81,111902591,3783861901,1.1802,0
600525,长园集团,3.2,134145,-0.2,4.82,-8203915,-2.82,,-8203915,4407149,-12611064,AI眼镜、端侧AI,-2.63,43980169,4462550173,1.28227,0
002160,常铝股份,1.0,104165,-0.24,4.08,-8210517,-1.92,,-8210517,697717,-8908234,汽车零部件、有色金属,-1.69,38418753,2608326035,0.848788,0
002483,润邦股份,1.8,720360,0.35,5.69,-8275902,-1.56,,-8275902,9756976,-18032878,年报增长、并购重组,-1.9,99910434,3369192021,0.681899,-7413426
002873,新天药业,1.3,141328,-0.43,11.4,-8301574,-2.81,,-8301574,2610501,-10912075,医药、中药,-2.4,31947632,1640027322,1.37084,0
600874,创业环保,2.4,158331,0.34,5.8,-8310668,-1.86,,-8310668,9898105,-18208773,化工、破净股概念,-2.19,63399693,2987302380,0.991603,0
000810,创维数字,2.0,875315,-0.71,13.78,-8327557,-2.61,,-8327557,16342461,-24670018,AI眼镜、AIGC,-1.92,124283123,7336369684,1.0727,-5285548
603778,国晟科技,1.1,1590340,-0.57,5.19,-8405998,-1.52,,-8405998,6771360,-15177358,光伏、碳中和,-0.95,76572371,2405758509,0.461726,0
600577,精达股份,0.5,197829,-0.46,4.24,-8579903,-2.08,,-8579903,19252758,-27832661,高速连接、扁线,-1.62,98680779,6575631187,0.994902,-3266404
002212,天融信,1.8,405978,0.32,9.47,-8626071,-0.32,,-8626071,7986035,-16612106,DeepSeek、网络安全,-0.63,91493922,9564813043,1.11464,0
601028,玉龙股份,0.8,175525,-0.4,9.86,-8667051,-2.09,,-8667051,5454347,-14121398,黄金、石墨化,-1.69,72548907,4121614133,0.88007,0
603318,水发燃气,1.4,1351680,-0.45,8.61,-8701111,-2.6,,-8701111,16788906,-25490017,天然气、并购重组,-2.16,126321338,2037504360,0.684389,0
002707,众信旅游,0.5,417768,-0.36,8.25,-8752592,-0.24,,-8752592,49925993,-58678585,旅游、并购重组,0.12,261749704,5568475573,1.69613,0
300323,华灿光电,1.8,294804,0.15,6.71,-8786182,-1.76,,-8786182,1296134,-10082316,AI眼镜、端侧AI,-1.9,54339021,3977000008,1.03124,0
600846,同济科技,1.6,363012,0.0,9.94,-8827812,-1.97,,-8827812,19070886,-27898698,房地产、氢能源,-1.97,96070374,3899309555,0.677679,0
002324,普利特,1.6,317892,-0.66,12.95,-8845204,-4.5,,-8845204,24194750,-33039954,机器人概念、固态电池,-3.86,135247468,7337381228,1.20543,1478708
300219,鸿利智汇,0.5,378714,-0.39,7.51,-8921256,-1.83,,-8921256,4432769,-13354025,并购重组、地方国企,-1.44,74486402,3026170876,0.714742,0
603519,立霸股份,0.7,268464,-0.37,15.63,-8999804,-2.56,,-8999804,8149192,-17148996,家电、高股息,-2.19,74392970,1953024144,0.526072,0
600637,东方明珠,1.1,505788,-0.4,7.4,-9062434,-1.2,,-9062434,28956419,-38018853,文化传媒、破净股概念,-0.8,156562463,13669460685,0.760771,0
600468,百利电气,1.5,880968,0.0,5.53,-9168811,-2.64,,-9168811,10048100,-19216911,超导概念、并购重组,-2.64,127112239,2813636774,0.752281,0
002063,远光软件,0.4,124678,0.0,6.34,-9216607,-1.86,,-9216607,12038695,-21255302,智能电网、算力,-1.86,82392129,8488925393,0.853822,-3176903
002708,光洋股份,0.6,463008,-0.55,7.11,-9316893,-2.87,,-9316893,14357223,-23674116,机器人概念、减速器,-2.34,133510292,1826604263,0.635286,0
688333,铂力特  ,0.3,24020,0.35,118.88,-9331753,-0.67,,-9331753,10982817,-20314570,西部大开发、股权转让,-1.02,120276924,13501563010,0.784955,-3996989
603533,掌阅科技,0.7,163248,-0.42,21.17,-9357635,-1.85,,-9357635,7281085,-16638720,字节概念、网红经济,-1.44,137361044,4519397319,0.843116,0
600517,国网英大,0.9,406060,0.0,5.07,-9418476,-1.36,,-9418476,12000507,-21418983,参股券商、钒电池,-1.36,65343151,7839049018,0.847055,-3634975
600613,神奇制药,0.3,647686,0.27,7.38,-9487864,-1.86,,-9487864,7840422,-17328286,医药、止咳药,-2.12,91923945,1725351564,0.383739,-4641180
601599,浙文影业,0.4,78496,-0.28,3.44,-9533443,-2.55,,-9533443,6487275,-16020718,影视院线、一带一路,-2.27,53180683,2773165559,1.03927,0
601717,郑煤机  ,0.6,196904,0.46,12.85,-9559799,-1.0,,-9559799,15950488,-25510287,汽车类、并购重组,-1.46,138759735,13784295803,0.635588,0
601005,重庆钢铁,0.4,1133440,0.0,1.57,-9575109,-2.48,,-9575109,72432382,-82007491,钢铁、算力,-2.48,202343596,9802031252,0.611303,0
002256,兆新股份,1.1,137295,0.41,2.35,-9585848,-2.89,,-9585848,2865547,-12451395,机器人概念、光伏,-3.29,48824113,3266547504,0.993843,0
603399,永杉锂业,0.5,932640,0.0,10.37,-9682053,-3.27,,-9682053,10880542,-20562595,锂矿、文化传媒,-3.26,99979278,2951810054,0.700019,0
603879,ST永悦  ,0.5,312424,-0.25,7.85,-9751895,-1.75,,-9751895,6168729,-15920624,ST板块、化工,-1.51,58748978,1877242021,0.456623,-3038314
300050,世纪鼎利,0.5,12135015,-3.39,4.83,-9793026,-9.04,,-9793026,93017254,-102810280,华为海思、并购重组,-5.85,515692230,2163502456,0.841806,0
002542,中化岩土,1.9,220275,0.0,2.7,-9874824,-1.82,,-9874824,5071422,-14946246,云计算、雄安新区,-1.82,52722618,2728705953,1.31183,0
002698,博实股份,0.6,179520,0.18,16.02,-9984223,-1.66,,-9984223,13996434,-23980657,机器人概念、电石,-1.84,91052702,9389800766,0.499646,-4002600
300393,中来股份,0.3,2024828,-1.08,11.6,-10182576,-4.05,,-10182576,40130723,-50313299,分布式光伏、TOPCon,-3.01,226269235,9319230498,0.937975,0
300160,秀强股份,0.8,35206,0.0,5.97,-10204985,-1.65,,-10204985,4230222,-14435207,分布式光伏、并购重组,-1.65,41052714,2393684893,0.994202,0
002413,雷科防务,3.5,1213793,-0.55,5.44,-10214064,-1.09,,-10214064,19724630,-29938694,无人驾驶、智能驾驶,-0.55,189575493,6790473267,1.307,0
600303,ST曙光  ,0.8,196775,-0.43,4.53,-10248257,-2.58,,-10248257,2987474,-13235731,ST板块、锂电池,-2.16,41218920,2272729944,1.01944,0
300368,ST汇金,0.7,879092,-1.09,8.37,-10297855,1.33,,-10297855,41791199,-52089054,ST板块、互联网金融,2.45,237364986,3159742837,0.876263,0
002558,巨人网络,1.6,2059040,0.44,13.42,-10335013,-0.89,,-10335013,121017548,-131352561,游戏、并购重组,-1.32,567764533,16707385010,0.706894,-9740348
000762,西藏矿业,2.5,916860,0.31,25.23,-10344641,-2.29,,-10344641,24691007,-35035648,有色金属、盐湖提锂,-2.59,163798618,10394859939,0.809511,0
600277,ST亿利  ,0.6,129707,0.0,3.06,-10363289,-2.24,,-10363289,9465356,-19828645,化工、光伏,-2.24,63212516,5883757337,0.918644,0
000975,山金国际,0.3,650650,-0.76,14.3,-10405132,-0.76,,-10405132,17453423,-27858555,白银、有色金属,0.0,160267873,25945230179,0.467826,0
300341,麦克奥迪,15.8,4633070,3.75,11.2,-10459121,2.38,,-10459121,39388505,-49847626,医药、并购重组,-1.32,268178919,2651930441,5.05945,-6833976
300266,兴源环境,0.4,141668,0.3,3.29,-10680028,-0.3,,-10680028,25793298,-36473326,股权转让、并购重组,-0.6,66339246,3368071267,1.36821,0
000758,中色股份,6.8,370670,-0.59,4.99,-10799612,-1.77,,-10799612,12556237,-23355849,稀土永磁、有色金属,-1.19,98405921,6494955825,0.73849,0
601058,赛轮轮胎,1.3,877500,0.16,12.41,-10805740,-0.56,,-10805740,31293991,-42099731,汽车零部件、橡胶,-0.72,242462035,26842632801,0.383921,3633287
300378,鼎捷数智,6.2,1362546,0.71,24.81,-10926522,-2.63,,-10926522,32273484,-43200006,AI智能体、新型工业化,-3.31,220296770,5182811048,0.817956,-8709815
600529,山东药玻,6.8,785400,0.04,25.84,-11086028,-1.26,,-11086028,11128336,-22214364,疫苗概念、玻璃,-1.3,116046290,12078534938,0.892132,0
000701,厦门信达,3.0,1735923,-1.77,7.35,-11135159,-0.14,,-11135159,67482522,-78617681,有色金属、电子商务,1.66,330390450,2121695204,1.06214,4214581
600771,广誉远  ,0.8,781820,0.27,29.48,-11142157,-1.7,,-11142157,11647132,-22789289,白酒、酿酒,-1.96,96438103,12328616838,0.831662,0
603721,中广天择,0.5,91690,-0.4,16.88,-11285006,-2.82,,-11285006,4889312,-16174318,阶跃星辰、湖南,-2.43,46338338,1090219507,0.806967,0
603106,恒银科技,0.9,3164642,-1.03,7.94,-11415061,2.45,,-11415061,73579894,-84994955,金融科技、互联网金融,3.52,464365257,1763516586,1.08689,4199092
600151,航天机电,2.0,310336,0.24,8.09,-11431444,-2.53,,-11431444,15461139,-26892583,卫星导航、军工,-2.76,86902348,8536447819,1.59488,-17400107
300397,天和防务,8.3,976126,-0.28,10.73,-11481643,-1.56,,-11481643,16435826,-27917469,军工、算力,-1.29,131379671,3948620510,1.69666,0
603636,南威软件,3.5,2865920,-1.77,12.79,-11543711,-1.84,,-11543711,14649983,-26193694,阿里系AI、电子证照,-0.08,129528659,4507547519,1.05434,0
002514,宝馨科技,0.8,488138,0.36,8.09,-11588909,-2.53,,-11588909,4686490,-16275399,机器人概念、智能电网,-2.88,86073104,3578426283,0.95388,0
000547,航天发展,1.7,833612,-0.11,8.77,-11602179,-0.9,,-11602179,17402760,-29004939,军工、央企,-0.79,124705866,11210536676,1.19828,0
600537,亿晶光电,0.3,227173,-0.32,6.1,-11670071,-1.77,,-11670071,21851924,-33521995,光伏、TOPCon,-1.45,118648763,5651133173,0.998357,0
600251,冠农股份,0.6,431256,-0.52,9.28,-11710682,-3.03,,-11710682,17490935,-29201617,乡村振兴、化肥,-2.52,100625606,4240767961,0.756668,0
600929,雪天盐业,1.1,356108,0.0,6.87,-11831233,-2.0,,-11831233,15457009,-27288242,化工、并购重组,-2.0,94382637,3475526919,0.994029,0
603496,恒为科技,0.5,927805,-2.0,18.99,-11946423,-2.72,,-11946423,21496200,-33442623,训推一体机、算力,-0.73,163660752,4497663429,0.455707,0
600606,绿地控股,1.3,1001056,-0.35,2.82,-12201189,-2.08,,-12201189,42537020,-54738209,房地产、破净股概念,-1.74,194092006,10995354238,0.909369,0
000903,云内动力,1.0,467660,-0.74,2.63,-12267337,-2.59,,-12267337,11424849,-23692186,机器人概念、农业,-1.87,109306114,3340553488,0.950796,0
002045,国光电器,1.1,1486480,0.29,13.18,-12429581,-2.8,,-12429581,13514217,-25943798,AI眼镜、无线耳机,-3.09,155691027,4624336343,0.865673,-4222715
002121,科陆电子,1.4,324059,0.5,5.77,-12890619,-3.19,,-12890619,8953086,-21843705,储能、PCS设备,-3.67,106544353,6093739927,1.25438,-4052731
600776,东方通信,1.6,733950,-1.02,11.48,-12957258,-2.46,,-12957258,25333782,-38291040,5G、并购重组,-1.46,185360331,4706797100,0.759167,0
603919,金徽酒  ,0.4,5001480,-0.07,29.34,-12967404,-1.28,,-12967404,58352069,-71319473,白酒、酿酒,-1.21,403780114,6359875515,0.828186,-3630019
600552,凯盛科技,2.4,237832,0.27,10.73,-12993037,-1.83,,-12993037,8859571,-21852608,折叠屏、面板,-2.1,96612084,7532221453,0.939928,0
002716,湖南白银,0.1,50224,0.0,2.88,-13011836,-1.37,,-13011836,5693034,-18704870,白银、有色金属,-1.37,53289197,4901588449,0.727394,0
300350,华鹏飞,1.2,82877,-0.22,4.5,-13130163,-3.02,,-13130163,2722942,-15853105,物流、智能物流,-2.81,59495034,2008362546,1.07008,0
002235,安妮股份,0.6,6398328,-1.06,8.68,-13174987,2.12,,-13174987,305733818,-318908805,版权、知识产权,3.21,1555773310,3931306892,1.54108,13518271
300188,国投智能,3.3,622315,-0.74,17.29,-13208551,-2.1,,-13208551,19801246,-33009797,文生视频、AI安全,-1.37,178086728,7893742905,0.747861,0
300129,泰胜风能,1.8,325398,-0.59,8.26,-13289286,-2.59,,-13289286,6343369,-19632655,风电、地方国企,-2.02,72602636,5055197093,1.01615,0
601828,美凯龙  ,0.4,153036,-0.21,4.62,-13399169,-1.49,,-13399169,11496900,-24896069,破净股概念、零售,-1.28,86924450,5099294185,1.06598,0
000838,财信发展,0.9,605178,0.0,3.71,-13411116,-1.85,,-13411116,18043153,-31454269,房地产、成渝经济圈,-1.85,106513837,2363833888,0.888767,-7320991
600556,天下秀  ,1.2,358992,0.15,6.36,-13692565,-1.7,,-13692565,12296244,-25988809,小红书概念、平台经济,-1.85,107376926,7034613676,1.13182,0
002368,太极股份,0.2,390462,-0.42,34.75,-13759185,-1.64,,-13759185,37462306,-51221491,AI政务、信创,-1.22,258196011,13797202621,0.657699,-7012963
600893,航发动力,2.4,1209616,-0.35,39.4,-13952831,-1.33,,-13952831,68669223,-82622054,军工、成飞概念,-0.98,331228438,53125233662,1.03493,-10346735
002797,第一创业,0.6,419584,-0.17,5.92,-15157205,-0.84,,-15157205,62246125,-77403330,证券、股权转让,-0.67,247982212,21747422465,0.874116,-4609982
002493,荣盛石化,0.2,363248,0.16,12.19,-15226208,-1.85,,-15226208,56645547,-71871755,涤纶、石油石化,-2.01,218894619,37991867427,0.703608,-4880901
000822,山东海化,5.0,1608894,-0.88,6.7,-15416766,-2.05,,-15416766,10505035,-25921801,纯碱、并购重组,-1.18,71363855,3578167209,0.550138,0
300413,芒果超媒,0.8,501990,-0.1,28.22,-15724466,-2.29,,-15724466,31146909,-46871375,文化传媒、湖南,-2.18,269076333,16864494435,1.32339,0
002388,ST新亚,1.1,1905796,-1.66,6.41,-16223342,-3.32,,-16223342,9374420,-25597762,ST板块、有机硅,-1.69,98767194,1885286232,1.10398,0
002183,怡亚通,0.9,467368,0.0,4.39,-16224211,-2.87,,-16224211,46411002,-62635213,深圳、物流,-2.88,174228812,7470531778,1.36818,-2997067
300613,富瀚微,1.8,370656,-0.1,49.8,-16274390,-3.36,,-16274390,14580451,-30854841,芯片、股权转让,-3.26,164097642,5765690955,1.17779,0
600540,新赛股份,0.5,4601368,-0.35,5.48,-16278466,-3.86,,-16278466,36759253,-53037719,棉花、风电运营商,-3.52,251855226,1591422210,0.736797,0
601606,长城军工,2.0,1383187,-0.59,13.56,-16360380,0.67,,-16360380,41925335,-58285715,并购重组、军工,1.27,315189722,4028590551,1.39372,0
002294,信立泰,0.6,74144,-0.15,25.67,-16377713,-3.21,,-16377713,13179904,-29557617,减肥药、降压药,-3.06,137506433,12330483914,2.39723,-4371579
000428,华天酒店,0.5,765077,-0.41,4.96,-16557677,1.43,,-16557677,31925601,-48483278,旅游、食品饮料,1.85,241887180,2271028601,0.790463,3662000
000893,亚钾国际,30.0,168180,0.04,28.35,-16559137,1.18,,-16559137,110126995,-126686132,化工、化肥,1.14,330802839,14420598395,1.75669,15276315
600071,凤凰光学,1.1,164208,-0.53,18.26,-16675419,-2.67,,-16675419,10411414,-27086833,股权转让、安防,-2.14,61289550,2721093180,1.67508,0
300471,厚普股份,4.2,144970,-0.75,13.16,-16962432,-1.79,,-16962432,4373016,-21335448,氢能源、天然气,-1.05,63245229,3128539161,0.713811,0
300532,今天国际,0.4,307347,-0.51,18.89,-17232010,-2.78,,-17232010,17363310,-34595320,锂电池、送转填权,-2.28,110106554,3442465726,0.818494,0
002444,巨星科技,2.5,595970,-0.41,19.12,-17331517,-2.55,,-17331517,15565737,-32897254,机器人概念、人工智能,-2.15,130879706,13144948034,0.645189,0
600822,上海物贸,0.4,97170,0.0,11.58,-17352094,-2.28,,-17352094,5319610,-22671704,上海、新能源汽车,-2.28,82537902,1818740676,0.816688,0
000700,模塑科技,0.9,340336,-0.84,7.02,-17364360,-2.23,,-17364360,6352002,-23716362,特斯拉概念、小米汽车,-1.4,95802176,4002774800,0.557799,0
300253,卫宁健康,6.1,780976,0.14,7.16,-17508197,-2.32,,-17508197,35417785,-52925982,AI医疗、蚂蚁金服概念,-2.45,186263724,12923348791,1.11786,0
002559,亚威股份,1.4,4254531,-1.82,7.86,-17959484,-4.61,,-17959484,26086021,-44045505,存储、并购重组,-2.84,228646679,3449945323,1.56853,-3595688
300410,正业科技,3.0,2160210,-1.81,8.42,-18077066,-4.97,,-18077066,11088560,-29165626,光伏、先进封装,-3.22,143519548,1993814809,1.30976,0
600237,铜峰电子,3.1,2569584,0.0,7.85,-18129997,-2.36,,-18129997,27801279,-45931276,复合集流体、锂电池,-2.36,175965285,3573137831,0.949763,0
300303,聚飞光电,2.6,628020,-0.37,5.29,-18302464,-2.4,,-18302464,17043322,-35345786,Mini/Micro、并购重组,-2.04,143420523,5720062851,1.18425,0
002326,永太科技,1.6,947331,-0.15,13.35,-18689272,-2.48,,-18689272,35875181,-54564453,电解液、并购重组,-2.34,175567742,8682296389,1.16221,0
600435,北方导航,4.5,1330010,-0.09,10.67,-19043527,-0.37,,-19043527,39758031,-58801558,军工、卫星导航,-0.28,288355797,9786783229,1.86901,-4623119
300181,佐力药业,0.3,83394,-0.2,9.94,-19180337,-2.45,,-19180337,19260114,-38440451,中药、医药,-2.26,107600372,5651950951,0.876766,0
300263,隆华科技,4.4,902836,-0.89,7.6,-19439901,-3.55,,-19439901,9502631,-28942532,OLED、有色金属,-2.69,104772089,5239630285,1.08258,0
002213,大为股份,0.2,1268469,-1.36,14.0,-19831297,-4.96,,-19831297,12828448,-32659745,比亚迪产业链、并购重组,-3.65,168166515,2325358265,1.18882,0
002560,通达股份,2.1,230400,-0.74,7.84,-19941810,-2.73,,-19941810,4621311,-24563121,军工、智能电网,-2.0,82218895,3064333944,0.975706,-3917181
300128,锦富技术,0.3,1727472,-0.22,4.4,-19949391,-5.38,,-19949391,38791858,-58741249,光伏、并购重组,-5.17,230069924,3364205799,1.00954,0
002074,国轩高科,0.2,290360,-0.37,23.86,-20006721,-2.57,,-20006721,21034317,-41041038,固态电池、动力电池,-2.21,183103695,24717576178,1.06487,0
300375,鹏翎股份,17.6,5604669,1.15,4.17,-20454406,-4.36,,-20454406,22615309,-43069715,华为汽车、汽车零部件,-5.44,231163175,1889214524,1.83495,0
300026,红日药业,0.4,151016,0.0,4.3,-20943479,-2.05,,-20943479,19929743,-40873222,新冠药概念、中药,-2.05,145152282,8082240381,0.864579,0
002869,金溢科技,9.2,963676,-0.39,17.47,-21411481,-2.13,,-21411481,6709827,-28121308,三季报增长、ETC,-1.74,75895443,2107780434,1.11057,-3514831
300133,华策影视,1.0,983744,-0.16,5.98,-21936338,-1.81,,-21936338,35536085,-57472423,文生视频、影视院线,-1.64,188906324,7272705689,1.16129,0
300510,金冠股份,0.9,905960,-0.84,6.98,-22151186,-2.51,,-22151186,39738591,-61889777,充电桩、汽车充电,-1.69,210545574,4223123582,0.704696,0
601607,上海医药,0.7,1022560,-0.23,17.39,-22651941,-1.42,,-22651941,40616483,-63268424,医药零售、地方国企,-1.19,207638515,21129257476,0.722817,-3956480
002383,合众思壮,2.1,2480127,-1.72,7.27,-22958430,-3.58,,-22958430,27118076,-50076506,卫星导航、地方国企,-1.89,236492785,3092841809,1.56612,0
000950,重药控股,1.0,338733,-0.18,5.38,-22999336,-2.18,,-22999336,20617841,-43617177,医药、并购重组,-2.0,128925310,4210043733,0.993039,0
002369,卓翼科技,1.0,2414455,-0.56,5.18,-24022990,-3.72,,-24022990,13491313,-37514303,华为概念、工业母机,-3.18,155553141,2423972808,1.33379,0
600127,金健米业,1.3,431211,-0.25,7.89,-24919572,-1.99,,-24919572,22106178,-47025750,农业、食品饮料,-1.74,164149161,3988151046,0.907094,-3338539
002123,梦网科技,2.0,11288952,3.05,15.35,-25404225,-4.48,,-25404225,159760134,-185164359,DeepSeek、超高清视频,-7.31,570234452,9911880509,1.43849,-4137737
002439,启明星辰,2.4,622600,0.18,27.79,-25447427,-1.63,,-25447427,19756304,-45203731,AI智能体、网络安全,-1.8,158482603,13696877596,0.969202,-3228408
600037,歌华有线,43.5,281532,-0.25,7.95,-25736477,-1.97,,-25736477,21475259,-47211736,华为概念、算力,-1.73,98628252,6923340768,1.55972,-4633794
000678,襄阳轴承,0.5,1535424,-0.28,6.72,-25932135,-4.82,,-25932135,21846665,-47778800,机器人概念、汽车零部件,-4.55,257284118,1668373532,0.573025,0
600570,恒生电子,0.6,1276671,0.11,34.23,-26326065,-2.56,,-26326065,119847374,-146173439,互联网金融、蚂蚁金服概念,-2.67,651278818,41053923161,0.964113,-5723848
002512,达华智能,0.8,5235516,0.0,4.44,-26383103,-1.77,,-26383103,48245805,-74628908,量子科技、智能驾驶,-1.77,345931852,3392297315,1.15177,-17866167
600520,文一科技,2.0,2943214,-2.19,13.4,-26701503,-5.5,,-26701503,17638955,-44340458,先进封装、机器人概念,-3.39,171601303,1650512462,1.16241,0
002292,奥飞娱乐,1.7,1668875,-0.71,8.36,-26930304,-1.76,,-26930304,60246412,-87176716,谷子经济、字节概念,-1.07,422448660,7144122998,1.10995,-6871061
601949,中国出版,0.8,819451,0.0,9.87,-27107770,-1.6,,-27107770,31255093,-58362863,文化传媒、中特估,-1.6,223904744,4316380204,0.669776,0
601211,国泰君安,0.8,730068,-0.07,14.64,-27174055,-0.2,,-27174055,82140949,-109315004,并购重组、证券,-0.14,276484279,62377837965,0.832253,3923468
000661,长春高新,2.1,1272728,0.14,135.9,-27628616,-1.62,,-27628616,92888077,-120516693,医药、创新药,-1.76,366052124,39569863725,1.08247,-8784783
300460,惠伦晶体,1.0,11884320,-3.61,12.53,-27898614,-7.8,,-27898614,89960905,-117859519,华为海思、股权转让,-4.35,608878515,2832567369,1.13898,6999313
300053,航宇微,2.1,4890480,-0.49,12.03,-28955505,-2.67,,-28955505,81039099,-109994604,飞行汽车、并购重组,-2.2,437057161,6255607240,1.31343,-10518714
000831,中国稀土,1.2,2106720,-0.26,30.15,-29336531,-2.36,,-29336531,73448152,-102784683,稀土永磁、有色金属,-2.11,311514748,17726182498,0.638425,-579037
300008,天海防务,0.7,755040,-0.41,4.67,-29495752,-3.11,,-29495752,39175266,-68671018,军工、造船,-2.71,208743690,6201737470,1.10757,0
600684,珠江股份,3.1,3306720,-0.72,4.11,-30535482,-1.67,,-30535482,30580971,-61116453,房地产、地产链,-0.96,208986965,2412102926,0.546376,0
002669,康达新材,8.9,3798821,-1.56,13.57,-31172641,-3.96,,-31172641,19582222,-50754863,VR/AR/MR、电磁屏蔽,-2.44,207557692,3084775520,1.66852,-4481960
600531,豫光金铅,0.2,411414,-0.14,7.03,-32253087,-2.23,,-32253087,13287778,-45540865,白银、黄金,-2.09,158119574,4857869876,0.744425,-2324134
603078,江化微  ,3.2,6437288,-1.06,17.16,-34014723,-3.97,,-34014723,43157201,-77171924,芯片、光刻胶,-2.94,351565751,3930904227,1.11772,-3787072
600460,士兰微  ,3.4,2016757,-0.69,25.51,-34412755,-2.89,,-34412755,55133087,-89545842,汽车芯片、IGBT,-2.22,384875648,20926730924,1.03783,0
603738,泰晶科技,0.8,2689600,-1.42,15.57,-35811528,-4.07,,-35811528,36075104,-71886632,机器人概念、华为海思,-2.69,271877861,4582219795,0.926727,158786
300131,英唐智控,3.0,2270036,-0.92,5.28,-36267554,-3.3,,-36267554,24353635,-60621189,芯片、第三代半导体,-2.4,235397378,5348356098,1.47292,0
300455,航天智装,2.1,4346984,-2.22,11.56,-36567573,-4.93,,-36567573,40887899,-77455472,商业航天、华为概念,-2.78,383367091,4146893962,1.20802,0
300097,ST智云,0.4,10001880,-4.11,9.63,-36699888,-5.77,,-36699888,73362907,-110062795,华为概念、汽车零部件,-1.73,566513373,2176914052,0.677395,0
300319,麦捷科技,1.7,2704800,-1.92,9.09,-36748915,-3.09,,-36748915,22704377,-59453292,滤波器、并购重组,-1.2,229392033,5600013948,0.908187,0
300142,沃森生物,0.6,661080,-0.21,23.06,-37372275,-2.54,,-37372275,44334701,-81706976,医药、疫苗概念,-2.33,278578788,36147137500,1.24267,-8273555
000563,陕国投Ａ,3.0,904935,0.0,3.02,-37421306,-0.98,,-37421306,47629792,-85051098,资产管理、参股券商,-0.98,178466566,8715666346,1.02411,-12159682
002681,奋达科技,1.5,483060,-0.41,4.78,-37855452,-1.85,,-37855452,17390722,-55246174,机器人概念、VR/AR/MR,-1.44,136876089,5912444913,1.11662,0
600129,太极集团,0.7,1058922,-0.25,38.77,-40325612,-2.49,,-40325612,49010955,-89336567,中药、止咳药,-2.24,533431929,13883511493,1.19183,-3928000
600886,国投电力,1.6,594090,0.0,12.25,-40858887,-0.41,,-40858887,23473939,-64332826,水电、绿色电力,-0.41,225720594,31677949905,0.645131,0
600100,同方股份,1.9,2874520,-1.42,6.84,-41855812,-2.98,,-41855812,62913918,-104769730,训推一体机、服务器,-1.58,285114288,16018724785,1.09997,-7957060
300738,奥飞数据,0.2,306000,-0.3,9.78,-41909914,-2.49,,-41909914,29891147,-71801061,阿里系AI、算力,-2.2,205723393,5376653191,1.05053,0
300315,掌趣科技,0.9,4041450,1.35,5.15,-41996488,-0.58,,-41996488,158378929,-200375417,游戏、AIGC,-1.9,698454598,13234600494,1.08512,0
300364,中文在线,0.6,1211800,-0.14,14.2,-43256701,-2.87,,-43256701,61180833,-104437534,文化传媒、网红经济,-2.74,492738518,9059636888,0.858394,-4287000
600559,老白干酒,1.0,2262500,-0.28,24.68,-45435869,-1.56,,-45435869,81949310,-127385179,白酒、酿酒,-1.28,542777942,16466840791,0.556657,-10532569
000066,中国长城,1.4,1928448,0.0,10.95,-46508484,-1.88,,-46508484,79365000,-125873484,信创、算力,-1.88,415214081,21154009733,0.893693,-36042744
000807,云铝股份,0.8,1537812,-0.45,15.51,-46889601,-1.4,,-46889601,78987124,-125876725,汽车类、有色金属,-0.96,448087095,25712729854,0.503472,-3301606
002642,荣联科技,33.3,10985874,-0.42,7.07,-47277207,-1.81,,-47277207,62700453,-109977660,年报增长、算力,-1.39,332714059,3765723143,1.87165,-5940609
600497,驰宏锌锗,1.2,1567280,-0.54,5.41,-49022293,-1.81,,-49022293,76020200,-125042493,金属锌、有色金属,-1.28,310103980,17026253985,0.618752,-26187058
002355,兴民智通,6.5,10978889,-3.12,6.7,-49487270,-0.59,,-49487270,79557876,-129045146,无人驾驶、大麻,2.6,582580238,3089535509,0.92976,-5645451
000506,*ST中润,0.6,4223820,-1.4,4.85,-50476583,-2.81,,-50476583,35541597,-86018180,ST板块、黄金,-1.42,326812595,3042497101,0.55711,-17784138
600760,中航沈飞,5.5,7397969,-0.07,44.98,-51696072,-1.14,,-51696072,151688893,-203384965,军工、无人机,-1.08,697006360,41788569066,1.06017,-9868194
300058,蓝色光标,1.4,4191020,-0.85,8.15,-51958267,-1.45,,-51958267,160181545,-212139812,智谱AI、文心千帆,-0.61,616941035,18779157864,0.767273,0
002530,金财互联,3.9,447140,0.0,7.63,-53296690,-3.42,,-53296690,15862782,-69159472,AI智能体、华为概念,-3.42,169844416,3686911016,1.52421,0
603306,华懋科技,4.2,20505085,0.46,31.55,-54899939,-4.25,,-54899939,136885520,-191785459,光刻胶、股权转让,-4.68,544138030,8140009444,1.70874,-9375948
300457,赢合科技,1.3,10946250,0.91,20.36,-56264773,-2.16,,-56264773,105221875,-161486648,锂电设备、固态电池,-3.05,534595024,7518278094,0.434788,-6151477
300307,慈星股份,0.3,5185723,-1.91,8.01,-56912896,-4.53,,-56912896,49023525,-105936421,机器人概念、C2M,-2.67,439408601,3800172668,0.680201,0
002703,浙江世宝,1.1,9835046,-2.27,15.76,-59226671,-5.74,,-59226671,129945453,-189172124,汽车零部件、小米汽车,-3.55,889995104,3811915624,0.698844,104625
600072,中船科技,0.3,496278,-0.19,20.3,-70025545,-3.24,,-70025545,39442158,-109467703,中船系、军工,-3.06,372936545,9370704966,1.1413,-3241043
603985,恒润股份,0.5,2878411,1.81,27.24,-71672011,-5.25,,-71672011,107870114,-179542125,算力租赁、风电零部件,-6.94,419062251,4970728685,0.730412,-31510083
002795,永和智控,1.0,39641094,-6.54,8.8,-79365969,-10.02,,-79365969,173208964,-252574933,医疗器械、BC电池,-3.72,627269374,2691403564,2.29451,-67511079
002602,ST华通,2.4,4665897,0.76,5.15,-81830657,-2.28,,-81830657,139451804,-221282461,ST板块、游戏,-3.01,616509231,30681702254,1.12956,-53136424
000988,华工科技,1.8,6504801,-0.64,30.5,-93351737,-2.21,,-93351737,216236921,-309588658,光模块、光芯片,-1.58,925095608,24834777934,0.803498,-11735784
000938,紫光股份,1.6,1652838,-0.11,25.21,-99412419,-3.41,,-99412419,115657676,-215070095,RDMA、训推一体机,-3.3,644336681,42227529472,1.00889,-32852433
002555,三七互娱,1.3,5517017,1.09,22.49,-108512520,-2.05,,-108512520,200196117,-308708637,游戏、云游戏,-3.1,1033922246,27852794333,0.695834,-18763386
002865,钧达股份,2.0,15469985,-0.68,90.13,-131466117,-2.5,,-131466117,171222023,-302688140,BC电池、TOPCon,-1.83,929021903,9596216330,1.05803,3276828
002049,紫光国微,2.8,11975600,-0.12,90.98,-139556640,-3.33,,-139556640,252390425,-391947065,芯片、存储,-3.21,1097826849,57179449752,0.978114,-32396396
002717,岭南股份,1.9,20937560,-3.37,3.35,-143943560,-5.9,,-143943560,85870077,-229813637,腾讯系AI 、元宇宙,-2.62,523858614,4366332368,1.30012,-67563077
000100,TCL科技,0.9,4182559,0.0,4.04,-166212589,-2.42,,-166212589,236140993,-402353582,AI眼镜、面板,-2.42,864506141,73118107878,0.986499,-26003625
600418,江淮汽车,0.5,3157150,-0.44,13.23,-166637212,-2.79,,-166637212,149455977,-316093189,汽车整车、地方国企,-2.36,814404982,20757974807,0.905255,-58681257
000536,华映科技,2.1,125440704,9.09,2.9,-178193921,9.85,6天5板,-178193921,503704997,-681898918,华为手机、华为概念,0.69,1659640459,4164524875,2.94182,0
002229,鸿博股份,0.6,19698741,-1.71,36.55,-190600525,-5.53,,-190600525,559922291,-750522816,算力租赁、ChatGPT,-3.89,2137389095,14019221905,0.950328,-28431197
601099,太平洋  ,0.6,9497664,-0.25,4.04,-227482021,1.76,,-227482021,1178087431,-1405569452,证券、西部大开发,2.02,3506981833,24532016680,1.33626,-74372005
300308,中际旭创,1.4,16452280,-0.55,106.31,-242968425,-3.09,,-242968425,879655390,-1122623815,CPO/MPO、光芯片,-2.56,2576182319,70099401168,1.21884,-118260016
