股票代码,股票名称,竞价量比,竞价金额,竞价涨幅%,价格,净额,涨幅%,板上信息,主力净额,主力买,主力卖,所属板块,区间涨幅%,成交额,实际流通,量比,300w大单净额
002232,启明信息,7.1,32836641,9.98,15.1,125421282,9.98,首板,125421282,152705455,-27284173,无人驾驶、EDR,0.0,152705469,2733402875,0.357141,144242740
300183,东软载波,0.9,187705,-0.09,12.16,46832812,11.97,,46832812,64623889,-17791077,RISC-V、智能电网,12.07,238548148,2873759537,6.32488,0
300364,中文在线,0.2,1920891,-0.24,20.35,44589908,-0.34,,44589908,389256098,-344666190,文化传媒、网红经济,-0.1,1562189797,12983352864,1.32985,25801565
002992,宝明科技,15.3,1970056,0.98,56.97,44084499,7.17,,44084499,137997448,-93912949,AI眼镜、复合集流体,6.13,427122144,8955906753,2.41867,6570441
002475,立讯精密,0.7,6429932,0.05,38.43,30149814,-3.25,,30149814,783191902,-753042088,消费电子、汽车零部件,-3.3,2726808397,156663820345,0.796729,-20753783
600624,复旦复华,0.2,3777207,-1.83,3.6,21305289,10.09,首板,21305289,51891981,-30586692,量子科技、抗原检测,12.15,124469712,1755342224,1.17265,10800000
300075,数字政通,0.7,581332,-0.21,14.14,17707565,0.0,,17707565,56660982,-38953417,信创、国产软件,0.21,287739160,6790801863,1.40285,0
600718,东软集团,0.5,102272,0.25,8.05,14284746,1.0,,14284746,44222582,-29937836,AI智能体、智能座舱,0.75,259571650,7656240949,2.80883,6567867
000547,航天发展,2.3,150500,0.0,5.9,11641774,-1.99,,11641774,24274607,-12632833,军工、人工智能,-1.99,66593579,7541866178,1.09327,5683504
300638,广和通,0.5,469047,0.31,15.55,11494330,-3.89,,11494330,76817521,-65323191,AI玩具、通信,-4.19,344075072,7173801121,1.05385,0
002713,东易日盛,1.1,458890,0.93,2.38,11335799,10.19,首板,11335799,13229613,-1893814,并购重组、AIGC,9.17,37334861,434313741,0.600032,0
605218,伟时电子,0.2,1657785,-1.15,15.9,11121970,1.73,,11121970,24056393,-12934423,首发经济、AI PIN,2.91,134050917,1033486101,1.78291,4765230
300324,旋极信息,0.8,369344,-0.5,2.0,11091598,0.0,,11091598,30098672,-19007074,芯片、军工,0.5,110924453,3191164032,1.26461,0
002178,延华智能,6.8,3072376,-2.38,3.47,10918919,3.27,,10918919,45199971,-34281052,养老概念、机器人概念,5.79,201192992,1639978169,2.42832,-9096
000925,众合科技,0.2,852150,-0.86,5.9,10530444,1.72,,10530444,32911343,-22380899,机器人概念、病毒防治,2.61,178411800,3230156792,1.63848,0
002831,裕同科技,1.4,92742,-0.38,23.2,9667546,-2.81,,9667546,13969735,-4302189,可降解概念、化工,-2.44,73904315,7777783102,1.40818,0
300264,佳创视讯,0.6,816640,-1.57,4.59,9548375,2.68,,9548375,27515371,-17966996,AI手机、华为概念,4.32,167426330,1607928327,1.04266,0
002387,维信诺,0.4,67602,-0.17,5.83,9085657,-1.85,,9085657,11434393,-2348736,智能穿戴、华为概念,-1.69,50158147,4810836880,0.953244,0
002681,奋达科技,0.3,41760,0.0,3.39,8902895,-2.59,,8902895,14747616,-5844721,机器人概念、VR/AR/MR,-2.59,57762812,4353256921,0.930578,0
002957,科瑞技术,0.2,19936,0.0,12.49,8590711,0.24,,8590711,12831993,-4241282,VR/AR/MR、芯片,0.24,96287445,1864870620,2.49963,0
600756,浪潮软件,0.7,2079720,-1.49,11.09,8356058,3.07,,8356058,42715405,-34359347,AI政务、云计算,4.62,215626812,2907795564,2.35748,4131035
300222,科大智能,1.9,1825900,1.38,5.98,6570720,2.93,,6570720,62719347,-56148627,机器人概念、汽车类,1.53,307219418,3515894969,1.64463,0
601921,浙版传媒,0.2,89520,-0.53,7.39,6274526,-1.47,,6274526,11225140,-4950614,AI眼镜、端侧AI,-0.94,48041334,3120220299,0.986916,0
002602,ST华通,1.1,945920,0.63,3.11,6180247,-2.2,,6180247,68315029,-62134782,ST板块、游戏,-2.81,247515941,18492266281,1.07585,3209999
300500,启迪设计,0.2,35748,0.1,10.19,5627499,2.72,,5627499,14163413,-8535914,基础建设、分布式光伏,2.62,71323130,883338172,1.48216,0
002655,共达电声,0.2,283815,-0.56,10.52,5540491,-2.32,,5540491,16913503,-11373012,智能音箱、智能座舱,-1.77,91490579,3396928680,0.670022,0
300081,恒信东方,0.2,89252,0.0,4.2,5473512,-0.24,,5473512,15322811,-9849299,人工智能、AI智能体,-0.24,73217265,2225161622,1.06211,0
300793,佳禾智能,0.8,322413,-0.08,11.8,4280216,-0.17,,4280216,8640178,-4359962,AI眼镜、人工智能,-0.08,76170981,2642642196,1.05497,0
002937,兴瑞科技,1.3,225521,0.19,19.91,4101328,-3.58,,4101328,11229121,-7127793,特斯拉概念、汽车零部件,-3.77,85517442,2650481660,0.81243,0
002421,达实智能,1.1,123735,0.0,2.17,3922996,-0.91,,3922996,10378694,-6455698,人工智能、数字经济,-0.91,49114516,3687276858,1.05958,0
002152,广电运通,1.4,378404,-0.4,9.64,3722031,-2.82,,3722031,15741834,-12019803,训推一体机、数据确权,-2.43,123498165,11954241605,1.09419,0
300753,爱朋医疗,1.9,202797,0.37,10.62,3673633,-0.65,,3673633,6718355,-3044722,脑机接口、医药,-1.03,39185933,710849114,1.48578,0
300844,山水比德,0.6,663600,0.65,29.05,3526091,4.42,,3526091,15178235,-11652144,韧性城市、基础建设,3.75,165693898,486878000,1.26935,0
002876,三利谱,1.0,112965,0.0,21.5,3497192,-2.93,,3497192,8116494,-4619302,VR/AR/MR、面板,-2.93,68078841,2807110371,0.957952,0
688597,煜邦电力,0.0,0,0.0,6.63,3497110,4.74,,3497110,4486586,-989476,充电桩、汽车充电,4.74,27121257,958812198,3.67315,0
002955,鸿合科技,0.3,16336,-0.63,20.0,3292884,-2.68,,3292884,6149925,-2857041,教育、人工智能,-2.06,47005808,1957555788,0.931675,0
300296,利亚德,0.6,67459,-0.24,4.1,3084698,-2.38,,3084698,10516538,-7431840,首发经济、VR/AR/MR,-2.15,77034674,7987240339,1.15531,0
002154,报喜鸟,1.2,221122,-0.23,4.2,2966053,-4.11,,2966053,13406874,-10440821,元宇宙、服装家纺,-3.89,87878532,3347412326,1.42225,0
000863,三湘印象,2.5,94325,0.0,3.44,2946400,0.29,,2946400,19381848,-16435448,谷子经济、文创产品,0.29,49769676,2132095136,0.823294,0
300546,雄帝科技,1.8,3447600,-0.82,13.52,2920713,1.12,,2920713,31077778,-28157065,蚂蚁金服概念、数字货币,1.96,254442156,1523023940,0.731369,0
300133,华策影视,0.6,1930942,-0.5,6.03,2414790,0.33,,2414790,179522047,-177107257,文生视频、影视院线,0.84,658913767,7314595883,1.51695,0
603869,ST智知  ,0.2,9900,0.9,4.57,2366923,2.47,,2366923,4961939,-2595016,ST板块、脑机接口,1.56,27556588,1191406524,3.04499,0
603017,中衡设计,0.7,12896,0.12,7.9,2350988,-1.86,,2350988,2350988,0,低空经济、新型工业化,-1.99,38211207,1226056300,1.38327,0
300025,华星创业,0.5,19257,0.0,9.06,2237827,-1.2,,2237827,9361474,-7123647,通信、数字经济,-1.2,36199660,3494690822,0.801601,0
002995,天地在线,0.8,997983,0.07,15.56,2186821,1.57,,2186821,24948987,-22762166,DeepSeek、互联网营销,1.5,280012567,1749211756,1.27205,0
600588,用友网络,0.3,716906,-0.72,9.41,2061976,-2.79,,2061976,49842443,-47780467,AI智能体、ERP,-2.08,233278557,19798631245,0.985252,-2269507
600715,*ST文投 ,0.4,284850,-0.66,1.58,1797942,4.64,,1797942,15801753,-14003811,ST板块、国有企业,5.33,59360096,1919549788,2.20942,0
002537,海联金汇,0.0,38304,0.0,4.98,1588628,-1.19,,1588628,5840203,-4251575,金融概念、数字货币,-1.19,35066546,4332660521,0.904271,0
002416,爱施德,2.8,926838,-1.09,8.67,1501917,-5.35,,1501917,30711911,-29209994,消费电子、互联网金融,-4.3,205928714,6371949702,2.53429,0
300213,佳讯飞鸿,0.5,39960,-0.37,5.33,1476586,-1.66,,1476586,3505016,-2028430,工业互联网、元宇宙,-1.3,29308314,2832811659,0.804806,0
003004,声迅股份,3.0,1158240,-1.55,23.54,1360690,1.64,,1360690,4644741,-3284051,安防、数字经济,3.25,68370791,872332117,1.53698,0
002925,盈趣科技,0.1,29700,-0.17,11.6,1358692,-2.52,,1358692,5068977,-3710285,脑机接口、电子烟,-2.36,41182368,3495980679,0.9835,0
300249,依米康,1.2,211560,-0.31,6.39,1271334,-1.24,,1271334,6030234,-4758900,阿里巴巴概念、数字经济,-0.93,65853828,1944276451,0.639575,0
300220,金运激光,0.9,609652,-2.54,7.12,1247804,0.28,,1247804,7654580,-6406776,谷子经济、零售,2.89,72387181,632906393,2.61468,0
002573,清新环境,2.9,180093,0.0,3.44,1071782,-0.86,,1071782,2073988,-1002206,火电灵活改造、并购重组,-0.86,18860535,2635374370,1.11808,0
002822,ST中装,0.4,530410,5.07,1.45,866018,5.07,2连板,866018,11907590,-11041572,ST板块、元宇宙,0.0,36253815,534285199,1.07992,0
603081,大丰实业,1.4,49050,-0.41,9.66,850229,-1.93,,850229,850229,0,首发经济、专精特新,-1.53,18379426,2372445517,0.611954,0
002063,远光软件,0.4,486390,-0.38,5.14,801125,-2.1,,801125,16818720,-16017595,智能电网、ERP,-1.72,83535651,6893794689,0.871394,0
002861,瀛通通讯,0.6,1301853,-1.89,9.73,706602,-3.28,,706602,16603356,-15896754,AI眼镜、端侧AI,-1.42,189926540,826319402,0.964632,0
300211,亿通科技,1.4,59670,0.2,4.99,661650,-1.96,,661650,1221549,-559899,RISC-V、脑机接口,-2.16,16935963,762405022,1.02683,0
300157,新锦动力,2.8,89853,1.1,1.8,627577,-0.55,,627577,1780701,-1153124,石油石化、数字经济,-1.64,16611673,974245868,1.697,0
000839,中信国安,0.5,73872,0.0,2.4,613326,-1.23,,613326,10517933,-9904607,DeepSeek、广电网,-1.23,54071733,5980532375,1.29816,0
300440,运达科技,1.4,307614,0.2,4.91,578061,-1.8,,578061,578061,0,西部大开发、军工,-2.0,18439262,1338604914,0.693587,0
600775,南京熊猫,4.0,353280,-0.67,7.29,505688,-1.62,,505688,4642145,-4136457,脑机接口、卫星导航,-0.95,69485834,3359882945,0.887072,0
002093,国脉科技,0.3,106147,0.0,5.81,496679,-2.02,,496679,3407077,-2910398,AI智能体、数据确权,-2.02,33702823,2985943289,0.781531,0
300612,宣亚国际,1.6,113274,0.54,12.7,477505,-1.93,,477505,2615333,-2137828,元宇宙、AI智能体,-2.46,33719736,1567574762,1.07324,0
002103,广博股份,2.4,147053,0.21,4.69,441061,-1.88,,441061,2213097,-1772036,谷子经济、字节概念,-2.09,24183634,1250416255,0.885813,0
600880,博瑞传播,0.3,25696,0.0,3.46,420105,-1.7,,420105,2224332,-1804227,字节概念、NFT概念,-1.7,19063288,2432447539,0.716545,0
301011,华立科技,0.6,14550,0.55,14.11,343650,-2.49,,343650,343650,0,谷子经济、三季报增长,-3.02,13266186,1807455865,0.808166,0
000050,深天马Ａ,0.2,48039,0.14,6.96,317472,-2.79,,317472,7000428,-6682956,折叠屏、消费电子,-2.93,79467769,7711012483,1.12657,0
002855,捷荣技术,0.7,59664,-0.06,17.58,300924,-2.82,,300924,4880216,-4579292,端侧AI、华为概念,-2.77,60880569,1574685296,0.564515,0
300650,太龙股份,0.7,174665,0.1,9.48,299317,-1.66,,299317,3885565,-3586248,存储、芯片,-1.76,52140537,1258379639,0.82644,0
002445,中南文化,2.2,266814,-0.61,1.62,272080,-0.61,,272080,8758316,-8486236,文化传媒、VR/AR/MR,0.0,31612023,2479059309,1.2951,0
002765,蓝黛科技,1.2,78776,0.22,4.6,224110,0.66,,224110,4286953,-4062843,机器人概念、汽车零部件,0.44,59011184,2631951893,1.66203,0
688127,蓝特光学,0.3,106926,0.0,18.6,205643,-5.01,,205643,15846572,-15640929,华为概念、玻璃基板,-5.01,116536847,3652754813,0.641941,0
300860,锋尚文化,1.1,53872,0.0,20.03,205501,-3.33,,205501,2399141,-2193640,首发经济、低空经济,-3.33,22212889,1144714189,0.852821,0
300640,德艺文创,0.6,19227,0.53,3.68,202663,-1.87,,202663,611375,-408712,谷子经济、装修家具,-2.39,11156645,705438932,1.01228,0
603058,永吉股份,0.5,592678,-0.87,7.9,86862,-2.35,,86862,4924486,-4837624,大麻、白酒,-1.5,47642761,1504006273,0.409698,0
300404,博济医药,1.7,155168,-0.4,7.28,86163,-2.8,,86163,3692088,-3605925,减肥药、病毒防治,-2.41,69187205,1751337650,1.10509,0
688039,当虹科技,0.4,28102,-0.85,21.65,73530,-3.22,,73530,1752249,-1678719,DeepSeek、数字经济,-2.39,27410869,1293276803,0.699146,0
600358,国旅联合,1.4,89823,0.0,2.32,61171,-2.11,,61171,1312678,-1251507,小红书概念、平台经济,-2.11,15733567,807885567,0.999992,0
688191,智洋创新,0.0,0,0.0,14.49,0,-1.7,,0,0,0,华为概念、科创板,-1.7,4868446,1225440219,0.789729,0
002184,海得控制,26.5,43884,0.0,8.03,0,-3.02,,0,0,0,机器人概念、工业4.0,-3.02,16119485,1633606491,0.809037,0
002646,天佑德酒,0.6,126625,-0.98,9.91,-8089,-3.13,,-8089,1948047,-1956136,白酒、人工智能,-2.17,34149579,2702922520,1.01403,0
605069,正和生态,4.9,70110,0.35,5.74,-79448,1.06,,-79448,789260,-868708,AI智能体、人工智能,0.7,33489889,483085736,2.5209,0
300344,立方数科,0.0,62100,-0.33,2.96,-95143,-1.66,,-95143,1558566,-1653709,AI智能体、东数西算,-1.33,25316043,1042796883,0.943256,0
688068,热景生物,0.0,0,0.0,25.16,-101505,-1.72,,-101505,638748,-740253,医疗器械、医药,-1.72,10784088,1444804365,1.13,0
603895,天永智能,0.1,6284,-0.7,15.46,-106568,-2.28,,-106568,363544,-470112,机器人概念、华为汽车,-1.59,9401464,555735231,1.18027,0
300134,大富科技,0.8,74880,-0.16,6.26,-139838,-2.34,,-139838,1160061,-1299899,华为手机、5G,-2.19,28030097,2302776134,0.574309,0
600288,大恒科技,0.4,8974,0.47,6.26,-159147,-1.88,,-159147,1860654,-2019801,机器人概念、机器视觉,-2.34,21813249,1920940004,0.870064,0
300949,奥雅股份,0.1,5724,0.03,28.04,-180559,-1.99,,-180559,443390,-623949,算力、元宇宙,-2.03,15859254,476813190,0.991847,0
300235,方直科技,0.8,146688,-0.26,7.48,-185244,-2.35,,-185244,1338138,-1523382,教育、人工智能,-2.09,21869373,1176091720,0.809143,0
300987,川网传媒,0.7,105376,0.25,11.53,-270228,-2.37,,-270228,472527,-742755,人工智能、文心千帆,-2.62,14325776,1097680097,0.708779,0
002799,环球印务,3.2,114660,-0.17,5.77,-287424,-1.54,,-287424,763188,-1050612,互联网营销、字节概念,-1.37,22135876,950252659,0.905844,0
301302,华如科技,0.3,149331,0.24,16.04,-288616,-2.02,,-288616,3003543,-3292159,军工、机器人概念,-2.25,35089922,1388743200,0.906839,0
688360,德马科技,0.0,10920,0.09,10.72,-301786,-1.74,,-301786,0,-301786,专精特新、人工智能,-1.83,12150006,1079800272,1.70737,0
301390,经纬股份,0.0,57600,-0.07,27.92,-317179,-3.12,,-317179,820230,-1137409,光伏、基础建设,-3.06,13035935,821099280,0.693779,0
603153,上海建科,0.0,0,0.0,15.62,-376635,-1.39,,-376635,1019381,-1396016,算力、数字经济,-1.39,20675061,1109020156,0.605423,0
300219,鸿利智汇,0.4,40271,0.0,5.15,-413522,-1.53,,-413522,3560336,-3973858,华为汽车、汽车零部件,-1.53,65050875,2148312607,2.02247,0
300555,ST路通,0.0,0,0.0,5.33,-454744,-1.3,,-454744,0,-454744,ST板块、农业,-1.3,4489990,852863772,2.32519,0
000607,华媒控股,0.2,21243,0.34,2.85,-469164,-1.72,,-469164,793823,-1262987,文化传媒、数据确权,-2.06,17529305,1456182768,0.967803,0
002474,榕基软件,3.1,2096995,-1.89,4.14,-514473,-2.13,,-514473,4738341,-5252814,AI政务、国产软件,-0.24,66189501,2083048915,1.12493,0
605289,罗曼股份,0.0,0,0.0,21.86,-515801,-3.19,,-515801,0,-515801,谷子经济、文创产品,-3.19,16294977,1106334600,0.790242,0
002410,广联达,0.4,726895,-0.28,10.31,-537471,-2.55,,-537471,56340587,-56878058,人工智能、国产软件,-2.27,303453840,11814027929,0.491261,18194550
301033,迈普医学,0.5,134343,-0.95,39.7,-539994,-3.41,,-539994,515454,-1055448,年报增长、医疗器械,-2.48,26134795,1348273647,0.6429,0
300287,飞利信,3.1,1419738,-1.06,1.88,-618089,0.0,,-618089,22580378,-23198467,数据要素、军工,1.08,169739239,2390291921,1.47457,0
300016,北陆药业,1.1,59630,0.0,4.38,-625788,-1.57,,-625788,410176,-1035964,医药、创新药,-1.57,15623383,1567333062,0.879562,0
300259,新天科技,29.1,389360,1.22,2.42,-669084,-1.22,,-669084,1573908,-2242992,传感器、仪器仪表,-2.42,18805561,1581855118,1.45867,0
002919,名臣健康,1.3,415653,0.82,10.63,-687597,-3.36,,-687597,1187998,-1875595,游戏、人工智能,-4.15,35458339,1660847274,1.07956,0
002238,天威视讯,1.5,46557,0.14,7.17,-700692,-2.85,,-700692,0,-700692,短剧、通信,-2.98,29160829,1975899648,0.819243,0
688162,巨一科技,3.5,26955,0.27,17.65,-726649,-3.02,,-726649,0,-726649,电机电控、华为汽车,-3.29,12479170,727833167,0.960376,0
000711,*ST京蓝,0.4,17819,0.0,1.72,-728884,-0.58,,-728884,995892,-1724776,ST板块、元宇宙,-0.58,7186143,1509349339,0.891349,0
300608,思特奇,6.8,911412,-0.57,8.6,-728970,-2.05,,-728970,3105494,-3834464,AI智能体、通信,-1.49,53948899,1615665094,1.05258,0
300088,长信科技,0.1,37548,-0.22,4.35,-786472,-2.9,,-786472,23832337,-24618809,智能穿戴、智能座舱,-2.68,146851316,8551019665,0.895488,0
300660,江苏雷利,23.5,681594,1.13,23.17,-797022,-3.05,,-797022,6937455,-7734477,宇树机器人、储能,-4.14,62208465,2686368150,1.04147,0
300770,新媒股份,1.9,159850,-0.22,31.37,-837942,-2.09,,-837942,8594835,-9432777,华为概念、人工智能,-1.88,45509681,3962084233,0.991184,0
300032,金龙机电,0.7,28106,-0.66,2.94,-879057,-2.33,,-879057,763357,-1642414,电子烟、消费电子,-1.67,26961410,1973151958,0.885758,0
300310,宜通世纪,3.9,219372,0.0,3.57,-886341,-1.38,,-886341,13298825,-14185166,机器人概念、5G,-1.38,62006723,2304569653,1.10761,0
300788,中信出版,0.2,55890,0.0,23.62,-909118,-2.8,,-909118,4079309,-4988427,中字头、AI智能体,-2.8,36977000,1193053929,0.7336,0
605118,力鼎光电,0.6,53243,0.98,13.69,-922771,-3.93,,-922771,0,-922771,AI眼镜、端侧AI,-4.86,19559748,739205912,0.978814,0
000045,深纺织Ａ,0.7,49270,-0.39,7.37,-944803,-3.15,,-944803,300979,-1245782,深圳、消费电子,-2.77,22826714,1643588612,0.823121,0
300248,新开普,1.8,137462,-0.32,6.15,-944940,-1.44,,-944940,0,-944940,AI智能体、数字经济,-1.13,15620279,2256609670,0.813189,0
002354,天娱数科,0.3,105419,0.0,2.65,-992796,-2.21,,-992796,13440390,-14433186,DeepSeek、虚拟人,-2.21,100804857,4288683102,1.02642,0
000530,冰山冷热,0.3,75658,-0.28,3.58,-1021159,-1.38,,-1021159,2979486,-4000645,液冷服务器、病毒防治,-1.1,27184168,1535926517,0.889443,0
300571,平治信息,0.6,64977,-0.05,19.34,-1053897,-1.83,,-1053897,0,-1053897,算力、元宇宙,-1.78,26562006,1752317181,1.00437,0
002313,日海智能,1.8,83824,0.0,6.61,-1058536,-2.22,,-1058536,391167,-1449703,机器人概念、人工智能,-2.22,26610727,1373689068,0.773181,0
300514,友讯达,1.2,193200,0.94,12.29,-1123706,-3.68,,-1123706,1642939,-2766645,充电桩、新能源汽车,-4.58,40985165,1486487179,0.88767,0
002175,东方智造,0.1,57970,0.0,1.65,-1215846,-2.94,,-1215846,1126464,-2342310,芯片、元宇宙,-2.94,18093767,1702497427,1.05246,0
601789,宁波建工,0.5,58080,0.0,3.49,-1219542,-0.85,,-1219542,2415292,-3634834,国资云、数字经济,-0.85,25624768,2774036870,1.41433,0
300338,*ST开元,0.5,293237,-1.21,1.7,-1348082,3.03,,-1348082,4403336,-5751418,ST板块、湖南,4.29,43850329,551172030,1.37987,0
002369,卓翼科技,0.4,48020,0.0,3.36,-1390310,-2.04,,-1390310,0,-1390310,华为概念、工业母机,-2.04,28175800,1657775039,0.820167,0
300565,科信技术,0.4,1603921,-0.57,10.44,-1430412,-1.04,,-1430412,7809279,-9239691,超跌、储能,-0.48,97442363,1897174299,1.17674,0
300449,汉邦高科,2.1,154425,-0.68,4.26,-1601312,-2.74,,-1601312,1629446,-3230758,VR/AR/MR、人工智能,-2.07,27222771,1261323259,0.832767,0
300830,金现代,1.0,109649,-0.54,5.43,-1602336,-1.99,,-1602336,419576,-2021912,AI智能体、新型工业化,-1.45,25493159,1500665153,0.900369,0
300846,首都在线,0.4,263297,0.32,9.11,-1620912,-2.46,,-1620912,6018151,-7639063,DeepSeek、元宇宙,-2.77,59966893,2971129319,0.575187,0
603189,网达软件,1.7,1473612,0.27,10.89,-1639787,-1.89,,-1639787,1337260,-2977047,AI视觉、信创,-2.16,52735080,1596847547,1.13832,0
600556,天下秀  ,0.5,66778,0.0,3.38,-1668885,-2.31,,-1668885,4346410,-6015295,小红书概念、平台经济,-2.31,46634835,3732652154,0.897313,0
600797,浙大网新,0.2,50958,-0.45,4.44,-1673889,-1.11,,-1673889,2215989,-3889878,阿里系AI、数字经济,-0.67,32074755,3944500262,0.930799,0
300845,捷安高科,1.3,426618,0.97,10.2,-1684747,-0.78,,-1684747,4721469,-6406216,军工、人工智能,-1.73,64792786,829649908,1.53138,0
603466,风语筑  ,1.9,82208,0.27,7.13,-1705589,-2.6,,-1705589,2441667,-4147256,DeepSeek、人工智能,-2.86,37734833,2337769506,0.83354,0
002431,棕榈股份,1.1,32616,0.67,1.51,-1750637,0.67,,-1750637,1081014,-2831651,足球概念、基础建设,0.0,19719197,1541764557,1.07251,0
002605,姚记科技,0.5,204160,0.17,17.04,-1774409,-3.02,,-1774409,12580456,-14354865,小红书概念、平台经济,-3.18,114260530,3826437639,0.982147,0
300238,冠昊生物,0.4,240550,-0.35,8.41,-1784081,-1.41,,-1784081,1355255,-3139336,再生医学、病毒防治,-1.06,33766363,1637414904,1.0124,0
002059,云南旅游,0.6,28830,-0.43,4.6,-1948006,-1.5,,-1948006,869502,-2817508,旅游、人工智能,-1.08,18453995,1830529785,0.967017,0
002291,遥望科技,0.4,36784,0.24,4.09,-2014886,-1.92,,-2014886,5192598,-7207484,小红书概念、平台经济,-2.15,62321924,3010555004,1.12267,0
300036,超图软件,0.6,438834,-0.15,13.11,-2077961,-2.46,,-2077961,4907911,-6985872,时空大数据、国产软件,-2.31,66320138,5564073547,0.919751,0
300805,电声股份,0.3,803964,-1.52,7.36,-2093141,1.52,,-2093141,28637400,-30730541,电子商务、首发经济,3.08,215000014,1449149918,1.21411,0
003021,兆威机电,5.9,2140500,1.95,40.69,-2129676,-3.1,,-2129676,17556514,-19686190,宇树机器人、汽车零部件,-4.95,141359500,7132075054,1.19405,0
603859,能科科技,0.5,110817,0.0,16.88,-2176601,-4.04,,-2176601,2764692,-4941293,AI智能体、军工,-4.04,52440637,3403669509,0.81014,0
300291,百纳千成,1.8,512730,0.25,3.91,-2286256,-3.22,,-2286256,6626958,-8913214,AIGC、短剧,-3.46,52623311,2237960126,0.79571,0
600640,国脉文化,0.2,61244,0.1,9.87,-2286257,-1.6,,-2286257,705152,-2991409,AI眼镜、端侧AI,-1.69,36058484,2732946051,0.852818,0
301293,三博脑科,0.7,171888,-0.14,35.06,-2290767,-2.23,,-2290767,18883690,-21174457,脑机接口、民营医院,-2.09,104864662,5642755962,1.02169,-3872198
300691,联合光电,0.9,743016,-1.32,14.48,-2336562,-4.23,,-2336562,5338980,-7675542,AI眼镜、端侧AI,-2.95,47500614,2151806851,1.07436,0
600728,佳都科技,0.2,68448,0.27,3.67,-2342353,-1.08,,-2342353,6266589,-8608942,人工智能、元宇宙,-1.34,55896230,7214078506,1.06727,0
301391,卡莱特,10.1,764202,-0.63,36.7,-2362647,-4.08,,-2362647,1517872,-3880519,VR/AR/MR、LED,-3.47,41459248,1204883645,1.00143,0
000665,湖北广电,0.2,34700,0.0,3.4,-2363370,-2.02,,-2363370,3989832,-6353202,AI智能体、广电网,-2.02,25524165,2301615239,1.28928,0
301185,鸥玛软件,1.8,647280,-0.5,13.62,-2376774,-2.64,,-2376774,4059087,-6435861,国产软件、人工智能,-2.16,47565250,1245644871,1.25389,0
600037,歌华有线,0.1,266392,-0.35,5.68,-2429217,-0.35,,-2429217,10935966,-13365183,华为概念、人工智能,0.0,71260207,4946487492,0.899677,0
301313,凡拓数创,0.8,199500,0.05,19.33,-2457238,-3.06,,-2457238,5409652,-7866890,数字经济、人工智能,-3.11,68691911,1262939390,0.461901,0
300052,中青宝,135.8,1644538,3.77,11.74,-2459657,0.6,,-2459657,11464342,-13923999,游戏、云游戏,-3.06,132016015,2557396006,2.34832,0
300007,汉威科技,2.4,365571,1.12,13.18,-2498682,-1.93,,-2498682,11109194,-13607876,机器人概念、数字经济,-3.02,89746832,3555513785,1.43193,0
002047,宝鹰股份,1.6,138945,0.0,1.56,-2528275,-0.64,,-2528275,5926714,-8454989,股权转让、元宇宙,-0.64,24903937,1632015882,1.04501,0
603297,永新光学,0.0,11960,-0.4,57.24,-2535223,-4.66,,-2535223,1172798,-3708021,无人驾驶、智能驾驶,-4.28,53262230,2316200608,0.878652,0
300466,赛摩智能,1.2,249402,-0.67,5.82,-2603218,-2.18,,-2603218,8180743,-10783961,机器人概念、元宇宙,-1.52,66593661,1585899269,1.12226,0
300578,会畅通讯,0.3,494892,-0.36,13.61,-2685213,-2.99,,-2685213,9610401,-12295614,信创、人工智能,-2.65,108026268,1904058312,0.752355,0
002878,元隆雅图,0.6,204976,-0.09,10.8,-2696687,-3.14,,-2696687,951339,-3648026,谷子经济、并购重组,-3.05,58656766,1337136824,0.517352,0
300113,顺网科技,2.7,825987,0.1,9.79,-2698078,-3.07,,-2698078,36953536,-39651614,云游戏、AI智能体,-3.17,121615177,4639378552,1.33657,-21023893
603377,ST东时  ,0.2,882880,4.73,1.41,-2706596,-4.73,,-2706596,10564274,-13270870,ST板块、人工智能,-9.03,38878275,564959067,1.72762,0
003005,竞业达,0.4,592644,-1.35,22.15,-2711701,-3.4,,-2711701,4169058,-6880759,DeepSeek、人工智能,-2.08,64329124,1105973941,0.632387,0
300170,汉得信息,0.9,606214,-0.17,5.9,-2745659,-2.16,,-2745659,5143435,-7889094,AI智能体、数字经济,-1.99,71657801,5569575627,0.790927,0
000909,ST数源,0.3,398160,-1.37,3.53,-2819067,-3.29,,-2819067,1359154,-4178221,ST板块、通信,-1.94,32189218,917546877,1.6152,0
000810,创维数字,0.6,173706,-0.13,7.61,-2851259,-3.3,,-2851259,5967742,-8819001,AI眼镜、AIGC,-3.18,65917867,4054903270,1.0422,0
300058,蓝色光标,2.9,1012024,0.38,5.1,-2916652,-2.67,,-2916652,19886027,-22802679,AI智能体、文心千帆,-3.04,134924549,12163210152,0.857817,0
301213,观想科技,0.5,797130,0.0,30.0,-3077780,-4.03,,-3077780,11014171,-14091951,军工、机器人概念,-4.03,105513540,862691970,0.591314,0
600083,*ST博信 ,0.1,508976,5.05,2.01,-3082706,1.52,,-3082706,4387885,-7470591,ST板块、专用设备,-3.37,33306830,327017201,3.09171,0
300682,朗新集团,0.2,75690,-0.36,8.22,-3222481,-2.61,,-3222481,8496942,-11719423,金融概念、并购重组,-2.26,67109951,5514395585,0.81077,0
300071,福石控股,0.2,55076,-1.01,1.92,-3229566,-3.03,,-3229566,2385738,-5615304,DeepSeek、web3.0,-2.04,27819714,1350106524,0.807814,0
300166,东方国信,1.2,388152,0.34,5.9,-3261042,-1.17,,-3261042,11053496,-14314538,信创、新型工业化,-1.5,90270997,4969198791,1.18661,0
300976,达瑞电子,1.6,270840,-0.18,42.92,-3316384,-3.51,,-3316384,2724889,-6041273,消费电子、三季报增长,-3.33,44079133,1377882793,0.603968,0
002298,中电鑫龙,0.4,344698,0.0,3.77,-3481987,-2.33,,-3481987,3322816,-6804803,存储、机器人概念,-2.33,58987142,2305750188,0.78243,0
002075,沙钢股份,1.1,309504,0.0,3.93,-3490887,-2.48,,-3490887,27615513,-31106400,钢铁、云计算,-2.48,109942196,6311064659,0.595965,0
301052,果麦文化,0.0,197208,-0.15,19.45,-3692800,-2.51,,-3692800,6253831,-9946631,文生视频、文化传媒,-2.36,82026075,1353029562,0.690159,0
000681,视觉中国,0.7,189504,0.0,11.04,-3711540,-2.13,,-3711540,4866843,-8578383,AI智能体、知识产权,-2.13,61599705,5401299729,0.713236,0
603322,超讯通信,0.3,144690,-0.73,26.8,-3762513,-2.55,,-3762513,14240915,-18003428,DeepSeek、5G,-1.83,97682611,3093185176,0.669572,0
300556,丝路视觉,1.1,156864,0.18,15.77,-3784398,-3.31,,-3784398,1645687,-5430085,文生视频、机器视觉,-3.49,52190318,1542213120,0.714665,0
002642,荣联科技,1.5,188860,-0.56,5.28,-3791073,-1.31,,-3791073,5254459,-9045532,年报增长、数据中心,-0.75,86211945,2910607860,1.41506,0
300307,慈星股份,1.3,104832,0.37,5.26,-3823107,-3.31,,-3823107,1789227,-5612334,机器人概念、新型工业化,-3.66,45613037,2726002443,0.975044,0
002173,创新医疗,2.4,274482,0.32,6.14,-3827869,-0.81,,-3827869,6564505,-10392374,脑机接口、民营医院,-1.13,52632385,1738154310,1.14969,0
301382,蜂助手,0.6,131274,-0.59,16.38,-3922003,-3.25,,-3922003,2657707,-6579710,华为概念、字节概念,-2.67,42252634,2246053069,0.849989,0
600373,中文传媒,1.2,520650,0.07,13.02,-3923497,-2.4,,-3923497,6083636,-10007133,元宇宙、并购重组,-2.47,104506333,6761211704,0.70159,0
603977,国泰集团,0.2,8982,0.0,9.38,-3961920,-6.01,,-3961920,7025876,-10987796,民用爆破、军工,-6.01,77264775,2713563083,1.7803,0
300250,初灵信息,0.8,488400,-0.54,10.97,-3980495,-1.7,,-3980495,5055523,-9036018,AI智能体、元宇宙,-1.17,91288693,1532530783,1.00013,0
600706,曲江文旅,2.6,161216,0.77,8.98,-3997788,-1.21,,-3997788,848446,-4846234,旅游、陕西省,-1.97,43013266,1248368120,1.39256,0
300353,东土科技,0.4,1346304,-0.78,7.39,-4053158,-4.52,,-4053158,11281567,-15334725,工业互联网、专用设备,-3.78,106932693,3656587202,0.594024,0
002425,ST凯文,5.0,393824,1.22,2.4,-4086859,-2.04,,-4086859,4571105,-8657964,ST板块、网红经济,-3.23,45537918,1845572074,1.18918,0
300045,华力创通,0.6,1204080,-0.29,16.8,-4198807,-3.17,,-4198807,67765108,-71963915,卫星导航、军工,-2.89,278760960,7463539934,0.705206,0
002400,省广集团,0.4,455748,-0.61,4.91,-4216694,-0.2,,-4216694,35785189,-40001883,字节概念、人工智能,0.41,183211677,6869748432,0.721255,0
002243,力合科创,3.3,175168,-0.18,5.28,-4322847,-3.12,,-4322847,2893675,-7216522,深圳、化工,-2.94,44524095,3114390107,0.962133,0
600804,*ST鹏博 ,1.2,715962,1.48,1.31,-4382230,-2.96,,-4382230,13821912,-18204142,ST板块、数字经济,-4.38,95055339,1712985387,1.68096,0
603660,苏州科达,1.0,165984,0.0,4.87,-4384141,-1.42,,-4384141,4352531,-8736672,训推一体机、GPT4,-1.42,53271257,1773839384,0.948982,0
000156,华数传媒,0.1,8955,-0.5,5.88,-4479821,-2.0,,-4479821,1110767,-5590588,文化传媒、人工智能,-1.51,30634607,5243669150,0.718993,0
688228,开普云  ,0.4,57188,-0.03,34.65,-4484499,-3.75,,-4484499,1850076,-6334575,云计算、AI智能体,-3.72,30617523,1038399547,1.06259,0
688025,杰普特  ,0.3,14220,0.14,33.8,-4509637,-4.79,,-4509637,7892898,-12402535,TOPCon、三季报增长,-4.92,61078829,2077328806,1.28117,0
002632,道明光学,1.8,197912,0.14,6.72,-4511904,-2.75,,-4511904,4534765,-9046669,固态电池、VR/AR/MR,-2.89,64964064,2223552790,0.705133,0
002253,川大智胜,0.5,1567800,-1.47,10.07,-4640813,-1.27,,-4640813,8761488,-13402301,人工智能、元宇宙,0.2,102345523,1727179838,0.546381,0
000788,北大医药,0.2,20670,0.38,5.19,-4790291,-1.7,,-4790291,0,-4790291,流感、新冠药概念,-2.08,33886651,2043156360,0.934049,0
300653,正海生物,3.4,236080,-0.18,21.9,-4834427,-3.69,,-4834427,5165325,-9999752,医疗器械、医药,-3.52,47973209,2304536562,1.41171,0
603598,引力传媒,0.1,338985,0.33,11.75,-4914177,-2.97,,-4914177,6908682,-11822859,文化传媒、短剧,-3.29,94764907,1570874476,0.779721,0
603721,中广天择,0.2,290290,0.1,19.8,-4948435,-2.37,,-4948435,2364487,-7312922,阶跃星辰、人工智能,-2.46,79436723,1277298594,0.713054,0
600986,浙文互联,1.9,180900,0.5,3.95,-4966858,-1.25,,-4966858,10548583,-15515441,算力、网红经济,-1.74,54703049,4907481365,0.848945,0
300947,德必集团,1.2,2025396,-0.73,18.24,-5055555,2.18,,-5055555,31905782,-36961337,房地产、VR/AR/MR,2.93,305441438,1588224590,0.973618,0
603626,科森科技,0.2,146793,0.6,4.81,-5094617,-3.41,,-5094617,1942323,-7036940,华为手机、固态电池,-3.99,49573841,1609894134,0.373503,0
002717,岭南股份,0.4,463104,-2.04,0.95,-5243716,-3.06,,-5243716,5072901,-10316617,腾讯系AI 、元宇宙,-1.04,66232415,1242583379,0.600199,0
688322,奥比中光,1.5,201975,0.47,24.3,-5428961,-4.48,,-5428961,7927503,-13356464,宇树机器人、机器视觉,-4.93,69076834,4322392763,1.23821,0
002467,二六三,0.4,187563,-0.61,3.19,-5433399,-2.15,,-5433399,2776138,-8209537,智谱AI、云计算,-1.54,49305675,3658011181,0.712784,0
002587,奥拓电子,0.2,201438,-0.67,5.72,-5474011,-3.54,,-5474011,24294140,-29768151,机器人概念、VR/AR/MR,-2.89,133120234,2710622761,0.688188,-3882262
301312,智立方,2.6,1255793,-1.71,35.4,-5479186,-3.86,,-5479186,5342065,-10821251,苹果概念、消费电子,-2.18,71872201,913934756,0.733416,0
301169,零点有数,1.8,2342440,-1.26,30.09,-5532797,-5.38,,-5532797,9942327,-15475124,数据要素、人工智能,-4.17,112298286,846194832,0.934113,0
603825,华扬联众,0.2,954856,-0.48,8.23,-5565563,-0.84,,-5565563,5561644,-11127207,腾讯概念、人工智能,-0.36,87882480,1146976012,0.934264,0
300352,北信源,0.7,2505156,-0.78,3.8,-5784634,-1.3,,-5784634,7100009,-12884643,网络安全、数字经济,-0.52,80833901,4369643039,1.40981,0
300175,朗源股份,0.7,456456,0.0,6.04,-5784668,-1.95,,-5784668,16006824,-21791492,农业、人工智能,-1.95,104718089,2162911997,0.749124,0
300076,GQY视讯,1.3,468350,-0.31,3.16,-5797806,-2.47,,-5797806,7833972,-13631778,机器人概念、VR/AR/MR,-2.17,53650162,941679747,1.10453,0
002229,鸿博股份,1.3,719151,0.4,9.69,-5894692,-3.0,,-5894692,21584403,-27479095,算力租赁、ChatGPT,-3.39,173375143,4778762077,0.858746,4338000
002373,千方科技,0.3,558250,-0.57,8.69,-6105708,-1.25,,-6105708,79627319,-85733027,无人驾驶、蚂蚁金服概念,-0.69,378893188,8737882756,1.14961,-8747807
000670,盈方微,0.5,328500,0.0,4.32,-6144888,-4.0,,-6144888,5159594,-11304482,存储、卫星导航,-4.0,63566719,2693916833,1.01651,0
600855,航天长峰,0.1,39960,-0.22,8.62,-6151299,-3.15,,-6151299,3633050,-9784349,电源、军工,-2.93,55540109,2443318850,0.790419,0
002572,索菲亚,1.2,556325,0.14,13.96,-6185784,-3.26,,-6185784,13950015,-20135799,装修家具、高股息,-3.39,133967849,6080132279,0.887401,0
688088,虹软科技,0.3,209282,0.25,26.42,-6206436,-4.21,,-6206436,7378552,-13584988,AIGC、汽车类,-4.45,90732714,6156627600,0.99287,0
600633,浙数文化,0.5,285520,-0.69,8.47,-6411791,-2.19,,-6411791,11074515,-17486306,腾讯系AI 、体育产业,-1.51,73663379,5589009934,0.930986,0
002292,奥飞娱乐,3.4,2262298,0.86,5.67,-6516679,-2.58,,-6516679,15166168,-21682847,谷子经济、字节概念,-3.41,126422394,4660057063,0.905181,0
300322,硕贝德,0.6,578976,-0.34,8.98,-6755920,0.79,,-6755920,67267319,-74023239,消费电子、华为概念,1.13,431968827,3275947379,0.87436,0
300331,苏大维格,0.2,219934,0.07,14.64,-6995967,-4.75,,-6995967,7733782,-14729749,芯片、OLED,-4.81,81432055,2557405865,0.9228,0
002189,中光学,0.2,103110,0.0,14.25,-7005785,-3.26,,-7005785,3018396,-10024181,并购重组、军工,-3.26,68260320,2252996191,0.774911,0
000727,冠捷科技,0.2,76428,0.0,1.92,-7247329,-3.03,,-7247329,11135411,-18382740,消费电子、汽车零部件,-3.03,100091340,4907047322,1.59155,0
002343,慈文传媒,0.8,568491,0.62,4.67,-7616247,-2.71,,-7616247,8878897,-16495144,AI眼镜、文化传媒,-3.31,77430836,1583709312,1.06315,0
300456,赛微电子,0.7,456042,-0.06,14.95,-7754040,-5.32,,-7754040,27011308,-34765348,芯片、传感器,-5.26,202897177,7082280705,0.993425,0
300024,机器人,2.5,2957110,1.23,9.5,-7782912,-2.76,,-7782912,26283763,-34066675,机器人概念、军工,-3.94,157722219,10679653334,1.34088,0
300079,数码视讯,0.9,130284,0.25,3.87,-8908051,-2.03,,-8908051,3344405,-12252456,人工智能、超高清视频,-2.27,49242473,4726023727,0.9303,0
300678,中科信息,0.8,1116360,-1.02,24.88,-9095763,-2.28,,-9095763,19348922,-28444685,西部大开发、脑机接口,-1.27,174233009,4841289887,1.09919,0
002439,启明星辰,0.2,1398420,-0.46,14.84,-9118577,-3.45,,-9118577,17709969,-26828546,AI智能体、网络安全,-3.01,170285262,8096342801,0.910193,0
688090,瑞松科技,12.8,569048,0.12,32.2,-9322977,-5.96,,-9322977,27986751,-37309728,机器人概念、人工智能,-6.07,113630974,2068351287,1.21248,0
688327,云从科技,0.4,242144,-0.55,10.6,-9439921,-2.48,,-9439921,17914817,-27354738,训推一体机、ChatGPT,-1.94,113005464,7971293916,0.855657,0
688609,九联科技,0.6,2062940,-0.12,7.94,-9504241,-3.64,,-9504241,13774357,-23278598,鸿蒙概念、科创板,-3.52,97682340,2948598400,1.00732,0
300043,星辉娱乐,15.0,1990872,0.43,2.28,-9521644,-2.15,,-9521644,10115584,-19637228,文创产品、元宇宙,-2.56,76402794,1905375198,1.2095,0
603258,电魂网络,0.8,624085,-0.18,15.5,-9763070,-4.56,,-9763070,9291526,-19054596,游戏、人工智能,-4.38,111195969,1659990125,0.891806,0
002168,ST惠程,1.2,23476662,0.0,2.79,-10188911,-6.06,,-10188911,80019160,-90208071,ST板块、数字经济,-6.06,441682410,1807241202,2.92663,0
300162,雷曼光电,3.8,3388125,-1.73,5.98,-10240750,-5.97,,-10240750,20760484,-31001234,玻璃基板、世界杯概念,-4.32,217496123,1560260965,1.48816,0
603533,掌阅科技,0.5,321262,-0.36,16.36,-10383432,-3.08,,-10383432,11981477,-22364909,字节概念、网红经济,-2.73,122338911,3522788504,0.783287,0
000032,深桑达Ａ,0.4,657306,0.07,13.36,-10549236,-2.98,,-10549236,3601578,-14150814,国资云、信创,-3.05,116314139,5902954898,0.819031,0
300459,汤姆猫,2.2,1846908,0.87,3.41,-10570160,-1.45,,-10570160,34410399,-44980559,谷子经济、游戏,-2.29,235202091,8814566496,0.738925,0
300634,彩讯股份,1.4,1239106,-0.3,16.05,-11410385,-3.66,,-11410385,6373869,-17784254,DeepSeek、RCS,-3.37,102787451,4379121086,0.926063,0
300494,盛天网络,4.3,1229984,0.95,9.08,-11560374,-3.71,,-11560374,10340767,-21901141,云游戏、并购重组,-4.62,124479793,3336868142,0.860241,0
300020,*ST银江,1.1,1014701,-0.5,1.98,-11722472,-1.0,,-11722472,22673657,-34396129,数字经济、ST板块,-0.5,176198832,1355899528,1.86679,0
300570,太辰光,1.1,878758,0.99,30.28,-11751040,-3.26,,-11751040,14321455,-26072495,光模块、CPO/MPO,-4.21,160218309,4506912123,0.807143,0
603738,泰晶科技,0.4,778668,0.14,13.19,-12098746,-4.83,,-12098746,16474905,-28573651,机器人概念、华为海思,-4.97,169873393,4177304594,0.938766,0
300161,华中数控,0.9,1060836,-0.37,23.5,-12690357,-3.33,,-12690357,5123880,-17814237,工业母机、专用设备,-2.97,135820754,3786022108,0.557182,0
002962,五方光电,2.9,1540287,-1.09,14.13,-13107248,-3.55,,-13107248,7467564,-20574812,AI手机、元宇宙,-2.48,161651279,2663450101,0.901082,0
603888,新华网  ,1.1,1630062,1.23,20.58,-13243020,-2.74,,-13243020,11099015,-24342035,阿里巴巴概念、知识产权,-3.92,108106141,4114583016,0.786705,0
605588,冠石科技,0.3,266124,-0.28,37.69,-14045444,-5.37,,-14045444,5145712,-19191156,芯片、OLED,-5.11,100764109,870622454,0.737859,0
300188,国投智能,0.5,717262,-0.88,11.2,-14464470,-1.41,,-14464470,13563169,-28027639,文生视频、AI安全,-0.53,123113253,5526235448,1.31536,233594
603018,华设集团,1.0,812580,1.05,8.46,-14521145,-1.74,,-14521145,14959296,-29480441,低空经济、智能驾驶,-2.76,88285044,5720742074,0.638496,-7653533
300182,捷成股份,1.4,1254708,-0.55,3.55,-14864003,-3.01,,-14864003,32959746,-47823749,AIGC、AI智能体,-2.47,162211620,7498909184,0.703707,0
002528,ST英飞拓,3.1,6247350,4.17,2.06,-14906685,-4.63,,-14906685,19562984,-34469669,ST板块、信创,-8.44,123738649,1012502849,1.59084,0
300083,创世纪,1.1,294174,0.36,5.32,-15053039,-3.62,,-15053039,27481801,-42534840,机器人概念、VR/AR/MR,-3.97,160509025,7748714041,0.989555,0
600845,宝信软件,0.3,398125,-0.47,31.28,-15888642,-2.25,,-15888642,10338897,-26227539,阿里系AI、工业互联网,-1.79,187425063,21144721684,0.810959,0
300552,万集科技,1.5,2574557,-0.44,34.34,-15932595,0.53,,-15932595,220675393,-236607988,车路云、ETC,0.97,928642212,3624629735,1.88901,-15963121
000676,智度股份,1.1,640470,-0.72,5.44,-16079820,-2.68,,-16079820,19607826,-35687646,文化传媒、数字货币,-1.98,133696826,5300053819,0.993476,-10495852
300212,易华录,5.4,3340268,-1.12,16.56,-16334166,-2.3,,-16334166,51493109,-67827275,数据要素、数据确权,-1.19,275408541,7431363091,0.891115,147900
002517,恺英网络,1.2,946580,0.68,8.57,-16695174,-3.38,,-16695174,36945896,-53641070,游戏、AIGC,-4.03,258434050,14725913331,0.847279,0
002635,安洁科技,1.1,407744,-0.14,14.14,-16744964,-4.07,,-16744964,12946292,-29691256,消费电子、汽车零部件,-3.94,179251068,4333809286,0.926736,0
