股票代码,股票名称,竞价量比,竞价金额,竞价涨幅%,价格,净额,涨幅%,板上信息,主力净额,主力买,主力卖,所属板块,区间涨幅%,成交额,实际流通,量比,300w大单净额
002791,坚朗五金,5.0,1408680,-0.38,60.29,83075071,10.0,首板,83075071,216149109,-133074038,装修家具、地产链,10.42,567510216,6997917885,3.57858,40630106
002076,星光股份,0.8,38478,0.41,2.65,41951288,9.96,首板,41951288,77249179,-35297891,云计算、数字经济,9.5,124812553,2280991019,5.88102,0
600481,双良节能,1.7,773165,-0.08,12.07,41835535,0.92,,41835535,98542431,-56706896,光伏、碳中和,1.0,321728056,12864295041,0.880384,7513939
002353,杰瑞股份,0.6,195421,-0.15,27.05,39967402,0.9,,39967402,114376085,-74408683,天然气、石油石化,1.05,401143074,11787163383,1.72795,-2511889
300012,华测检测,2.8,276900,0.78,19.82,29813090,2.43,,29813090,41165914,-11352824,并购重组、地产链,1.64,172924343,22431595322,1.95843,0
002310,*ST东园,82.4,26130257,5.35,2.06,26874065,10.16,2连板,26874065,100155824,-73281759,ST板块、基础建设,4.57,198884312,3869215428,3.84983,0
002761,浙江建投,1.2,370000,-0.07,15.14,24018493,2.23,,24018493,125172686,-101154193,基础建设、建筑节能,2.3,460734939,4800579001,3.05822,0
300225,金力泰,0.5,533690,-0.36,9.32,23731918,11.88,,23731918,123814694,-100082776,光刻机、芯片,12.29,490690095,3761975482,2.00823,0
300864,南大环境,6.0,11446760,0.0,27.54,19103229,5.92,,19103229,71209724,-52106495,土壤修复、碳中和,5.92,411960626,1067450400,4.28287,4711006
000822,山东海化,105.2,3479241,1.7,7.1,16864993,0.42,,16864993,33878779,-17013786,纯碱、并购重组,-1.25,130604443,3791789133,2.74567,0
000723,美锦能源,0.2,492760,0.39,7.69,14608331,-0.52,,14608331,96591294,-81982963,氢能源、氢燃料电池,-0.9,330041022,18386327175,0.764404,129148
002210,飞马国际,3.2,610038,1.02,1.98,14388714,1.02,,14388714,23106834,-8718120,绿色电力、天然气,0.0,85051823,3693007927,0.977142,0
300239,东宝生物,8.2,528411,-0.15,6.64,14263510,0.0,,14263510,16638238,-2374728,人造肉、土壤修复,0.15,72033671,2714933528,2.10734,0
002616,长青集团,0.5,738090,-0.17,6.05,13957402,2.37,,13957402,53947036,-39989634,并购重组、生物质能,2.54,301152279,1759121829,0.912286,0
002663,普邦股份,36.6,69174,0.0,1.93,11148151,2.12,,11148151,16214866,-5066715,韧性城市、土壤修复,2.12,55248946,1906326996,3.63089,0
002340,格林美,3.9,1004377,0.0,6.97,8553637,0.0,,8553637,64571365,-56017728,汽车拆解、电池回收,0.0,219425523,32376310182,0.862179,4211999
002696,百洋股份,1.6,69120,0.63,6.44,8499667,1.26,,8499667,11327172,-2827505,核污染概念、土壤修复,0.63,56033049,1426939224,3.43539,0
300536,*ST农尚,2.5,85666,0.0,14.9,8405119,0.88,,8405119,21065137,-12660018,ST板块、园林,0.88,65886930,3400084040,1.29754,7613336
300237,美晨科技,0.8,69935,0.0,2.01,8203468,2.03,,8203468,14822647,-6619179,汽车零部件、环保,2.03,47929094,2106281772,2.05388,0
301098,金埔园林,2.0,316416,-0.4,12.58,8037187,1.37,,8037187,16916859,-8879672,基础建设、土壤修复,1.78,82088660,1086580146,2.03257,0
600064,南京高科,3.9,1353870,0.48,6.3,7857892,0.48,,7857892,27547912,-19690020,破净股概念、参股券商,0.0,105912165,7114094706,1.54696,0
002431,棕榈股份,2.4,217224,0.8,2.52,6912992,0.8,,6912992,7517834,-604842,足球概念、基础建设,0.0,26883852,2505764749,1.33309,0
002009,天奇股份,3.8,643858,-0.15,13.25,6470629,1.3,,6470629,14733813,-8263184,机器人概念、电池回收,1.45,76525979,3541209162,1.19055,0
603822,嘉澳环保,0.0,13032,-0.09,32.95,6344705,1.04,,6344705,9184250,-2839545,生物质能、食品饮料,1.14,34524238,1397932295,2.16575,0
002549,凯美特气,0.1,30380,0.37,10.88,6272885,0.65,,6272885,16834063,-10561178,光刻机、碳中和,0.28,99583811,3473460144,1.11607,0
300948,冠中生态,0.3,824274,0.18,16.38,5915818,0.74,,5915818,14150438,-8234620,土壤修复、碳汇林,0.55,90827379,1141030800,0.897295,0
002637,赞宇科技,0.3,20938,-0.27,11.16,5470975,1.0,,5470975,8539919,-3068944,化工、并购重组,1.27,47859738,3118094742,2.20086,0
603200,上海洗霸,0.7,332085,0.0,20.11,4944947,2.34,,4944947,14303162,-9358215,固态电池、病毒防治,2.34,119608578,2030921307,2.16376,0
301203,国泰环保,1.3,4369092,0.0,40.58,4577220,1.42,,4577220,25526447,-20949227,污水处理、环保,1.42,178873490,692607023,1.0446,0
002887,绿茵生态,1.2,219336,0.0,9.52,4572435,-1.04,,4572435,6795087,-2222652,体育产业、破净股概念,-1.04,42231996,1109268816,1.44982,0
002476,宝莫股份,11.3,516834,-0.43,4.62,4492312,0.22,,4492312,9673064,-5180752,石油石化、并购重组,0.65,35479203,2222825846,1.32229,0
300091,金通灵,1.1,117992,0.0,3.02,4262681,0.34,,4262681,11864788,-7602107,储能、并购重组,0.33,57510536,2633837924,1.54553,0
603315,福鞍股份,2.2,10809,0.42,11.9,4145842,-0.5,,4145842,7056750,-2910908,算力、锂电池,-0.92,25046201,1355881189,1.11331,0
002483,润邦股份,4.5,383298,0.52,5.64,3966738,-2.08,,3966738,10614746,-6648008,年报增长、并购重组,-2.59,58572085,3345465316,1.32223,0
600582,天地科技,1.2,257796,0.17,5.89,3604224,-0.67,,3604224,20378589,-16774365,化工、煤化工,-0.84,116547966,9240490343,1.00389,0
300345,华民股份,0.1,31871,-0.09,10.9,3349100,-0.91,,3349100,12435986,-9086886,光伏、并购重组,-0.82,50490104,3847553068,0.765285,0
000826,启迪环境,18.9,4021200,-0.66,3.01,3236063,-0.33,,3236063,22645998,-19409935,固废处理、垃圾发电,0.33,114091113,3327025969,2.34846,0
600710,苏美达  ,0.5,141120,-0.24,8.36,3180070,-0.71,,3180070,34236772,-31056702,发电机、算力,-0.48,133153319,4856223839,1.3382,0
300056,中创环保,2.0,648639,-0.67,7.28,2627034,-2.67,,2627034,6739588,-4112554,实控人变更、并购重组,-2.02,47290413,1934607371,0.518623,0
002596,海南瑞泽,0.9,115995,0.0,2.86,2482268,0.35,,2482268,7936213,-5453945,海南、基础建设,0.35,45635121,2292859770,1.44194,0
000592,平潭发展,0.4,236670,0.41,2.43,2423385,-0.41,,2423385,9283500,-6860115,福建、免税,-0.82,40651491,3846564418,0.468544,0
000976,*ST华铁,3.6,165648,0.0,2.03,2370547,-0.5,,2370547,6223350,-3852803,ST板块、并购重组,-0.49,22744259,2423272226,0.529451,0
300152,新动力,4.8,98988,0.0,2.9,2277672,-0.68,,2277672,4495449,-2217777,环保、氢能源,-0.68,24785118,1706304875,1.1142,0
300786,国林科技,0.1,3406,0.47,16.77,2263842,-1.06,,2263842,3510155,-1246313,光刻机、制氢,-1.53,28826498,2299606273,0.704067,0
002034,旺能环境,0.4,53822,0.76,15.67,2228409,-0.25,,2228409,5738536,-3510127,电池回收、垃圾发电,-1.01,43549847,3280779785,1.21546,0
601599,浙文影业,0.7,231140,0.0,3.65,2175948,0.27,,2175948,13019106,-10843158,影视院线、一带一路,0.27,77914047,2889909346,1.05888,0
603568,伟明环保,5.2,462354,0.4,17.47,2150361,-0.23,,2150361,4811058,-2660697,环保、垃圾发电,-0.63,41087386,12335375692,1.21596,0
603797,联泰环保,0.4,57570,0.35,5.65,2145375,-0.53,,2145375,2145375,0,破净股概念、PPP概念,-0.88,18482913,1421495199,1.03733,0
688196,卓越新能,0.0,0,0.0,47.74,2119987,0.04,,2119987,3720029,-1600042,生物质能、环保,0.04,21426148,1432200000,2.26216,0
603843,正平股份,25.8,60140,0.0,3.91,2029597,0.77,,2029597,12724917,-10695320,有色金属、水利,0.77,59875559,1221258559,3.50788,0
002125,湘潭电化,2.5,537196,0.0,12.65,1931098,-0.86,,1931098,18726863,-16795765,固态电池、金属锰,-0.86,115398922,4672942010,0.824851,0
300082,奥克股份,5.6,241128,0.9,7.84,1742965,0.38,,1742965,4670929,-2927964,固态电池、光伏EPC,-0.51,37379957,2492797065,1.59662,0
002667,威领股份,7.8,1138698,2.09,15.3,1721226,0.0,,1721226,9808312,-8087086,锂矿、锂电池,-2.05,83809655,2269619716,1.92306,0
300490,华自科技,0.8,287924,-0.19,15.5,1593760,-2.21,,1593760,12169899,-10576139,固态电池、工商业储能,-2.02,83448282,3695482024,0.634946,0
000809,*ST和展,1.6,76400,-0.25,3.97,1556188,-1.0,,1556188,4603212,-3047024,ST板块、破净股概念,-0.75,24886466,2151196648,0.447153,0
300631,久吾高科,0.0,3301,0.21,32.42,1446323,-1.58,,1446323,7530884,-6084561,盐湖提锂、锂电池,-1.79,42682343,2877013586,1.56595,0
000803,山高环能,1.3,305028,-0.15,6.59,1380264,-1.2,,1380264,6921394,-5541130,生物质能、碳中和,-1.05,44398224,2140511450,0.681694,0
000652,泰达股份,1.6,173864,0.24,4.17,1349281,-0.95,,1349281,4437096,-3087815,创投、病毒防治,-1.18,34180199,4117060985,0.94492,0
000016,深康佳Ａ,0.9,303600,0.22,4.55,1348772,-0.87,,1348772,7842690,-6493918,AI眼镜、芯片,-1.09,40368664,4880909785,0.590801,0
688679,通源环境,0.0,22109,0.63,14.27,1330069,0.35,,1330069,1330069,0,环保、科创板,-0.28,6648966,851771662,1.20211,0
300187,永清环保,1.8,473550,0.0,6.14,1064444,-0.16,,1064444,8582029,-7517585,环保、垃圾发电,-0.16,44546950,1707872893,0.727666,0
300716,泉为科技,1.5,31614,0.07,14.22,1055130,-0.97,,1055130,2380206,-1325076,异质结电池、化工,-1.04,23275381,1545338343,0.710598,0
002479,富春环保,2.2,124280,0.0,4.71,1015866,-1.46,,1015866,4270498,-3254632,垃圾发电、绿色电力,-1.46,25192212,2633826545,0.956065,0
300492,华图山鼎,0.0,92265,0.72,61.01,932367,-0.1,,932367,3017019,-2084652,装修家具、基础建设,-0.81,29467961,2763564603,1.99148,0
001267,汇绿生态,1.0,44800,0.18,5.54,921568,-0.89,,921568,1338176,-416608,光模块、基础建设,-1.07,17828528,2003847296,0.933971,0
603733,仙鹤股份,2.8,446293,0.0,21.6,917237,-1.19,,917237,12005268,-11088031,造纸、化工,-1.19,82019024,3585468153,0.988016,0
000838,财信发展,1.8,1253176,-0.26,3.79,883181,-1.3,,883181,20198408,-19315227,房地产、成渝经济圈,-1.04,130537331,1974149747,0.847342,7144541
603282,亚光股份,1.5,84058,0.0,31.75,844980,-1.79,,844980,3108420,-2263440,锂电池、核准制次新股,-1.79,31120373,1063625000,0.927043,0
300145,中金环境,0.5,71214,0.0,2.82,792200,-1.4,,792200,8106149,-7313949,算力、基础建设,-1.4,45542984,3744165861,1.10765,0
601038,一拖股份,0.5,141056,0.33,11.94,772107,-1.48,,772107,3310907,-2538800,农机、农业,-1.81,35390420,2184690297,0.783348,0
301068,大地海洋,1.0,3810,0.63,37.4,629589,-1.22,,629589,1003587,-373998,固废处理、环保,-1.84,9046750,1482763878,0.606486,0
301228,实朴检测,0.3,437912,-0.91,16.16,613557,-2.0,,613557,3149279,-2535722,食品安全、土壤修复,-1.1,40428297,758953940,1.68426,0
000605,渤海股份,0.5,31488,0.31,6.47,576352,-1.07,,576352,1356874,-780522,污水处理、环保,-1.37,17974084,1343953319,0.9488,0
300938,信测标准,1.9,62985,-0.21,41.83,537680,-0.59,,537680,1234359,-696679,土壤修复、环保,-0.38,30627435,2207607907,0.901764,0
688501,青达环保,1.2,29610,0.38,21.0,485216,-0.33,,485216,1258100,-772884,环保、火电灵活改造,-0.71,21972723,1515708785,0.929336,0
688600,皖仪科技,7.0,32116,0.53,22.41,449486,-1.8,,449486,449486,0,仪器仪表、碳中和,-2.31,8936095,1979710224,0.684191,0
600684,珠江股份,1.7,22378,0.6,3.35,408427,0.9,,408427,2242790,-1834363,房地产、地产链,0.3,19990678,1970864586,1.24152,0
000820,神雾节能,27.0,1811572,0.26,3.82,379885,-1.29,,379885,3586732,-3206847,固废处理、环保,-1.55,69083299,1098849434,2.23694,0
002973,侨银股份,1.1,87176,0.87,12.66,370840,-0.39,,370840,370840,0,无人驾驶、锂电池,-1.25,27280852,1388236667,1.08175,0
300165,ST天瑞,0.6,244260,1.17,6.81,359026,-0.15,,359026,11568258,-11209232,仪器仪表、新冠检测,-1.3,80318034,2273101057,1.03564,0
300262,*ST巴安,1.1,45756,0.36,2.75,357945,-1.08,,357945,1508807,-1150862,ST板块、天然气,-1.43,16015660,1191347327,0.664282,0
300417,南华仪器,24.5,53361,0.37,10.74,344500,-1.01,,344500,761221,-416721,三季报增长、碳中和,-1.38,10638782,780111322,0.811596,0
002598,山东章鼓,0.4,106784,0.53,11.23,344460,-0.62,,344460,5031423,-4686963,机器人概念、储能,-1.14,49536300,2006577468,1.05046,0
688096,京源环保,1.4,40251,0.0,9.74,325999,-1.42,,325999,325999,0,环保、污水处理,-1.42,9087516,1101426126,0.8555,0
688178,万德斯  ,0.4,93765,0.25,19.67,264699,-1.16,,264699,659150,-394451,环保、污水处理,-1.4,10625413,846358076,1.1615,0
600635,大众公用,0.4,239083,-0.29,3.41,257049,-2.01,,257049,11385511,-11128462,天然气、参股券商,-1.73,71885709,6035177588,0.855653,0
002775,文科股份,0.4,16072,0.0,3.96,256970,1.02,,256970,2188594,-1931624,光伏、绿色电力,1.02,26707423,1216336389,2.12457,0
600217,中再资环,0.0,964,0.0,4.8,160460,-0.41,,160460,4303762,-4143302,固废处理、垃圾分类,-0.41,21062968,3962146308,1.40985,0
603040,新坐标  ,4.5,157122,0.18,26.56,152175,-1.78,,152175,535800,-383625,汽车零部件、环保,-1.96,39932880,1719475715,0.654122,0
300105,龙源技术,2.8,57545,0.0,6.71,114472,-0.89,,114472,2655018,-2540546,火电灵活改造、风电,-0.89,29700013,1998936030,0.760782,0
688565,力源科技,2.6,59432,0.24,8.34,10669,-1.65,,10669,350669,-340000,科创板、碳中和,-1.88,9825384,812883120,1.00201,0
600070,*ST富润 ,2.8,75589,-0.71,2.84,2841,0.35,,2841,1251018,-1248177,ST板块、异质结电池,1.07,10337090,1152404942,0.864169,0
688350,富淼科技,0.0,0,0.0,16.67,0,-1.65,,0,0,0,锂电池、盐湖提锂,-1.65,11004717,865702404,1.23489,0
688069,德林海  ,0.0,0,0.0,20.1,0,-2.38,,0,0,0,基础建设、环保,-2.38,4391256,1015837200,1.19068,0
605069,正和生态,0.2,73520,0.44,9.08,0,-0.77,,0,0,0,AI智能体、PPP概念,-1.2,7390530,764184404,0.817998,0
600983,惠而浦  ,0.6,22113,0.37,8.18,0,0.25,,0,0,0,年报增长、C2M,-0.12,12137121,1424135420,0.857312,0
688021,奥福环保,1.9,39990,0.83,26.2,0,-0.91,,0,0,0,汽车类、破净股概念,-1.73,14738243,1255860249,1.23572,0
301081,严牌股份,0.5,82368,0.38,10.32,0,-1.9,,0,0,0,环保,-2.27,12642926,870842880,1.05194,0
603838,四通股份,4.0,2468,0.82,6.09,0,-0.49,,0,0,0,装修家具、地产链,-1.3,7420039,1409783685,0.672029,0
002816,和科达,0.0,0,0.0,9.67,0,-0.62,,0,0,0,数据中心、算力,-0.62,3212440,711325200,0.869185,0
688156,路德环境,1.2,68305,0.72,28.29,-30687,1.62,,-30687,1846912,-1877599,并购重组、环保,0.89,32020601,2016640202,0.991867,0
688701,卓锦股份,1.5,37974,0.74,9.29,-147915,-1.17,,-147915,350671,-498586,科创板、环保,-1.9,5776257,468023445,1.05835,0
603588,高能环境,2.7,338922,0.71,9.88,-167727,0.41,,-167727,16694634,-16862361,环保、垃圾发电,-0.3,85091450,12179930438,1.19506,0
688370,丛麟科技,0.6,38760,-0.19,26.8,-181171,-0.48,,-181171,1792673,-1973844,科创板、破净股概念,-0.3,7315724,862974686,1.07743,0
603616,韩建河山,3.0,135936,0.57,5.24,-230677,-0.76,,-230677,1062481,-1293158,基础建设、水利,-1.32,16083674,1295530191,0.917611,0
000967,盈峰环境,4.9,191436,0.0,5.11,-246622,-0.97,,-246622,1028738,-1275360,机器人概念、垃圾发电,-0.97,35089528,5575075332,0.961185,0
600167,联美控股,1.1,83204,-0.15,6.62,-261097,-1.49,,-261097,2566492,-2827589,众擎机器人、环保,-1.34,28577612,4627621738,0.829997,0
300858,科拓生物,1.7,180047,0.33,15.17,-262325,0.6,,-262325,1729545,-1991870,食品饮料、土壤修复,0.26,31787165,1803838911,0.775534,0
603071,物产环能,1.7,86088,0.18,16.7,-309087,-0.89,,-309087,0,-309087,绿色电力、高股息,-1.07,23317660,3504522897,0.904619,0
300103,达刚控股,313.0,200946,-0.16,6.36,-318500,-1.09,,-318500,0,-318500,基础建设、并购重组,-0.93,12594071,892532083,1.0491,0
301148,嘉戎技术,1.2,49214,0.0,22.09,-333300,-1.25,,-333300,0,-333300,污水处理、环保,-1.25,11325868,841564497,0.751183,0
300958,建工修复,2.8,3423343,-2.72,19.43,-362706,-2.21,,-362706,23349511,-23712217,核污染概念、土壤修复,0.52,146071119,1174335936,0.979569,0
300614,百川畅银,2.1,2069321,-0.11,25.32,-368669,-5.52,,-368669,24841042,-25209711,碳中和、环保,-5.42,153584542,2253582926,0.758223,-3896531
600502,安徽建工,0.8,239712,0.19,5.23,-384932,-0.76,,-384932,8188974,-8573906,水利、国有企业,-0.95,73317192,6091295885,0.850408,0
300210,森远股份,0.4,459030,-1.2,3.25,-456606,-2.69,,-456606,6785854,-7242460,国有企业、3D打印,-1.52,65317981,985078655,0.647205,0
002140,东华科技,0.3,12838,0.0,9.08,-475970,-0.98,,-475970,2293440,-2769410,年报增长、氢能源,-0.98,20548446,2006958280,1.03267,0
002682,龙洲股份,0.3,16933,0.0,4.08,-487442,-1.21,,-487442,710583,-1198025,物流、冷链物流,-1.21,18677468,1702449333,0.940141,0
300899,上海凯鑫,2.0,299956,-0.86,25.01,-519323,-2.46,,-519323,1371551,-1890874,上海、锂电池,-1.61,37747991,795760727,1.43278,0
002778,中晟高科,0.6,159180,-0.13,15.08,-538111,-0.66,,-538111,1239004,-1777115,环保、石油石化,-0.53,17699505,1174069075,0.691811,0
003003,天元股份,0.8,89120,0.0,11.08,-549406,-0.54,,-549406,870059,-1419465,冷链物流、平台经济,-0.54,22296667,1016859388,0.935596,0
300774,倍杰特,4.6,516738,0.0,12.05,-614520,-0.66,,-614520,4078124,-4692644,环保、锂电池,-0.66,40154683,1490194640,0.97733,0
605081,太和水  ,1.1,336240,-0.28,13.63,-720286,-2.99,,-720286,1569571,-2289857,污水处理、破净股概念,-2.71,36711444,1065310129,0.424747,0
002688,金河生物,0.5,44135,0.21,4.82,-735483,-0.41,,-735483,0,-735483,饲料、并购重组,-0.62,17918814,2456492937,1.0841,0
002769,普路通,0.0,0,0.0,8.61,-767705,-0.46,,-767705,0,-767705,固态电池、储能,-0.46,16043521,1865266631,0.658881,0
603903,中持股份,5.1,38048,0.65,9.15,-829035,-0.76,,-829035,0,-829035,水务、PPP概念,-1.4,10967662,1260933027,0.777774,0
000920,沃顿科技,1.4,231768,0.2,9.79,-845535,-1.81,,-845535,5667051,-6512586,盐湖提锂、锂电池,-2.0,48626032,2369054855,1.03894,0
002200,ST交投,0.0,0,0.0,8.2,-892654,-0.49,,-892654,0,-892654,ST板块、环保,-0.49,2499601,991275804,0.499143,0
600796,钱江生化,2.1,46526,0.19,5.35,-920998,-0.93,,-920998,428000,-1348998,农药、并购重组,-1.11,10717393,1076786556,0.979418,0
601330,绿色动力,3.2,273310,0.4,7.46,-1004692,-0.8,,-1004692,0,-1004692,垃圾发电、垃圾分类,-1.19,25881280,2318330932,0.833951,0
300266,兴源环境,0.3,27900,0.0,2.97,-1077713,-1.0,,-1077713,2661597,-3739310,股权转让、并购重组,-1.0,26266060,3049747459,0.380502,0
001230,劲旅环境,2.2,60912,-0.12,25.21,-1085012,-0.79,,-1085012,306851,-1391863,环保、算力,-0.67,11354987,994745609,0.861685,0
603311,金海高科,0.7,38454,-0.09,11.27,-1092322,-0.44,,-1092322,338099,-1430421,家电、地产链,-0.35,16758533,1464378072,0.668835,0
300929,华骐环保,2.0,95985,0.08,11.64,-1176730,-1.69,,-1176730,3400061,-4576791,PPP概念、地方国企,-1.77,21238389,1005699853,1.02679,0
688309,恒誉环保,0.7,491496,-0.55,21.1,-1213288,-4.13,,-1213288,1873701,-3086989,科创板、环保,-3.61,25256745,1465908663,1.8254,0
688335,复洁环保,18.8,235025,-0.56,24.51,-1230933,-2.51,,-1230933,359631,-1590564,环保、污水处理,-1.96,12727612,960195395,0.820782,0
688101,三达膜  ,0.0,46968,0.8,13.51,-1250655,-1.24,,-1250655,1693531,-2944186,环保、锂电池,-2.03,16775861,1395350264,1.06114,0
603603,退市博天,0.3,38640,0.0,3.24,-1276127,0.62,,-1276127,609251,-1885378,5G、年报增长,0.62,18691474,1021066288,0.596331,0
000551,创元科技,0.5,57888,-0.19,10.64,-1281587,-0.93,,-1281587,2391868,-3673455,机器人概念、病毒防治,-0.75,41505024,2724387525,0.832831,0
600463,空港股份,1.8,562788,-0.1,9.76,-1402155,0.31,,-1402155,680492,-2082647,房地产、REITs,0.41,29023658,1031241600,0.565591,0
002322,理工能科,1.2,238290,0.0,9.9,-1408619,-2.37,,-1408619,1873444,-3282063,智能电网、数字经济,-2.37,44712548,2484344792,0.684766,0
001210,金房能源,1.4,3552867,-0.88,22.62,-1409402,-5.28,,-1409402,6771520,-8180922,热力、建筑节能,-4.44,111327362,965660013,0.742664,0
688466,金科环境,18.0,65088,0.17,17.39,-1410797,-3.66,,-1410797,0,-1410797,污水处理、高股息,-3.82,13650055,1063906250,1.21638,0
300203,聚光科技,0.0,5757,0.26,18.99,-1432042,-0.78,,-1432042,5264197,-6696239,环保、PPP概念,-1.04,61059883,6212473318,0.724146,0
688480,赛恩斯  ,0.0,49408,1.51,29.5,-1484529,-3.02,,-1484529,1463687,-2948216,环保、三季报增长,-4.47,21699243,594444706,1.56776,0
600817,宇通重工,33.0,146520,-0.98,11.03,-1492026,-1.61,,-1492026,0,-1492026,无人驾驶、环保,-0.63,12793751,1676703245,0.356477,0
003001,中岩大地,4.6,947648,1.49,17.06,-1495079,-2.07,,-1495079,2662829,-4157908,基础建设、一带一路,-3.51,57604259,842339888,1.19101,0
600126,杭钢股份,7.4,58520,-0.23,4.36,-1503981,-1.13,,-1503981,2896323,-4400304,国资云、钢铁,-0.91,31897816,5825280082,0.754517,0
301305,朗坤环境,1.1,672324,-1.24,21.62,-1581781,-0.6,,-1581781,6663044,-8244825,绿色电力、电力,0.65,82812898,1209796480,0.521963,0
603955,大千生态,0.1,5133,0.41,16.71,-1594696,-1.94,,-1594696,0,-1594696,股权转让、并购重组,-2.34,15481228,1335716258,0.613922,0
002630,华西能源,0.4,55722,0.0,2.47,-1643812,-1.59,,-1643812,4356576,-6000388,电气设备、垃圾发电,-1.59,31629830,2445732713,0.720521,0
300137,ST先河,3.5,336708,-0.35,5.58,-1661260,-1.41,,-1661260,300641,-1961901,核污染概念、环保,-1.06,26879804,2535274291,0.777339,0
600008,首创环保,2.3,1468095,0.0,2.88,-1700135,-1.03,,-1700135,29067360,-30767495,并购重组、REITs,-1.03,105043056,11337928709,0.988102,0
603279,景津装备,3.5,43694,-0.06,30.71,-1717103,-1.67,,-1717103,2593646,-4310749,污水处理、环保,-1.6,51685217,9181549718,0.836027,0
000401,冀东水泥,0.6,56924,0.27,7.47,-1717194,0.0,,-1717194,3586670,-5303864,水泥、并购重组,-0.27,42202581,7292138437,1.12348,0
000929,兰州黄河,16.1,110288,0.1,9.73,-1726532,-0.21,,-1726532,2148701,-3875233,实控人变更、啤酒,-0.31,30730116,1329207790,1.08856,0
000035,中国天楹,4.0,1134783,1.49,4.68,-1746315,-0.43,,-1746315,10000270,-11746585,机器人概念、垃圾发电,-1.89,58650226,8780918187,1.13342,0
300867,圣元环保,1.3,425544,0.06,17.59,-1763714,-1.57,,-1763714,3767168,-5530882,破净股概念、垃圾发电,-1.62,37803887,2695402946,1.0588,0
000881,中广核技,2.0,124956,0.0,7.99,-1841566,-0.25,,-1841566,2999631,-4841197,核污染概念、通信,-0.25,35072915,3916912728,0.916819,0
300355,蒙草生态,0.6,2495618,-0.56,3.56,-1847568,-1.11,,-1847568,29240624,-31088192,资产管理、环保,-0.56,114619897,4532759950,0.885645,0
300176,鸿特科技,2.6,160456,0.15,6.33,-1852393,-2.01,,-1852393,500070,-2352463,低空经济、环保,-2.16,18918754,1734285194,1.10386,0
002374,中锐股份,4.4,91680,0.0,3.85,-1876628,0.79,,-1876628,7412010,-9288638,白酒、数字经济,0.79,60155238,3362195234,2.2785,0
300385,雪浪环境,0.6,39246,-0.31,6.29,-1921450,-0.94,,-1921450,478889,-2400339,环保、有色金属,-0.63,18742216,1087174985,1.33496,0
300072,海新能科,1.0,103545,0.29,3.47,-1925346,-0.86,,-1925346,3792992,-5718338,生物质能、环保,-1.14,29683703,5211705592,0.917421,0
300055,万邦达,3.1,36309,-0.27,7.34,-1948333,-1.21,,-1948333,7243711,-9192044,固废处理、锂电池,-0.94,28045281,4145484882,1.16539,0
300190,维尔利,2.1,168454,0.24,4.12,-2026158,-1.2,,-2026158,0,-2026158,生物质能、破净股概念,-1.44,12593602,2060436762,0.882611,0
002645,华宏科技,2.0,199462,-0.09,10.97,-2101724,-0.54,,-2101724,5907428,-8009152,固废处理、并购重组,-0.45,49868490,3040634350,0.624545,0
300388,节能国祯,2.9,491337,0.0,6.84,-2121430,-1.3,,-2121430,344500,-2465930,PPP概念、央企,-1.3,17675175,2119246253,1.00055,0
000900,现代投资,0.2,74285,0.0,4.12,-2139315,-0.72,,-2139315,1098014,-3237329,公路运营、破净股概念,-0.72,24533994,3340796068,1.00397,0
600579,中化装备,0.6,170544,1.22,7.34,-2176126,-0.68,,-2176126,827899,-3004025,机器人概念、病毒防治,-1.87,36846443,1549904979,0.514367,0
600969,郴电国际,0.7,22944,-0.55,7.1,-2187443,-1.53,,-2187443,4295443,-6482886,电力、水电,-0.98,26728509,1839647475,0.819706,0
301288,清研环境,3.1,847290,0.05,17.82,-2280099,-2.57,,-2280099,1059066,-3339165,环保、韧性城市,-2.62,42682371,710771514,1.57728,0
600323,瀚蓝环境,0.2,90307,0.11,18.12,-2312278,-1.58,,-2312278,16274665,-18586943,垃圾发电、REITs,-1.68,86329989,8755510029,1.34462,0
000915,华特达因,58.8,1231189,1.22,35.0,-2342292,1.8,,-2342292,17148152,-19490444,医药、高股息,0.57,141045310,5693590764,2.01467,0
600736,苏州高新,0.9,453791,0.0,5.23,-2354053,0.38,,-2354053,24137952,-26492005,低空经济、新冠药概念,0.38,123046507,3384671741,1.18879,0
000890,法尔胜,33.5,55744,0.48,4.06,-2388281,-1.93,,-2388281,654723,-3043004,环保、通信,-2.4,21913967,1014044649,0.959067,0
601368,绿城水务,10.2,121632,0.37,5.37,-2412490,-0.74,,-2412490,1146591,-3559081,环保、破净股概念,-1.1,21492005,2045852716,0.8888,0
300801,泰和科技,0.1,61161,0.18,16.32,-2417168,-1.09,,-2417168,0,-2417168,氢能源、病毒防治,-1.27,16125453,1547689397,1.03154,0
603324,盛剑科技,0.6,57280,0.28,33.82,-2495672,-5.27,,-2495672,5222296,-7717968,光刻胶、环保,-5.53,76146186,1500924870,4.61122,0
300961,深水海纳,1.0,141624,0.09,11.03,-2522409,-1.78,,-2522409,1586072,-4108481,神经网络、水务,-1.87,25892897,983035192,0.634877,0
000544,中原环保,0.9,6095200,0.63,7.94,-2573483,-0.13,,-2573483,16944540,-19518023,环保、破净股概念,-0.75,157217447,2420920103,0.825127,0
000532,华金资本,5.7,148896,0.0,11.12,-2698374,-1.42,,-2698374,301280,-2999654,参股券商、锂电池,-1.42,23553186,1937676937,1.0442,0
600461,洪城环境,4.2,66981,-0.25,7.91,-2787279,-2.22,,-2787279,1030433,-3817712,并购重组、高股息,-1.98,34146461,4155154737,0.898286,0
000040,ST旭蓝,2.1,490875,-0.23,4.2,-2833676,-1.41,,-2833676,11183947,-14017623,ST板块、环保,-1.18,82461414,3793819815,0.79335,0
300664,鹏鹞环保,0.0,8790,0.34,5.73,-2863005,-1.88,,-2863005,2859738,-5722743,生物质能、破净股概念,-2.22,40225161,3047518657,0.795569,0
300387,富邦科技,1.1,249608,0.13,7.59,-2950412,-0.13,,-2950412,883867,-3834279,农业、数字乡村,-0.26,39773554,1392658743,1.08752,0
000711,*ST京蓝,0.2,229072,1.48,2.01,-2953528,-0.99,,-2953528,4227874,-7181402,ST板块、元宇宙,-2.43,32107000,1480591110,0.809345,0
603817,海峡环保,0.4,42545,-0.16,6.28,-2979716,-1.26,,-2979716,1932129,-4911845,污水处理、PPP概念,-1.1,23890013,1625000076,1.00946,0
603717,天域生物,1.3,86875,0.0,6.85,-3113411,-1.44,,-3113411,1036870,-4150281,猪肉、环保,-1.44,24630401,1359862605,0.789149,0
603759,海天股份,5.8,351440,-0.65,9.0,-3137491,-2.81,,-3137491,445500,-3582991,环保、垃圾发电,-2.17,31463678,1489752695,1.1697,0
002011,盾安环境,0.7,85806,0.0,13.47,-3151310,-1.1,,-3151310,7153669,-10304979,汽车热管理、汽车类,-1.1,97173980,12329030075,0.612234,0
300854,中兰环保,1.8,1614327,0.23,17.19,-3166319,-1.49,,-3166319,3521909,-6688228,环保、垃圾发电,-1.72,56738055,749202511,0.804225,0
300815,玉禾田,0.9,355725,0.44,15.43,-3204850,-1.97,,-3204850,4090539,-7295389,环保、病毒防治,-2.4,56394078,1801204438,0.684659,0
301265,华新环保,2.9,973728,-0.4,12.13,-3275428,-2.73,,-3275428,5561539,-8836967,固废处理、稀土永磁,-2.33,68926152,918847500,0.858861,-3019250
000488,ST晨鸣,0.5,42312,0.0,4.88,-3275800,-0.81,,-3275800,3141476,-6417276,造纸、ST板块,-0.81,39509787,5993247613,0.951717,0
300800,力合科技,8.8,4717245,-1.56,15.37,-3297332,-0.07,,-3297332,31460733,-34758065,湖南、环保,1.52,213429905,1393024812,1.58987,0
300692,中环环保,3.9,361620,-0.27,7.2,-3329734,-2.7,,-3329734,4436827,-7766561,环保、并购重组,-2.44,46812772,2189654158,1.32835,0
002717,岭南股份,0.3,131200,0.0,3.25,-3348404,1.56,,-3348404,39799662,-43148066,腾讯系AI 、元宇宙,1.56,181976885,4200622580,2.2123,-3074797
002272,川润股份,2.3,386906,-0.15,6.43,-3382741,-0.77,,-3382741,11161937,-14544678,液冷服务器、光伏,-0.62,77118851,1944158587,1.31946,0
300067,安诺其,0.8,5346,0.0,2.94,-3446538,-1.01,,-3446538,742291,-4188829,算力、化工,-1.01,14689419,2009003255,0.998821,0
600981,汇鸿集团,4.3,660044,0.0,3.1,-3456415,0.65,,-3456415,9014171,-12470586,跨境电商、并购重组,0.65,97205486,2263436269,1.632,0
300275,梅安森,0.4,766755,-0.51,14.84,-3496942,-4.69,,-3496942,28328584,-31825526,智慧矿山、PPP概念,-4.2,139077049,3419329960,0.78759,-9869223
002090,金智科技,3.0,343200,-0.25,11.68,-3511953,-2.91,,-3511953,17903008,-21414961,智能电网、机器人概念,-2.67,118641105,3202748052,1.19211,0
603359,东珠生态,1.2,233420,-0.19,10.49,-3569862,-1.32,,-3569862,11249375,-14819237,乡村振兴、破净股概念,-1.13,43743125,2627364442,0.933672,-7706284
000546,金圆股份,0.5,391416,0.0,6.89,-3572093,-0.72,,-3572093,10897129,-14469222,锂矿、金属铟,-0.72,73039535,3305023884,0.571425,0
600874,创业环保,2.9,315350,-0.17,5.9,-3733442,-1.01,,-3733442,2338795,-6072237,化工、破净股概念,-0.84,35218358,3033629502,0.931223,0
002469,三维化学,1.0,39552,0.49,6.11,-3870258,-0.65,,-3870258,5232576,-9102834,煤化工、光热发电,-1.13,48614293,2943435990,1.63984,0
300422,博世科,0.7,192478,0.75,6.61,-3872822,-1.05,,-3872822,1319185,-5192007,实控人变更、土壤修复,-1.78,36338316,1916859649,0.658778,0
600509,天富能源,0.1,310368,0.0,7.16,-3930148,-2.19,,-3930148,39885196,-43815344,AI眼镜、天然气,-2.19,144457682,4956503777,0.747829,0
603686,福龙马  ,0.1,53300,0.09,10.44,-3952584,-1.97,,-3952584,5700925,-9653509,机器人概念、垃圾分类,-2.06,54952045,3538527383,0.739541,0
600459,贵研铂业,0.5,78591,-0.13,15.26,-3973427,-1.1,,-3973427,6510058,-10483485,氢燃料电池、有色金属,-0.97,61022952,6805323582,0.975854,0
600846,同济科技,23.6,255320,0.61,9.57,-4030126,-1.95,,-4030126,14139638,-18169764,房地产、氢能源,-2.55,75479073,3769332570,0.946925,0
300070,碧水源,0.3,929295,0.38,5.3,-4099616,-0.56,,-4099616,20992284,-25091900,环保、破净股概念,-0.93,100757690,11481311018,1.04533,0
002573,清新环境,9.3,534633,0.18,5.56,-4160443,-0.72,,-4160443,1947476,-6107919,火电灵活改造、并购重组,-0.89,36425620,3275332854,1.08447,0
300284,苏交科,2.2,138375,-0.16,6.1,-4174321,-0.97,,-4174321,6851926,-11026247,低空经济、并购重组,-0.81,47273679,4242904220,1.11855,0
000068,华控赛格,0.8,224928,0.0,3.47,-4329883,-1.42,,-4329883,5458433,-9788316,深圳、锂电池,-1.42,44092325,2070913965,0.64423,0
301127,天源环保,0.5,78204,0.19,10.16,-4355134,-1.07,,-4355134,501269,-4856403,污水处理、PPP概念,-1.26,29569988,1860258637,0.920914,0
000753,漳州发展,0.5,459836,0.42,4.71,-4355812,-1.67,,-4355812,3207371,-7563183,并购重组、光伏组件,-2.08,40108105,2904321874,0.705439,0
000598,兴蓉环境,3.4,410480,0.0,5.5,-4462194,-1.79,,-4462194,5600066,-10062260,垃圾发电、水务,-1.79,51424224,7390950555,0.8119,0
300272,开能健康,2.8,2475846,-5.74,5.61,-4470935,-5.24,,-4470935,15702359,-20173294,再生医学、医美,0.54,101136826,1848765848,1.95002,0
603153,上海建科,0.1,78174,0.28,17.7,-4538651,-2.37,,-4538651,1763957,-6302608,算力、数字经济,-2.64,51090163,973500000,0.835602,0
603867,新化股份,0.4,133308,0.38,36.37,-4739830,-1.41,,-4739830,18161785,-22901615,磷化工、锂电池,-1.78,70225067,4915848194,0.851768,0
603906,龙蟠科技,0.2,115488,0.06,16.05,-4750093,0.12,,-4750093,10673134,-15423227,固态电池、磷酸铁锂,0.06,115908897,5650390338,0.796935,0
603698,航天工程,0.4,23580,0.32,15.47,-4907861,-1.28,,-4907861,1021120,-5928981,煤化工、军工,-1.59,42607065,2434470583,1.02797,0
300198,纳川股份,0.3,217872,-0.37,2.67,-4920740,-2.2,,-4920740,6004947,-10925687,污水处理、汽车类,-1.84,64051774,1755134568,0.560568,0
003027,同兴科技,8.8,1594818,1.31,20.65,-4977574,-3.19,,-4977574,5068770,-10046344,环保、碳中和,-4.44,79045436,1231318296,1.38104,0
003039,顺控发展,0.6,268884,-0.17,17.68,-5042955,1.09,,-5042955,4764214,-9807169,水利、垃圾发电,1.26,86145794,2166131146,1.4919,0
600526,菲达环保,0.3,484938,0.19,5.12,-5184799,-1.73,,-5184799,2507451,-7692250,环保、碳中和,-1.92,43467499,2427549869,0.468013,0
300172,中电环保,2.2,541632,-0.8,4.91,-5292652,-1.8,,-5292652,2664909,-7957561,核污染概念、污水处理,-1.01,47216936,2163391340,0.957627,0
301175,中科环保,0.8,664686,-0.17,5.88,-5403791,-1.18,,-5403791,15919704,-21323495,环保、中字头,-1.01,76800353,3656654400,0.865938,0
300169,天晟新材,4.0,1215990,-2.35,4.49,-5488397,-4.26,,-5488397,7606378,-13094775,环保、参股券商,-1.97,91303706,1191725276,1.44897,0
603915,国茂股份,4.3,418376,0.63,18.88,-5490982,-1.46,,-5490982,4500172,-9991154,机器人概念、固废处理,-2.07,73415093,3990324525,0.971098,0
002591,恒大高新,0.7,93522,0.0,6.51,-5696250,-0.46,,-5696250,945707,-6641957,绿色电力、电力,-0.46,33180225,1254252707,0.839066,0
601388,怡球资源,5.8,124912,0.34,2.92,-5718866,-1.02,,-5718866,1878243,-7597109,固废处理、有色金属,-1.35,32541566,3923635574,1.28492,0
603165,荣晟环保,1.3,160677,0.5,15.86,-5758566,-1.8,,-5758566,2882830,-8641396,宇树机器人、造纸,-2.28,36024911,2763919935,0.543936,0
002116,中国海诚,4.5,787118,0.08,11.79,-6038047,-0.76,,-6038047,6201939,-12239986,中字头、基础建设,-0.84,72298720,2078471535,0.603479,0
601158,重庆水务,0.2,35880,0.0,5.49,-6430578,-0.54,,-6430578,2513264,-8943842,环保、资产管理,-0.54,31322854,3014010000,1.16217,0
002967,广电计量,0.5,204470,0.0,16.17,-6849772,0.43,,-6849772,9736851,-16586623,年报增长、并购重组,0.43,81891312,3869141845,1.06268,0
601827,三峰环境,4.0,173376,0.52,7.58,-7084806,-1.56,,-7084806,1159393,-8244199,绿色电力、电力,-2.07,43001407,3881577948,1.32958,0
600567,山鹰国际,5.8,651624,0.44,2.26,-7099006,-0.44,,-7099006,12239974,-19338980,造纸、破净股概念,-0.88,49651353,7169970350,0.957924,0
002672,东江环保,1.5,111555,-0.17,5.92,-7210333,-1.99,,-7210333,3124491,-10334824,固废处理、垃圾发电,-1.82,32849796,2533355312,1.50682,0
301049,超越科技,124.5,6893648,-2.94,23.7,-7381136,-4.44,,-7381136,9861803,-17242939,固废处理、锂电池,-1.54,128861850,608711606,1.53385,0
603388,ST元成  ,3.0,180480,0.36,11.11,-7445283,-1.16,,-7445283,4360271,-11805554,ST板块、土壤修复,-1.51,58488453,2583959729,0.864578,0
603177,德创环保,6.4,727841,0.35,14.22,-7447101,-1.39,,-7447101,3222279,-10669380,环保、碳中和,-1.73,44459467,1276006038,1.3373,0
600283,钱江水利,0.7,348432,0.34,14.42,-7512258,-1.17,,-7512258,8035201,-15547459,水利、基础建设,-1.5,117815659,2070830319,0.674221,0
601200,上海环境,1.2,330310,0.1,9.74,-7611967,-1.12,,-7611967,10230266,-17842233,垃圾发电、破净股概念,-1.22,68281881,5274514038,1.4573,-3149632
300407,凯发电气,1.0,138329,-0.43,8.97,-7778295,-2.61,,-7778295,2083305,-9861600,高铁、一带一路,-2.18,52078343,1434785244,0.954257,0
300334,津膜科技,3.1,237444,0.12,8.1,-7808634,-3.69,,-7808634,7230627,-15039261,污水处理、锂电池,-3.8,70881885,1448745701,1.00294,0
002375,亚厦股份,2.7,142080,0.21,4.73,-7917201,-1.25,,-7917201,8832508,-16749709,韧性城市、华为概念,-1.46,52166216,2992890130,1.1313,0
300263,隆华科技,1.7,223512,0.0,7.93,-7978550,-1.37,,-7978550,19096757,-27075307,OLED、有色金属,-1.37,102206411,5452791097,0.828183,0
300215,电科院,19.0,4309005,-3.01,5.28,-8038991,-0.56,,-8038991,27403208,-35442199,变压器、智能电网,2.52,127592496,1644019549,3.6811,0
603126,中材节能,0.2,100864,-0.13,7.66,-8091682,-2.92,,-8091682,6159697,-14251379,分布式光伏、碳中和,-2.79,55671288,2311428408,1.412,0
300950,德固特,0.3,253230,-1.03,21.23,-8189259,-4.58,,-8189259,13063240,-21252499,氢能源、碳中和,-3.59,140640715,1273800000,1.14159,0
601133,柏诚股份,0.3,128010,0.27,14.77,-8274521,-1.66,,-8274521,4781882,-13056403,芯片、环保,-1.93,70780620,1862426340,0.484271,0
300021,大禹节水,1.3,190035,0.0,5.06,-8284445,-1.75,,-8284445,2631224,-10915669,水利、农业,-1.75,41279826,2396234402,1.1717,0
600501,航天晨光,5.2,225000,-0.07,14.7,-8451461,-2.07,,-8451461,5173370,-13624831,军工、大飞机,-2.0,74487103,3315172783,1.19343,0
600292,远达环保,5.8,978211,0.83,5.99,-8649641,-1.15,,-8649641,1798540,-10448181,并购重组、环保,-1.96,36906372,2227877206,1.22787,0
600277,ST亿利  ,0.7,90420,0.0,3.29,-8721638,-0.3,,-8721638,12010954,-20732592,化工、光伏,-0.3,82581847,6164809744,0.798824,0
300403,汉宇集团,1.0,2296406,0.0,8.64,-8904403,1.17,,-8904403,84699212,-93603615,机器人概念、环保,1.17,411214341,2917928526,1.38522,0
300437,清水源,1.5,2690574,-0.39,15.04,-8909080,-1.89,,-8909080,14846718,-23755798,磷化工、锂电池,-1.51,146332252,2316550142,1.17116,0
600979,广安爱众,0.1,17700,-0.28,3.5,-9188609,-1.41,,-9188609,10945327,-20133936,算力、天然气,-1.13,68806064,3031638806,1.1327,-3522306
002658,雪迪龙,1.6,846690,0.0,8.15,-9308881,-2.4,,-9308881,5386445,-14695326,环保、碳中和,-2.4,52853254,2040617672,0.75106,0
300140,节能环境,1.4,592062,-0.31,9.38,-9425991,-4.29,,-9425991,28292842,-37718833,固废处理、环保,-3.99,163297310,2568014491,0.731939,0
600257,大湖股份,1.1,728856,0.0,6.38,-9429251,0.31,,-9429251,42573954,-52003205,养老概念、酿酒,0.31,223086911,2400063592,1.23508,0
002080,中材科技,4.4,250059,0.54,20.15,-9576148,-0.35,,-9576148,13908514,-23484662,玻纤、锂电池,-0.89,107227955,11244537000,1.20966,0
002758,浙农股份,0.7,456960,-0.62,12.57,-9766546,-2.41,,-9766546,9964170,-19730716,供销社、农业,-1.8,84602070,2211976170,1.25896,0
300779,惠城环保,0.3,75750,-0.53,50.25,-10161467,-1.02,,-10161467,12936486,-23097953,环保、垃圾分类,-0.5,95564409,4236160651,0.78113,-9447386
688057,金达莱  ,0.0,0,0.0,15.23,-10235788,-3.06,,-10235788,7194845,-17430633,高股息、破净股概念,-3.06,39823587,2132321840,2.41291,0
603778,国晟科技,1.4,431054,0.54,5.47,-10245661,-2.15,,-10245661,7492597,-17738258,光伏、碳中和,-2.67,78897379,2535548949,0.452382,0
600168,武汉控股,0.4,126630,-0.79,6.26,-10322797,-1.42,,-10322797,405130,-10727927,污水处理、破净股概念,-0.63,35750520,1995730720,0.781167,0
002534,西子洁能,9.5,307840,0.14,14.62,-10743536,-1.08,,-10743536,5425883,-16169419,年报增长、光热发电,-1.22,69821471,2620192815,0.6977,0
300332,天壕能源,1.9,109472,0.0,10.68,-10900333,-0.56,,-10900333,16144679,-27045012,PVDF、锂电池,-0.56,70707518,7495825438,1.57017,-6441213
301259,艾布鲁,3.3,4484288,0.06,15.1,-11150214,-2.33,,-11150214,13444565,-24594779,环保、基础建设,-2.39,127180477,1124062875,1.57423,0
300425,中建环能,1.4,1361514,-0.74,5.24,-11523701,-3.5,,-11523701,4906400,-16430101,中字头、环保,-2.78,91715653,2199814709,1.14216,0
002665,ST航高,0.7,647292,0.0,3.19,-11607583,-1.24,,-11607583,18694736,-30302319,ST板块、光热发电,-1.24,117887311,7051786530,0.569391,0
603798,康普顿  ,1.2,1285760,0.88,11.12,-11761491,-2.29,,-11761491,16531790,-28293281,氢能源、石油石化,-3.14,116417979,1722560265,0.559527,-4473860
000885,城发环境,2.1,1229272,0.0,12.86,-12074454,-4.17,,-12074454,6012440,-18086894,锂电池、公路运营,-4.17,119649676,2785814062,1.67647,0
688659,元琛科技,0.5,51647,0.0,13.54,-12225316,-3.63,,-12225316,5805449,-18030765,复合集流体、锂电池,-3.63,67693679,1190382640,1.0635,0
000037,深南电A,0.4,972660,0.0,10.99,-12363505,-2.83,,-12363505,32419334,-44782839,虚拟电厂、环保,-2.83,279828752,2199955263,0.60205,0
000680,山推股份,0.5,343413,-0.18,5.43,-14064007,-1.99,,-14064007,22207049,-36271056,专用设备、一带一路,-1.81,109700277,4789321134,0.67821,-9832610
300197,节能铁汉,1.5,279552,0.0,2.52,-14306728,-1.56,,-14306728,10221299,-24528027,韧性城市、基础建设,-1.56,71030299,4044241444,0.924292,0
000925,众合科技,1.0,104544,0.38,7.71,-15105119,-2.28,,-15105119,12297444,-27402563,机器人概念、病毒防治,-2.65,78564986,4228354183,1.35385,0
601199,江南水务,1.3,30691,0.0,6.38,-16810923,-2.3,,-16810923,8639536,-25450459,固废处理、基础建设,-2.3,76976958,2482379497,1.28203,0
301030,仕净科技,0.2,396660,0.43,58.6,-18191659,-2.07,,-18191659,22563908,-40755567,TOPCon、环保,-2.5,120421216,5310993080,0.56819,0
002514,宝馨科技,0.6,2368400,1.17,9.31,-18454206,-1.38,,-18454206,21630734,-40084940,机器人概念、智能电网,-2.51,234738059,4118065352,0.412638,0
600531,豫光金铅,0.6,862431,-0.3,6.54,-18907608,-2.24,,-18907608,26964324,-45871932,白银、黄金,-1.95,142325970,4525707833,1.12391,0
000027,深圳能源,0.4,391000,-0.15,6.71,-19088259,-1.47,,-19088259,18661841,-37750100,光伏、垃圾发电,-1.32,140420980,9918192224,0.469946,0
601727,上海电气,1.0,271128,0.0,4.66,-19511835,-1.69,,-19511835,25252158,-44763993,机器人概念、一带一路,-1.69,130471777,20635000078,0.841437,-3411924
603291,联合水务,1.1,2014064,-1.98,15.9,-21195575,-7.45,,-21195575,11060636,-32256211,水务、环保,-5.58,223741800,672920770,0.938985,0
600988,赤峰黄金,0.4,5012308,-0.4,14.83,-23056357,-1.4,,-23056357,180019771,-203076128,黄金、有色金属,-1.0,728449425,21858248209,0.958806,9447202
300249,依米康,0.4,512940,0.5,9.51,-24798028,-4.04,,-24798028,13825388,-38623416,阿里巴巴概念、数字经济,-4.52,160431568,2881881686,0.875282,0
600187,国中水务,2.1,441336,-0.35,2.79,-27071439,-2.11,,-27071439,21118988,-48190427,水务、并购重组,-1.76,132274934,3425657015,0.605706,0
600475,华光环能,0.2,362148,-0.42,11.34,-33516973,-3.65,,-33516973,15654542,-49171515,电解槽、并购重组,-3.24,143025325,2803512277,0.927347,-7961409
600388,龙净环保,0.5,906780,0.23,17.7,-41462754,-0.22,,-41462754,81263923,-122726677,垃圾发电、火电灵活改造,-0.45,223447416,13022850462,0.950617,-9206533
001336,楚环科技,2361.0,7543395,0.95,28.49,-43979600,-9.98,,-43979600,62574096,-106553696,环保、氢能源,-10.83,275233680,572463815,2.99888,-11384867
002015,协鑫能科,2.6,821600,0.7,12.67,-49991118,-1.86,,-49991118,43102204,-93093322,光伏、储能,-2.54,221998344,9552565424,1.04095,0
600133,东湖高新,0.3,2588832,0.12,7.86,-70072077,-2.6,,-70072077,69982428,-140054505,环保、REITs,-2.72,408107885,4925857422,0.70491,-26090
000157,中联重科,1.8,1349663,0.0,6.98,-79760944,-1.27,,-79760944,54397852,-134158796,基础建设、并购重组,-1.27,368682873,35833954334,1.29094,-36312713
