股票代码,股票名称,竞价量比,竞价金额,竞价涨幅%,价格,净额,涨幅%,板上信息,主力净额,主力买,主力卖,所属板块,区间涨幅%,成交额,实际流通,量比,300w大单净额
002475,立讯精密,3.1,55233204,2.64,31.58,639490524,5.65,,639490524,3509416307,-2869925783,消费电子、并购重组,2.93,7154680435,120121680531,2.77954,180634356
601989,中国重工,0.1,2028990,0.0,4.86,151497737,3.4,,151497737,710285257,-558787520,造船、中特估,3.4,1661131569,56759390153,2.03211,41032593
002129,TCL中环,0.3,3346454,0.41,32.66,108519474,3.68,,108519474,739668903,-631149429,硅片、光伏组件,3.26,1923231013,95790109843,1.54092,101279095
002459,晶澳科技,0.5,2357050,-0.82,40.66,78762005,0.94,,78762005,421013581,-342251576,光伏组件、并购重组,1.78,1416708429,60779751707,0.967895,17033359
603583,捷昌驱动,1.8,514900,0.69,20.76,69336010,10.02,首板,69336010,124316970,-54980960,灵巧手、一带一路,9.26,285700736,3846577111,2.8904,34966668
301165,锐捷网络,1.8,3777730,-2.32,66.65,60439495,5.13,,60439495,264347597,-203908102,RDMA、CPO/MPO,7.62,788319254,4095137160,1.19743,-417243
300676,华大基因,0.3,478706,-0.4,61.56,59445555,6.41,,59445555,184162597,-124717042,AI医疗、新冠检测,6.84,569467370,14004149753,3.57338,18272628
600580,卧龙电驱,0.2,263006,0.24,12.69,55836467,3.51,,55836467,129072501,-73236034,机器人概念、电机电控,3.25,398885263,11233157868,2.91963,6916758
600089,特变电工,0.4,2080590,0.27,22.38,38523430,0.63,,38523430,275012922,-236489492,硅料、光热储能,0.36,678751827,71338335906,0.926103,-12141156
600629,华建集团,0.8,2478357,0.0,8.37,29335282,0.0,,29335282,135944659,-106609377,数据中心、人工智能,0.0,419506209,3575971558,0.897201,5702420
000901,航天科技,0.6,1263610,0.0,10.72,23928613,1.8,,23928613,73967854,-50039241,商业航天、军工,1.8,267370138,5600894592,1.40908,4308255
000157,中联重科,0.5,323010,0.0,6.7,21490452,0.6,,21490452,49602481,-28112029,基础建设、并购重组,0.6,181218932,34396489117,0.773794,3185850
601228,广州港  ,3.0,303360,0.0,3.16,19030754,-1.25,,19030754,31853612,-12822858,港口、一带一路,-1.25,75677817,5817567881,1.38861,0
600010,包钢股份,1.4,671762,0.55,1.81,14738824,0.0,,14738824,163185899,-148447075,稀土永磁、铁矿石,-0.55,260989117,36897875861,1.40762,0
301137,哈焊华通,0.2,727600,-1.22,18.11,14566460,5.23,,14566460,37745773,-23179313,国有企业、一带一路,6.53,200380997,823161074,2.45706,0
002097,山河智能,1.3,164430,-0.47,6.47,13726746,2.21,,13726746,27199561,-13472815,机器人概念、锂电池,2.7,115081503,3485865572,2.85192,0
002123,梦网科技,0.5,362549,-0.07,14.56,13088909,1.53,,13088909,116204812,-103115903,DeepSeek、超高清视频,1.61,402445281,9442201873,1.05866,-5762343
600017,日照港  ,0.4,147168,0.0,2.86,11251303,-0.69,,11251303,25654002,-14402699,港口、破净股概念,-0.69,74561800,4486834878,0.913588,0
605598,上海港湾,1.6,2781035,-2.98,57.86,11205334,1.94,,11205334,26703568,-15498234,钙钛矿电池、一带一路,5.07,154147499,3045951001,0.836844,5542775
600039,四川路桥,1.6,884697,0.0,9.65,10436247,-0.41,,10436247,35877538,-25441291,西部大开发、一带一路,-0.41,132993958,20171941029,0.711416,0
603298,杭叉集团,0.4,285477,0.0,22.6,9785874,2.12,,9785874,22344870,-12558996,工程机械、基础建设,2.12,153061597,8087177586,1.02066,0
600282,南钢股份,0.9,99280,0.0,3.38,9695848,-0.59,,9695848,12951823,-3255975,钢铁、算力,-0.59,50986735,8933190511,0.790821,3390000
603308,应流股份,0.3,227500,0.23,17.78,8873552,1.83,,8873552,32160002,-23286450,燃气轮机、低空经济,1.6,112800292,8838560438,0.835354,0
601808,中海油服,0.2,85436,0.15,13.66,8638568,-0.73,,8638568,34829817,-26191249,石油石化、中特估,-0.87,97485021,40439992880,1.4365,10269464
600406,国电南瑞,0.3,1570183,0.5,27.97,8094281,-0.29,,8094281,76116052,-68021771,抽水蓄能、柔性直流,-0.78,297142593,46009166536,0.616622,-3099525
600028,中国石化,0.7,2272798,0.15,6.32,7535394,-2.47,,7535394,403451871,-395916477,石油石化、天然气,-2.62,1137272200,91912141775,1.37572,44729213
000159,国际实业,0.7,286650,-0.14,7.26,7122840,-1.36,,7122840,15250384,-8127544,房地产、石油石化,-1.22,56589887,2691702450,0.586977,0
300213,佳讯飞鸿,0.6,143016,0.28,7.05,6633117,-0.14,,6633117,17578806,-10945689,工业互联网、元宇宙,-0.42,112353134,3787507612,0.897437,0
603036,如通股份,10.2,137522,0.68,10.48,6130982,2.04,,6130982,9469158,-3338176,石油石化、化工,1.35,69226891,1733965979,2.89357,0
003037,三和管桩,1.2,262150,0.08,12.43,5948135,1.55,,5948135,9962843,-4014708,水利、基础建设,1.47,63197797,1131398277,1.15231,0
002937,兴瑞科技,0.4,56166,0.0,24.78,5837346,1.47,,5837346,10240620,-4403274,特斯拉概念、小米汽车,1.47,59365588,3215997032,1.24147,0
600581,八一钢铁,0.4,302535,0.24,4.1,5675435,-0.97,,5675435,14274852,-8599417,钢铁、并购重组,-1.2,62393054,3140391762,0.683278,3175796
603106,恒银科技,2.7,390432,-0.34,5.96,5641595,1.02,,5641595,12745068,-7103473,金融科技、互联网金融,1.36,97913010,1323747966,2.3313,0
603861,白云电器,0.3,1608390,0.32,9.32,5474565,-1.06,,5474565,15808496,-10333931,电气设备、柔性直流,-1.38,168167904,1267615997,1.33213,0
002266,浙富控股,3.8,219600,0.5,4.01,4636657,0.75,,4636657,7860191,-3223534,抽水蓄能、有色金属,0.25,43447585,9876268340,0.709139,0
600794,保税科技,0.9,22815,0.0,3.49,4527249,-0.57,,4527249,4527249,0,物流、一带一路,-0.57,21444366,2393287352,0.961801,0
600759,洲际油气,0.0,78864,0.0,2.51,4209117,1.21,,4209117,12519921,-8310804,石油石化、天然气,1.21,39083774,3968474450,0.816502,0
002204,大连重工,0.1,205581,-0.6,5.01,4201125,1.01,,4201125,27611778,-23410653,军工、并购重组,1.62,106706155,3657996337,1.50235,0
002205,国统股份,1.1,534744,-0.28,10.48,4122783,-1.5,,4122783,9206340,-5083557,国有企业、风电,-1.23,55039201,1359890812,0.928944,0
603619,中曼石油,0.1,111724,0.0,16.36,4013376,-0.43,,4013376,11063699,-7050323,石油石化、天然气,-0.43,51257184,3922801780,0.62827,0
001872,招商港口,0.5,170784,0.34,17.63,3916429,-0.56,,3916429,7002205,-3085776,港口、中特估,-0.9,47045955,3914921562,0.434599,0
603111,康尼机电,4.0,41064,0.0,4.84,3670527,2.54,,3670527,12749979,-9079452,机器人概念、基础建设,2.54,42797860,3634332781,1.68456,-4365000
300195,长荣股份,2.4,181040,0.32,6.15,3112036,-0.49,,3112036,4696933,-1584897,破净股概念、锂电池,-0.81,31725170,1801597649,1.1487,0
000759,中百集团,0.4,261958,-0.22,4.51,2886015,-0.88,,2886015,5438405,-2552390,零售、预制菜,-0.66,44036113,1426909846,0.706607,0
002478,常宝股份,0.4,359136,0.0,6.93,2677278,0.73,,2677278,18445184,-15767906,光热发电、超超临界概念,0.73,113084577,3785612015,1.12972,0
002353,杰瑞股份,0.8,273590,0.36,25.1,2649572,0.36,,2649572,26461917,-23812345,天然气、石油石化,0.0,111436675,10937454492,0.677939,0
600545,卓郎智能,0.3,378025,0.0,2.43,2491580,0.0,,2491580,5562692,-3071112,机器人概念、一带一路,0.0,37663966,2442682204,0.688266,0
603588,高能环境,0.2,12894,0.22,9.1,2350088,-0.98,,2350088,8869636,-6519548,环保、垃圾发电,-1.19,47718531,11218356983,0.776371,0
601512,中新集团,1.4,77690,0.44,9.06,2303608,-0.44,,2303608,2756607,-452999,江苏省、破净股概念,-0.88,20481626,2581913898,0.807887,0
600279,重庆港  ,1.1,57268,0.0,4.06,2165932,-1.46,,2165932,4935234,-2769302,并购重组、港口,-1.46,24078746,1753680607,1.33989,0
000506,*ST中润,0.4,193945,-0.25,3.92,2165506,-1.01,,2165506,10553253,-8387747,ST板块、黄金,-0.76,80320181,2469273009,0.715981,0
002828,贝肯能源,1.0,259369,0.12,7.86,2092222,-2.0,,2092222,8070829,-5978607,石油石化、乌克兰概念,-2.12,36259055,1261700624,1.46344,0
603162,海通发展,0.0,1734,0.0,17.4,2077569,0.35,,2077569,2077569,0,一带一路、航运,0.35,14196197,1062939935,0.824176,0
688022,瀚川智能,0.5,49830,-0.99,34.1,1998436,2.71,,1998436,10036400,-8037964,高速连接、一带一路,3.74,57827233,3196388662,1.25084,0
000680,山推股份,0.2,246530,0.36,5.6,1967995,1.45,,1967995,41888535,-39920540,专用设备、一带一路,1.08,182266640,4939263048,0.704002,-7372207
002774,快意电梯,0.6,191262,0.0,7.79,1506062,2.23,,1506062,2738949,-1232887,电梯概念、高股息,2.23,33210193,908394513,1.58681,0
300183,东软载波,1.7,809514,-1.06,17.51,1235383,-2.01,,1235383,17203196,-15967813,智能电网、一带一路,-0.96,98290267,3928219999,0.960911,0
600499,科达制造,0.2,134566,-0.09,11.01,1091698,-0.27,,1091698,23352992,-22261294,锂矿、锂电池,-0.18,100686159,12634602445,0.808155,0
300865,大宏立,1.8,369240,0.0,21.13,1035541,-2.72,,1035541,1035541,0,西部大开发、成渝经济圈,-2.72,24624608,577840314,1.43806,0
300103,达刚控股,8.0,73080,0.16,6.07,1034393,-0.16,,1034393,1034393,0,基础建设、并购重组,-0.33,13095203,851834865,1.12782,0
002972,科安达,0.8,976304,-0.16,12.84,1032189,-0.47,,1032189,4343045,-3310856,轨道交通、信创,-0.31,39011747,1593338352,0.931837,0
601018,宁波港  ,0.4,126198,0.0,3.4,999860,-0.58,,999860,7896110,-6896250,港口、并购重组,-0.58,36534211,9128894183,0.794313,0
600970,中材国际,0.1,292415,-0.4,12.41,940329,-1.51,,940329,32445257,-31504928,地产链、并购重组,-1.12,206116988,12990266078,0.705302,-3348291
600368,五洲交通,0.3,49484,0.0,3.52,778505,-1.12,,778505,7365447,-6586942,公路运营、基础建设,-1.12,39014097,2365813174,0.786085,0
300818,耐普矿机,0.0,0,0.0,22.86,648931,3.3,,648931,2776217,-2127286,专用设备、一带一路,3.3,34551764,1282951577,2.2733,0
002342,巨力索具,11.2,122914,0.25,4.03,437783,-0.74,,437783,1836613,-1398830,白酒、酿酒,-0.98,19318817,2721608924,0.944542,0
603966,法兰泰克,2.6,154098,0.33,12.31,409848,0.98,,409848,2052266,-1642418,水利、基础建设,0.65,32985402,1858623741,0.836787,0
603569,长久物流,0.3,159904,-0.09,10.6,408656,0.66,,408656,7218795,-6810139,物流、并购重组,0.76,101927832,1389361579,0.568829,0
300011,鼎汉技术,0.5,71400,0.14,7.2,398951,3.0,,398951,9829020,-9430069,高铁、一带一路,2.86,94483960,2694847893,1.70291,0
000088,盐田港,0.3,63180,0.0,4.8,352225,-1.23,,352225,1918662,-1566437,港口、一带一路,-1.23,29881391,3509007600,1.39153,0
603153,上海建科,0.1,96135,-0.16,18.4,292043,-2.54,,292043,7612143,-7320100,算力、数字经济,-2.39,76512481,1012000000,0.936195,0
600778,友好集团,0.3,63356,0.3,6.68,268461,-0.6,,268461,939142,-670681,零售、新疆,-0.89,20707744,1444746423,1.64641,0
002917,金奥博,0.1,215670,-0.34,11.85,263005,-0.34,,263005,6638562,-6375557,机器人概念、民用爆破,0.0,72771550,2212183797,0.782911,0
603338,浙江鼎力,0.2,73472,-0.42,52.75,116516,0.09,,116516,24639206,-24522690,三季报增长、基础建设,0.51,152167318,8674905412,0.610732,5263979
600820,隧道股份,2.8,1187025,-0.67,5.92,90517,-1.17,,90517,23997342,-23906825,基础建设、高股息,-0.5,106290470,11562109539,0.931439,0
002948,青岛银行,2.1,217464,0.0,3.26,58872,-0.61,,58872,9065172,-9006300,银行、破净股概念,-0.61,55312186,7292498556,0.962378,0
002871,伟隆股份,1.0,51045,0.57,12.47,0,0.73,,0,0,0,股权转让、基础建设,0.16,17853080,1085115781,1.04836,0
601698,中国卫通,0.7,5254600,0.0,18.84,-51554,0.21,,-51554,253311812,-253363366,卫星导航、6G,0.21,975623308,19501146632,1.0811,-10959229
603970,中农立华,0.3,50550,0.0,20.24,-272213,0.1,,-272213,3374450,-3646663,中字头、农药,0.1,19669241,3122312288,0.341838,0
301027,华蓝集团,0.0,0,0.0,11.9,-306608,-1.49,,-306608,598000,-904608,房屋检测、建筑节能,-1.49,13473129,1205760360,0.594925,0
603408,建霖家居,1.9,97980,0.0,10.5,-343021,-1.41,,-343021,835659,-1178680,装修家具、高股息,-1.41,15547260,1218195646,1.68798,0
605001,威奥股份,0.0,49020,0.31,6.36,-358687,-1.09,,-358687,401947,-760634,轨道交通、并购重组,-1.4,13561012,1256433964,1.08727,0
300665,飞鹿股份,0.4,56576,0.12,8.25,-409422,-0.72,,-409422,948264,-1357686,化工、湖南,-0.84,17010655,1136531665,0.983958,0
003001,中岩大地,0.4,37260,0.06,15.98,-467030,-1.3,,-467030,2555085,-3022115,基础建设、一带一路,-1.36,22686291,789657629,1.1685,0
603333,尚纬股份,0.1,1330452,0.79,4.99,-483531,-0.99,,-483531,12475404,-12958935,轨道交通、汽车类,-1.77,106857114,1595886649,0.415315,0
300703,创源股份,62.0,56792,0.44,9.04,-505315,-0.88,,-505315,0,-505315,谷子经济、一带一路,-1.31,11598001,1003923763,0.680517,0
002221,东华能源,0.4,29580,0.23,8.64,-510395,-0.46,,-510395,16698893,-17209288,天然气、加氢站,-0.69,45832628,7631110980,0.649968,-4293704
603871,嘉友国际,0.8,300167,0.69,21.52,-520462,-1.1,,-520462,4852428,-5372890,物流、高股息,-1.78,68798726,4558594224,1.04212,0
002742,ST三圣,0.0,0,0.0,3.44,-528527,2.99,,-528527,2807082,-3335609,ST板块、基础建设,2.99,23628764,897844545,1.78394,0
601226,华电科工,0.4,115600,0.0,6.64,-528893,-2.35,,-528893,6909283,-7438176,核电、电解槽,-2.35,70414480,2828638705,1.08575,0
002637,赞宇科技,0.1,7175,0.49,10.16,-538944,-0.39,,-538944,0,-538944,化工、并购重组,-0.88,12927580,2838695571,0.907184,0
002309,*ST中利,0.9,708345,0.0,3.99,-606069,-1.48,,-606069,6049978,-6656047,ST板块、智能电网,-1.48,35269141,2006701300,0.56355,0
000969,安泰科技,0.1,90650,0.0,9.3,-663371,0.54,,-663371,23433340,-24096711,核电、第三代半导体,0.54,110425900,6154967080,1.04211,0
601611,中国核建,0.7,576770,-0.59,8.4,-698359,-0.83,,-698359,15561356,-16259715,军工、中特估,-0.24,95184990,5895991721,1.04723,3359997
002206,海利得,3.2,76850,0.0,5.24,-735789,-1.13,,-735789,3239815,-3975604,光伏背板、化工,-1.13,32051926,3994215062,0.976333,0
600969,郴电国际,1.7,125825,0.28,7.13,-768206,-0.56,,-768206,7637013,-8405219,电力、水电,-0.83,39799454,1847420634,1.16041,0
300262,*ST巴安,0.4,28710,0.0,2.57,-793129,-1.53,,-793129,660996,-1454125,ST板块、天然气,-1.53,15453104,1113368229,0.640542,0
300589,江龙船艇,0.3,440154,-0.47,15.06,-799640,1.14,,-799640,55486333,-56285973,军工、一带一路,1.62,292732651,2666719192,1.60762,0
603500,祥和实业,0.5,31800,-0.15,13.34,-831168,0.53,,-831168,2342088,-3173256,轨道交通、基础建设,0.68,29278114,1258161167,0.697313,0
603220,中贝通信,0.5,274536,-0.54,14.7,-832658,-0.94,,-832658,4731150,-5563808,算力租赁、通信,-0.41,59662734,3592970112,0.704629,0
600075,新疆天业,0.1,24857,-0.21,4.67,-861457,-0.64,,-861457,2593258,-3454715,电石、煤化工,-0.43,23298345,4015522691,0.81772,0
000505,京粮控股,0.3,52850,0.0,7.46,-923221,-1.19,,-923221,1627767,-2550988,海南、农业,-1.19,22737833,2125123737,0.681368,0
600190,ST锦港  ,0.3,42140,0.0,2.97,-944465,-1.33,,-944465,9283481,-10227946,ST板块、远东开发,-1.33,47577548,1761687922,1.08686,0
600540,新赛股份,0.4,97520,-0.43,4.53,-950382,-1.95,,-950382,3175853,-4126235,棉花、风电运营商,-1.52,26391880,1320355789,0.631704,0
301335,天元宠物,3.7,114720,-0.42,23.72,-982324,-1.17,,-982324,2381871,-3364195,宠物经济、一带一路,-0.75,17551478,747180000,1.19737,0
603979,金诚信  ,0.3,136400,-0.26,30.88,-997526,-0.64,,-997526,9511972,-10509498,有色金属、磷化工,-0.39,79412594,11088341550,0.709009,0
000825,太钢不锈,1.1,192272,0.0,3.93,-1049130,-0.25,,-1049130,5278246,-6327376,钢铁、有色金属,-0.25,39915004,8214053803,0.821502,0
605298,必得科技,0.5,334910,-0.06,15.39,-1052780,-1.72,,-1052780,3438488,-4491268,高铁、一带一路,-1.66,53919049,660231000,0.691283,0
601028,玉龙股份,1.0,154960,-0.38,10.39,-1148032,-0.48,,-1148032,7817024,-8965056,黄金、石墨化,-0.1,78750208,4353550552,1.08884,0
002278,神开股份,3.7,40040,0.39,5.1,-1196721,-1.54,,-1196721,605040,-1801761,商业航天、石油石化,-1.92,15588719,1345549127,1.11036,0
688285,高铁电气,0.0,0,0.0,9.43,-1218305,-1.15,,-1218305,0,-1218305,一带一路、央企,-1.15,16984058,842994850,0.616037,0
600888,新疆众和,0.8,92984,-0.13,7.85,-1236023,-0.51,,-1236023,5460377,-6696400,有色金属、新疆,-0.38,41176662,6098323854,0.632722,0
600984,建设机械,0.5,16502,0.0,4.42,-1242710,-0.9,,-1242710,1945849,-3188559,工程机械、破净股概念,-0.9,25525095,3493513799,0.585206,0
000507,珠海港,0.3,64380,-0.36,5.52,-1248429,-0.9,,-1248429,3352709,-4601138,港口、一带一路,-0.54,31358512,3456812403,0.961539,0
002302,西部建设,1.1,100520,0.56,7.11,-1352528,-0.42,,-1352528,4867095,-6219623,西部大开发、建材,-0.97,43046778,3947156679,0.735196,0
300407,凯发电气,0.6,464095,-1.39,9.1,-1379884,-2.36,,-1379884,5614756,-6994640,高铁、一带一路,-0.98,69172449,1487354609,0.377653,0
000599,青岛双星,0.7,28006,0.48,4.12,-1392637,-0.96,,-1392637,647496,-2040133,并购重组、机器人概念,-1.44,17317222,2091597799,0.659224,0
600202,哈空调  ,0.6,157946,-0.19,5.16,-1394055,-1.53,,-1394055,3027735,-4421790,核电、储能热管理,-1.34,38267707,1306640386,0.528096,0
000528,柳工,0.4,192696,0.65,7.68,-1429186,-0.52,,-1429186,3590817,-5020003,工程机械、基础建设,-1.16,62088905,8925030806,0.497576,0
002554,惠博普,0.2,85045,0.0,3.63,-1491830,-0.55,,-1491830,6965134,-8456964,石油石化、碳中和,-0.55,29297315,2765258823,0.866121,0
003013,地铁设计,0.6,49532,-0.11,17.48,-1495940,-1.3,,-1495940,2082166,-3578106,轨道交通、并购重组,-1.19,20520516,1052416542,0.939304,0
002094,青岛金王,0.8,148058,-0.28,3.64,-1528511,0.28,,-1528511,3288825,-4817336,资产管理、跨境电商,0.55,37502076,1974176188,0.44979,0
002430,杭氧股份,0.7,182267,-0.03,34.0,-1547675,-1.16,,-1547675,21793823,-23341498,电子气体、并购重组,-1.13,107723002,13032984071,0.658408,-5440096
600477,杭萧钢构,0.2,171296,-0.25,4.03,-1548974,-0.49,,-1548974,29412650,-30961624,数据中心、基础建设,-0.25,90730086,5899833110,0.669103,11684491
603017,中衡设计,0.3,222015,0.09,10.68,-1558883,-1.29,,-1558883,2217531,-3776414,低空经济、算力,-1.39,27174156,1657503961,0.674988,0
603616,韩建河山,0.0,6180,0.19,5.08,-1559595,-1.17,,-1559595,1178999,-2738594,基础建设、水利,-1.36,24210709,1255972017,1.22176,0
603699,纽威股份,0.0,2746,0.0,14.16,-1598769,3.13,,-1598769,2022418,-3621187,核电、氢能源,3.13,49547194,3696069959,0.923329,0
000951,中国重汽,0.6,207772,-0.3,16.34,-1601847,-0.43,,-1601847,7709255,-9311102,重卡、一带一路,-0.12,113144074,9410049178,0.515929,0
603291,联合水务,0.7,413511,-1.04,14.24,-1698655,-0.84,,-1698655,7589436,-9288091,水务、环保,0.21,79251199,602666149,0.816332,0
600350,山东高速,0.5,131043,0.16,6.18,-1742546,-1.28,,-1742546,8856771,-10599317,公路运营、高股息,-1.44,52434613,3899751129,0.557509,0
601886,江河集团,0.4,56234,-0.22,9.12,-1841695,0.33,,-1841695,19519344,-21361039,高股息、分布式光伏,0.55,77019053,3392610391,1.04027,0
000755,山西高速,1.1,58564,-0.21,4.78,-1860193,-1.44,,-1860193,1306131,-3166324,公路运营、绿色电力,-1.24,33932663,1620537533,0.978388,0
603280,南方路机,0.3,74865,0.12,24.09,-1982769,-0.12,,-1982769,2952891,-4935660,机器人概念、工程机械,-0.25,36748805,652879158,1.20421,0
300732,设研院,0.2,121390,-0.1,9.88,-2012531,-0.8,,-2012531,3314148,-5326679,韧性城市、基础建设,-0.7,59535824,1652089940,0.786413,0
600798,宁波海运,0.2,24850,-0.28,3.55,-2076986,-0.28,,-2076986,1333036,-3410022,港口、煤炭,0.0,12631573,2405969939,1.02449,0
300198,纳川股份,0.4,27540,-0.39,2.52,-2076990,-1.56,,-2076990,532781,-2609771,污水处理、汽车类,-1.18,13923303,1656531502,0.884559,0
600320,振华重工,0.8,180197,-0.54,3.66,-2131058,-0.81,,-2131058,9874746,-12005804,一带一路、基础建设,-0.27,50826743,6598971290,0.693938,0
300208,*ST中程,3.4,100750,0.25,7.98,-2301957,-0.75,,-2301957,1057291,-3359248,ST板块、光伏EPC,-0.99,27745259,2860898556,0.630989,0
600853,龙建股份,0.6,247596,0.46,4.28,-2347728,-2.06,,-2347728,20255048,-22602776,体育产业、基础建设,-2.51,105405243,2388006551,0.665771,0
001317,三羊马,1.4,326744,-0.67,36.8,-2352100,-1.55,,-2352100,4207177,-6559277,物流、一带一路,-0.89,54001158,1090752000,0.437049,0
002524,光正眼科,2.6,186620,-0.32,6.04,-2385275,-2.89,,-2385275,3835185,-6220460,AI医疗、医美,-2.58,37369550,2313366906,1.93725,0
002282,博深股份,0.2,21692,0.4,7.4,-2419838,-0.67,,-2419838,0,-2419838,轨道交通、一带一路,-1.07,14246297,1631252256,0.938087,0
000042,中洲控股,0.2,21605,0.0,7.29,-2466660,-2.15,,-2466660,2616624,-5083284,房地产、一带一路,-2.15,29682137,1606862051,1.22301,0
688418,震有科技,0.6,996231,-1.09,20.64,-2545950,-2.41,,-2545950,30720566,-33266516,CPO/MPO、卫星导航,-1.34,184302809,2493775179,0.852212,0
601008,连云港  ,1.2,55282,-0.24,4.18,-2617880,-1.18,,-2617880,3727568,-6345448,并购重组、港口,-0.95,33863190,2139538278,0.944526,0
002800,天顺股份,72.3,1109805,3.02,14.56,-2668558,-2.28,,-2668558,1188099,-3856657,物流、新疆,-5.15,26203668,787068822,1.53675,0
001288,运机集团,4.0,83072,0.59,18.88,-2752652,0.59,,-2752652,6791731,-9544383,减速器、基础建设,0.0,52226872,994029119,1.13251,0
002583,海能达,0.3,96822,0.17,5.88,-2774994,-0.84,,-2774994,8405637,-11180631,量子科技、互联网金融,-1.01,68997575,5479011730,0.88393,0
600815,厦工股份,95.8,305634,-0.37,2.65,-2794445,-0.75,,-2794445,3525876,-6320321,工程机械、基础建设,-0.38,18815092,2435478144,1.10011,0
000758,中色股份,0.1,142975,-0.21,4.68,-2822091,-1.68,,-2822091,12537814,-15359905,稀土永磁、有色金属,-1.47,69500450,6103738987,0.925863,-3444617
688128,中国电研,0.3,177885,-0.55,25.58,-2889270,1.15,,-2889270,14048498,-16937768,汽车充电、锂电池,1.71,103958606,1904996074,0.988518,0
600170,上海建工,1.2,656286,0.38,2.64,-2940656,-0.75,,-2940656,25236033,-28176689,破净股概念、一带一路,-1.12,122910957,12392083471,1.01158,0
603969,银龙股份,0.3,14336,-0.44,4.47,-2945547,-0.67,,-2945547,4242523,-7188070,核电、雄安新区,-0.22,25225667,2308865151,1.3192,0
000701,厦门信达,0.4,78960,-0.15,6.47,-2950432,-1.82,,-2950432,12546954,-15497386,有色金属、电子商务,-1.67,61915519,1870213620,0.46315,0
001360,南矿集团,0.2,33535,-0.34,17.5,-3036636,-1.19,,-3036636,2268624,-5305260,新型工业化、专精特新,-0.85,38291933,874571425,0.928951,0
300542,新晨科技,0.2,46305,0.0,13.15,-3265855,-0.6,,-3265855,1751295,-5017150,低空经济、军工,-0.6,36521437,1711142540,0.809045,0
002135,东南网架,0.1,26560,0.3,6.46,-3303936,-2.42,,-3303936,6480507,-9784443,光伏组件、基础建设,-2.71,63358322,4548325609,1.29652,0
600717,天津港  ,1.5,445417,0.0,4.25,-3481892,-1.62,,-3481892,12136878,-15618770,港口、破净股概念,-1.62,73156180,5312500341,1.21176,0
300523,辰安科技,0.2,68016,-0.08,25.96,-3501011,-0.84,,-3501011,11067898,-14568909,人工智能、算力,-0.76,65085767,2980909405,0.639893,0
301158,德石股份,0.3,37708,0.06,16.77,-3551952,-2.1,,-3551952,667356,-4219308,专用设备、石油石化,-2.16,34200615,1302641730,0.941962,0
002578,闽发铝业,0.8,2142,-0.28,3.51,-3574981,-1.96,,-3574981,3978852,-7553833,金属铝、有色金属,-1.68,26448347,1795493428,1.60893,0
600603,ST广物  ,0.6,65065,0.14,7.07,-3598387,-0.98,,-3598387,5194283,-8792670,ST板块、地产链,-1.12,43862595,4300239543,0.735476,0
301048,金鹰重工,0.7,2957980,0.85,13.17,-3657446,1.39,,-3657446,39480646,-43138092,轨道交通、基础建设,0.53,270233916,1756000878,1.35146,0
300845,捷安高科,0.5,668015,-1.2,24.34,-3747283,-2.44,,-3747283,7076800,-10824083,军工、一带一路,-1.26,126706269,1396370979,0.577506,0
688569,铁科轨道,0.4,638077,0.86,39.36,-3879013,2.05,,-3879013,35795891,-39674904,高铁、一带一路,1.18,192415657,2081205725,1.31494,3856991
603173,福斯达  ,0.7,35945,-0.22,27.26,-3960943,-1.62,,-3960943,0,-3960943,三季报增长、天然气,-1.41,23896820,1090400000,1.03158,0
601298,青岛港  ,0.9,292182,0.29,6.89,-4210976,-1.15,,-4210976,13264894,-17475870,港口、并购重组,-1.43,63515315,5904805848,0.816749,-5739132
003000,劲仔食品,0.6,111468,-0.08,13.07,-4227612,-1.58,,-4227612,3712810,-7940422,食品饮料、湖南,-1.51,58494872,2633236066,1.07872,0
002889,东方嘉盛,1.4,1596393,-0.85,19.96,-4354341,-0.7,,-4354341,7547393,-11901734,光刻机、华为概念,0.15,82712219,1063363638,0.394425,0
300795,米奥会展,3.6,755292,0.0,42.35,-4360166,-4.96,,-4360166,15749372,-20109538,首发经济、平台经济,-4.96,107709055,2753575155,1.04951,-3346662
601106,中国一重,0.5,311355,0.3,3.33,-4371444,0.3,,-4371444,24732716,-29104160,工程机械、并购重组,0.0,93514229,8248148490,1.02018,0
002993,奥海科技,2.0,4200188,1.04,34.85,-4374782,0.43,,-4374782,87373591,-91748373,电源、工商业储能,-0.6,399592088,3533432788,1.05063,-1204841
002476,宝莫股份,7.5,853710,-0.92,4.19,-4511280,-3.23,,-4511280,7727027,-12238307,石油石化、并购重组,-2.33,47394502,2015939458,1.99216,0
601866,中远海发,1.7,267592,0.0,2.47,-5071350,-0.4,,-5071350,10601027,-15672377,航运、并购重组,-0.4,47706588,9440880192,0.837661,0
000877,天山股份,0.2,27040,0.12,8.31,-5124692,-1.54,,-5124692,6066139,-11190831,建材、并购重组,-1.66,52771172,12285694866,1.31574,0
600790,轻纺城  ,2.0,152948,0.46,4.31,-5160779,-0.69,,-5160779,5246038,-10406817,破净股概念、一带一路,-1.15,34607956,3934376997,1.1607,0
003002,壶化股份,0.2,27166,-0.37,15.56,-5188107,-2.99,,-5188107,602880,-5790987,民用爆破、烟花爆竹,-2.63,29465091,1218263976,0.730471,0
300021,大禹节水,0.3,117477,-0.39,5.08,-5313014,-1.36,,-5313014,4827389,-10140403,水利、农业,-0.97,47770700,2405702047,0.98188,0
600981,汇鸿集团,0.7,108664,0.0,2.83,-5522103,-2.08,,-5522103,2426466,-7948569,跨境电商、并购重组,-2.08,38145725,2066298271,0.95856,0
000703,恒逸石化,0.3,82960,0.15,6.7,-5536444,-1.33,,-5536444,5513689,-11050133,化工、破净股概念,-1.47,43895048,12743848373,0.549795,0
601766,中国中车,0.4,712620,0.16,6.41,-5647350,0.0,,-5647350,79535497,-85182847,中字头、一带一路,-0.16,287555416,62625200386,0.649053,9299168
002323,雅博股份,0.2,45816,0.0,2.71,-5887999,-1.81,,-5887999,9223656,-15111655,分布式光伏、国有企业,-1.81,46694845,4071309234,0.698707,0
600018,上港集团,6.4,269838,0.0,5.19,-5898981,-1.33,,-5898981,20200999,-26099980,港口、中特估,-1.33,101289044,27060336944,1.55124,-3473080
600502,安徽建工,0.2,615538,-0.19,5.3,-5908063,-1.85,,-5908063,23366229,-29274292,水利、国有企业,-1.67,132160034,6172823746,0.772837,0
601500,通用股份,1.3,104940,-0.25,3.92,-5996319,-1.26,,-5996319,1174428,-7170747,轮胎、汽车零部件,-1.01,26167625,1987954827,0.937654,0
603727,博迈科  ,0.2,1601260,0.0,11.67,-6244865,-1.1,,-6244865,6502569,-12747434,石油石化、天然气,-1.1,79456436,1881779948,0.884943,0
002040,南京港,1.6,57715,0.0,6.63,-6381903,-2.36,,-6381903,2853012,-9234915,港口、破净股概念,-2.36,40649555,1035931966,1.506,0
600869,远东股份,1.6,101760,-0.38,5.32,-6493610,0.0,,-6493610,3200333,-9693943,阿里系AI、特高压,0.38,44221821,5315527286,0.938627,0
002307,北新路桥,1.6,113507,0.0,4.92,-6759364,-3.34,,-6759364,23745512,-30504876,基础建设、新疆,-3.34,141310647,3345692084,2.07498,0
600528,中铁工业,0.4,482000,-0.6,9.8,-6806608,-2.58,,-6806608,20115535,-26922143,基础建设、破净股概念,-2.0,126472015,9847007419,0.77003,0
601156,东航物流,0.2,140344,-0.08,13.16,-6982916,-0.68,,-6982916,9694305,-16677221,跨境电商、外贸,-0.6,50349145,6104078361,0.699275,3008280
600449,宁夏建材,0.6,3386079,-0.9,16.49,-6992112,-1.38,,-6992112,38447369,-45439481,人工智能、ChatGPT,-0.48,190091487,4025057530,0.526373,-9002960
601608,中信重工,0.5,329958,0.24,4.15,-7103491,0.48,,-7103491,19389412,-26492903,机器人概念、军工,0.24,107634018,7113789265,1.13458,0
600495,晋西车轴,0.3,634432,-0.46,4.29,-7119002,-0.92,,-7119002,15663357,-22782359,高铁、一带一路,-0.46,88939755,3587006825,0.626057,0
600118,中国卫星,0.3,1675023,-0.17,28.75,-7254066,-0.45,,-7254066,151750093,-159004159,卫星导航、中字头,-0.28,639832455,16480581659,1.04341,-4665414
000090,天健集团,0.1,43946,0.0,5.05,-7285930,-1.17,,-7285930,16402977,-23688907,地产链、高股息,-1.17,63476228,5697329136,0.888669,-5056784
600801,华新水泥,2.2,852145,0.72,12.28,-7318243,-1.44,,-7318243,7897884,-15216127,水泥、并购重组,-2.15,90587892,7035821878,1.35926,0
300738,奥飞数据,0.7,971800,-0.7,11.39,-7348025,0.09,,-7348025,62914542,-70262567,阿里系AI、算力,0.8,296800549,5238056122,0.810815,0
600023,浙能电力,2.3,1222551,0.0,4.76,-7590414,-0.21,,-7590414,37324555,-44914969,空气储能、火电,-0.21,176545555,19496540919,0.562461,0
600500,中化国际,4.1,655690,-0.72,5.47,-7630089,-1.44,,-7630089,4872842,-12502931,化工、锂电池,-0.73,61231969,7684083155,1.04233,0
600057,厦门象屿,1.0,225298,0.0,8.66,-7640794,-2.37,,-7640794,28084367,-35725161,物流、锂电池,-2.37,144498342,8903703640,1.04812,554660
000862,银星能源,0.7,157901,0.14,7.4,-7689951,1.65,,-7689951,8592889,-16282840,光伏、风电,1.51,108941927,3122631253,1.01505,0
000777,中核科技,1.6,391200,-0.31,12.99,-7782474,-0.69,,-7782474,4390493,-12172967,并购重组、核电,-0.38,63761360,3622113300,0.682012,0
000557,西部创业,2.4,53757,0.18,5.25,-7806057,-3.14,,-7806057,6957039,-14763096,股权转让、物流,-3.31,64678599,3963524872,1.5745,0
002092,ST中泰,1.4,252850,0.46,6.41,-8010879,-0.93,,-8010879,13736639,-21747518,ST板块、病毒防治,-1.38,66486118,12740915376,0.563671,-6696523
600928,西安银行,4.7,2043111,0.28,3.49,-8058536,-1.97,,-8058536,28408752,-36467288,银行、中特估,-2.24,119459887,6118688836,1.39077,-3351240
000928,中钢国际,0.3,864731,-0.74,9.31,-8134017,-2.0,,-8134017,47315422,-55449439,基础建设、碳中和,-1.27,218629671,5931206915,0.570219,-6602202
000672,上峰水泥,0.1,21054,0.53,9.25,-8575931,-2.84,,-8575931,8678688,-17254619,西部大开发、水泥,-3.34,92790782,3942103791,1.71463,0
600425,青松建化,0.7,362934,0.0,4.81,-8642594,-6.97,,-8642594,61521427,-70164021,水泥、化肥,-6.96,251333924,4895732194,1.90599,4819994
000498,山东路桥,0.5,293930,-0.15,6.56,-8756345,-1.5,,-8756345,10488864,-19245209,基础建设、并购重组,-1.35,74713479,3839675371,0.640238,0
001213,中铁特货,0.5,180630,0.0,4.41,-9004381,-1.12,,-9004381,10068105,-19072486,一带一路、物流,-1.12,60414115,3370675404,0.664167,0
603357,设计总院,1.6,1240536,0.29,13.58,-9088174,-2.51,,-9088174,18194005,-27282179,低空经济、基础建设,-2.79,158752856,3174527966,0.719821,0
600326,西藏天路,0.3,3053821,-0.15,6.23,-9112106,-5.32,,-9112106,78149957,-87262063,基础建设、地产链,-5.18,331655464,4502130702,0.94328,-18866068
300095,华伍股份,0.9,52620,0.0,8.77,-9189765,0.0,,-9189765,2510334,-11700099,机器人概念、碳陶刹车,0.0,32427804,2491039335,1.37254,0
603169,兰石重装,0.2,142975,-0.15,6.63,-9205472,-0.45,,-9205472,11340422,-20545894,核电、基础建设,-0.3,73207353,4575724016,0.803512,0
600496,精工钢构,1.5,154049,0.0,3.68,-9267325,-1.34,,-9267325,9357429,-18624754,基础建设、算力,-1.34,51631288,5431364992,1.38576,0
300065,海兰信,3.1,1850030,0.3,12.89,-9290046,-2.79,,-9290046,71290471,-80580517,数据中心、一带一路,-3.08,330948623,7671848959,1.3695,3038596
600469,风神股份,0.2,1323158,0.32,6.2,-9545682,-1.9,,-9545682,19789993,-29335675,橡胶、高股息,-2.21,143651097,1921065529,0.376823,0
600755,厦门国贸,3.3,1326732,0.23,8.63,-9556509,-1.03,,-9556509,19582220,-29138729,航运、高股息,-1.26,158441610,11581797514,1.1808,0
002047,宝鹰股份,0.6,156604,0.0,3.23,-9586271,-1.82,,-9586271,2691750,-12278021,股权转让、元宇宙,-1.82,42407808,3123777980,0.746944,0
600125,铁龙物流,0.1,121390,-0.16,5.98,-9985540,-2.13,,-9985540,41218978,-51204518,物流、国有企业,-1.97,137300360,5047246758,1.13436,-8720747
300087,荃银高科,0.4,402800,0.19,10.5,-10353162,-0.76,,-10353162,14801165,-25154327,农业、转基因,-0.94,92455308,6671757110,0.887607,0
000425,徐工机械,0.4,397005,0.15,6.55,-10393088,-1.36,,-10393088,87860119,-98253207,基础建设、并购重组,-1.5,410633965,30966219361,0.832348,-14155613
002051,中工国际,0.2,973184,0.08,11.72,-10718608,-2.01,,-10718608,76001797,-86720405,基础建设、一带一路,-2.09,356878651,5379873033,0.939856,8092881
601618,中国中冶,0.5,985600,0.0,3.91,-10766445,-2.25,,-10766445,79208854,-89975299,基础建设、有色金属,-2.25,367426597,25156430595,1.24212,-11282304
002929,润建股份,0.8,2231760,-0.39,43.16,-10851947,-1.75,,-10851947,43033957,-53885904,阿里系AI、数字经济,-1.37,269193002,3949067880,1.00356,-3033863
300374,中铁装配,0.1,2087408,-1.65,18.14,-10939597,-3.25,,-10939597,33117404,-44057001,中字头、乌克兰概念,-1.63,273814168,1907228266,0.7613,0
002489,浙江永强,0.5,561095,0.26,3.75,-11534591,-1.83,,-11534591,13799038,-25333629,户外运动、地产链,-2.09,109306787,3644135304,0.927415,0
300511,雪榕生物,0.7,372416,-0.41,7.3,-12243066,-1.22,,-12243066,5936924,-18179990,农业、人造肉,-0.82,85428428,2783471928,0.775616,0
002116,中国海诚,0.2,3135000,-1.26,12.37,-12296284,-2.6,,-12296284,23873386,-36169670,中字头、基础建设,-1.36,221033299,2180720346,1.11483,1650638
600583,海油工程,0.4,208152,0.51,5.78,-12530447,-1.2,,-12530447,3031981,-15562428,石油石化、破净股概念,-1.7,97036733,9682288267,1.00632,0
300435,中泰股份,6.3,430107,-0.07,13.76,-12729519,-1.85,,-12729519,5738381,-18467900,煤化工、天然气,-1.78,63718877,2930165768,1.11802,0
600104,上汽集团,0.9,1267167,0.28,14.12,-13073682,-0.21,,-13073682,31802417,-44876099,上海、汽车整车,-0.49,173157554,51963719813,0.406085,0
600312,平高电气,0.4,1504975,0.0,12.13,-13235389,-2.96,,-13235389,46072459,-59307848,特高压、智能电网,-2.96,295336946,9679180307,0.817448,3307056
601727,上海电气,0.8,566080,0.0,4.61,-13259710,-0.65,,-13259710,20769178,-34028888,机器人概念、一带一路,-0.65,110269784,20413594498,0.789366,-4050300
600176,中国巨石,0.1,86460,-0.35,14.5,-13392131,0.28,,-13392131,16413528,-29805659,风电材料、中特估,0.62,159680403,26825893899,0.748635,-6596280
600428,中远海特,0.5,680520,-0.31,6.24,-13427251,-2.19,,-13427251,47909840,-61337091,航运、中字头,-1.89,202307822,6638277084,0.683225,-6670401
301169,零点有数,1.2,1138150,-1.53,52.03,-13515702,-0.52,,-13515702,15940343,-29456045,数据要素、一带一路,1.03,154006735,1463194320,1.10359,0
601599,浙文影业,0.5,1170080,0.49,4.04,-13915868,-1.46,,-13915868,20891721,-34807589,影视院线、一带一路,-1.94,165609697,3198694180,0.552453,0
002707,众信旅游,0.4,238004,-0.13,7.76,-13937621,-2.63,,-13937621,13418732,-27356353,旅游、并购重组,-2.51,128521597,5088488457,1.05374,0
600710,苏美达  ,0.9,585900,0.13,7.67,-14252780,-0.9,,-14252780,22232709,-36485489,发电机、算力,-1.03,151645568,4455411106,0.841888,0
600509,天富能源,1.1,1315985,0.9,7.68,-14303493,-0.78,,-14303493,48835586,-63139079,AI眼镜、天然气,-1.66,173141402,5316473325,0.662952,0
603218,日月股份,0.3,182728,-0.2,19.92,-14982417,-0.99,,-14982417,6825362,-21807779,基础建设、一带一路,-0.8,120750512,8293797699,0.758344,0
002103,广博股份,0.4,270699,-0.32,6.21,-16144373,-1.9,,-16144373,17957387,-34101760,谷子经济、字节概念,-1.58,159686879,1895945851,0.551842,0
000151,中成股份,0.4,14418880,-1.41,12.26,-16326233,-3.77,,-16326233,56210698,-72536931,基础建设、并购重组,-2.39,291355027,1982729124,1.7421,91251
002398,垒知集团,0.5,596596,0.35,5.53,-16386406,-2.98,,-16386406,15259799,-31646205,人工智能、抗原检测,-3.32,111528651,3069608112,0.747931,-3030517
000905,厦门港务,0.6,358431,0.13,7.43,-16438519,-2.24,,-16438519,29204919,-45643438,福建、港口,-2.37,110251293,2636969713,1.33423,-4488681
000797,中国武夷,0.2,271128,-0.64,3.04,-16521224,-3.18,,-16521224,12258718,-28779942,房地产、破净股概念,-2.56,94415549,2152543551,0.829645,-6032773
600787,中储股份,0.5,402237,0.0,5.47,-16617981,-2.5,,-16617981,24738552,-41356533,物流、破净股概念,-2.5,112664453,4507451206,0.972608,-7730519
600490,鹏欣资源,0.7,464454,-0.54,3.61,-16832794,-1.9,,-16832794,14677624,-31510418,黄金、金属钴,-1.37,126177749,5753244696,0.483651,0
002104,恒宝股份,1.0,533904,0.0,8.95,-17138089,-1.43,,-17138089,14996124,-32134213,移动支付、数字货币,-1.43,119308065,4977411229,0.840735,-5359326
600720,中交设计,0.5,341550,-0.35,11.16,-17979337,-3.29,,-17979337,30685526,-48664863,地产链、并购重组,-2.96,135376949,6344559300,1.2718,-3597615
601068,中铝国际,0.2,215050,-0.17,5.58,-18377555,-3.12,,-18377555,10924556,-29302111,中字头、有色金属,-2.96,97499740,2136792924,1.02638,-3620326
002792,通宇通讯,1.9,4007600,-0.92,17.19,-18651137,-0.98,,-18651137,71845341,-90496478,卫星导航、并购重组,-0.06,378137293,3260152966,0.698077,3731609
000852,石化机械,0.1,31913,-0.44,6.36,-18975398,-6.74,,-18975398,33973199,-52948597,氢能源、天然气,-6.33,195635076,2837877224,3.24137,3026277
688425,铁建重工,0.8,302415,0.0,5.0,-19028678,-4.76,,-19028678,36672748,-55701426,科创板、基础建设,-4.76,263604983,7215568975,1.79131,0
600338,西藏珠峰,0.8,327520,-0.06,17.47,-20209248,-1.91,,-20209248,28230534,-48439782,有色金属、盐湖提锂,-1.85,179404670,12808448702,1.01058,-7212287
002984,森麒麟,0.5,275850,-0.26,30.85,-20280217,0.39,,-20280217,11019247,-31299464,汽车零部件、一带一路,0.65,92946441,8707100477,0.657042,0
002941,新疆交建,0.8,667968,-0.19,15.27,-20550588,-2.8,,-20550588,23478264,-44028852,基础建设、算力,-2.61,219411134,3669789489,0.858095,0
601880,辽港股份,1.9,540044,0.64,1.57,-21208021,0.0,,-21208021,24807778,-46015799,港口、并购重组,-0.63,74694207,10365333434,1.32067,0
600339,中油工程,0.2,348270,-0.26,3.82,-21459701,-2.3,,-21459701,38230470,-59690171,石油石化、聚氨酯,-2.05,183983193,5928802029,0.783151,-6905157
300070,碧水源,0.2,346256,-0.19,5.3,-21674733,-1.3,,-21674733,29004433,-50679166,环保、破净股概念,-1.12,134156451,9477479344,0.914639,0
601326,秦港股份,2.0,483140,0.29,3.33,-23199286,-1.77,,-23199286,13342206,-36541492,中特估、港口,-2.06,110465090,3675975061,0.924014,-3023973
000582,北部湾港,1.0,484744,-0.39,7.42,-23272000,-3.64,,-23272000,11695792,-34967792,港口、高股息,-3.26,132853496,3516249948,1.88991,-3207089
300365,恒华科技,1.0,1188048,0.12,8.32,-26073910,-1.77,,-26073910,20648953,-46722863,华为超充、算力,-1.89,145111837,2868111756,0.417062,0
000610,西安旅游,2.0,1569725,-0.59,16.63,-26217940,-2.58,,-26217940,24131471,-50349411,旅游、一带一路,-2.0,278271011,2669872426,0.849545,0
600219,南山铝业,0.2,397110,-0.33,3.01,-27605982,-1.64,,-27605982,40680426,-68286408,有色金属、锂电池,-1.31,143387128,16595961659,1.05823,-27199412
601872,招商轮船,4.8,1939520,1.16,5.83,-27763680,-3.0,,-27763680,30200952,-57964632,航运、高股息,-4.11,237328543,15345051202,0.66687,0
601598,中国外运,1.1,1227910,-0.21,4.56,-28088599,-2.36,,-28088599,26626649,-54715248,航运、高股息,-2.15,180846197,5394273906,1.02688,-3302278
601789,宁波建工,1.3,4586168,-0.19,5.02,-29433389,-2.34,,-29433389,38596681,-68030070,存储、数字经济,-2.14,226513793,3990082432,0.932771,-6980086
601919,中远海控,0.2,1109801,0.0,10.67,-29558950,-1.02,,-29558950,100085160,-129644110,航运、高股息,-1.02,373671017,64929326762,0.886184,-8734292
600248,陕建股份,1.7,1591311,-0.4,4.86,-33645418,-2.99,,-33645418,65790030,-99435448,基础建设、石油石化,-2.61,301776592,5757761532,1.36785,-3077858
300827,上能电气,0.4,849133,-0.38,33.55,-34341291,-1.21,,-34341291,45459820,-79801111,PCS设备、光热储能,-0.83,344955383,8225093987,1.01828,-4473317
000065,北方国际,0.2,2310255,0.0,16.01,-37662160,-2.08,,-37662160,64254551,-101916711,基础建设、并购重组,-2.08,407005390,7112298779,0.765699,-15742813
601179,中国西电,0.3,361020,0.0,5.38,-38391186,-1.65,,-38391186,41510343,-79901529,特高压、变压器,-1.65,189098603,9135018241,0.798123,-16099408
300351,永贵电器,44.5,16620060,5.35,17.91,-38631696,3.11,,-38631696,235566091,-274197787,华为超充、汽车充电,-2.13,797043259,3458659223,2.54044,11138743
300603,立昂技术,1.6,9924280,-1.44,13.42,-41502239,-3.45,,-41502239,45120867,-86623106,算力租赁、网红经济,-2.04,394174482,2964361839,0.924728,3353501
002146,荣盛发展,0.4,11035277,-2.31,1.65,-45503062,-4.62,,-45503062,88505426,-134008488,破净股概念、房地产,-2.37,454865221,3906720690,0.723612,0
601800,中国交建,1.1,5266074,-0.46,10.83,-48774056,-1.37,,-48774056,112969431,-161743487,中字头、一带一路,-0.91,530123359,25689288135,0.736059,-6290454
002493,荣盛石化,0.5,586575,0.08,11.61,-50965027,-1.94,,-50965027,87158872,-138123899,涤纶、石油石化,-2.03,326208086,36154555806,0.867411,-47519174
600148,长春一东,1.4,15993173,7.07,16.59,-51082154,-3.83,,-51082154,49230705,-100312859,军工、传感器,-10.18,333834685,1070875770,6.12273,-658452
601117,中国化学,0.5,869320,-0.12,8.12,-53502769,-1.58,,-53502769,146085911,-199588680,气凝胶、磷化工,-1.46,387305446,28254985222,0.920097,-666704
600026,中远海能,0.8,1977840,0.22,12.84,-53963467,-3.96,,-53963467,66953356,-120916823,航运、天然气,-4.18,443018036,16934854818,0.683558,-8200045
600706,曲江文旅,1.4,5060736,-1.55,16.86,-54092346,-3.44,,-54092346,55205485,-109297831,旅游、一带一路,-1.92,412066773,2343818098,0.982214,-10238283
000400,许继电气,4.0,3903744,1.12,21.77,-56768506,1.16,,-56768506,60233892,-117002398,特高压、智能电网,0.05,448666198,12257184568,1.18076,-3517238
601857,中国石油,0.6,4925620,0.4,7.37,-66942662,-1.99,,-66942662,361637990,-428580652,中字头、石油石化,-2.38,1096714108,81055308647,1.00024,-2730143
601669,中国电建,0.3,1317291,-0.17,5.75,-79700254,-0.52,,-79700254,98035301,-177735555,绿色电力、乌克兰概念,-0.35,456426165,35766334188,0.668656,-13694670
000721,西安饮食,0.3,1528306,-0.94,13.3,-86827221,-3.62,,-86827221,69812582,-156639803,旅游、并购重组,-2.71,649201451,4428353020,0.770728,-9922649
600019,宝钢股份,1.3,1188824,0.0,5.59,-86872716,-1.58,,-86872716,135211599,-222084315,钢铁、算力,-1.58,457819262,37223893953,1.38759,-47268741
600498,烽火通信,0.6,2711408,-0.88,21.9,-89881292,-3.61,,-89881292,183797941,-273679233,DeepSeek、液冷服务器,-2.75,790257201,13966584626,1.19974,-10609253
600256,广汇能源,1.7,8531133,0.54,7.38,-90150568,0.14,,-90150568,200373591,-290524159,氢能源、煤化工,-0.4,653011900,31873054791,1.10057,19233217
600487,亨通光电,0.6,7645560,-0.45,15.61,-90946469,-0.38,,-90946469,448347607,-539294076,光芯片、并购重组,0.06,1516870648,29359269896,0.883697,-11593353
301085,亚康股份,0.9,6512400,-4.41,76.91,-97273189,-9.24,,-97273189,161508942,-258782131,数据中心、英伟达概念,-5.05,669899400,2058206573,0.888665,-46083704
000070,ST特信,0.9,6099600,-1.79,10.07,-98616024,-4.91,,-98616024,155668208,-254284232,ST板块、5G,-3.17,796825361,5564296621,0.878224,-13495633
002738,中矿资源,0.9,2062360,-0.31,53.95,-102545776,-1.94,,-102545776,179352873,-281898649,锂电池、汽车类,-1.64,793678274,26869734418,1.08044,-38526717
600031,三一重工,0.8,4473200,0.18,16.83,-161144841,-0.12,,-161144841,221382146,-382526987,基础建设、一带一路,-0.3,991496359,88342404288,0.567204,-7569000
601899,紫金矿业,0.4,5112144,-0.17,11.76,-164400319,-0.42,,-164400319,307795783,-472196102,有色金属、锂电池,-0.25,1089373378,146366982749,0.610032,-60315989
300017,网宿科技,1.4,7962360,-1.06,8.23,-166829525,-3.06,,-166829525,227216424,-394045949,边缘计算、云计算,-2.02,1014010447,14947841995,0.798649,0
601668,中国建筑,2.0,4734750,-0.17,5.84,-195919533,-1.18,,-195919533,523445385,-719364918,基础建设、高股息,-1.02,1201669829,103304790808,0.995304,-12742916
601390,中国中铁,0.7,5719582,-0.27,7.32,-215145703,-2.14,,-215145703,290767014,-505912717,中字头、一带一路,-1.88,1120004046,149061107552,0.709385,-97724473
300846,首都在线,1.3,8068918,-2.34,19.0,-217069286,-5.24,,-217069286,283957366,-501026652,DeepSeek、元宇宙,-2.96,1305756061,5985057096,0.975857,-68829953
601186,中国铁建,0.5,2640520,-0.2,9.76,-231535757,-2.98,,-231535757,360415014,-591950771,中字头、基础建设,-2.79,1213431440,44506513288,1.11618,-123166411
600522,中天科技,2.7,23571344,-0.54,16.22,-241954053,-2.11,,-241954053,536693987,-778648040,通信、固态电池,-1.58,1811119948,38489506457,0.840268,-54544425
000617,中油资本,0.2,2233140,-0.64,7.61,-248777420,-3.06,,-248777420,271248369,-520025789,跨境支付、石油石化,-2.44,1287730106,21787534430,0.925676,-104670491
300459,汤姆猫,2.0,35183564,-0.78,7.73,-350877705,0.78,,-350877705,1271379366,-1622257071,谷子经济、游戏,1.58,4018350886,18067267438,1.23301,0
600415,小商品城,2.3,32749990,-2.05,8.78,-414232386,-5.49,,-414232386,838125387,-1252357773,跨境支付、零售,-3.52,2703660820,21231557599,1.15051,-219682310
600105,永鼎股份,1.6,59420100,-3.08,8.26,-420211339,-5.82,,-420211339,590493387,-1010704726,核电、5G,-2.82,2536044146,8128090062,0.950647,-150252231
