股票代码,股票名称,竞价量比,竞价金额,竞价涨幅%,价格,净额,涨幅%,板上信息,主力净额,主力买,主力卖,所属板块,区间涨幅%,成交额,实际流通,量比,300w大单净额
600839,四川长虹,0.7,71949800,0.38,5.81,394641481,10.04,3天2板,394641481,1661432006,-1266790525,DeepSeek、算力,9.62,2926166850,20584291819,1.10556,366925395
000070,ST特信,4.5,5777328,0.0,9.61,231263757,8.22,,231263757,529494750,-298230993,ST板块、5G,8.22,1150160156,5396612246,2.5686,137609607
002771,真视通,1.4,8051430,1.18,16.72,100366045,10.0,首板,100366045,222505714,-122139669,算力、数字经济,8.71,397092064,2460479262,0.612572,90390184
300366,创意信息,3.0,11471850,0.07,15.9,99427114,10.26,,99427114,674339904,-574912790,智谱AI、操作系统,10.19,1875428694,7477139346,1.58999,53602642
003009,中天火箭,3.6,236322,-0.14,45.67,67141832,10.0,首板,67141832,130025635,-62883803,军工、碳陶刹车,10.15,255356145,2010113260,5.43124,28321331
688629,华丰科技,4.3,135023,0.63,24.6,61539033,20.0,首板,61539033,121512822,-59973789,高速连接、机器人概念,19.24,272552662,1346852485,4.02236,0
002389,航天彩虹,1.3,1002202,0.89,20.65,36230013,2.53,,36230013,145342211,-109112198,低空经济、无人机,1.62,465166260,13081501731,1.68659,11356293
000801,四川九洲,3.6,4463375,1.63,8.9,34128369,3.37,,34128369,233808043,-199679674,低空经济、大飞机,1.71,802692709,4774855807,1.84875,3707115
301137,哈焊华通,1.5,955080,1.88,20.5,29343300,10.22,,29343300,72790878,-43447578,国有企业、一带一路,8.18,408036803,2084886900,2.0466,0
300581,晨曦航空,1.9,789725,1.29,11.08,24914975,10.14,,24914975,113108238,-88193263,军工、机场航空,8.73,446290773,2731100719,4.65241,3696631
002413,雷科防务,1.4,1228200,0.88,5.85,23660108,2.63,,23660108,97581412,-73921304,无人驾驶、智能驾驶,1.74,488971148,7315703244,1.85282,9316242
688418,震有科技,9.6,23744511,7.21,25.28,21683097,3.02,,21683097,357301862,-335618765,CPO/MPO、卫星导航,-3.91,1086668251,3336405656,2.71171,0
002843,泰嘉股份,1.2,13402080,5.43,22.9,20696689,6.36,,20696689,215187209,-194490520,电源、分布式光伏,0.88,553928084,2003543426,1.926,4277209
301050,雷电微力,0.9,556698,-0.07,60.16,19025424,0.43,,19025424,46755155,-27729731,三季报增长、军工,0.5,182060157,7139036074,1.59832,3076807
300342,天银机电,4.6,5918952,0.08,12.64,16666151,1.69,,16666151,93280059,-76613908,商业航天、卫星导航,1.61,446185097,3412194125,1.24673,0
300065,海兰信,2.0,778232,0.66,10.54,16006866,-0.75,,16006866,49909819,-33902953,数据中心、一带一路,-1.4,183842865,6703379871,0.916128,-3161851
601718,际华集团,6.2,2761152,0.69,2.96,14599757,2.07,,14599757,41918959,-27319202,军工、破净股概念,1.37,114217728,7076764021,2.26343,0
002363,隆基机械,1.2,27116049,0.62,8.09,14444185,0.0,,14444185,84219845,-69775660,飞行汽车、碳陶刹车,-0.61,435541735,1935673823,1.43097,7999179
601606,长城军工,0.9,705242,0.79,13.03,14213831,3.17,,14213831,83860403,-69646572,并购重组、军工,2.36,367011847,3862218080,2.35808,0
300775,三角防务,1.2,583300,0.0,30.5,11850209,-0.65,,11850209,54311669,-42461460,军工、西部大开发,-0.65,235491667,9669545117,1.23363,0
688239,航宇科技,23.4,911024,0.41,49.02,11588549,1.49,,11588549,20437991,-8849442,科创板、西部大开发,1.07,161941092,5070146869,1.1985,0
688722,同益中  ,0.0,538844,0.59,14.8,9511814,8.9,,9511814,21198405,-11686591,化工、央企,8.27,108864728,1406239599,4.08023,0
600685,中船防务,0.7,271320,-0.25,24.2,9215004,1.42,,9215004,26153948,-16938944,军工、中特估,1.68,147512723,8228957346,0.787197,0
002025,航天电器,1.7,768836,0.0,51.19,8618113,-2.79,,8618113,30635449,-22017336,军工、央企,-2.79,230520923,14472730408,0.867278,0
002179,中航光电,3.0,959638,0.0,39.28,8264559,-1.68,,8264559,37024302,-28759743,军工、成飞概念,-1.68,315437509,43148115895,0.836101,0
301213,观想科技,5.4,216433,0.48,44.93,7405207,2.21,,7405207,12781798,-5376591,军工、西部大开发,1.72,90079289,1292025007,1.62418,0
300351,永贵电器,0.9,31395600,-2.9,23.45,7291835,-6.98,,7291835,521372615,-514080780,华为超充、汽车充电,-4.21,1724777948,4783179034,0.964444,24802712
300114,中航电测,0.5,4398079,-1.15,46.1,6625727,0.37,,6625727,163032780,-156407053,军工、成飞概念,1.54,580608550,13678504332,0.7168,-7733988
300446,航天智造,0.2,108880,0.74,13.6,6483882,0.67,,6483882,10748098,-4264216,华为汽车、并购重组,-0.07,63858400,1844674675,0.597467,0
300845,捷安高科,0.3,296820,-0.31,18.85,6294978,-3.13,,6294978,17322605,-11027627,军工、一带一路,-2.84,81505823,1192424016,0.82018,7709164
601608,中信重工,0.0,16515,0.0,3.64,6273833,-0.82,,6273833,7240498,-966665,机器人概念、军工,-0.82,40898735,6256706220,0.788275,0
600869,远东股份,3.9,155520,-0.41,4.92,6149250,2.07,,6149250,23249269,-17100019,阿里系AI、特高压,2.5,128784625,4915863580,3.28329,0
300547,川环科技,3.2,2390400,-1.19,16.8,5875026,0.0,,5875026,35274739,-29399713,液冷服务器、汽车类,1.2,232973342,2566135247,0.920176,0
300965,*ST恒宇,0.8,1148229,0.27,59.47,5869458,7.5,,5869458,26323517,-20454059,低空经济、军工,7.21,191071489,977017763,0.774706,0
002342,巨力索具,11.0,311499,0.0,4.22,5646188,1.2,,5646188,18364832,-12718644,白酒、酿酒,1.2,73452657,3193502396,1.45999,0
002246,北化股份,4.2,632625,0.11,8.84,5145413,1.14,,5145413,7193948,-2048535,国有企业、核污染概念,1.03,35621570,2590443913,1.07957,0
600118,中国卫星,4.9,1500296,-0.39,25.97,5063968,0.7,,5063968,60212028,-55148060,卫星导航、中字头,1.09,270292093,14886981068,1.09256,-3367332
002254,泰和新材,1.0,324800,0.69,15.95,4990706,0.38,,4990706,9895632,-4904926,锂电池、军工,-0.31,72598213,12854433485,0.938166,0
300542,新晨科技,0.7,332520,0.08,13.17,4715109,1.07,,4715109,12610878,-7895769,低空经济、军工,1.0,101917449,1790549322,0.877093,0
300900,广联航空,2.4,110078,-0.54,24.0,4578533,-0.25,,4578533,6399093,-1820560,大飞机、航空发动机,0.29,58253989,3164248464,1.38959,0
300008,天海防务,5.1,1244532,-0.22,4.51,4478364,1.35,,4478364,40508449,-36030085,军工、造船,1.58,144790559,5963209106,1.23995,0
300019,硅宝科技,0.3,25856,0.0,16.22,4158842,0.37,,4158842,6053290,-1894448,成人用品、有机硅,0.37,36271444,3853534214,1.1939,0
002232,启明信息,1.9,1572060,-0.68,16.0,3925672,-0.44,,3925672,38702862,-34777190,无人驾驶、EDR,0.25,190087811,2896320927,0.531807,0
688297,中无人机,0.0,0,0.0,47.4,3653765,2.51,,3653765,43877124,-40223359,军工、无人机,2.51,151948921,6083016460,1.80043,3437159
603666,亿嘉和  ,2.7,402708,0.5,35.73,3616129,-1.03,,3616129,16468104,-12851975,机器人概念、医疗器械,-1.52,90052634,4266060248,0.404467,0
603855,华荣股份,2.1,38912,0.0,20.45,3446346,-0.15,,3446346,5833884,-2387538,光伏、高股息,-0.15,31304325,3620079932,0.763517,0
600130,波导股份,0.4,156100,-0.45,4.48,3282847,0.0,,3282847,12797925,-9515078,消费电子、卫星导航,0.45,66939378,2882581724,0.788052,0
603678,火炬电子,2.2,244630,0.28,28.39,3238487,-1.08,,3238487,6693827,-3455340,军工、电阻电容,-1.36,61331398,7615441612,0.601636,0
600316,洪都航空,1.1,247918,0.05,21.0,3162212,0.0,,3162212,16407066,-13244854,军工、央企,-0.05,94491177,8464349272,1.06472,0
300722,新余国科,1.1,231725,0.04,27.15,3142427,3.82,,3142427,49473693,-46331266,民用爆破、军工,3.78,275977313,2919377975,2.70212,0
002801,微光股份,0.2,11115,0.32,21.01,3061596,-5.19,,3061596,4602549,-1540953,机器人概念、三季报增长,-5.49,46784298,1652658184,2.79237,0
300416,苏试试验,0.7,171160,0.0,15.22,3054390,-2.19,,3054390,10549667,-7495277,并购重组、江苏省,-2.19,86230041,5226330104,0.834997,0
300719,安达维尔,1.1,405925,1.13,12.92,3021121,4.62,,3021121,11179862,-8158741,低空经济、军工,3.44,147447514,1869465097,1.18027,0
300659,中孚信息,1.0,551778,0.04,22.98,2910712,2.5,,2910712,21001608,-18090896,AI安全、算力,2.45,158295148,3005648853,1.06908,0
002003,伟星股份,0.1,1956,-0.1,9.91,2870288,1.23,,2870288,6901687,-4031399,高股息、服装家纺,1.33,47240912,5473787784,1.17913,0
300591,万里马,4.2,745514,1.23,6.8,2842615,4.62,,2842615,67222305,-64379690,C2M、服装家纺,3.34,214501474,1989936549,2.90202,0
600327,大东方  ,1.5,102820,0.0,4.89,2792570,0.82,,2792570,3481188,-688618,零售、并购重组,0.82,43417381,2395501437,1.22968,0
600343,航天动力,0.0,15680,0.0,9.77,2778610,-0.31,,2778610,8950952,-6172342,商业航天、军工,-0.31,42364544,3971069390,1.73234,0
300847,中船汉光,2.8,398413,0.66,16.5,2592739,-0.36,,2592739,10704007,-8111268,中字头、中船系,-1.02,94956859,1852187703,1.30229,0
600855,航天长峰,1.0,89544,0.35,11.38,2556054,-0.52,,2556054,4646893,-2090839,电源、军工,-0.87,29693081,2905485086,1.07856,0
300971,博亚精工,2.6,1786384,-0.52,25.42,2521846,1.64,,2521846,15046956,-12525110,商业航天、一带一路,2.17,123403398,1389307858,0.591927,0
002783,凯龙股份,0.5,18568,0.12,8.53,2488143,1.19,,2488143,8574236,-6086093,氢能源、并购重组,1.07,74084782,2334960100,2.00953,0
002977,天箭科技,3.0,182400,0.0,32.21,2427995,0.66,,2427995,5277894,-2849899,商业航天、卫星导航,0.66,67961960,1340333437,1.94365,0
300922,天秦装备,6.4,73890,-0.61,16.6,2420082,0.48,,2420082,4497290,-2077208,军工、三季报增长,1.1,72309419,1488429434,2.13013,0
301255,通力科技,1.7,699759,-0.23,44.03,2395921,-0.18,,2395921,13845078,-11449157,机器人概念、减速器,0.05,116593075,1198704000,0.678797,0
688307,中润光学,0.0,0,0.0,30.2,2337390,0.27,,2337390,2740779,-403389,无人驾驶、光学镜头,0.27,30093613,576383953,1.45304,0
002808,ST恒久,0.8,230299,0.0,5.92,2333798,0.51,,2333798,5401033,-3067235,ST板块、信创,0.51,37367270,945552684,1.17859,0
600148,长春一东,0.6,80200,0.0,16.28,2308330,1.5,,2308330,3302016,-993686,军工、传感器,1.5,37652111,1052801917,1.08417,0
300101,振芯科技,0.2,376992,0.2,20.09,2279720,-0.15,,2279720,23962034,-21682314,芯片、卫星导航,-0.35,110812502,7965266583,0.788778,0
603977,国泰集团,1.4,128214,0.12,8.41,2188666,0.48,,2188666,7656794,-5468128,民用爆破、军工,0.36,49602850,2432949416,1.087,0
000561,烽火电子,1.2,97119,0.0,8.82,2141841,-1.01,,2141841,16052782,-13910941,并购重组、通信,-1.01,66703292,2866360993,1.23479,-3960893
002361,神剑股份,0.5,49530,0.0,3.9,2004066,0.0,,2004066,4778808,-2774742,低空经济、军工,0.0,24314916,3006842438,1.06284,0
002523,天桥起重,0.7,89100,0.0,2.76,1999562,0.36,,1999562,3193994,-1194432,机器人概念、基础建设,0.36,23234197,2754134078,0.584613,0
300424,航新科技,7.1,140170,0.38,13.15,1988747,0.77,,1988747,3836537,-1847790,军工、低空经济,0.38,52266431,2494080248,1.21653,0
688786,悦安新材,1.2,29330,1.01,40.76,1937592,-1.74,,1937592,4885957,-2948365,有色金属、新材料概念,-2.72,11573999,1859010261,1.19816,0
688439,振华风光,0.1,23623,-0.02,81.75,1912497,-1.74,,1912497,9788083,-7875586,芯片、科创板,-1.72,69642617,7773884198,1.057,0
002651,利君股份,13.6,1796368,-2.48,7.13,1907463,-6.8,,1907463,10659249,-8751786,军工、无人机,-4.42,174450115,2112167211,3.61353,0
605222,起帆电缆,0.2,101520,-0.32,18.48,1881236,-2.01,,1881236,5631953,-3750717,风电、电气设备,-1.7,45421127,6092269645,0.854824,0
600558,大西洋  ,13.6,241326,0.27,3.67,1847589,-0.27,,1847589,3316395,-1468806,年报增长、超超临界概念,-0.54,32094884,2187715953,0.945859,0
300875,捷强装备,0.8,115830,-0.48,35.35,1843285,0.23,,1843285,7727968,-5884683,核污染概念、机器人概念,0.71,81230376,2325018484,0.89349,0
002214,大立科技,1.5,131328,0.0,11.99,1723741,-1.4,,1723741,4276052,-2552311,机器人概念、传感器,-1.4,41684034,5240976483,1.23316,0
002171,楚江新材,0.2,136770,0.28,6.92,1710768,-1.56,,1710768,7129770,-5419002,军工、碳基材料,-1.84,57700844,5996097930,1.10649,0
600760,中航沈飞,1.0,707307,-0.1,41.19,1650592,-0.75,,1650592,52953482,-51302890,军工、无人机,-0.65,274862937,38362818695,0.664263,-6225791
688522,纳睿雷达,5.5,56441,-0.63,49.17,1576995,-0.79,,1576995,8911194,-7334199,毫米波雷达、年报增长,-0.16,35771276,1840285193,0.961601,0
600497,驰宏锌锗,0.5,622512,0.38,5.21,1560047,-0.19,,1560047,46984911,-45424864,金属锌、有色金属,-0.57,177930116,16428289428,0.800053,4865534
603508,思维列控,1.9,171920,0.46,15.33,1514585,0.33,,1514585,3231386,-1716801,无人驾驶、智能驾驶,-0.13,64070883,2511668444,1.0063,0
300129,泰胜风能,0.2,1573542,-0.21,9.45,1493197,-2.07,,1493197,31122153,-29628956,风电、地方国企,-1.87,188639943,5796626000,0.498094,0
002552,宝鼎科技,0.4,115220,-0.42,16.54,1433878,0.06,,1433878,1915702,-481824,覆铜板、并购重组,0.49,28916157,1496976499,0.752118,0
300667,必创科技,1.5,210540,-0.4,17.2,1433311,-1.55,,1433311,15288987,-13855676,传感器、机器人概念,-1.15,122403436,2478415181,0.903561,0
603261,立航科技,0.7,115272,0.16,32.02,1403906,0.16,,1403906,1728703,-324797,核电、西部大开发,0.0,30576728,824645514,0.766564,0
600810,神马股份,0.6,212076,0.0,7.83,1345735,1.16,,1345735,6901711,-5555976,化工、聚氨酯,1.16,60640712,3219045652,1.1623,0
600990,四创电子,0.5,61040,-0.18,21.39,1337919,-2.06,,1337919,6379615,-5041696,军工、低空经济,-1.88,73146834,3291428065,1.63063,0
603297,永新光学,2.3,136000,0.45,82.0,1284882,-3.1,,1284882,5876268,-4591386,无人驾驶、智能驾驶,-3.53,52845168,3215964773,1.59915,0
300265,通光线缆,0.3,77350,0.11,9.1,1277227,0.11,,1277227,2546637,-1269410,通信、海缆,0.0,20573736,1459434530,0.903886,0
688311,盟升电子,3.1,875785,-1.44,42.34,1229274,-1.99,,1229274,22695823,-21466549,军工、西部大开发,-0.56,139155253,6787066394,1.17551,0
003002,壶化股份,1.1,18756,0.0,15.94,1221470,1.98,,1221470,3280967,-2059497,民用爆破、烟花爆竹,1.98,50384418,3154119530,1.37448,0
600775,南京熊猫,0.2,73538,0.57,8.71,1170748,-1.14,,1170748,3527659,-2356911,脑机接口、卫星导航,-1.69,45137569,4018954634,1.10985,0
002131,利欧股份,0.6,2196042,-0.44,2.26,1144520,-0.44,,1144520,55422283,-54277763,AI智能体、网红经济,0.0,169068822,12541491763,0.745954,0
002265,建设工业,8.7,32032,-0.08,12.43,1120338,0.81,,1120338,4646836,-3526498,机器人概念、并购重组,0.89,54308778,1765763789,2.18343,0
603698,航天工程,5.7,134345,0.0,13.91,1119745,0.43,,1119745,1119745,0,煤化工、军工,0.43,25105098,2263533960,1.34161,0
603308,应流股份,6.6,266950,0.5,13.73,980507,-1.79,,980507,9285343,-8304836,燃气轮机、低空经济,-2.28,60507862,6830248618,1.06244,0
000599,青岛双星,2.0,195806,0.68,4.39,910880,0.0,,910880,1349880,-439000,并购重组、机器人概念,-0.68,26851999,2228668529,0.725577,0
688510,航亚科技,0.2,9876,0.0,16.37,872621,-0.55,,872621,2848525,-1975904,科创板、医药,-0.55,38398426,2185271788,0.605281,0
002037,保利联合,1.0,144480,-0.35,8.78,862056,1.74,,862056,19562556,-18700500,民用爆破、并购重组,2.09,112024570,2365495981,1.91758,0
300855,图南股份,0.3,69000,0.81,29.65,817369,-0.37,,817369,1966314,-1148945,航空发动机、核电,-1.17,39918411,8174154920,0.496951,0
688619,罗普特  ,1.2,14234,0.15,12.74,702289,-1.39,,702289,702289,0,科创板、军工,-1.55,20510814,1140509898,0.679007,0
300402,宝色股份,3.2,61600,0.0,17.31,675867,-1.65,,675867,1265358,-589491,军工、有色金属,-1.65,18413956,1131209019,0.999391,0
688081,兴图新科,0.1,6368,-0.31,15.94,655051,-0.19,,655051,975051,-320000,军工、武汉,0.13,11763518,801455252,0.721818,0
002501,利源股份,4.2,525448,0.65,1.54,618667,0.65,,618667,11426761,-10808094,股权转让、军工,0.0,52379270,3776208230,1.40568,0
002404,嘉欣丝绸,27.2,82688,0.0,6.1,529219,0.33,,529219,834719,-305500,电子商务、平台经济,0.33,25895443,2132423460,0.829256,0
002111,威海广泰,13.9,499376,1.51,9.24,510315,-0.65,,510315,2153591,-1643276,低空经济、军工,-2.12,54537714,2883719274,1.99742,0
300963,中洲特材,0.0,1256,1.05,12.32,362796,-0.88,,362796,362796,0,有色金属、核电,-1.91,21994806,1129388894,0.868396,0
603819,神力股份,0.0,3957,0.0,13.26,359616,0.53,,359616,359616,0,轨道交通、并购重组,0.53,6222456,1367268123,0.779111,0
688568,中科星图,0.0,92400,0.41,45.49,343811,-1.13,,343811,5266901,-4923090,军工、卫星导航,-1.54,39207208,9708419804,0.69213,0
000571,新大洲A,0.2,49796,0.43,2.36,341576,0.43,,341576,2165187,-1823611,海南、煤炭,0.0,25346777,1422702551,0.780044,0
002540,亚太科技,0.7,71280,0.51,5.87,324207,-0.68,,324207,8285234,-7961027,有色金属、并购重组,-1.18,47657011,3906732199,0.924347,0
603859,能科科技,4.9,273564,-1.11,40.1,308629,-1.43,,308629,3457992,-3149363,AI智能体、智能电网,-0.32,55397144,4908305180,0.691414,0
002686,亿利达,4.6,98658,0.5,6.05,305718,-0.16,,305718,913216,-607498,腾讯系AI 、病毒防治,-0.66,20778476,1813737446,0.895818,0
688237,超卓航科,0.0,0,0.0,44.39,289512,-0.87,,289512,7627963,-7338451,军工、年报增长,-0.87,17873910,1669708252,0.814761,0
002438,江苏神通,4.7,153265,0.0,10.49,278565,-0.76,,278565,1470615,-1192050,低空经济、核电,-0.76,22062373,3465406669,0.947035,0
301233,盛帮股份,2.3,86856,0.0,41.62,266447,0.63,,266447,4607445,-4340998,核污染概念、风电,0.63,44362908,767969280,1.30657,0
301306,西测测试,2.5,264465,-0.15,32.88,257007,0.55,,257007,1115932,-858925,存储、军工,0.7,21161781,1291133600,0.770333,0
600562,国睿科技,1.9,272043,0.07,14.77,219277,-1.66,,219277,17039493,-16820216,卫星导航、PPP概念,-1.73,92751707,6702165086,1.80288,0
603667,五洲新春,1.6,2982094,-0.17,18.23,215829,2.59,,215829,68924862,-68709033,机器人概念、汽车零部件,2.76,309506564,3762360608,1.02076,0
688511,天微电子,0.0,117708,-0.26,30.58,201027,-0.03,,201027,1823607,-1622580,军工、科创板,0.23,14551894,1097319869,0.924639,0
002917,金奥博,0.8,227740,0.52,9.49,184275,-1.15,,184275,2439855,-2255580,机器人概念、民用爆破,-1.66,52346667,1819045383,0.951211,0
300034,钢研高纳,83.8,985069,-0.17,23.3,160425,-1.06,,160425,7044264,-6883839,军工、军工材料,-0.89,65030304,10303618623,0.838988,0
300354,东华测试,2.0,262500,-0.34,33.16,101760,-5.58,,101760,3084295,-2982535,地产链、三季报增长,-5.26,58239656,2081784955,1.81133,0
300696,爱乐达,1.3,136000,0.35,19.85,66285,-0.4,,66285,3308194,-3241909,商业航天、军工,-0.75,48296258,2994297759,0.894529,0
688011,新光光电,0.0,0,0.0,23.1,0,-1.53,,0,0,0,专精特新、军工,-1.53,12945874,1217941562,1.00414,0
300069,金利华电,2.8,125715,0.0,14.5,0,-1.96,,0,0,0,并购重组、特高压,-1.96,12806557,967365977,0.844053,0
600421,华嵘控股,0.0,5742,0.1,9.53,0,-0.31,,0,0,0,数据要素、基础建设,-0.42,7261653,944018093,0.634839,0
300626,华瑞股份,48.2,225335,0.11,9.28,0,-0.64,,0,0,0,地方国企、国有企业,-0.75,16209964,869636049,0.734721,0
603332,苏州龙杰,1.8,29820,-0.12,8.59,0,0.7,,0,0,0,化工、涤纶,0.82,12267398,1115130791,0.762923,0
688151,华强科技,0.0,0,0.0,19.4,0,-0.87,,0,0,0,并购重组、军工,-0.87,10293150,1925626051,0.644423,0
688175,高凌信息,0.2,18564,0.13,30.68,-725,-0.71,,-725,305298,-306023,军工、并购重组,-0.84,18891746,881005542,0.93213,0
301056,森赫股份,2.7,196000,0.93,9.89,-4930,1.85,,-4930,1636733,-1641663,电梯概念、专用设备,0.92,47760280,659630037,0.845913,0
603516,淳中科技,0.2,54054,-0.3,16.09,-30075,-2.07,,-30075,1702552,-1732627,芯片、安防,-1.77,46621852,1875154133,1.05528,0
300527,中船应急,0.5,66468,0.13,7.67,-30867,0.52,,-30867,4307169,-4338036,中字头、基础建设,0.39,44894702,3179693375,0.91083,0
002510,天汽模,0.6,829585,-0.48,4.13,-42238,-0.96,,-42238,14268751,-14310989,特斯拉概念、锂电池,-0.48,119070539,3846476099,1.07957,0
688287,ST观典  ,2.1,70525,0.09,10.71,-42663,-1.2,,-42663,1846708,-1889371,低空经济、军工,-1.29,31417743,2293757008,1.23801,0
600178,东安动力,1.5,783640,0.29,6.85,-49618,0.29,,-49618,2887034,-2936652,并购重组、汽车零部件,0.0,51195065,1534664162,0.455692,0
002096,易普力,1.1,76650,-0.19,10.37,-53982,-1.43,,-53982,1515729,-1569711,民用爆破、基础建设,-1.24,24016836,1344042759,1.19786,0
002448,中原内配,0.4,116081,0.42,7.13,-57482,-0.7,,-57482,3747476,-3804958,无人驾驶、新型工业化,-1.11,71523336,3209443064,0.75607,0
688132,邦彦技术,0.0,0,0.0,21.5,-60856,-1.42,,-60856,1553272,-1614128,并购重组、军工,-1.42,12938958,2298859784,0.727381,0
300589,江龙船艇,17.2,140595,0.81,13.59,-101419,0.37,,-101419,14093355,-14194774,军工、一带一路,-0.44,80425069,2560957900,1.458,-3618181
002303,美盈森,0.3,25350,0.3,3.4,-104845,0.89,,-104845,1868056,-1972901,食品饮料、高股息,0.59,33941030,2579706354,1.08723,0
688143,长盈通  ,0.0,6336,0.0,31.01,-114009,-2.11,,-114009,714872,-828881,通信、并购重组,-2.11,26711968,810977284,1.16141,0
300044,赛为智能,0.9,1724000,0.6,5.16,-119249,3.82,,-119249,131206374,-131325623,养老概念、机器人概念,3.2,579906417,3429131340,1.64884,0
002108,沧州明珠,0.7,121888,0.24,4.11,-128155,-0.96,,-128155,5799389,-5927544,隔膜、并购重组,-1.2,46814730,5163618205,1.06301,0
605123,派克新材,2.8,151912,-0.47,89.17,-175317,-0.68,,-175317,16925822,-17101139,军工、风电,-0.21,82744947,5022194151,1.16966,0
300159,新研股份,1.4,248784,0.0,2.9,-278895,2.11,,-278895,25260911,-25539806,农机、乡村振兴,2.11,115638895,3884068046,1.32621,0
688070,纵横股份,44.0,687213,1.38,37.58,-282412,-1.88,,-282412,2166592,-2449004,飞行汽车、低空经济,-3.22,23535958,1210169839,1.91387,0
300091,金通灵,0.4,84348,0.0,2.97,-310137,0.0,,-310137,789426,-1099563,储能、并购重组,0.0,21596828,2685921652,0.694611,0
603928,兴业股份,0.9,38176,0.08,11.97,-360900,0.42,,-360900,0,-360900,光刻胶、轨道交通,0.34,14019819,1105982121,0.945519,0
688788,科思科技,0.0,57000,0.48,36.64,-366199,-3.12,,-366199,0,-366199,芯片、军工,-3.58,14270226,1509168029,1.05392,0
300287,飞利信,0.6,553812,-0.25,4.04,-372702,1.0,,-372702,43914360,-44287062,数据要素、军工,1.25,175986463,5160268966,1.16462,0
300656,民德电子,5.4,112574,-0.3,25.9,-377980,-1.37,,-377980,300772,-678752,深圳、并购重组,-1.07,22580016,2069200937,0.844836,0
688597,煜邦电力,0.6,68437,0.35,8.47,-421331,0.12,,-421331,628679,-1050010,充电桩、汽车充电,-0.24,21663591,1424218946,1.34265,0
002300,太阳电缆,1.3,1143777,1.5,8.69,-421584,0.0,,-421584,18371469,-18793053,海缆、绿色电力,-1.47,75676555,3102027465,0.695183,3161833
688539,高华科技,10.0,521781,0.5,39.64,-442602,-0.65,,-442602,525925,-968527,军工、高铁,-1.15,18502780,1119214150,0.850003,0
003004,声迅股份,0.5,45441,-0.37,26.42,-465518,-1.53,,-465518,0,-465518,安防、数字经济,-1.16,20171493,888546491,0.877713,0
688543,国科军工,1.5,206122,0.46,47.3,-482580,2.56,,-482580,35262540,-35745120,军工、地方国企,2.09,169022599,1566516901,1.77032,0
300210,森远股份,2.2,74160,0.0,3.67,-514192,1.94,,-514192,2943584,-3457776,国有企业、3D打印,1.94,34527819,1109427079,0.859534,0
300862,蓝盾光电,1.3,75320,-0.66,26.32,-516897,-2.81,,-516897,525961,-1042858,军工、PPP概念,-2.16,18319732,1595947889,0.739706,0
002297,博云新材,1.4,94878,0.53,7.5,-526398,0.13,,-526398,1650378,-2176776,军工、大飞机,-0.4,30283628,3138647225,1.18972,0
001208,华菱线缆,0.7,61171,0.0,9.11,-561861,-0.22,,-561861,1174883,-1736744,机器人概念、碳中和,-0.22,17596381,1938318586,1.25579,0
002871,伟隆股份,1.8,22990,0.1,10.45,-568269,0.1,,-568269,0,-568269,股权转让、基础建设,0.0,14296470,917459065,0.938451,0
600378,昊华科技,0.2,29448,-0.18,32.21,-597363,-1.74,,-597363,1353025,-1950388,芯片、军工,-1.56,47892269,8616687204,1.30849,0
300067,安诺其,0.4,53934,0.0,3.0,-631885,-0.99,,-631885,1724457,-2356342,算力、化工,-0.99,13989781,2056150372,0.62725,0
688053,思科瑞  ,0.0,23406,-0.14,49.25,-661342,-1.24,,-661342,1859554,-2520896,军工、西部大开发,-1.1,14043340,1950189790,0.956024,0
688563,航材股份,0.4,43795,-0.15,60.0,-709487,-0.96,,-709487,4467282,-5176769,军工、央企,-0.81,59122733,4092522049,1.0644,0
688103,国力股份,0.5,24735,0.59,48.65,-711290,-1.08,,-711290,839102,-1550392,通用航空、电气设备,-1.66,32769855,3009294970,0.577003,0
000880,潍柴重机,0.6,122322,0.0,10.68,-727743,-0.47,,-727743,302744,-1030487,发电机、地方国企,-0.47,22784186,1735133400,0.672514,0
688558,国盛智科,0.0,0,0.0,29.74,-751371,-1.62,,-751371,1487503,-2238874,江苏省、军工,-1.62,18129107,1454582210,0.88095,0
688010,福光股份,1.1,55350,0.64,21.78,-783489,-1.0,,-783489,0,-783489,消费电子、年报增长,-1.63,20734050,1891437684,0.8069,0
300427,红相股份,2.3,152460,-0.3,6.87,-821959,3.78,,-821959,16121732,-16943691,军工、碳中和,4.09,81717056,1322234206,2.95474,0
300018,中元股份,0.4,197128,-0.17,5.97,-912241,-0.83,,-912241,773716,-1685957,锂电池、柔性直流,-0.67,24916245,2416503134,0.848118,0
688586,江航装备,1.0,67164,-0.17,11.54,-922241,-0.52,,-922241,1636769,-2559010,央企、国有企业,-0.35,42647108,3514706976,1.08707,0
002818,富森美,0.2,38889,0.0,13.46,-936672,0.37,,-936672,0,-936672,高股息、装修家具,0.37,13791281,1993060945,0.528131,0
301302,华如科技,0.4,116014,0.06,32.32,-944732,-1.04,,-944732,5446232,-6390964,军工、军工电子,-1.1,61892105,2796534000,0.944152,0
688685,迈信林  ,0.3,37959,0.1,20.07,-959807,0.4,,-959807,378054,-1337861,CPO/MPO、科创板,0.3,22822559,994896946,0.815743,0
002331,皖通科技,0.4,54036,-0.14,7.13,-992329,0.14,,-992329,1540408,-2532737,车路云、航运,0.28,41525609,1968746942,0.781152,0
000510,新金路,0.2,16302,0.0,4.89,-994789,-1.01,,-994789,1010397,-2005186,石墨烯、化工,-1.01,16216976,2463012557,0.579223,0
000901,航天科技,0.4,1198976,-0.2,9.81,-1030411,-0.71,,-1030411,6095756,-7126167,商业航天、军工,-0.51,73894450,5125393987,0.978918,0
600501,航天晨光,6.0,108948,-0.54,12.88,-1043310,-1.23,,-1043310,2415864,-3459174,军工、大飞机,-0.69,38767189,2904722819,0.907054,0
002423,中粮资本,1.0,288990,-0.13,7.37,-1057339,-0.67,,-1057339,5331987,-6389326,资产管理、国有企业,-0.54,63814849,5240044824,0.804395,0
301232,飞沃科技,3.1,122254,0.31,54.67,-1093840,-1.32,,-1093840,366551,-1460391,风电、核电,-1.62,18739496,698555261,0.821017,0
600435,北方导航,2.8,661708,0.1,10.7,-1108713,1.81,,-1108713,62333140,-63441853,军工、卫星导航,1.71,246805545,9824321074,1.60755,-9271547
300350,华鹏飞,1.2,79971,0.23,4.35,-1114869,-0.23,,-1114869,0,-1114869,物流、智能物流,-0.46,20670206,1941417128,0.63367,0
002231,奥维通信,1.6,292734,0.0,7.0,-1126588,-0.28,,-1126588,7435756,-8562344,军工、通信,-0.28,72901624,1945200132,0.920498,0
300810,中科海讯,0.3,15864,0.15,19.7,-1139784,-0.51,,-1139784,1363719,-2503503,军工、造船,-0.66,26813567,1233567902,0.956426,0
002564,*ST天沃,9.3,1718802,-1.61,3.08,-1146747,-0.96,,-1146747,7787859,-8934606,ST板块、军工,0.65,38993913,1833555189,0.547379,0
002730,电光科技,1.2,287360,0.67,8.77,-1176542,-1.68,,-1176542,0,-1176542,机器人概念、算力租赁,-2.34,21776051,1570670872,0.820995,0
603978,深圳新星,0.1,8250,0.0,16.2,-1180188,-1.82,,-1180188,1443779,-2623967,电解液、有色金属,-1.82,14797449,1330307325,1.00024,0
300103,达刚控股,0.1,26955,0.17,5.96,-1225916,-0.33,,-1225916,858585,-2084501,基础建设、并购重组,-0.5,22612050,998747178,0.775873,0
300099,尤洛卡,0.3,80860,0.65,6.2,-1231118,0.32,,-1231118,2486335,-3717453,军工、无人驾驶,-0.32,33094440,3265762470,0.789624,0
603949,雪龙集团,2.7,273878,0.0,23.69,-1234349,2.07,,-1234349,45636961,-46871310,宇树机器人、农业,2.07,141697125,1431421725,2.17195,2778098
002611,东方精工,34.2,3433350,-0.61,4.8,-1241003,-2.04,,-1241003,12983749,-14224752,机器人概念、锂电池,-1.44,109269563,4059237207,1.614,0
300490,华自科技,0.8,202620,-0.57,12.07,-1259554,-2.27,,-1259554,10412073,-11671627,固态电池、工商业储能,-1.71,82981020,3470481502,0.830481,0
300095,华伍股份,0.2,105774,0.46,8.52,-1267352,-1.27,,-1267352,332020,-1599372,机器人概念、碳陶刹车,-1.73,25908154,2633437100,0.952793,0
603703,盛洋科技,0.5,72659,0.0,11.36,-1277657,-1.82,,-1277657,4143487,-5421144,卫星导航、通信,-1.82,49145525,3277639268,0.855081,0
003029,吉大正元,0.4,153573,0.37,21.8,-1298425,1.16,,-1298425,2758445,-4056870,AI智能体、跨境支付,0.79,60441092,2033572523,0.806026,0
300797,钢研纳克,0.7,1393600,0.46,12.63,-1307256,-2.4,,-1307256,8798430,-10105686,军工、有色金属,-2.85,86992209,1587620818,0.55707,0
000638,万方发展,1.7,108290,0.0,5.98,-1337845,0.5,,-1337845,1016209,-2354054,三季报增长、军工,0.5,26932411,1149240665,0.850806,0
002313,日海智能,1.5,50252,-0.4,7.27,-1369185,-2.02,,-1369185,1090500,-2459685,算力、人工智能,-1.62,14893774,1514386825,1.08641,0
002530,金财互联,0.1,637376,-0.12,8.63,-1380725,-0.46,,-1380725,50891463,-52272188,AI智能体、华为概念,-0.35,233739698,4169490992,0.777512,0
301311,昆船智能,0.9,449450,0.32,22.02,-1390775,-0.72,,-1390775,14871484,-16262259,中船系、造船,-1.03,122492438,1323000000,1.74471,0
300420,五洋自控,6.2,117274,0.0,3.04,-1418011,-0.98,,-1418011,2072656,-3490667,智慧停车、江苏省,-0.98,26717966,2708585317,0.977718,0
002134,天津普林,0.9,153504,0.28,10.53,-1461070,-0.94,,-1461070,1629000,-3090070,印制电路板、资产管理,-1.22,41924512,1889714612,0.929626,0
688682,霍莱沃  ,0.0,0,0.0,47.32,-1487817,-2.15,,-1487817,989934,-2477751,商业航天、科创板,-2.15,20488870,1315143903,0.849908,0
002724,海洋王,1.4,522432,0.11,8.82,-1506144,-2.65,,-1506144,782895,-2289039,军工、并购重组,-2.76,67050678,2051112927,1.24216,0
000969,安泰科技,1.3,1283209,0.1,9.65,-1526647,-0.1,,-1526647,24989386,-26516033,核电、第三代半导体,-0.21,142403079,6386605626,1.06537,0
300185,通裕重工,0.8,304546,0.4,2.5,-1550244,-1.18,,-1550244,9825316,-11375560,风电、基础建设,-1.57,70499456,7160329131,0.952643,0
001316,润贝航科,0.9,80707,0.0,34.8,-1556049,-0.83,,-1556049,1946485,-3502534,商业航天、石油石化,-0.83,25784126,831850775,1.112,0
000576,甘化科工,7.9,161865,0.0,9.73,-1574545,-0.82,,-1574545,2637852,-4212397,军工、并购重组,-0.82,23542456,2393864548,1.20392,0
600636,国新文化,0.1,81840,-0.39,10.06,-1580694,-2.04,,-1580694,7824508,-9405202,教育、锂电池,-1.66,64452329,2803930594,0.574083,0
300600,ST瑞科,2.0,113568,0.3,10.13,-1608960,0.2,,-1608960,1155394,-2764354,军工、ST板块,-0.1,39718304,1430546767,1.14556,0
600184,光电股份,0.9,144325,0.56,12.42,-1629044,-0.48,,-1629044,1244000,-2873044,军工、央企,-1.04,38238885,2739911688,1.03416,0
688231,隆达股份,0.2,32813,-0.04,22.83,-1639914,-1.6,,-1639914,777344,-2417258,科创板、年报增长,-1.55,18934361,2687229670,0.916464,0
603129,春风动力,0.4,27102,0.24,135.71,-1657000,0.38,,-1657000,5180161,-6837161,年报增长、两轮车,0.15,65535236,12584222707,0.994927,0
300489,光智科技,0.2,15648,1.29,18.96,-1691919,-1.81,,-1691919,1791329,-3483248,并购重组、有色金属,-3.07,34643217,1518846138,0.898683,0
300395,菲利华,0.5,73944,-0.29,40.9,-1710374,-0.73,,-1710374,6270348,-7980722,芯片、蓝宝石,-0.44,84692530,16505457887,0.545225,0
301357,北方长龙,2.1,520150,-0.08,52.56,-1718449,4.0,,-1718449,42645303,-44363752,军工、西部大开发,4.08,229839810,848393049,2.64852,0
600819,耀皮玻璃,0.0,32223,-0.21,4.66,-1730867,-0.43,,-1730867,306070,-2036937,光伏玻璃、建筑节能,-0.21,19544772,1116621105,0.918638,0
688282,*ST导航 ,1.4,45600,0.31,44.92,-1738383,-1.19,,-1738383,1496954,-3235337,军工、ST板块,-1.49,20293308,1340954463,0.804139,0
002933,新兴装备,0.0,2794,0.61,27.93,-1763453,0.58,,-1763453,1116206,-2879659,机器人概念、无人机,-0.04,59777527,1966149883,1.4087,0
000547,航天发展,1.0,118728,0.23,8.63,-1850718,-0.92,,-1850718,7095996,-8946714,军工、央企,-1.15,77575348,11031577139,0.973637,0
603338,浙江鼎力,0.9,260104,0.54,49.45,-1852454,-0.6,,-1852454,3923509,-5775963,三季报增长、基础建设,-1.14,87380326,8175427423,0.598082,0
603970,中农立华,5.7,206250,1.29,16.14,-1890430,-0.92,,-1890430,715019,-2605449,中字头、农药,-2.18,17059493,1748244049,1.44765,0
002683,广东宏大,7.4,261443,-0.18,21.66,-1917206,-1.59,,-1917206,15313801,-17231007,民用爆破、军工,-1.41,110779514,10111279269,1.36528,-4091638
688776,国光电气,71.5,2607486,1.55,87.9,-1951559,-1.89,,-1951559,47359465,-49311024,光刻机、科创板,-3.39,134769554,3033759608,1.12537,4661747
688102,斯瑞新材,0.0,26620,0.0,11.86,-1962417,-1.98,,-1962417,1751708,-3714125,有色金属、西部大开发,-1.98,23242881,1907849937,0.956033,0
000886,海南高速,2.0,259368,0.0,4.22,-1963381,-1.4,,-1963381,7941914,-9905295,算力、旅游,-1.4,46571173,3057940063,1.37239,0
600710,苏美达  ,1.1,135466,0.56,7.27,-2045634,1.68,,-2045634,1952073,-3997707,发电机、算力,1.11,54820863,4228864779,1.07527,0
300428,立中集团,0.7,269236,0.0,23.15,-2061950,-0.26,,-2061950,7821269,-9883219,汽车零部件、锂电池,-0.26,85967796,6950133272,0.775669,0
601700,风范股份,2.5,106522,0.0,4.77,-2062662,-1.04,,-2062662,1779143,-3841805,特高压、柔性直流,-1.04,23716212,2924643928,1.06812,0
300352,北信源,0.6,903210,0.59,5.07,-2110318,0.0,,-2110318,22346247,-24456565,网络安全、数字经济,-0.59,126244185,5792361173,0.64509,0
300593,新雷能,1.0,177968,0.72,17.94,-2114335,-0.5,,-2114335,9755859,-11870194,军工电子、成飞概念,-1.21,77980502,7514482409,1.06026,0
600038,中直股份,1.8,799690,0.11,38.11,-2124945,0.66,,-2124945,25759011,-27883956,低空经济、并购重组,0.55,122728497,10964896302,0.982208,0
000782,恒申新材,1.5,61404,0.0,5.21,-2176259,0.97,,-2176259,4635836,-6812095,化工、化纤,0.97,38930909,1985535161,1.52004,0
300215,电科院,1.3,138777,0.6,4.96,-2191756,-0.4,,-2191756,1754291,-3946047,变压器、智能电网,-1.0,16672898,1541268328,1.11065,0
002689,远大智能,1.4,80674,0.48,4.1,-2217109,-1.44,,-2217109,756119,-2973228,机器人概念、地产链,-1.91,41305428,2128562380,0.840243,0
600736,苏州高新,0.3,117528,0.21,4.68,-2251732,-0.64,,-2251732,7646556,-9898288,低空经济、新冠药概念,-0.85,40643033,3035202766,0.868222,0
688084,晶品特装,0.0,0,0.0,64.02,-2257889,-1.58,,-2257889,3257383,-5515272,机器人概念、军工电子,-1.58,18027668,1167360000,0.978092,0
002298,中电兴发,9.2,1250354,0.0,5.97,-2271513,-0.83,,-2271513,6664830,-8936343,存储、机器人概念,-0.83,43140095,3678454939,0.933566,-3050026
000584,*ST工智,4.0,374000,0.24,4.38,-2423767,3.3,,-2423767,13912993,-16336760,ST板块、机器人概念,3.06,67363773,2472863509,1.33808,0
002085,万丰奥威,1.9,6075352,2.1,5.67,-2429381,-0.87,,-2429381,56114389,-58543770,飞行汽车、汽车类,-2.91,265260939,7175429173,1.30426,0
600165,*ST宁科 ,6.3,136258,0.57,3.48,-2448381,-0.85,,-2448381,1360617,-3808998,ST板块、新材料概念,-1.42,30210785,1682663982,1.04087,0
600271,航天信息,18.1,818968,-0.08,12.21,-2469417,-0.49,,-2469417,9628435,-12097852,财税数字化、蚂蚁金服概念,-0.41,88899164,13565556911,0.859855,0
300817,双飞集团,0.5,56844,1.28,15.26,-2537203,-2.12,,-2537203,1266078,-3803281,机器人概念、风电,-3.36,32114497,1040155818,0.772915,0
600210,紫江企业,5.2,567108,0.19,5.27,-2609099,-0.57,,-2609099,6170432,-8779531,固态电池、化工,-0.75,61333463,5923132320,1.09201,0
000777,中核科技,1.8,270756,0.38,13.08,-2618114,0.38,,-2618114,4437170,-7055284,并购重组、核电,0.0,53490267,3647208773,0.988848,0
002451,摩恩电气,0.2,42176,0.0,6.52,-2620610,-1.06,,-2620610,2359141,-4979751,三季报增长、充电桩,-1.06,36798252,1544631764,0.788623,0
002757,南兴股份,0.2,190215,0.0,13.96,-2624682,-0.92,,-2624682,775458,-3400140,数据中心、东数西算,-0.92,63445320,2387616530,0.739516,0
300447,全信股份,1.1,75696,-0.06,15.58,-2635130,-1.27,,-2635130,1342117,-3977247,军工、电气设备,-1.2,43110723,2558301080,0.952199,0
603067,振华股份,0.7,45675,0.1,9.94,-2640371,-1.97,,-2640371,3408320,-6048691,化工、钒电池,-2.07,36171454,3139165820,1.13501,0
600523,贵航股份,0.0,0,0.0,13.15,-2658830,-0.15,,-2658830,2614540,-5273370,汽车零部件、华为汽车,-0.15,43783689,2842698534,0.972199,0
603166,福达股份,0.8,1299632,-0.29,6.92,-2691836,0.29,,-2691836,4152452,-6844288,机器人概念、西部大开发,0.58,65358406,1963071690,1.24938,0
000026,飞亚达,1.6,290400,-0.36,11.08,-2716032,0.36,,-2716032,917489,-3633521,消费电子、平台经济,0.73,37684180,2209277897,0.855861,0
002046,国机精工,0.7,32280,0.0,10.61,-2731859,-1.39,,-2731859,3328394,-6060253,机器人概念、芯片,-1.39,52045965,2781671859,0.984479,0
300123,亚光科技,1.9,721740,-0.86,6.9,-2788841,-0.86,,-2788841,20061120,-22849961,军工、湖南,0.0,131644044,5342348359,0.648542,0
002204,大连重工,0.2,41207,0.0,4.59,-2791649,-0.86,,-2791649,4265660,-7057309,军工、并购重组,-0.86,39998433,3351337962,1.01964,0
002669,康达新材,1.6,171080,-0.38,12.94,-2926417,-2.04,,-2926417,3126155,-6052572,VR/AR/MR、电磁屏蔽,-1.67,71233948,2941350532,0.553808,0
600399,抚顺特钢,5.3,405788,0.0,8.78,-2952208,-0.9,,-2952208,13971544,-16923752,钢铁、军工,-0.9,110178655,12248727141,0.766507,0
002886,沃特股份,1.2,495046,-0.46,19.26,-2977453,-1.63,,-2977453,10733691,-13711144,机器人概念、电磁屏蔽,-1.18,84059077,2244002441,0.621242,0
300516,久之洋,0.3,116661,-0.25,31.08,-2999681,-1.68,,-2999681,1820693,-4820374,传感器、中船系,-1.43,42965516,1617715864,0.769796,0
002224,三力士,0.5,49005,0.2,4.95,-3005211,0.2,,-3005211,915215,-3920426,化工、轮胎,0.0,25338097,2418318862,0.892888,0
603618,杭电股份,2.7,152520,0.0,6.09,-3015654,-0.98,,-3015654,1334824,-4350478,电气设备、锂电池,-0.98,33516093,2019283136,0.927921,0
688290,景业智能,0.0,0,0.0,41.79,-3019371,-3.13,,-3019371,1028368,-4047739,机器人概念、核电,-3.13,19432669,1026662456,1.32717,0
603712,七一二  ,1.1,344337,-0.58,25.5,-3057182,-2.07,,-3057182,2942225,-5999407,人工智能、军工,-1.51,80435833,10250992350,0.717944,0
600063,皖维高新,0.5,84162,0.2,5.03,-3129751,-0.59,,-3129751,7417679,-10547430,电石、并购重组,-0.79,55219304,6709651114,0.938849,0
002985,北摩高科,1.7,179585,0.14,36.2,-3187300,-1.09,,-3187300,7790012,-10977312,商业航天、无人机,-1.23,58329932,6236176192,0.873253,0
600391,航发科技,1.0,157112,0.1,18.93,-3198801,-1.1,,-3198801,6390503,-9589304,军工、大飞机,-1.2,83674037,4008440057,0.999252,0
002560,通达股份,1.9,283240,-0.26,7.66,-3243995,-1.54,,-3243995,5103755,-8347750,军工、智能电网,-1.29,47740906,3005705106,0.836,0
002414,高德红外,3.5,271515,0.0,7.76,-3428585,-1.4,,-3428585,4174429,-7603014,机器人概念、传感器,-1.4,81975550,12066962524,0.865458,0
002189,中光学,0.8,1372380,0.23,17.8,-3599625,0.23,,-3599625,26468253,-30067878,并购重组、军工,0.0,167973471,2811018481,0.753609,0
300680,隆盛科技,1.1,460748,-0.64,20.15,-3605632,-0.49,,-3605632,36386388,-39992020,商业航天、军工,0.15,191870286,3146512497,1.14675,0
688002,睿创微纳,3.7,1450092,0.7,44.42,-3608596,0.27,,-3608596,11265071,-14873667,芯片、军工,-0.43,148710698,14778657320,0.775806,0
300345,华民股份,0.0,3364,0.0,8.29,-3654384,-1.43,,-3654384,4959141,-8613525,光伏、并购重组,-1.43,26890341,2927731954,1.15617,0
601106,中国一重,3.1,224549,0.0,2.99,-3759223,0.0,,-3759223,2210507,-5969730,工程机械、并购重组,0.0,31672326,7381225976,0.565206,0
002544,普天科技,61.9,14065324,-2.49,23.99,-3797474,2.92,,-3797474,394303459,-398100933,信创、卫星导航,5.54,1053490205,10077047970,4.42586,43979906
600765,中航重机,0.3,1024488,-0.24,20.74,-3809527,-1.85,,-3809527,66252834,-70062361,军工、央企,-1.61,422280053,20320553891,0.657513,-8594333
002190,成飞集成,0.7,73075,0.25,19.62,-3843263,-0.41,,-3843263,2716839,-6560102,军工、成飞概念,-0.66,38365490,3512907844,0.836702,0
688281,华秦科技,0.6,172840,-0.2,146.25,-3880766,-2.04,,-3880766,4064207,-7944973,军工、化工,-1.85,74147798,4934784777,0.967209,0
000534,万泽股份,0.0,94097,0.08,12.7,-3953026,-1.4,,-3953026,1487170,-5440196,低空经济、医药,-1.47,30272512,4430940961,0.905146,0
300491,通合科技,0.2,349492,-0.65,24.08,-3978628,-2.11,,-3978628,4472358,-8450986,换电站、充电桩,-1.47,76885911,2926661251,0.525222,0
300711,广哈通信,1.1,342576,0.9,14.32,-4015136,-1.31,,-4015136,1006955,-5022091,5G、低空经济,-2.19,68956348,1185678383,0.714756,0
002272,川润股份,13.2,241080,0.34,5.8,-4084845,-1.02,,-4084845,3391432,-7476277,液冷服务器、光伏,-1.36,35389908,1773069646,1.05611,0
300263,隆华科技,1.4,436240,0.53,7.36,-4133575,-2.65,,-4133575,17063493,-21197068,OLED、有色金属,-3.16,83959915,5067743824,1.29322,0
600590,泰豪科技,1.0,279601,0.0,6.78,-4209040,0.15,,-4209040,3081758,-7290798,电源、并购重组,0.15,51497736,3366192562,0.963796,0
002580,圣阳股份,0.3,120888,0.36,8.2,-4234317,-0.61,,-4234317,1057299,-5291616,电源、储能,-0.97,42008710,2632948571,0.841631,0
002366,融发核电,0.4,166628,0.0,5.38,-4244727,-0.55,,-4244727,5421040,-9665767,核电、超超临界概念,-0.55,43602458,4181943477,0.889359,0
600592,龙溪股份,1.3,261625,-0.23,8.73,-4341867,-0.46,,-4341867,3178272,-7520139,机器人概念、参股券商,-0.23,34749138,2173831136,0.700553,0
300629,新劲刚,0.4,180891,-0.39,17.72,-4355699,-1.45,,-4355699,3540609,-7896308,军工、碳纤维,-1.06,46739452,3302918051,1.09382,0
001696,宗申动力,3.8,1122969,-0.58,6.79,-4364635,-0.88,,-4364635,8353069,-12717704,低空经济、航空发动机,-0.29,94176342,4652974841,1.35648,0
002664,信质集团,0.7,1062879,-0.54,17.25,-4414722,3.79,,-4414722,63608367,-68023089,机器人概念、电机电控,4.36,332311154,3638785885,0.909013,-5832750
002829,星网宇达,0.3,113646,0.0,28.6,-4483219,-1.85,,-4483219,4525633,-9008852,卫星导航、无人驾驶,-1.85,61567279,2971526689,1.04452,0
300762,上海瀚讯,1.0,3981032,0.12,16.86,-4535036,0.96,,-4535036,94385582,-98920618,卫星导航、无人机,0.84,351266560,8716140600,0.866409,3422891
600345,长江通信,1.0,323040,-0.1,19.94,-4593979,-1.34,,-4593979,1676773,-6270752,通信、车路云,-1.24,46580338,2170825521,0.820412,0
300455,航天智装,1.2,247078,-0.27,10.9,-4605485,-2.77,,-4605485,12114739,-16720224,商业航天、华为概念,-2.5,106249034,3913518976,0.667086,0
300726,宏达电子,0.5,142800,-0.06,34.55,-4681111,-3.28,,-4681111,11399005,-16080116,军工、湖南,-3.22,87021011,4400845588,1.37251,0
300227,光韵达,5.7,2196672,2.0,7.95,-4690558,-0.62,,-4690558,14431957,-19122515,军工、通信,-2.57,129689490,3055870377,1.45791,0
000595,宝塔实业,1.7,101376,0.57,5.32,-4763747,1.33,,-4763747,3754366,-8518113,机器人概念、军工,0.76,56100633,2152210031,1.49771,0
300157,新锦动力,1.6,782652,0.87,3.73,-4873602,8.12,,-4873602,28880261,-33753863,石油石化、数字经济,7.18,206565533,2014271857,1.93911,0
000738,航发控制,11.4,920098,-0.82,20.89,-4903801,0.43,,-4903801,11375590,-16279391,大飞机、央企,1.26,92925271,13758609184,1.03739,0
603068,博通集成,0.3,104508,-0.07,28.32,-4977244,-2.51,,-4977244,4442797,-9420041,端侧芯片、消费电子,-2.45,62172893,2983687108,0.8801,0
688552,航天南湖,0.0,27360,0.0,22.54,-4981587,-1.14,,-4981587,9665516,-14647103,军工、央企,-1.14,47427094,1723027027,1.44732,0
002149,西部材料,0.2,29300,-0.14,14.36,-5032989,-2.11,,-5032989,4714099,-9747088,军工、金属锆,-1.98,55464200,4500723184,0.868517,0
688333,铂力特  ,0.0,0,0.0,111.75,-5053242,-0.45,,-5053242,15259990,-20313232,西部大开发、股权转让,-0.45,91145707,12712774421,0.659262,-4472101
300300,ST峡创,0.3,417360,-0.22,4.42,-5060815,-0.67,,-5060815,12047765,-17108580,ST板块、福建,-0.45,84788253,2194084737,0.662424,0
600893,航发动力,2.2,896768,0.17,35.82,-5216145,-0.78,,-5216145,49985800,-55201945,军工、成飞概念,-0.94,277805967,52061138893,0.869574,3475119
002735,王子新材,0.3,31266,0.0,11.41,-5283872,-1.47,,-5283872,12312806,-17596678,飞行汽车、并购重组,-1.47,55185357,1819813644,1.70378,-11382705
300324,旋极信息,0.4,1437884,0.28,3.58,-5527907,0.85,,-5527907,106076963,-111604870,时空大数据、芯片,0.56,389780299,5530744505,0.518153,0
000099,中信海直,0.7,2139210,-0.83,8.22,-5598904,-2.26,,-5598904,27985170,-33584074,飞行汽车、军工,-1.44,145001071,3918669746,0.957233,0
300306,远方信息,0.3,50611,-0.25,11.73,-5646587,-0.59,,-5646587,1269627,-6916214,汽车检测、数字经济,-0.34,32422228,1422989071,0.926646,0
002625,光启技术,3.5,695208,-0.07,13.78,-5836478,-1.36,,-5836478,27931444,-33767922,军工、汽车零部件,-1.29,159222976,19018781250,1.36995,0
002519,银河电子,0.7,275094,-0.36,5.53,-5838654,-1.25,,-5838654,11131595,-16970249,机器人概念、广电网,-0.9,71978745,4306480058,0.850873,0
000697,炼石航空,0.2,750662,-1.29,4.42,-5918659,-4.74,,-5918659,5656700,-11575359,军工、有色金属,-3.49,40170133,1926009604,1.31296,0
300112,万讯自控,1.3,762097,0.28,10.41,-5984182,-1.23,,-5984182,7315106,-13299288,电气设备、光热发电,-1.51,85554704,2261261078,0.606239,0
600476,湘邮科技,0.1,149400,0.13,14.66,-6020787,-1.74,,-6020787,715806,-6736593,人工智能、蚂蚁金服概念,-1.87,43493899,1435249502,0.512299,0
002347,泰尔股份,3.3,545868,-0.39,5.13,-6083974,-0.58,,-6083974,6364057,-12448031,机器人概念、锂电池,-0.19,62577700,1808762871,0.731902,0
300379,东方通,1.5,462091,0.29,17.31,-6114929,-1.2,,-6114929,13478524,-19593453,信创、自主可控,-1.48,101321020,7337975003,0.751553,0
300560,中富通,1.2,309944,-0.28,17.72,-6148585,-1.94,,-6148585,17184160,-23332745,车路云、智能驾驶,-1.66,98303935,1376704405,0.925395,-5270389
300627,华测导航,7.0,528528,0.33,29.6,-6165349,-1.1,,-6165349,10184493,-16349842,卫星导航、三季报增长,-1.43,94802720,8808236677,1.19006,0
300480,光力科技,0.8,160686,0.49,19.9,-6194354,-1.68,,-6194354,5477751,-11672105,芯片、大基金二期,-2.16,59771595,4037231737,1.14373,0
300938,信测标准,0.0,221722,0.05,37.09,-6280659,-1.25,,-6280659,1409730,-7690389,土壤修复、环保,-1.3,37439280,1950586476,1.20938,0
600992,贵绳股份,1.3,407456,-0.86,14.8,-6356642,-2.05,,-6356642,7179783,-13536425,军工、钢铁,-1.2,61366712,2778192274,1.0456,0
603011,合锻智能,4.5,693576,0.43,6.87,-6745400,-1.72,,-6745400,6545283,-13290683,核电、汽车零部件,-2.14,74240666,2200062686,0.838304,0
002309,*ST中利,1.2,335592,0.0,3.45,-6803364,-2.54,,-6803364,7183376,-13986740,ST板块、智能电网,-2.54,39680517,2397839251,0.942744,0
600456,宝钛股份,0.3,92960,0.12,32.53,-7159308,-1.9,,-7159308,8901492,-16060800,军工、有色金属,-2.02,103055693,8131220934,0.789847,0
600967,内蒙一机,1.2,319077,0.34,8.84,-7248944,0.91,,-7248944,6253403,-13502347,机器人概念、军工,0.57,74407979,6790203718,1.30294,0
002253,川大智胜,1.0,53235,-0.36,13.54,-7252270,-1.17,,-7252270,2227688,-9479958,华为昇腾、元宇宙,-0.81,52057348,2332812230,0.988904,0
600862,中航高科,0.4,110700,0.0,24.69,-7310648,0.37,,-7310648,27322717,-34633365,通用航空、碳陶刹车,0.37,137941579,19991510825,0.692276,-1215145
300278,华昌达,0.6,105465,0.0,3.89,-7315786,-1.52,,-7315786,2895516,-10211302,机器人概念、光伏,-1.52,42886067,3165380896,0.939307,0
002182,宝武镁业,3.3,1285020,-0.75,19.52,-7406377,-2.16,,-7406377,17268600,-24674977,机器人概念、金属镁,-1.41,105528265,8549243787,1.06605,0
603766,隆鑫通用,0.4,226968,0.0,5.82,-7437945,0.52,,-7437945,22999346,-30437291,汽车整车、两轮车,0.52,103642984,5959626061,0.963773,-9347050
688186,广大特材,0.6,232341,0.15,19.97,-7515991,-1.14,,-7515991,10525454,-18041445,风电、核电,-1.29,63768007,3144945127,0.829461,0
603809,豪能股份,0.9,515003,-0.52,11.26,-7536676,-2.34,,-7536676,3389341,-10926017,机器人概念、轨道交通,-1.83,80350348,3004182099,0.659437,0
002935,天奥电子,96.6,831411,-1.6,17.01,-7684305,-2.63,,-7684305,8146645,-15830950,军工、卫星导航,-1.05,71306117,3398124083,1.16983,0
688636,智明达  ,0.8,104346,0.34,47.22,-7955030,-0.38,,-7955030,7343602,-15298632,军工、西部大开发,-0.71,56598048,1640238860,1.23922,0
300690,双一科技,0.4,1071816,-0.64,17.39,-7987634,1.4,,-7987634,14397870,-22385504,飞行汽车、碳纤维,2.05,168345908,1629468273,0.874962,0
300790,宇瞳光学,0.4,122259,-0.07,14.42,-8031789,-2.17,,-8031789,2662296,-10694085,无人驾驶、汽车零部件,-2.1,52347666,3400569284,0.720641,0
300079,数码视讯,0.8,835232,0.17,6.05,-8049135,-0.16,,-8049135,47953865,-56003000,人工智能、超高清视频,-0.33,215989618,7422258733,0.667415,0
600764,中国海防,18.0,317376,-0.32,22.18,-8271176,0.32,,-8271176,2150703,-10421879,中字头、军工,0.64,60539209,6159259396,1.15438,0
600363,联创光电,1.3,436240,-0.36,32.1,-8344742,-2.49,,-8344742,37118533,-45463275,核电、OLED,-2.13,145247557,11418446034,1.16906,4272511
300201,海伦哲,2.6,5190800,-1.45,4.69,-8408591,-2.7,,-8408591,25566515,-33975106,机器人概念、军工,-1.26,167459129,3548810003,0.784069,0
688375,国博电子,0.0,0,0.0,79.5,-8432078,-3.47,,-8432078,3358003,-11790081,科创板、央企,-3.47,54949024,13388848952,1.02785,0
300733,西菱动力,0.3,806126,-0.57,12.07,-8487483,-1.95,,-8487483,3470812,-11958295,商业航天、并购重组,-1.39,74334386,1799175776,0.772552,0
300699,光威复材,1.1,257982,0.29,27.19,-8502463,-1.7,,-8502463,9615178,-18117641,风电材料、碳基材料,-1.98,103985581,13825362088,0.743308,0
600151,航天机电,0.7,261696,0.14,6.8,-8669512,-2.16,,-8669512,8388290,-17057802,卫星导航、军工,-2.3,72513122,7185810834,0.510742,0
002163,海南发展,2.6,212400,-0.44,8.86,-8837203,-1.99,,-8837203,4374456,-13211659,海南、免税,-1.56,48567137,5194854190,1.58421,0
002023,海特高新,1.3,8872027,-2.22,9.63,-9049619,-3.02,,-9049619,67425902,-76475521,飞行汽车、低空经济,-0.82,296529104,5726361525,1.12517,-3518273
002916,深南电路,1.8,719249,0.01,67.93,-9183686,-2.71,,-9183686,37007695,-46191381,印制电路板、央企,-2.72,171962599,12333117705,0.87575,92323
603399,永杉锂业,0.3,2909088,-1.18,9.86,-9560165,-3.33,,-9560165,20734371,-30294536,锂矿、文化传媒,-2.18,167293729,2812359168,1.19036,0
300213,佳讯飞鸿,0.8,8835904,1.93,8.3,-9619310,-0.12,,-9619310,235328851,-244948161,工业互联网、元宇宙,-2.01,899125012,4460528468,0.957263,0
600879,航天电子,1.5,736805,-0.13,7.49,-9698992,0.4,,-9698992,40240044,-49939036,无人机、央企,0.54,151706118,15970277205,0.826752,3249193
002526,山东矿机,1.0,317580,-0.74,2.65,-9827982,-1.85,,-9827982,16890109,-26718091,机器人概念、智慧矿山,-1.12,104978959,3683304077,0.955444,0
601611,中国核建,0.6,185941,0.14,6.98,-9874695,-1.13,,-9874695,11529414,-21404109,军工、中特估,-1.27,76009431,5446776882,1.08114,0
002328,新朋股份,0.4,320358,0.16,6.37,-9887139,-0.62,,-9887139,13894232,-23781371,储能、碳基材料,-0.78,88606324,3193166276,0.925746,0
002848,高斯贝尔,1.5,1249440,-0.18,11.14,-9963623,-2.45,,-9963623,8320774,-18284397,算力、卫星导航,-2.28,139181452,1163809682,0.748965,3532015
300177,中海达,2.8,562304,-0.26,7.53,-10199088,-1.7,,-10199088,6076845,-16275933,卫星导航、并购重组,-1.44,101481683,4213808641,0.689528,0
300799,左江退,0.0,548780,1.97,232.5,-10225537,-0.64,,-10225537,21297144,-31522681,年报增长、家电,-2.56,73259534,9466766635,1.58287,0
601989,中国重工,0.3,1064808,0.24,4.12,-10288991,-0.24,,-10288991,62656805,-72945796,造船、中特估,-0.48,221551568,48117013875,0.666978,-12430000
600482,中国动力,0.5,105328,0.39,18.03,-10359272,-0.33,,-10359272,13718190,-24077462,并购重组、军工,-0.72,116966606,18972339636,0.628258,3498222
002383,合众思壮,7.2,430848,0.0,7.37,-10367308,-1.47,,-10367308,5512695,-15880003,卫星导航、地方国企,-1.47,92336208,3135442936,0.778594,0
002760,凤形股份,3.7,203484,-0.5,21.5,-10554790,-2.23,,-10554790,2457052,-13011842,发电机、算力,-1.74,27330471,1355478366,1.48033,0
300036,超图软件,0.9,1371895,-0.58,20.27,-10655449,-2.31,,-10655449,22719975,-33375424,时空大数据、国产软件,-1.75,156501337,7911436431,0.746945,0
600375,*ST汉马 ,1.9,420210,1.67,5.93,-10734720,-1.0,,-10734720,5753604,-16488324,ST板块、新能源汽车,-2.63,45843626,2794372713,0.862151,0
000733,振华科技,4.3,7826800,-0.99,67.0,-10996391,-2.45,,-10996391,174421472,-185417863,6G、芯片,-1.47,606194591,23456695761,0.88439,-30498037
002201,九鼎新材,3.0,131859,0.37,7.9,-11236683,-3.19,,-11236683,9004446,-20241129,股权转让、芯片,-3.54,74909834,2928704817,1.55528,0
600705,中航产融,0.6,867568,0.0,3.43,-11317564,-0.29,,-11317564,27786373,-39103937,资产管理、成飞概念,-0.29,111398288,18128415063,0.793604,-3419998
600219,南山铝业,0.9,1280170,0.0,3.11,-11382269,-0.64,,-11382269,26678462,-38060731,有色金属、锂电池,-0.64,99007766,18647526468,0.924708,3119999
300353,东土科技,0.7,940155,0.09,11.73,-11696567,0.77,,-11696567,43804680,-55501247,工业互联网、智能交通,0.69,202052470,4834985217,0.725792,0
002276,万马股份,1.0,275436,-0.09,10.78,-11745398,-1.46,,-11745398,9501114,-21246512,机器人概念、充电桩,-1.37,110142588,7737481377,0.415919,-3228180
600968,海油发展,4.6,783680,0.65,3.18,-11886858,3.25,,-11886858,28758942,-40645800,石油石化、碳中和,2.58,159922710,6536376077,1.55041,3179995
002777,久远银海,2.5,991104,0.0,25.55,-12093639,-1.01,,-12093639,24390057,-36483696,AI医疗、信创,-1.01,206250015,6215658526,0.760917,0
300691,联合光电,1.0,833810,-0.35,19.36,-12165589,-3.05,,-12165589,17551740,-29717329,AI眼镜、端侧AI,-2.71,171004853,2830673088,0.914761,0
002837,英维克,3.5,1239701,0.3,26.29,-12305478,-1.87,,-12305478,12950787,-25256265,阿里系AI、液冷服务器,-2.16,171114348,7730258763,0.946261,0
000670,盈方微,1.9,1288125,-1.26,6.16,-12338028,-2.69,,-12338028,14457245,-26795273,存储、卫星导航,-1.44,122598140,4226187192,0.769033,0
300376,ST易事特,0.5,559572,-0.15,6.52,-12447366,-1.81,,-12447366,29626004,-42073370,ST板块、第三代半导体,-1.66,179678271,6496891335,0.428277,0
688027,国盾量子,0.5,472205,0.42,133.45,-12578489,-3.37,,-12578489,35372895,-47951384,量子科技、科创板,-3.77,150391474,9513988197,0.885494,5421998
002583,海能达,3.7,6348792,0.3,6.69,-12711026,-1.04,,-12711026,133236965,-145947991,量子科技、互联网金融,-1.33,574299068,6669017789,0.648638,-8592000
688122,西部超导,0.1,44540,0.24,46.37,-13166563,-0.24,,-13166563,7767128,-20933691,超导概念、超超临界概念,-0.47,125831220,18504032167,0.807535,0
600172,黄河旋风,1.6,1198860,-0.26,3.68,-13204599,-2.65,,-13204599,10002927,-23207526,金刚石概念、C2M,-2.39,89669719,3765439554,0.959146,-3689999
000962,东方钽业,0.5,819837,0.0,12.62,-13334017,-1.64,,-13334017,13019461,-26353478,核电、钽电容,-1.64,136106103,3010232927,0.747104,0
300188,国投智能,1.5,536335,-0.5,15.82,-13565313,-1.68,,-13565313,5314114,-18879427,文生视频、AI安全,-1.19,109469101,7227565758,0.924051,0
002547,春兴精工,3.4,15155280,0.18,5.74,-13614315,2.68,,-13614315,157282149,-170896464,机器人概念、通信,2.5,820098372,4528895075,1.16309,7957602
601677,明泰铝业,1.0,3311720,-0.63,12.35,-13629961,-2.29,,-13629961,78920502,-92550463,金属铝、铝箔,-1.67,445168905,10511531372,1.70302,648749
002520,日发精机,0.6,256608,0.17,5.85,-13707148,-1.35,,-13707148,6111650,-19818798,机器人概念、军工,-1.52,71892954,3158833141,0.786604,0
300411,金盾股份,14.3,5045952,-2.53,6.49,-13892380,-3.57,,-13892380,9311178,-23203558,飞行汽车、核电,-1.07,117650069,1426062541,2.50079,0
002444,巨星科技,0.2,244842,-0.32,18.44,-14098138,-3.15,,-14098138,5042005,-19140143,机器人概念、人工智能,-2.85,144099210,12677694262,1.39338,0
688561,奇安信  ,0.5,92665,-0.1,48.89,-14146777,-1.97,,-14146777,10257700,-24404477,网络安全、AI安全,-1.87,90874446,14719945871,0.918808,0
300414,中光防雷,0.5,273590,0.18,10.67,-15117932,-1.93,,-15117932,9460926,-24578858,华为概念、西部大开发,-2.11,109474713,1853248761,0.792723,-3181281
000058,深赛格,0.8,1007354,-0.42,7.08,-15144708,-1.8,,-15144708,23842544,-38987252,光伏、深圳,-1.39,155106116,2045489655,0.831998,0
000519,中兵红箭,1.8,744276,0.14,14.6,-15788933,-0.41,,-15788933,48349021,-64137954,军工、中特估,-0.54,273471561,14161703594,1.33274,3318953
601890,亚星锚链,1.0,282440,0.33,9.15,-15812696,-0.22,,-15812696,12049266,-27861962,风电、军工,-0.54,102489821,5686077946,0.807972,-6762710
002151,北斗星通,1.0,316638,0.0,31.86,-16488083,-1.39,,-16488083,21207986,-37696069,卫星导航、并购重组,-1.39,185130244,10744454840,0.73818,0
002577,雷柏科技,1.1,2322032,0.49,16.07,-16910486,-2.01,,-16910486,15969361,-32879847,AI眼镜、端侧AI,-2.49,160285678,1911419123,0.46554,0
002138,顺络电子,0.7,1987324,-0.43,29.97,-17114283,-0.6,,-17114283,37125976,-54240259,元器件、三季报增长,-0.17,268013828,19019085348,0.797821,911735
300780,德恩精工,2.8,10628800,-0.82,25.89,-17152592,0.5,,-17152592,68986947,-86139539,商业航天、减速器,1.33,474857623,2072229865,0.620618,0
002167,东方锆业,6.4,1570464,-1.72,6.58,-17153528,-5.46,,-17153528,29680270,-46833798,固态电池、金属锆,-3.8,179237157,3315325719,1.53482,-3462064
300217,东方电热,2.8,469680,0.18,5.63,-17408716,-1.05,,-17408716,8070299,-25479015,锂电池、光热发电,-1.23,93550033,5437524621,0.881075,0
001270,铖昌科技,0.5,961119,0.2,78.6,-17649290,-1.5,,-17649290,32465912,-50115202,卫星导航、浙江,-1.7,174048365,5599244539,1.06623,-12160086
300590,移为通信,2.7,863865,-0.67,11.77,-17672438,-1.34,,-17672438,8089145,-25761583,无人驾驶、数字经济,-0.68,98628786,2706656867,1.03586,0
000821,京山轻机,1.9,936920,-0.31,15.54,-18030458,-2.45,,-18030458,16030163,-34060621,钙钛矿电池、异质结电池,-2.14,162895280,6996887039,0.893109,0
601698,中国卫通,1.9,2687800,-0.67,17.81,-19060697,-0.61,,-19060697,97175518,-116236215,卫星导航、6G,0.06,429509566,18435001142,0.62605,0
600960,渤海汽车,0.6,1487175,-0.25,3.97,-19434027,0.25,,-19434027,27692687,-47126714,机器人概念、华为汽车,0.51,195454503,2092413495,0.888204,0
603131,上海沪工,1.4,7762250,-2.31,15.31,-19631931,-1.92,,-19631931,65258553,-84890484,卫星导航、三季报增长,0.39,411062237,2492335461,1.12704,0
000887,中鼎股份,1.1,835312,0.08,12.49,-19722030,-0.64,,-19722030,12907385,-32629415,机器人概念、底盘,-0.72,150844794,9746112788,0.626288,0
688066,航天宏图,0.2,387918,-0.23,45.44,-21429132,-3.24,,-21429132,21217419,-42646551,低空经济、国产软件,-3.01,176263951,8779005958,0.526215,0
603267,鸿远电子,2.0,1375185,0.18,54.49,-21449675,-2.75,,-21449675,17421976,-38871651,军工电子、元器件,-2.92,202544377,8236496447,0.820104,0
300024,机器人,0.5,341977,0.0,11.86,-21492738,-2.55,,-21492738,52450365,-73943103,机器人概念、地产链,-2.55,260581257,13343833380,0.991426,4177038
002130,沃尔核材,0.5,319152,0.14,7.19,-21946009,-1.64,,-21946009,8757667,-30703676,高速连接、核电,-1.78,124129911,7319592457,0.691459,0
601021,春秋航空,0.6,260355,-0.31,50.86,-22256438,-0.68,,-22256438,13599541,-35855979,机场航空、免税,-0.37,135295175,24104637266,0.719491,0
002471,中超控股,0.5,430731,0.33,2.96,-22338228,-1.33,,-22338228,16641383,-38979611,商业航天、柔性直流,-1.66,115678929,3106485229,0.955837,0
601727,上海电气,0.7,1361120,-0.21,4.67,-22572806,-0.85,,-22572806,42287979,-64860785,机器人概念、一带一路,-0.64,180410390,20723562310,0.657442,-12045058
600072,中船科技,4.4,1452990,-0.48,18.63,-22831351,-0.85,,-22831351,24108539,-46939890,中船系、军工,-0.37,247469187,8605184777,0.822426,0
002402,和而泰,0.7,218250,-0.68,14.14,-23265321,-3.48,,-23265321,13462178,-36727499,芯片、数字经济,-2.82,160173834,10818592331,1.31621,-7110482
002115,三维通信,1.3,1329320,-0.89,6.63,-23520676,-1.63,,-23520676,33648971,-57169647,小红书概念、平台经济,-0.75,216718095,4502868986,0.785873,-3157722
000768,中航西飞,1.8,650016,-0.18,21.91,-24712798,-0.41,,-24712798,43481151,-68193949,军工、并购重组,-0.23,281319651,27361994583,0.957834,0
002535,林州重机,0.6,10854855,-4.07,4.83,-25070602,-6.4,,-25070602,35555419,-60626021,机器人概念、锂电池,-2.42,394945378,2386110566,0.620109,0
300397,天和防务,67.8,1871280,0.09,11.02,-25311630,-0.09,,-25311630,23629013,-48940643,军工、算力,-0.18,179496343,4066452946,1.72573,0
688033,天宜上佳,7.8,1677608,2.29,17.82,-26630949,2.06,,-26630949,37188099,-63819048,光伏、破净股概念,-0.22,298378893,7794462671,3.10287,0
300672,国科微,0.6,542025,-0.6,71.64,-28328616,-4.1,,-28328616,75195458,-103524074,存储、算力,-3.52,365037276,9503826069,0.918126,-2210936
002497,雅化集团,0.5,1573250,-0.26,15.13,-28412008,-2.64,,-28412008,25459127,-53871135,锂矿、汽车零部件,-2.39,209204120,15467396716,0.847669,0
002335,科华数据,0.4,719896,-0.32,30.11,-28633929,-3.28,,-28633929,23423339,-52057268,训推一体机、PCS设备,-2.96,205017863,8736251469,0.911572,0
600372,中航机载,1.0,1040088,-0.07,13.87,-29757063,-1.0,,-29757063,57928750,-87685813,军工、并购重组,-0.93,269649463,30666866290,1.01248,0
002756,永兴材料,0.2,2355724,0.65,47.62,-32389601,-3.15,,-32389601,89166561,-121556162,锂矿、有色金属,-3.78,478399079,14258472346,0.954383,3612652
002579,中京电子,22.4,3043656,-0.96,9.06,-32932655,-2.89,,-32932655,21159029,-54091684,机器人概念、粤港澳,-1.95,186377097,3419566023,1.29588,-3652748
300438,鹏辉能源,0.1,2403396,0.28,34.75,-33524519,-4.16,,-33524519,99923701,-133448220,固态电池、动力电池,-4.43,558152553,10480126242,1.01099,-8971283
300488,恒锋工具,0.3,238875,-0.27,24.85,-33780436,-5.59,,-33780436,15098164,-48878600,机器人概念、工业母机,-5.33,138264037,1125407002,0.850792,-12684835
300053,航宇微,1.8,1856716,-0.32,12.3,-33931651,-2.07,,-33931651,30265522,-64197173,飞行汽车、并购重组,-1.76,252268477,6401328539,0.719138,0
002528,ST英飞拓,0.7,1306474,-0.65,9.05,-34482344,-2.48,,-34482344,46323910,-80806254,ST板块、信创,-1.84,379514804,4383212713,0.689537,-9780385
002031,巨轮智能,2.6,2328700,-0.27,3.6,-34902845,-1.64,,-34902845,28269433,-63172278,机器人概念、工业机器人,-1.37,249735567,6303081898,0.742852,-6908385
300075,数字政通,1.4,912176,0.43,18.29,-36659336,-2.3,,-36659336,49211021,-85870357,信创、国产软件,-2.71,311444658,8677134375,1.08059,0
300496,中科创达,2.4,1101494,-0.13,75.17,-38000756,-3.22,,-38000756,83787943,-121788699,无人驾驶、智能座舱,-3.09,407013015,23401493664,0.948035,-14238973
300563,神宇股份,4.0,4643828,-0.43,15.78,-38133400,-3.84,,-38133400,28020942,-66154342,高速连接、卫星导航,-3.43,301547205,1663029486,1.46053,3161997
002436,兴森科技,0.9,941346,-0.31,12.58,-40873741,-3.68,,-40873741,93361333,-134235074,HBM、粤港澳,-3.38,365081906,18119775855,1.08418,-57276323
002559,亚威股份,0.7,2636760,0.0,8.43,-42294193,-3.77,,-42294193,63697495,-105991688,存储、并购重组,-3.77,428249059,3695742954,0.681402,-19501325
300777,中简科技,1.9,410916,-0.32,32.97,-44212390,-3.23,,-44212390,21702160,-65914550,碳纤维、碳基材料,-2.92,166840237,11982165588,1.79163,0
600353,旭光电子,0.1,60724,0.13,7.45,-44882697,-6.64,,-44882697,24950134,-69832831,DeepSeek、算力,-6.76,176463544,3588813066,2.52633,-3706234
300337,银邦股份,1.7,14102592,2.75,7.25,-45264402,-4.98,,-45264402,109969885,-155234287,消费电子、有色金属,-7.53,434524712,3195451499,0.99356,0
000818,航锦科技,0.4,133300,-0.03,30.07,-45629725,-3.03,,-45629725,42621690,-88251415,算力、化工,-3.0,186821936,14838513149,1.56496,-15888906
002786,银宝山新,0.5,6050100,0.29,6.7,-45906174,-4.01,,-45906174,44363899,-90270073,实控人变更、汽车热管理,-4.29,327458023,1803295808,0.869003,-3185728
300252,金信诺,2.0,12054372,-1.8,10.19,-47735544,-3.23,,-47735544,132269597,-180005141,高速连接、5G,-1.45,661093265,4439448644,1.20708,-15347342
002097,山河智能,1.0,14827761,-2.99,6.26,-48900576,-6.57,,-48900576,77259887,-126160463,机器人概念、锂电池,-3.69,337610400,4130467079,1.95877,-21786816
603936,博敏电子,1.4,1510088,0.09,10.95,-51392935,-3.18,,-51392935,30846542,-82239477,印制电路板、通信,-3.27,225856216,5785203292,0.738538,-13064157
002446,盛路通信,1.2,14182630,2.82,10.8,-51998111,-1.73,,-51998111,289162188,-341160299,5G、军工,-4.42,916437384,8864291016,0.753861,-54474186
002428,云南锗业,0.6,837500,0.0,13.0,-52034755,-2.99,,-52034755,42338021,-94372776,金属锗、有色金属,-2.99,265864231,6713202740,0.744858,-10256415
002338,奥普光电,1.3,4170852,-1.24,36.34,-52253435,-2.42,,-52253435,61461712,-113715147,光刻机、军工,-1.2,371556598,5014794627,0.713748,-12045943
603629,利通电子,1.2,1955524,-1.53,26.42,-56790146,-3.68,,-56790146,73490992,-130281138,腾讯系AI 、东数西算,-2.18,353629350,3724228347,0.612177,-17785607
600150,中国船舶,1.8,3100760,0.0,26.93,-59517869,0.49,,-59517869,304145421,-363663290,造船、并购重组,0.49,890458479,66823989384,0.778311,-80451865
600416,湘电股份,1.1,234205,0.0,14.41,-60711456,-4.63,,-60711456,61317825,-122029281,军工、湖南,-4.63,284400101,11761606920,2.16055,0
000066,中国长城,0.6,8409184,-0.98,12.07,-68318855,-1.31,,-68318855,540336653,-608655508,信创、算力,-0.33,1627931363,23375663724,1.2876,-45546878
002536,飞龙股份,1.9,8330920,-1.92,14.63,-68459314,-3.05,,-68459314,109194505,-177653819,奇瑞产业链、无人机,-1.15,649337168,4042097968,0.737551,-30520915
300456,赛微电子,1.2,4452794,0.0,22.25,-76308856,-5.36,,-76308856,163114258,-239423114,芯片、传感器,-5.36,721887923,10386684496,0.949715,-20836156
300475,香农芯创,3.6,5155110,-1.14,30.05,-78203490,-5.09,,-78203490,121398638,-199602128,HBM、存储,-3.99,546915692,7462081000,0.907708,-7088644
300302,同有科技,0.5,9757486,-2.35,14.56,-82190417,-7.67,,-82190417,234005600,-316196017,存储、自主可控,-5.45,929719663,4237804308,0.910923,-31243995
603738,泰晶科技,19.3,16534728,-0.32,18.1,-84227945,-2.84,,-84227945,159785375,-244013320,机器人概念、华为海思,-2.53,735798382,5333716150,1.7344,-28290136
002036,联创电子,0.9,3568645,-1.53,10.61,-91716723,-4.41,,-91716723,94878145,-186594868,比亚迪产业链、光学镜头,-2.93,542260569,10148573370,0.771342,-16081323
300474,景嘉微,2.9,7468224,-2.53,73.19,-103718290,-4.58,,-103718290,125489426,-229207716,人工智能、算力,-2.1,654026130,19237304590,0.654315,-22619416
000021,深科技,3.9,3326751,-0.71,17.36,-109693502,-4.72,,-109693502,90929136,-200622638,深圳、汽车类,-4.04,632522257,16224749035,0.995577,-24750244
002465,海格通信,0.7,3641040,-0.17,11.46,-114068816,-1.97,,-114068816,155558778,-269627594,卫星导航、军工,-1.8,655120022,19472461876,0.627627,5750059
002765,蓝黛科技,17.3,18661335,0.27,7.36,-114125590,-2.26,,-114125590,121753603,-235879193,机器人概念、汽车零部件,-2.52,625376084,3257763503,1.47558,8289148
002708,光洋股份,0.6,19048770,10.03,10.53,-146668508,10.03,3连板,-146668508,452066229,-598734737,机器人概念、减速器,0.0,1381346194,2701424563,3.05339,-48929037
002049,紫光国微,2.1,7441200,-0.61,74.38,-184403683,-5.22,,-184403683,464404768,-648808451,芯片、存储,-4.64,1717189060,46742628593,1.26582,-46026729
002792,通宇通讯,3.4,95247210,3.35,20.99,-245195056,1.84,,-245195056,506293503,-751488559,卫星导航、并购重组,-1.46,1989567874,3946000955,1.91254,-68649447
002654,万润科技,2.9,71879808,0.94,15.26,-274114084,2.97,,-274114084,799746401,-1073860485,存储、文化传媒,2.01,3076858669,8888007761,1.45184,-43948330
300322,硕贝德,2.7,87354540,5.95,17.4,-383602967,12.55,,-383602967,883269294,-1266872261,消费电子、华为概念,6.23,2784161572,6329363810,1.5223,-59219134
300045,华力创通,1.8,72125464,-2.99,29.4,-543289262,-11.1,,-543289262,1275727935,-1819017197,卫星导航、创投,-8.35,4404507056,13056752301,0.737674,-128473109
