股票代码,股票名称,竞价量比,竞价金额,竞价涨幅%,价格,净额,涨幅%,板上信息,主力净额,主力买,主力卖,所属板块,区间涨幅%,成交额,实际流通,量比,300w大单净额
002466,天齐锂业,0.7,8515756,-0.63,55.98,1723392083,9.49,,1723392083,4144352051,-2420959968,锂矿、固态电池,10.18,6606741825,59432754922,4.78759,1357493583
002460,赣锋锂业,0.9,7820900,-0.63,42.33,422769934,6.76,,422769934,1523223104,-1100453170,锂矿、固态电池,7.44,3380978413,40706712356,2.93682,84363418
002594,比亚迪,0.9,18240915,0.01,201.19,299272325,2.47,,299272325,1401765216,-1102492891,无人驾驶、动力电池,2.46,3523669817,165237010929,1.01272,130433794
300750,宁德时代,0.6,28514323,-0.1,162.88,179587438,2.56,,179587438,2675049280,-2495461842,锂电池、动力电池,2.67,6024339619,332126889982,1.61388,60787803
002885,京泉华,0.7,1464750,-0.68,20.18,178968428,6.04,,178968428,402562988,-223594560,华为汽车、光伏,6.77,876976599,3011190276,1.9047,46149795
300014,亿纬锂能,1.2,3057014,-0.25,42.68,125257097,5.57,,125257097,585080850,-459823753,锂电池、动力电池,5.83,1690856603,53538340722,2.56733,18536470
000651,格力电器,2.4,2585319,-0.12,32.42,111288559,-0.15,,111288559,314387984,-203099425,家电、并购重组,-0.03,694729359,119622881843,0.889819,-5056793
002786,银宝山新,2.0,25325800,-4.01,15.93,101877366,10.01,首板,101877366,567140769,-465263403,实控人变更、汽车热管理,14.6,2053634691,4306217727,1.1143,162078029
300390,天华新能,1.2,2661891,-1.01,26.21,91609071,5.81,,91609071,318823988,-227214917,锂电池、锂矿,6.89,1017214243,14703501549,2.74507,31054584
002709,天赐材料,1.1,895892,0.0,23.8,89886907,3.07,,89886907,265608847,-175721940,固态电池、电解液,3.07,1070912650,26092246526,2.68883,-4446670
002888,惠威科技,1.3,2222946,-0.91,20.58,88602603,9.99,首板,88602603,140282042,-51679439,智能音箱、三季报增长,11.0,351148444,1110913587,1.04762,36550516
000792,盐湖股份,3.2,3780450,-0.83,16.2,79354916,3.65,,79354916,394317915,-314962999,盐湖提锂、有色金属,4.52,1075134536,60456179068,3.46141,44532092
300693,盛弘股份,0.9,554820,-0.08,28.35,75605713,7.22,,75605713,219577276,-143971563,PCS设备、工商业储能,7.31,788383812,6618132343,2.38982,26999799
603161,科华控股,5.0,3768815,-0.52,18.99,66544943,10.02,首板,66544943,99385330,-32840387,汽车零部件、氢能源,10.6,158523572,1415391446,0.996053,56235842
002074,国轩高科,0.4,1157233,0.0,22.48,59359321,4.7,,59359321,222787470,-163428149,固态电池、动力电池,4.7,722697078,23376407916,2.79523,-1470366
601360,三六零  ,1.9,4525740,-0.23,8.8,57932399,0.92,,57932399,163789895,-105857496,DeepSeek、汽车类,1.15,609691633,26630156992,0.895199,4399953
600375,*ST汉马 ,0.9,1906875,0.48,6.84,53822792,9.97,首板,53822792,89328468,-35505676,ST板块、新能源汽车,9.44,198517047,3223188762,2.66281,19721083
603982,泉峰汽车,0.8,1137048,0.0,16.84,51493654,4.86,,51493654,135179420,-83685766,汽车零部件、江苏省,4.86,474027865,2092816384,1.7201,12610722
300438,鹏辉能源,1.4,1657736,-0.61,27.72,45803575,5.04,,45803575,211620486,-165816911,固态电池、动力电池,5.68,829163013,8353855120,2.93143,10135104
603009,北特科技,0.5,5582720,0.15,14.35,44216480,7.09,,44216480,173694408,-129477928,机器人概念、汽车热管理,6.93,549666547,2904030000,1.45915,0
002518,科士达,2.5,942012,-0.08,25.64,42933313,3.89,,42933313,109189334,-66256021,电源、PCS设备,3.97,444821804,5859248943,2.12581,7987318
600338,西藏珠峰,0.8,1080625,-0.32,13.05,38817016,5.33,,38817016,152034239,-113217223,有色金属、盐湖提锂,5.67,572077504,9988630455,1.71999,6455245
002407,多氟多,1.0,555375,-0.07,15.26,37477723,2.97,,37477723,80872860,-43395137,电解液、固态电池,3.04,303998794,14183317853,1.93283,11807006
300520,科大国创,0.7,768612,0.18,23.9,33394371,5.29,,33394371,149141568,-115747197,算力、国产软件,5.1,621263633,4145276292,2.21919,0
600386,北巴传媒,0.8,16091639,0.0,5.18,33301714,9.98,3天2板,33301714,216774233,-183472519,充电桩、文化传媒,9.98,610881483,1876092632,3.98426,30299451
600660,福耀玻璃,9.3,929880,-0.27,36.98,33119081,-0.05,,33119081,64856603,-31737522,玻璃、光伏,0.22,221922470,38074576981,0.862464,0
002510,天汽模,14.6,12811875,10.08,5.35,30015117,10.08,首板,30015117,46138411,-16123294,特斯拉概念、锂电池,0.0,46138416,4982723276,0.110566,45579338
300207,欣旺达,1.4,1505280,-0.61,15.07,28286115,1.89,,28286115,110180394,-81894279,苹果概念、动力电池,2.52,448015448,20047778497,1.54031,-3687121
603725,天安新材,29.0,10711350,0.09,12.86,27739864,10.01,2连板,27739864,136199227,-108459363,汽车零部件、并购重组,9.91,396709441,1668873086,4.44979,10556422
002738,中矿资源,1.3,7222368,-0.51,39.75,27689780,7.46,,27689780,1068762005,-1041072225,锂电池、汽车类,8.02,2442456243,22567782400,3.26919,165388596
002131,利欧股份,0.4,693604,0.0,2.41,27203069,2.12,,27203069,159347459,-132144390,AI智能体、网红经济,2.12,435960979,13398535038,1.00879,0
300450,先导智能,1.5,1243494,-0.32,25.52,26595580,1.67,,26595580,142525446,-115929866,固态电池、锂电设备,2.0,548253851,19293788628,1.71293,0
688155,先惠技术,0.4,183552,-0.47,61.44,25607370,6.61,,25607370,61464235,-35856865,固态电池、锂电池,7.11,149684285,655556882,1.12181,0
002497,雅化集团,1.5,1919827,-1.04,13.32,23554257,6.22,,23554257,122628362,-99074105,锂矿、汽车零部件,7.33,603894812,13615810204,2.47636,18285242
300037,新宙邦,2.7,341088,-0.49,45.49,21914573,0.86,,21914573,104628586,-82714013,电解液、固态电池,1.36,457511841,21840706902,1.48059,-10850379
002428,云南锗业,0.2,2958246,0.15,13.5,21573428,0.82,,21573428,108611710,-87038282,金属锗、有色金属,0.67,511682747,6950199921,1.26087,0
002340,格林美,2.1,975700,-0.18,5.62,21061564,2.0,,21061564,82178392,-61116828,汽车拆解、电池回收,2.18,307769806,26058981366,1.61288,0
002475,立讯精密,0.8,1945260,-0.33,30.29,20168524,-0.36,,20168524,435366007,-415197483,消费电子、并购重组,-0.03,1406142086,120150751984,1.34483,28050896
002025,航天电器,0.0,55495,-0.08,50.75,20037035,0.51,,20037035,30501428,-10464393,军工、央企,0.59,115848568,14337022055,0.688021,4889151
002232,启明信息,0.8,6859898,-1.02,19.5,19371377,-0.2,,19371377,104676323,-85304946,无人驾驶、EDR,0.83,501807530,3528062828,0.53024,11726100
300073,当升科技,1.2,1599864,-0.69,39.17,17940080,4.06,,17940080,103065179,-85125099,固态电池、高镍三元,4.79,455754808,15165522707,1.93168,-3668104
002865,钧达股份,2.6,3282382,-1.34,86.52,17864514,1.16,,17864514,152276971,-134412457,BC电池、TOPCon,2.54,644513538,9457622504,1.57253,-11471728
603119,浙江荣泰,66.7,7028864,8.29,26.72,17242771,1.6,,17242771,49986321,-32743550,机器人概念、并购重组,-6.18,223517400,1843154448,2.55503,0
002011,盾安环境,0.8,315756,0.48,12.93,16895781,3.69,,16895781,47979783,-31084002,汽车热管理、汽车类,3.19,220292581,7177232154,1.61207,831399
300533,冰川网络,1.6,2143972,-0.19,32.7,16864803,6.1,,16864803,158639310,-141774507,游戏、深圳,6.31,780432226,4538472768,1.62968,-3061208
002326,永太科技,1.7,343940,-0.25,12.24,16675256,2.94,,16675256,50252021,-33576765,电解液、并购重组,3.2,229286588,8028140050,1.98798,3674085
002465,海格通信,2.5,1369368,0.0,11.93,16599823,-0.33,,16599823,103407456,-86807633,卫星导航、军工,-0.33,523862132,20305781206,1.02129,-4199580
002415,海康威视,0.2,1100902,-0.09,33.6,14125957,-0.59,,14125957,103786553,-89660596,汽车电子、算力,-0.5,575107192,158973169375,0.968317,2117407
300116,*ST保力,2.2,644850,0.0,1.55,13891363,3.33,,13891363,58098069,-44206706,ST板块、锂电池,3.33,241961737,5438743481,2.11182,0
301141,中科磁业,0.1,67046,0.36,49.29,13469778,3.29,,13469778,32216081,-18746303,稀土永磁、专精特新,2.92,185282616,1056742031,2.07539,0
001306,夏厦精密,0.5,1122278,1.41,96.0,13413845,5.83,,13413845,105930603,-92516758,机器人概念、汽车零部件,4.36,412678180,1442149081,1.0107,8741834
002984,森麒麟,0.7,197538,-0.22,28.11,13084387,3.65,,13084387,30105387,-17021000,汽车零部件、一带一路,3.88,176360179,9437100379,0.998831,0
000413,ST旭电,1.6,713940,-0.45,2.21,12514835,0.45,,12514835,44722638,-32207803,消费电子、面板,0.91,161494958,9825880628,0.893789,0
603659,璞泰来  ,0.5,553058,-0.09,22.15,11942444,1.23,,11942444,35911218,-23968774,固态电池、负极,1.33,307286984,15932662375,1.45152,0
002451,摩恩电气,41.9,27627158,9.99,8.59,11899714,9.99,2连板,11899714,114553624,-102653910,三季报增长、充电桩,0.0,142489184,2064962813,0.59996,-21980938
601966,玲珑轮胎,2.8,1030240,-0.48,18.65,11649518,-1.27,,11649518,39931816,-28282298,汽车零部件、橡胶,-0.8,256652438,12999518796,1.95847,15049631
600366,宁波韵升,1.7,751660,-0.78,8.15,11533249,5.43,,11533249,77626112,-66092863,稀土永磁、消费电子,6.26,385014587,6043192021,1.07197,11054308
601058,赛轮轮胎,0.6,255960,0.0,10.89,11226658,0.83,,11226658,39943145,-28716487,汽车零部件、橡胶,0.83,194841598,24131298350,0.551567,-9592000
000868,安凯客车,0.1,10079028,-3.01,6.05,11159940,-4.12,,11159940,122080567,-110920627,汽车整车、锂电池,-1.14,555889043,2907373330,1.58553,-4745955
600979,广安爱众,6.0,642610,-0.28,3.61,11108966,0.56,,11108966,17588875,-6479909,算力、天然气,0.84,91639890,3051094919,1.32186,0
688800,瑞可达  ,1.2,371152,-1.21,45.7,10943935,0.44,,10943935,27703570,-16759635,华为汽车、消费电子,1.67,96713324,3977823834,1.29062,0
000922,佳电股份,0.4,102795,-0.31,10.18,10849177,3.67,,10849177,27185180,-16336003,核电、并购重组,3.98,160462216,3777179944,2.85096,0
600841,动力新科,15.4,1865875,-0.15,6.66,10694241,2.46,,10694241,17892290,-7198049,发电机、并购重组,2.62,168823771,2191384829,2.78553,0
002146,荣盛发展,0.2,1127097,-0.54,1.87,10274629,1.63,,10274629,45779231,-35504602,破净股概念、房地产,2.19,167164342,4564984417,0.622795,0
600110,诺德股份,0.3,59696,0.0,5.83,10020435,1.57,,10020435,18270133,-8249698,铜箔、复合集流体,1.57,85489147,7148895464,1.64025,0
000599,青岛双星,3.2,185542,-0.22,4.69,9903418,2.4,,9903418,16159076,-6255658,并购重组、机器人概念,2.63,83120645,2375892646,2.10439,0
600805,悦达投资,3.1,317595,0.0,4.75,9591885,2.15,,9591885,18572542,-8980657,无人驾驶、智能驾驶,2.15,106247860,2665613278,2.77792,0
600213,*ST亚星 ,0.2,262860,-0.3,10.35,9577657,2.07,,9577657,25696705,-16119048,ST板块、新能源汽车,2.37,127469115,1115638884,1.44242,0
002454,松芝股份,0.4,586400,-0.37,8.11,9516183,1.0,,9516183,22178463,-12662280,汽车热管理、并购重组,1.37,116759857,2857053861,0.794462,3243999
600611,大众交通,2.8,189365,0.0,3.14,9480262,0.32,,9480262,16011971,-6531709,无人驾驶、智能交通,0.32,47265060,3423293550,1.01843,0
000793,华闻集团,1.3,493500,-0.42,2.44,9415134,3.39,,9415134,29548832,-20133698,海南、参股券商,3.83,142282278,4104338672,1.50632,0
600469,风神股份,0.4,85104,0.16,6.31,9098900,3.27,,9098900,19695500,-10596600,橡胶、高股息,3.1,105786032,1951105720,1.96535,3236777
688719,爱科赛博,0.0,0,0.0,66.72,8722403,0.39,,8722403,17643716,-8921313,电源、华为汽车,0.39,62403098,1211505403,0.597561,0
002239,奥特佳,1.2,3040960,-0.93,3.26,8596014,0.93,,8596014,103997287,-95401273,特斯拉概念、汽车热管理,1.87,390562081,7419947291,0.688043,22922903
605018,长华集团,1.5,2119312,1.01,11.91,8504250,0.59,,8504250,22956277,-14452027,汽车零部件、三季报增长,-0.42,178847163,5580875325,0.838796,3022539
603290,斯达半导,0.6,1306396,0.0,178.7,8372937,1.22,,8372937,62777970,-54405033,IGBT、碳化硅,1.22,343871234,13840171281,0.993141,0
002516,旷达科技,1.0,179324,-0.2,5.14,8095901,0.98,,8095901,13785900,-5689999,汽车芯片、滤波器,1.18,55273445,4017023892,0.751891,0
002488,金固股份,0.2,63960,0.39,7.93,8009145,2.06,,8009145,27789377,-19780232,汽车零部件、并购重组,1.67,105527598,5522577822,0.755437,0
002182,宝武镁业,3.2,152075,0.26,19.45,7916732,1.3,,7916732,24973760,-17057028,机器人概念、金属镁,1.04,124467013,8518617019,1.35368,4229660
600683,京投发展,1.8,270900,-0.19,5.25,7849005,1.55,,7849005,14811192,-6962187,再融资、并购重组,1.74,60045070,1685552261,0.656702,3952356
603099,长白山  ,2.7,1431261,-0.98,15.63,7797590,1.76,,7797590,19730670,-11933080,旅游、远东开发,2.76,125951702,1678401417,0.870407,0
300127,银河磁体,0.8,81357,0.29,17.62,7753362,2.09,,7753362,14129588,-6376226,稀土永磁、汽车零部件,1.79,98092710,1879062747,1.64973,0
603906,龙蟠科技,2.8,286800,0.5,12.15,7632249,2.19,,7632249,16466704,-8834455,固态电池、磷酸铁锂,1.67,123718534,4270357308,1.87782,0
600698,湖南天雁,1.6,5959965,-3.0,6.44,7470527,1.58,,7470527,148018319,-140547792,并购重组、汽车零部件,4.72,741022889,2774001158,1.0087,7227793
002579,中京电子,10.4,11019200,4.53,9.56,7259214,3.02,,7259214,52513344,-45254130,机器人概念、粤港澳,-1.44,291256346,3665826035,1.71556,0
603158,腾龙股份,0.5,677692,-0.31,9.67,7230612,0.0,,7230612,38363229,-31132617,汽车零部件、新能源汽车,0.31,231255661,2812730655,0.929734,0
002920,德赛西威,1.6,648232,-0.18,123.88,7171540,-0.81,,7171540,68791646,-61620106,无人驾驶、智能座舱,-0.63,330971906,30562858589,0.776642,-23726842
002091,江苏国泰,6.6,697360,0.13,7.9,6967497,1.54,,6967497,23324650,-16357153,电解液、固态电池,1.41,105804653,7555383628,1.62707,608691
600480,凌云股份,17.5,617480,0.23,8.61,6947609,0.35,,6947609,15212031,-8264422,机器人概念、小米汽车,0.12,89825852,4378741093,0.813369,0
300420,五洋自控,0.3,115972,0.0,3.18,6713588,0.63,,6713588,14986465,-8272877,智慧停车、江苏省,0.63,51607001,2824412979,0.5841,0
000800,一汽解放,0.8,2854260,0.53,9.5,6687948,1.39,,6687948,99461124,-92773176,华为汽车、汽车类,0.85,443624374,7374666689,0.543952,3111893
601038,一拖股份,1.3,328050,0.0,13.63,6372589,0.96,,6372589,10982037,-4609448,农机、农业,0.96,73020304,2493913630,0.439826,0
002708,光洋股份,0.6,2227580,-0.45,9.12,6285214,3.52,,6285214,87765974,-81480760,机器人概念、减速器,3.99,524467755,2331998982,1.44641,0
002472,双环传动,1.4,1409560,0.38,26.33,6226567,0.88,,6226567,61228241,-55001674,减速器、汽车类,0.5,356474096,18101758371,0.858934,-6908992
002501,利源股份,0.0,8642,0.0,1.5,6214605,0.67,,6214605,7189400,-974795,股权转让、军工,0.67,28371213,4111637541,1.03188,0
301005,超捷股份,0.8,773490,-0.21,32.03,5986606,-4.96,,5986606,58753177,-52766571,商业航天、新材料概念,-4.76,180898097,1429336160,2.12284,3084832
603069,海汽集团,11.8,4648140,2.31,21.39,5960996,0.85,,5960996,39959359,-33998363,免税、客运,-1.43,163871196,3232952347,1.15213,4664042
600418,江淮汽车,0.3,10366806,-0.17,17.4,5842262,0.23,,5842262,541373748,-535531486,汽车整车、地方国企,0.4,1631573405,27269357683,0.603715,-7072075
002126,银轮股份,3.8,417186,-0.22,17.99,5722748,-0.61,,5722748,33959024,-28236276,机器人概念、汽车类,-0.39,145117590,13332838103,0.865873,0
300278,华昌达,7.7,136324,0.51,3.96,5475423,1.02,,5475423,14111241,-8635818,机器人概念、光伏,0.51,67507274,3214204252,0.778637,0
600580,卧龙电驱,1.5,1041510,-0.26,11.85,5464841,1.46,,5464841,43385946,-37921105,机器人概念、电机电控,1.72,215501819,10498443839,0.540683,0
300648,星云股份,0.3,155496,-0.58,27.92,5450493,1.75,,5450493,16101133,-10650640,固态电池、工商业储能,2.35,101937466,2272302323,1.30728,0
300001,特锐德,1.1,178272,-0.32,18.73,5085378,0.54,,5085378,22337566,-17252188,汽车充电、锂电池,0.86,143949350,12026079862,0.858423,0
605088,冠盛股份,1.1,226909,0.09,22.16,4950630,0.68,,4950630,17751159,-12800529,固态电池、汽车类,0.59,77150738,1785640884,0.845896,0
688388,嘉元科技,1.3,47295,0.31,19.98,4939814,2.25,,4939814,14452434,-9512620,铜箔、固态电池,1.94,75819272,6724534582,1.68845,0
600297,广汇汽车,0.2,555282,-0.55,1.84,4894008,0.55,,4894008,41858321,-36964313,换电站、汽车服务,1.1,108196298,7252580059,1.06065,0
688033,天宜上佳,11.3,374548,0.42,16.49,4823604,-0.06,,4823604,8339367,-3515763,光伏、破净股概念,-0.48,77606884,7213047340,1.03862,0
002850,科达利,2.0,893450,-0.68,83.88,4793992,-0.23,,4793992,35666391,-30872399,锂电池、锂电设备,0.46,237919662,9930158670,1.43912,0
300184,力源信息,1.7,1868300,-0.63,6.31,4762037,-0.16,,4762037,94376957,-89614920,芯片、华为概念,0.48,363071814,6418923718,0.844445,0
600653,申华控股,0.4,221166,-1.0,2.01,4715473,0.5,,4715473,13488213,-8772740,汽车服务、绿色电力,1.52,45116977,3029371297,1.22663,0
301270,汉仪股份,0.9,256896,0.7,40.11,4653039,0.63,,4653039,16316001,-11662962,腾讯系AI 、文化传媒,-0.07,103081425,2532932134,0.606907,0
002056,横店东磁,1.3,388294,0.0,13.2,4609177,1.3,,4609177,19846612,-15237435,光伏组件、固态电池,1.3,152411977,10317165637,1.11818,0
603997,继峰股份,0.2,50654,0.15,13.27,4503518,-0.3,,4503518,6381295,-1877777,特斯拉概念、内外饰,-0.45,66002948,7051050732,0.73916,0
300376,ST易事特,0.3,247432,-0.16,6.35,4373490,0.95,,4373490,15264293,-10890803,ST板块、第三代半导体,1.11,78543451,6317803978,0.451675,0
002130,沃尔核材,2.8,313782,0.7,7.26,4316832,1.11,,4316832,17354971,-13038139,高速连接、核电,0.41,87500117,7573529023,1.01249,0
002347,泰尔股份,0.3,103360,-0.55,5.54,4284767,1.28,,4284767,8181299,-3896532,机器人概念、锂电池,1.84,47481914,1953605210,0.894902,0
002448,中原内配,1.2,546975,0.56,7.32,4270406,2.95,,4270406,36503524,-32233118,无人驾驶、新型工业化,2.38,256849182,3308611249,2.34596,0
300503,昊志机电,1.4,3346200,-0.94,17.13,4230723,0.41,,4230723,59458074,-55227351,减速器、氢能源,1.36,290573480,3230567137,0.490101,6933291
300998,宁波方正,1.6,30225,0.0,23.52,4157301,1.16,,4157301,13833494,-9676193,锂电池、浙江,1.16,39663488,1548821658,1.00281,0
605208,永茂泰  ,0.2,451425,-0.2,9.99,4118614,2.25,,4118614,20415588,-16296974,汽车零部件、有色金属,2.46,167047231,1676725245,0.657003,0
601965,中国汽研,2.1,937012,-0.28,21.99,4105557,1.34,,4105557,50128617,-46023060,汽车服务、中字头,1.62,174197871,7847832913,0.678919,5686262
300863,卡倍亿,0.2,103551,-0.4,49.81,4090096,0.61,,4090096,11992279,-7902183,汽车类、三季报增长,1.01,60937019,1655414778,0.596039,0
600967,内蒙一机,3.8,457744,-0.23,8.52,4024837,-0.47,,4024837,8907647,-4882810,机器人概念、军工,-0.23,50356498,6536723262,1.09372,0
300276,三丰智能,0.8,926976,-0.97,4.13,4004984,0.24,,4004984,25636755,-21631771,机器人概念、专用设备,1.23,142254815,3304459099,0.606534,0
603596,伯特利  ,0.3,147120,-0.12,73.19,3906475,-0.62,,3906475,21552312,-17645837,比亚迪产业链、线控底盘,-0.5,131416128,19084942152,0.566466,3739000
300491,通合科技,0.4,75144,-0.12,24.28,3902692,0.04,,3902692,7597997,-3695305,换电站、充电桩,0.17,64843942,2952216297,0.650577,0
300733,西菱动力,3.5,2600150,-2.78,13.4,3878282,-2.05,,3878282,33384873,-29506591,商业航天、并购重组,0.75,175239297,2128660998,1.11075,0
688567,孚能科技,5.9,365382,-1.04,17.98,3874274,-1.15,,3874274,9318299,-5444025,锂电池、高压快充,-0.11,96525928,14653491048,1.49173,0
603959,ST百利  ,0.8,234546,-0.62,8.44,3754149,4.07,,3754149,27601630,-23847481,ST板块、汽车类,4.71,139616038,2887921855,1.76255,0
301511,德福科技,1.7,114210,0.12,24.74,3663996,1.94,,3663996,10380933,-6716937,印制电路板、通信,1.81,97261255,1439861174,1.54233,0
002049,紫光国微,0.9,2792070,-0.1,69.27,3587016,0.38,,3587016,132338410,-128751394,芯片、存储,0.48,560250972,43525499161,1.0027,606485
300445,康斯特,0.6,30700,0.0,15.4,3513938,0.33,,3513938,4643638,-1129700,传感器、三季报增长,0.33,43287835,1571716853,0.859446,0
603950,长源东谷,0.2,79296,0.43,16.58,3413561,0.79,,3413561,17270711,-13857150,发电机、算力,0.36,59819978,1974185453,0.605266,-2025293
000701,厦门信达,1.1,1121848,0.94,6.48,3294038,1.57,,3294038,29179013,-25884975,有色金属、电子商务,0.62,136222780,1870759555,1.52006,0
002384,东山精密,2.1,616656,-0.11,17.76,3264619,0.11,,3264619,52624335,-49359716,苹果概念、通信,0.23,270988321,22793021991,0.872353,0
688711,宏微科技,2.0,1442155,-0.35,40.84,3213362,1.87,,3213362,27781603,-24568241,芯片、科创板,2.23,131307959,4779216665,0.59497,4102988
600742,一汽富维,1.4,4583670,1.3,11.27,3131953,4.26,,3131953,243370265,-240238312,华为汽车、智能座舱,2.92,718546880,5238521550,0.788657,14271707
601677,明泰铝业,1.0,425500,-0.17,11.55,3102844,0.26,,3102844,19963078,-16860234,金属铝、铝箔,0.43,109697272,10760064097,0.742541,0
688612,威迈斯  ,1.1,32241,0.0,38.12,2980810,-1.04,,2980810,5600496,-2619686,汽车零部件、三季报增长,-1.04,48580124,1195464437,0.549423,0
002227,奥特迅,4.2,321708,1.02,13.08,2952137,2.27,,2952137,6045341,-3093204,电源、充电桩,1.24,56403310,1579859214,0.923804,0
688148,芳源股份,0.3,13616,-0.38,8.0,2927043,2.3,,2927043,4549394,-1622351,锂电池、汽车零部件,2.7,58461723,2747167624,1.97924,0
603960,克来机电,0.5,263900,-0.34,14.73,2906845,1.24,,2906845,9310416,-6403571,机器人概念、CPO/MPO,1.59,63130643,2395388798,0.85835,106068
688183,生益电子,4.1,202881,-0.34,11.63,2903816,-0.77,,2903816,3735265,-831449,印制电路板、科创板,-0.43,41144781,2833625496,0.927851,0
301170,锡南科技,11.0,214434,-0.15,32.71,2884623,0.52,,2884623,8339998,-5455375,氢能源、汽车类,0.68,47412234,776010429,0.79608,3317645
000678,襄阳轴承,0.2,933864,-1.18,6.76,2855831,0.0,,2855831,7797571,-4941740,机器人概念、汽车零部件,1.2,102440700,1678319127,1.0626,0
603109,神驰机电,1.0,191880,0.0,16.64,2774514,1.46,,2774514,4318933,-1544419,发电机、算力,1.46,35542977,1189918697,1.12797,0
300902,国安达,0.0,43095,0.91,33.22,2714715,1.13,,2714715,5531666,-2816951,储能、变压器,0.21,26458939,2677189037,0.773134,0
300218,安利股份,2.2,46830,0.0,13.67,2704698,2.17,,2704698,7217252,-4512554,聚氨酯、化工,2.17,47304760,1928433346,1.74824,0
000957,中通客车,1.6,1600640,-1.01,9.86,2687939,0.0,,2687939,18090625,-15402686,股权转让、汽车整车,1.02,111855092,3906044157,0.695301,0
301307,美利信,0.1,317400,0.09,34.53,2567654,0.17,,2567654,15513320,-12945666,通信、固态电池,0.09,80276580,1715672291,0.442653,0
605068,明新旭腾,0.5,35445,0.0,23.66,2412971,0.13,,2412971,7985458,-5572487,汽车零部件、内外饰,0.13,35644810,3743073608,0.929583,0
688533,上声电子,0.0,97073,0.19,42.79,2251906,0.12,,2251906,8582791,-6330885,华为汽车、科创板,-0.07,30780651,1710400000,0.571948,0
002823,凯中精密,2.0,93786,-0.49,12.36,2231882,0.98,,2231882,4285141,-2053259,特斯拉概念、比亚迪产业链,1.48,113087962,1719680558,2.07543,0
603026,石大胜华,0.2,33320,-0.42,48.81,2228022,2.11,,2228022,9305665,-7077643,固态电池、电解液,2.54,76936968,6272030089,1.67873,0
603728,鸣志电器,2.2,259000,0.57,69.93,2203039,0.47,,2203039,30343098,-28140059,宇树机器人、电机电控,-0.1,138829564,10729983040,0.815935,0
688088,虹软科技,0.7,311298,-0.38,39.49,2191755,-0.05,,2191755,25038772,-22847017,AIGC、汽车类,0.33,146430914,9219726114,0.839324,0
002913,奥士康,0.5,55309,-0.03,29.1,2171674,-0.07,,2171674,4424713,-2253039,印制电路板、算力,-0.03,50519488,2637298353,0.725734,0
688195,腾景科技,7.6,238483,-0.06,31.2,2129499,-0.48,,2129499,9290046,-7160547,光刻机、三季报增长,-0.41,95378473,2550952800,0.583235,0
002442,龙星科技,1.8,280171,0.36,5.64,2097694,1.62,,2097694,2578766,-481072,化工、锂电池,1.26,32860570,1769204536,1.13043,0
600869,远东股份,1.6,106426,0.0,4.27,2086433,1.91,,2086433,8133025,-6046592,阿里系AI、特高压,1.91,55722208,4266310142,0.717085,0
688559,海目星  ,0.1,28944,0.25,36.36,2051336,0.75,,2051336,5379177,-3327841,医疗器械、锂电设备,0.5,40090516,4972664053,0.869791,0
688208,道通科技,0.6,257972,-0.5,26.07,2042464,-0.23,,2042464,5590680,-3548216,充电桩、汽车零部件,0.27,85455577,7413155220,0.925871,0
002480,新筑股份,1.1,30566,0.0,4.96,2006423,0.61,,2006423,6919219,-4912796,机器人概念、氢能源,0.61,42373393,2668623871,1.1415,0
002350,北京科锐,0.3,69550,-0.61,6.63,1848962,1.38,,1848962,5135493,-3286531,电气设备、储能,2.0,40255610,2175625330,0.677383,0
688667,菱电电控,1.0,34800,0.0,86.4,1794840,-0.69,,1794840,5462896,-3668056,专精特新、汽车类,-0.69,44704072,1786616588,0.877295,0
002592,ST八菱,9.6,386784,-0.49,6.17,1706442,0.33,,1706442,3829758,-2123316,ST板块、汽车类,0.82,28187111,1068096165,0.406359,0
603701,德宏股份,1.0,144045,-0.54,15.04,1647653,0.74,,1647653,9174195,-7526542,汽车零部件、农业,1.28,42639776,2030209588,0.700072,0
301397,溯联股份,3.4,637440,-1.17,49.48,1626397,-1.81,,1626397,29873633,-28247236,西部大开发、氢能源,-0.64,108767292,1170858787,0.683071,-3948024
002662,京威股份,1.6,1138320,-0.27,3.74,1621940,0.27,,1621940,15635443,-14013503,锂电池、氢能源,0.54,81293738,3253759002,0.698802,0
002643,万润股份,1.2,270231,-0.31,16.15,1609625,0.69,,1609625,4344581,-2734956,光刻胶、锂电池,1.0,57480683,9661184963,0.55413,0
300975,商络电子,0.8,1416855,-0.12,8.32,1587272,0.0,,1587272,18178466,-16591194,飞行汽车、小米汽车,0.12,130265040,2163881401,0.398469,0
300806,斯迪克,0.9,104650,0.27,14.98,1581580,0.47,,1581580,8715347,-7133767,苹果概念、石墨化,0.2,34141838,3983777115,0.733718,-4479224
002048,宁波华翔,2.4,406980,-0.23,13.32,1567548,-0.08,,1567548,8657621,-7090073,小米汽车、特斯拉概念,0.15,80335012,5721265324,0.878388,0
603232,格尔软件,0.8,114480,-0.28,14.27,1555650,-0.56,,1555650,2400932,-845282,量子科技、信创,-0.28,35994777,2345725932,0.690181,0
603586,金麒麟  ,0.6,460920,0.48,16.78,1491970,0.96,,1491970,8370010,-6878040,汽车零部件、碳陶刹车,0.48,83464836,1443973546,0.605065,0
001283,豪鹏科技,0.3,337032,-0.13,48.1,1489456,2.62,,1489456,24030919,-22541463,三季报增长、固态电池,2.76,124886678,2331605604,2.05257,0
000807,云铝股份,0.2,453185,-0.34,11.75,1486873,0.51,,1486873,73998425,-72511552,汽车类、有色金属,0.86,390033820,20902716558,0.812149,0
002715,登云股份,0.5,89430,0.43,16.35,1473453,0.99,,1473453,1805453,-332000,汽车零部件、并购重组,0.55,20689133,1376343000,0.972169,0
688737,中自科技,1.0,15438,0.61,33.15,1444348,0.45,,1444348,1753559,-309211,固态电池、汽车类,-0.15,19652552,1984816377,0.826157,0
603335,迪生力  ,0.5,103392,0.0,7.14,1401742,-0.56,,1401742,3899054,-2497312,汽车零部件、锂电池,-0.56,61463746,1482615144,0.726584,0
601777,千里科技,0.3,450151,-0.98,4.08,1381251,0.25,,1381251,14627635,-13246384,汽车整车、露营经济,1.24,99062237,11391351840,0.427026,0
002249,大洋电机,0.7,371504,-0.2,5.03,1375948,1.21,,1375948,11556104,-10180156,氢燃料电池、加氢站,1.41,124234778,8055667072,1.44104,0
603895,天永智能,0.9,198448,-0.87,25.4,1345233,0.24,,1345233,2740267,-1395034,机器人概念、锂电池,1.11,29152289,912326013,0.707604,0
300626,华瑞股份,0.7,49021,0.58,10.57,1341181,1.93,,1341181,3778286,-2437105,地方国企、国有企业,1.34,36150780,1079434726,1.21117,0
002931,锋龙股份,1.5,217155,-0.71,14.2,1325060,0.64,,1325060,7425437,-6100377,机器人概念、实控人变更,1.36,99249330,1119457545,0.948041,0
002138,顺络电子,2.0,223256,-0.42,25.9,1319269,-0.65,,1319269,15696052,-14376783,元器件、三季报增长,-0.23,143948636,16567837599,0.840284,0
600848,上海临港,0.0,68288,0.09,10.81,1300886,1.41,,1300886,3271086,-1970200,房地产、汽车零部件,1.31,32312072,10948734882,0.877816,0
603089,正裕工业,1.4,144525,-0.17,11.73,1240117,-0.34,,1240117,2798442,-1558325,汽车零部件、超跌,-0.17,42367289,904116430,0.729021,0
002730,电光科技,1.3,180495,-0.11,9.55,1173384,0.95,,1173384,2611886,-1438502,机器人概念、算力租赁,1.06,40295730,1704534866,1.38929,0
002666,德联集团,1.1,85504,0.0,5.16,1169545,0.78,,1169545,2774401,-1604856,化工、汽车热管理,0.78,48375819,1831129883,0.754974,0
600817,宇通重工,1.4,99601,-0.51,9.75,1148372,0.31,,1148372,1546487,-398115,无人驾驶、环保,0.83,16816964,4044928641,0.626544,0
301000,肇民科技,0.3,24150,0.17,17.29,1112171,0.41,,1112171,1443742,-331571,机器人概念、新材料概念,0.23,17756465,971576786,0.589671,0
002125,湘潭电化,0.0,35496,-0.29,10.61,1109702,1.34,,1109702,5682201,-4572499,固态电池、金属锰,1.63,65966737,3919360848,1.80329,0
301020,密封科技,0.4,113204,-0.59,21.84,1100785,-0.27,,1100785,2851258,-1750473,汽车零部件、地方国企,0.32,36755618,956184662,0.44188,0
301518,长华化学,0.1,7140,0.46,23.88,1098964,0.8,,1098964,1916862,-817898,汽车类、化工,0.34,26553482,795183802,1.06929,0
605288,凯迪股份,1.2,98560,0.11,45.2,1091681,1.01,,1091681,1662587,-570906,医疗器械、钒电池,0.89,26620623,823411009,0.752623,0
600623,华谊集团,2.4,251920,-0.3,6.74,1079782,0.3,,1079782,3139573,-2059791,汽车类、醋酸,0.6,54820777,4334282928,0.841871,0
300221,银禧科技,1.8,44429,0.7,5.78,1066750,0.87,,1066750,2131158,-1064408,可降解概念、OLED,0.17,35843985,2628553185,0.844324,0
300747,锐科激光,0.9,379155,0.54,24.11,1039864,0.37,,1039864,9779683,-8739819,央企、国有企业,-0.17,69643374,7360732492,0.71536,0
002160,常铝股份,0.3,207200,-0.25,4.08,1014703,1.75,,1014703,4699337,-3684634,汽车零部件、有色金属,2.0,52472955,2595571384,0.939264,0
301319,唯特偶,2.0,56800,0.0,56.53,1006952,-0.48,,1006952,2469916,-1462964,光伏、BC电池,-0.48,33949646,811997733,1.19082,0
001282,三联锻造,2.1,726200,-0.47,36.19,1004908,-0.79,,1004908,17128059,-16123151,小米汽车、机器人概念,-0.33,114608833,1026788400,0.605572,0
601500,通用股份,0.7,112280,0.0,4.01,982291,0.0,,982291,11491399,-10509108,轮胎、汽车零部件,0.0,59927088,3295443659,0.714758,0
600563,法拉电子,0.8,107460,-0.5,90.37,976987,0.41,,976987,4687538,-3710551,元器件、汽车类,0.92,90640561,9584435227,1.14901,0
300742,越博退,3.7,226942,0.0,5.0,953125,7.3,,953125,4946354,-3993229,线控底盘、一季报增长,7.3,50662401,480842416,1.64502,0
601633,长城汽车,3.4,1250815,-0.27,25.98,946431,0.46,,946431,39570807,-38624376,汽车整车、固态电池,0.74,292598919,27296805160,0.824579,0
603305,旭升集团,0.3,155688,0.0,20.03,934331,0.35,,934331,8946142,-8011811,比亚迪产业链、汽车零部件,0.35,116460535,7427606872,0.694166,0
301439,泓淋电力,0.0,44400,0.0,14.95,919106,1.01,,919106,1240534,-321428,充电桩、消费电子,1.01,23137624,1454336000,0.680383,0
001255,博菲电气,0.5,30510,-0.09,34.48,915786,1.62,,915786,2089884,-1174098,化工、基础建设,1.71,18664356,690000000,1.40854,0
300572,安车检测,0.4,822267,-0.78,19.23,874827,0.47,,874827,32004712,-31129885,汽车检测、再融资,1.26,129599447,3242178635,0.931492,-5603670
601177,杭齿前进,2.1,45650,0.44,9.22,863753,1.43,,863753,3530720,-2666967,机器人概念、农业,0.99,36418485,1842184186,1.39589,0
300718,长盛轴承,2.4,100650,1.1,18.15,828538,0.28,,828538,4036986,-3208448,宇树机器人、基础建设,-0.82,45426926,2261222325,0.842006,0
002806,华锋股份,0.3,657940,-1.47,13.92,825197,2.35,,825197,45782965,-44957768,汽车零部件、储能,3.88,373579932,1785609240,0.943325,0
600662,外服控股,0.7,24672,0.0,5.11,818895,-0.58,,818895,3030527,-2211632,上海国资改革、国有企业,-0.58,26716585,3230631186,1.13018,0
300473,德尔股份,4.4,607320,-0.21,19.47,811877,0.78,,811877,14148804,-13336927,固态电池、并购重组,0.99,102016498,1884001904,0.778069,0
600405,动力源  ,17.1,3376191,-0.34,5.9,807999,1.2,,807999,38663817,-37855818,电源、汽车类,1.55,272878141,2892663805,1.10188,0
300932,三友联众,0.4,17204,0.0,15.85,798459,1.34,,798459,1738580,-940121,电气设备、三季报增长,1.34,23821406,1246649394,1.14589,0
003033,征和工业,1.0,878702,0.72,35.61,783910,-1.22,,783910,5061635,-4277725,农机、农业,-1.93,64246505,825467153,0.508823,0
688165,埃夫特  ,0.1,8592,0.75,10.66,777752,0.0,,777752,3155819,-2378067,机器人概念、科创板,-0.74,37203283,2098930988,0.709476,0
300080,易成新能,2.2,56974,-0.21,4.75,761278,1.5,,761278,3741105,-2979827,光伏、石墨负极,1.71,36004049,3964231472,1.12458,0
002101,广东鸿图,5.2,157509,-0.19,16.03,752424,0.56,,752424,5124064,-4371640,特斯拉概念、一体化压铸,0.75,54047244,4276671745,0.67243,0
000861,海印股份,1.4,103020,0.0,2.04,741802,0.0,,741802,4934112,-4192310,物业服务、光伏,0.0,24272607,3747160684,0.399749,0
002617,露笑科技,0.5,1190337,-0.16,6.5,730380,1.25,,730380,31030778,-30300398,高速连接、碳化硅,1.4,123454162,10022961982,0.357982,3698500
300410,正业科技,0.2,356748,-0.23,8.68,694325,-0.23,,694325,5234752,-4540427,光伏、先进封装,0.0,58581418,2052288666,0.903646,0
300816,艾可蓝,0.7,53550,0.0,25.63,683998,0.51,,683998,1549156,-865158,DeepSeek、三季报增长,0.51,44072867,970120149,1.45721,0
688678,福立旺  ,2.0,21074,0.59,17.0,683034,-0.12,,683034,1050233,-367199,内外饰、光伏,-0.7,29579781,1540567978,0.916194,0
300543,朗科智能,0.4,102400,-0.19,10.38,677842,1.17,,677842,677842,0,宇树机器人、锂电池,1.37,36985671,2038877633,0.726824,0
002085,万丰奥威,0.2,354584,0.79,5.05,673023,0.2,,673023,12653311,-11980288,飞行汽车、汽车类,-0.59,91280927,6414656197,0.891563,0
600303,ST曙光  ,5.0,153186,0.24,4.19,665417,-0.48,,665417,3278195,-2612778,ST板块、锂电池,-0.71,20167861,2253361635,0.7931,0
603949,雪龙集团,0.0,0,0.0,26.95,650285,-1.32,,650285,29856983,-29206698,宇树机器人、农业,-1.32,79112847,1620705629,0.821852,-4087500
300890,翔丰华,1.0,33090,0.0,33.84,617558,2.27,,617558,7547795,-6930237,固态电池、负极,2.27,65969024,2944165041,1.9593,0
300040,九洲集团,2.6,176886,0.72,5.59,501117,0.9,,501117,894517,-393400,绿色电力、电气设备,0.18,30002312,2342759885,1.10996,0
603655,朗博科技,1.1,51037,0.27,22.19,491191,0.27,,491191,2908392,-2417201,汽车零部件、橡胶,0.0,22164059,759059221,0.814808,0
000996,中期退,0.3,58250,0.43,4.7,479493,1.29,,479493,1208638,-729145,白酒、酿酒,0.86,7827036,1306270671,0.474348,0
300126,锐奇股份,5.3,161397,0.14,7.15,461104,0.7,,461104,461104,0,机器人概念、壳资源,0.56,20863702,1283785646,0.702725,0
300893,松原安全,5.3,106375,0.95,28.66,446749,0.63,,446749,877428,-430679,三季报增长、年报增长,-0.31,22834243,1639625150,0.830017,0
002144,宏达高科,0.6,203794,-0.34,11.85,436148,0.25,,436148,1737332,-1301184,医疗器械、汽车类,0.59,39511507,1508079035,0.939219,0
300964,本川智能,2.4,1677718,-0.92,40.78,432947,-1.5,,432947,10724463,-10291516,商业航天、汽车电子,-0.59,85601291,1259723422,0.792728,0
605050,福然德  ,0.8,91575,-0.73,12.38,426959,0.65,,426959,6660454,-6233495,物流、高股息,1.39,35975642,1641658539,0.764278,0
301252,同星科技,7.5,64890,-0.51,43.41,419251,-0.16,,419251,1571491,-1152240,液冷服务器、汽车零部件,0.35,24978446,868800000,0.399567,0
603355,莱克电气,3.6,117555,0.3,23.02,416731,0.17,,416731,722047,-305316,家电、并购重组,-0.13,19674989,2631127643,0.619983,0
300237,美晨科技,13.1,239400,0.0,2.11,402923,0.48,,402923,3884547,-3481624,汽车零部件、环保,0.48,24887476,2200592896,0.608793,0
688022,瀚川智能,0.3,27600,0.22,22.85,394035,-0.44,,394035,4533438,-4139403,高速连接、一带一路,-0.65,49877946,2668142494,0.666893,0
002627,三峡旅游,2.5,310245,-0.54,5.57,383193,-0.18,,383193,2143603,-1760410,旅游、并购重组,0.36,36617276,2719628443,0.828558,0
002196,方正电机,46.5,703440,-1.1,7.28,374154,0.0,,374154,7246585,-6872431,机器人概念、扁线,1.11,63265641,2990299683,0.904609,0
600807,济高发展,0.1,307650,0.0,3.48,337590,-0.57,,337590,3921097,-3583507,基因疗法、并购重组,-0.57,45015827,2398717059,0.608013,0
603333,尚纬股份,6.6,97112,0.41,4.97,335220,2.26,,335220,3427690,-3092470,轨道交通、汽车类,1.84,45927145,1624253827,1.40789,0
603159,上海亚虹,1.5,170465,-0.6,16.6,331830,-0.3,,331830,1002428,-670598,特斯拉概念、股权转让,0.3,23248497,889870634,1.11542,0
301198,喜悦智行,2.8,120978,0.78,12.79,328696,0.16,,328696,1387918,-1059222,特斯拉概念、包装印刷,-0.62,32813003,997148334,1.13669,0
688379,华光新材,0.2,21838,0.2,20.05,326973,0.55,,326973,326973,0,机器人概念、绿色电力,0.35,17153625,837769275,0.810452,0
301182,凯旺科技,10.5,50589,0.79,24.19,312680,1.21,,312680,312680,0,宇树机器人、消费电子,0.42,30122891,746034665,1.1091,0
600718,东软集团,1.9,311350,0.0,9.57,307589,-0.1,,307589,7357869,-7050280,智能座舱、并购重组,-0.1,114832045,9101891415,0.992865,0
301031,中熔电气,0.2,25834,-0.75,129.18,303316,-0.74,,303316,4624940,-4321624,汽车充电、西部大开发,0.01,38697409,4572243724,0.427909,0
688697,纽威数控,0.7,54566,-0.25,19.58,283925,0.0,,283925,2518906,-2234981,工业母机、年报增长,0.26,38416444,1601483987,0.920271,0
000004,国华网安,0.5,202176,0.06,17.02,255741,-1.45,,255741,9644439,-9388698,AI安全、鸿蒙概念,-1.5,103581258,1603960527,0.885518,0
603012,创力集团,0.2,209072,-0.34,5.88,242215,0.34,,242215,4180217,-3938002,人工智能、破净股概念,0.68,30604159,3018101873,0.574344,0
600361,创新新材,0.6,41968,0.62,4.86,204382,0.21,,204382,1540839,-1336457,苹果概念、并购重组,-0.41,23513005,2270105390,0.924266,0
688141,杰华特  ,0.4,22837,-0.48,31.59,187469,0.22,,187469,2344100,-2156631,芯片、储能,0.7,31941314,1648178697,0.526142,0
600609,金杯汽车,0.9,147680,0.0,5.21,175799,0.19,,175799,6619772,-6443973,汽车整车、地方国企,0.19,60110090,5210310314,0.688961,0
301338,凯格精机,0.3,114296,-0.44,40.72,170831,-0.68,,170831,4191929,-4021098,华为概念、三季报增长,-0.24,52672795,1396010000,0.523802,0
002076,星光股份,0.1,57596,0.0,2.39,148661,0.42,,148661,2614510,-2465849,云计算、数字经济,0.42,23791202,2238031025,0.788471,0
300549,优德精密,3.1,339663,0.16,19.28,135429,0.63,,135429,3066224,-2930795,机器人概念、超跌,0.47,38895388,1186287530,0.413363,0
688113,联测科技,0.0,0,0.0,44.29,127870,-0.2,,127870,442099,-314229,小米汽车、科创板,-0.2,6776447,1640344939,0.897217,0
300062,中能电气,3.0,78000,0.0,6.31,127580,1.12,,127580,2548771,-2421191,光储充一体化、锂电池,1.12,31743829,2077535266,0.911727,0
688103,国力股份,0.0,45801,0.0,51.43,121558,1.06,,121558,3318623,-3197065,通用航空、电气设备,1.06,19400552,3200942156,0.540858,0
301226,祥明智能,0.6,6867,0.44,22.97,119912,0.79,,119912,461200,-341288,光伏、算力,0.35,23224942,1125892080,0.964054,0
300547,川环科技,0.7,201240,0.0,17.02,79165,1.49,,79165,12071193,-11992028,液冷服务器、汽车类,1.49,111763107,2618286233,0.540414,0
002529,海源复材,0.3,61710,-0.27,11.36,66429,0.98,,66429,1249298,-1182869,异质结电池、汽车类,1.25,34405096,2417749027,1.34112,0
300602,飞荣达,1.2,402085,0.0,17.14,43362,0.18,,43362,28068574,-28025212,华为概念、汽车类,0.18,153502083,4573311363,0.63646,0
300320,海达股份,29.0,22765,0.0,7.91,27676,0.76,,27676,3485454,-3457778,光伏、光储充一体化,0.76,37992053,3230308638,0.791467,0
688201,信安世纪,3.6,122615,0.61,21.28,12190,0.61,,12190,2239622,-2227432,量子科技、科创板,0.0,36438143,2002282929,0.945069,0
002759,天际股份,1.1,121330,0.0,11.21,0,1.63,,0,0,0,电解液、固态电池,1.63,52706329,3213159109,1.73839,0
002996,顺博合金,0.3,52499,-0.36,11.36,0,1.34,,0,0,0,汽车零部件、有色金属,1.7,18145185,860137667,0.879297,0
301322,绿通科技,0.3,85020,-0.4,42.62,0,-0.14,,0,0,0,新能源汽车、外贸,0.26,20691002,1120234500,0.816899,0
603112,华翔股份,0.1,34804,-0.08,12.39,0,-0.4,,0,0,0,并购重组、高股息,-0.32,15248010,1396879397,0.508268,0
300843,胜蓝股份,1.0,39942,0.32,22.26,-30111,0.63,,-30111,676793,-706904,高速连接、低空经济,0.32,28105616,1149716146,0.815877,0
688021,奥福环保,0.2,5846,1.12,22.23,-37789,-0.4,,-37789,1834487,-1872276,汽车类、破净股概念,-1.51,20568597,1069895475,1.33271,0
001380,华纬科技,5.4,316480,0.29,34.28,-42449,-0.06,,-42449,7442349,-7484798,机器人概念、新能源汽车,-0.35,48867697,1103212800,0.675044,0
002782,可立克,1.7,525632,-0.29,13.83,-44090,0.22,,-44090,18661888,-18705978,华为超充、汽车类,0.51,107459411,2692964564,0.564239,0
688395,正弦电气,0.4,11665,0.0,23.45,-59502,0.51,,-59502,487401,-546903,科创板、抽水蓄能,0.51,12509791,779383762,0.718907,0
301022,海泰科,1.1,200200,-0.52,28.57,-103364,-0.63,,-103364,1770942,-1874306,小米汽车、汽车类,-0.1,38945427,944528091,0.727694,0
300956,英力股份,1.2,86112,0.84,17.81,-132676,0.11,,-132676,682127,-814803,AI PC、消费电子,-0.72,25777699,1019816319,0.87252,0
000981,山子高科,0.9,245487,-0.57,1.76,-157296,1.15,,-157296,26641766,-26799062,汽车零部件、甘肃省,1.73,82562651,7064534055,0.593411,0
002026,山东威达,0.3,301264,-0.2,10.06,-185230,1.31,,-185230,8117350,-8302580,换电站、汽车类,1.51,97796957,2861219566,0.43491,0
688529,豪森智能,1.1,36480,0.0,23.03,-205381,1.01,,-205381,923596,-1128977,新能源汽车、科创板,1.01,14876663,2771993700,0.641649,0
002226,江南化工,1.8,346104,0.0,4.41,-225474,0.92,,-225474,2424164,-2649638,ChatGPT、并购重组,0.92,39105842,4262809384,0.623361,0
688090,瑞松科技,0.2,42728,0.0,30.51,-228847,-0.03,,-228847,1550449,-1779296,机器人概念、专精特新,-0.03,21220653,1142962924,0.966268,0
300462,华铭智能,0.6,565902,-0.39,12.72,-229143,0.08,,-229143,9487507,-9716650,数字货币、数字经济,0.47,139559701,1526030866,0.497191,0
603275,众辰科技,0.8,141678,0.02,41.64,-238114,-0.05,,-238114,1221374,-1459488,机器人概念、汽车类,-0.07,34934724,1518738073,0.75431,0
002009,天奇股份,0.4,960785,-0.91,14.3,-238923,0.14,,-238923,26420988,-26659911,机器人概念、电池回收,1.06,141081878,3840870149,0.711818,-3148808
002838,道恩股份,0.3,18074,-0.31,13.12,-254954,1.31,,-254954,2034420,-2289374,机器人概念、病毒防治,1.63,28804712,2274630850,1.00878,0
603922,金鸿顺  ,1.0,5246,0.38,26.09,-260524,-0.15,,-260524,1041976,-1302500,机器人概念、并购重组,-0.53,10616916,1712024965,0.637702,0
603786,科博达  ,0.9,101584,-0.21,72.05,-283408,-0.91,,-283408,826504,-1109912,比亚迪产业链、汽车零部件,-0.7,27166205,9826331345,0.662902,0
002595,豪迈科技,0.9,150436,-0.14,29.13,-287594,0.55,,-287594,5832905,-6120499,汽车类、燃气轮机,0.69,46251136,13921507574,0.910535,0
300285,国瓷材料,0.3,34034,0.45,24.17,-297944,-0.12,,-297944,1077602,-1375546,电阻电容、新材料概念,-0.58,65958272,14078094645,0.623219,0
603380,易德龙  ,0.9,148365,0.0,23.48,-299634,-0.3,,-299634,4595945,-4895579,服务器、算力,-0.3,47863473,1471448746,1.07683,0
300032,金龙机电,0.5,285012,0.16,6.15,-309839,1.15,,-309839,14632811,-14942650,电子烟、消费电子,0.99,78937062,4127511748,0.735193,0
605100,华丰股份,0.2,6300,0.64,15.77,-318000,0.77,,-318000,0,-318000,发电机、固态电池,0.13,20400702,1291104088,1.17002,0
603040,新坐标  ,0.4,36208,0.0,22.55,-323012,-0.35,,-323012,675599,-998611,汽车零部件、环保,-0.35,35068661,1463344234,0.97566,0
000836,ST富通,1.1,446008,-0.35,2.84,-328236,0.0,,-328236,15138900,-15467136,通信、数字经济,0.35,77497060,2765330070,0.68776,0
002158,汉钟精机,0.7,50232,-0.05,21.86,-335992,0.05,,-335992,4093497,-4429489,新型工业化、雄安新区,0.09,67874015,3506444840,1.12579,0
000030,富奥股份,2.6,433260,0.0,5.79,-359293,-0.17,,-359293,3637058,-3996351,并购重组、锂电池,-0.17,56792866,2802706825,0.476172,0
603039,泛微网络,0.2,24675,-0.26,50.3,-389148,1.66,,-389148,3961528,-4350676,DeepSeek、股权转让,1.93,35202595,6343259645,0.781862,0
002334,英威腾,1.0,500320,-0.24,8.51,-401376,0.12,,-401376,12202939,-12604315,数据中心、算力,0.35,104022063,5875860890,0.90037,0
300611,美力科技,0.4,144460,0.52,11.62,-415643,0.26,,-415643,5180611,-5596254,并购重组、超跌,-0.26,56172834,1506704711,0.626885,0
688237,超卓航科,0.0,33705,-0.13,37.5,-423898,0.0,,-423898,676800,-1100698,军工、年报增长,0.13,9401611,1363472479,0.398569,0
301196,唯科科技,0.0,3483,0.0,34.98,-435895,0.43,,-435895,361221,-797116,专用设备、多胎概念,0.43,13840353,1326352500,0.759722,0
301292,海科新源,6.5,50882,0.15,19.84,-442965,1.54,,-442965,2116550,-2559515,固态电池、锂电池,1.38,38008461,847870672,1.4518,0
688306,均普智能,3.3,244905,0.72,5.59,-443538,0.0,,-443538,2818570,-3262108,机器人概念、汽车零部件,-0.71,33534032,2133014186,0.637067,0
603111,康尼机电,0.2,46032,-0.18,5.53,-446695,0.73,,-446695,1671661,-2118356,机器人概念、基础建设,0.91,41858707,4144866430,1.03471,0
300690,双一科技,1.8,194320,-0.8,17.4,-460447,-0.51,,-460447,1417114,-1877561,飞行汽车、碳纤维,0.29,44371676,1632282553,1.02336,0
603160,汇顶科技,1.6,781698,-0.16,68.62,-465841,-0.09,,-465841,20583242,-21049083,并购重组、模拟芯片,0.07,196013338,17294490287,0.72856,0
300638,广和通,0.7,418176,-0.36,19.45,-470084,0.1,,-470084,17754638,-18224722,AI玩具、通信,0.46,163108991,8671047520,0.866744,-3715015
002630,华西能源,0.4,377253,0.0,2.53,-470093,0.8,,-470093,7441665,-7911758,电气设备、垃圾发电,0.8,45256087,2583053520,0.959194,0
601163,三角轮胎,0.6,42166,0.0,14.53,-482573,-0.07,,-482573,2310084,-2792657,汽车零部件、橡胶,-0.07,37855685,5012850000,0.783449,0
301528,多浦乐,0.4,96980,0.0,75.29,-487357,0.92,,-487357,3186677,-3674034,专用设备、汽车零部件,0.92,36533765,1062579439,0.336594,0
600990,四创电子,0.3,106794,0.24,20.78,-497361,-0.53,,-497361,4568044,-5065405,军工、低空经济,-0.76,46809262,3204892898,0.676018,0
600741,华域汽车,0.5,338640,0.0,16.51,-508526,-0.54,,-508526,32351924,-32860450,汽车类、小米汽车,-0.54,152067928,18159349149,0.940069,-4249090
002357,富临运业,1.3,280896,-0.5,8.01,-510367,-0.12,,-510367,3175968,-3686335,网约车、成渝经济圈,0.38,53386360,1759033395,0.696062,0
300209,*ST有树,2.4,116580,-0.68,2.94,-514767,0.68,,-514767,2749850,-3264617,ST板块、数字经济,1.38,17663668,1168401223,0.816513,0
603090,宏盛股份,12.7,640200,0.55,22.38,-531933,2.29,,-531933,4850318,-5382251,数据中心、有色金属,1.73,58508876,1056874167,1.30637,0
600650,锦江在线,0.9,55404,-0.61,9.85,-537370,0.72,,-537370,0,-537370,无人驾驶、参股券商,1.34,17437352,1751327441,0.951682,0
002288,*ST超华,3.5,286385,0.0,4.51,-560549,0.0,,-560549,6230326,-6790875,锂电池、铜箔,0.0,36709094,3055990910,0.863135,0
600182,S佳通   ,1.9,34569,0.13,15.01,-583883,0.0,,-583883,1678591,-2262474,轮胎、橡胶,-0.13,11525961,2556800000,0.677454,0
002553,南方精工,4.8,320178,-0.72,12.58,-612768,0.64,,-612768,18126956,-18739724,机器人概念、芯片,1.37,114073704,2557968930,0.864668,3309186
603166,福达股份,2.8,729144,-1.07,7.42,-661180,-0.54,,-661180,2289416,-2950596,机器人概念、西部大开发,0.54,61905370,2162826441,0.764092,0
300305,裕兴股份,0.7,64285,0.0,9.99,-671667,1.01,,-671667,633172,-1304839,BC电池、破净股概念,1.01,19786819,1759857141,0.949866,0
002283,天润工业,0.3,116510,0.0,6.12,-685894,0.33,,-685894,6593167,-7279061,机器人概念、新型工业化,0.33,69397412,4865284699,1.05087,0
688218,江苏北人,5.4,52713,0.21,19.32,-689131,-0.62,,-689131,3369633,-4058764,机器人概念、储能,-0.82,54286684,1865822290,0.854958,0
300421,力星股份,0.8,112290,0.51,9.83,-693488,0.31,,-693488,4109670,-4803158,机器人概念、风电零部件,-0.2,63480838,2102347650,0.99096,0
000622,*ST恒立,2.8,363888,-0.22,4.63,-717081,1.31,,-717081,1367329,-2084410,ST板块、汽车热管理,1.54,26742160,1513333056,0.856864,0
600151,航天机电,1.0,163236,0.15,6.71,-742942,0.45,,-742942,10829051,-11571993,卫星导航、军工,0.3,60493668,7069740468,0.43325,0
002824,和胜股份,0.3,117218,-0.39,20.32,-758865,0.15,,-758865,7073614,-7832479,华为手机、比亚迪产业链,0.54,80421778,2908149456,0.699296,0
301107,瑜欣电子,6.0,38052,0.03,31.97,-773851,0.85,,-773851,0,-773851,氢能源、汽车类,0.82,26636311,669664022,1.13126,0
002975,博杰股份,1.2,62814,0.0,33.15,-782583,0.27,,-782583,686099,-1468682,阿里系AI、人工智能,0.27,27151698,1698149287,0.856854,0
301023,江南奕帆,9.0,36459,-0.25,40.55,-793885,-0.15,,-793885,310839,-1104724,光伏、特高压,0.1,16585445,896759165,0.723006,0
003031,中瓷电子,0.2,136065,-0.65,90.54,-796673,-0.83,,-796673,15098488,-15895161,第三代半导体、汽车电子,-0.19,96087798,4729252130,0.486097,0
300652,雷迪克,2.0,655523,0.54,25.88,-799542,0.43,,-799542,397645,-1197187,三季报增长、浙江,-0.12,38423850,1193418414,0.998155,0
301086,鸿富瀚,3.2,59826,0.24,46.0,-874841,0.2,,-874841,921979,-1796820,三季报增长、算力,-0.04,19538057,1035311033,0.872906,0
300176,鸿特科技,1.2,203742,-0.57,7.01,-884206,0.57,,-884206,1144636,-2028842,低空经济、环保,1.15,33022401,1920590713,0.83371,0
603660,苏州科达,1.2,342324,0.0,6.64,-895994,-0.3,,-895994,1233758,-2129752,训推一体机、GPT4,-0.3,34313253,2414379698,0.6558,0
002674,兴业科技,2.1,180180,0.0,12.63,-903853,0.24,,-903853,0,-903853,内外饰、并购重组,0.24,26039137,1680782157,0.802575,0
300681,英搏尔,0.8,84323,-0.71,19.92,-928172,0.86,,-928172,15555521,-16483693,汽车零部件、电机电控,1.58,109002072,2974323564,1.16242,0
002623,亚玛顿,2.8,93096,-0.5,26.03,-932466,0.15,,-932466,8008008,-8940474,光伏玻璃、光储充一体化,0.66,45126568,2641111231,1.31969,-4418292
300885,海昌新材,0.7,173204,0.0,10.13,-968231,0.6,,-968231,345433,-1313664,机器人概念、三季报增长,0.6,38555449,939718607,0.455867,0
301508,中机认检,1.7,14354300,-5.46,41.38,-989290,-0.96,,-989290,139954240,-140943530,中字头、新能源汽车,4.76,921356963,1783862468,0.751348,0
600761,安徽合力,0.2,50848,-0.06,15.88,-1004085,-0.13,,-1004085,26456615,-27460700,工程机械、基础建设,-0.06,121490639,7184259341,1.46387,-3043977
301210,金杨股份,1.1,183680,0.0,45.51,-1039551,1.58,,-1039551,4044162,-5083713,固态电池、锂电池,1.58,47430658,748831996,1.16245,0
002253,川大智胜,0.2,390080,-0.41,14.86,-1085955,0.54,,-1085955,3155608,-4241563,华为昇腾、元宇宙,0.95,57319488,2558512675,0.795905,0
300817,双飞集团,0.5,149265,0.56,16.16,-1089405,1.25,,-1089405,1363674,-2453079,机器人概念、风电,0.69,57182368,1128887931,1.19392,0
300019,硅宝科技,0.3,27880,0.0,16.53,-1096324,0.79,,-1096324,5232591,-6328915,成人用品、有机硅,0.79,46117404,3666344238,1.36622,0
300585,奥联电子,1.9,200482,0.06,17.07,-1133771,0.53,,-1133771,6846599,-7980370,无人驾驶、钙钛矿电池,0.47,88858215,1717040980,0.895001,0
300745,欣锐科技,1.6,97449,-0.34,29.45,-1139133,-0.61,,-1139133,5502436,-6641569,比亚迪产业链、氢能源,-0.27,47158986,2762895327,0.564232,0
603348,文灿股份,6.1,392121,-0.65,38.18,-1143238,-0.37,,-1143238,7035564,-8178802,华为汽车、一体化压铸,0.29,80954407,5477359256,0.713632,0
603306,华懋科技,0.9,133515,-0.77,29.84,-1164670,-0.2,,-1164670,23009873,-24174543,光刻胶、股权转让,0.57,104959212,7707199281,0.745031,-7272894
688162,巨一科技,0.0,640969,-0.44,32.09,-1184925,1.04,,-1184925,1258001,-2442926,电机电控、固态电池,1.49,24998043,1341990270,0.699348,0
603075,热威股份,1.0,22230,0.24,24.81,-1195405,0.69,,-1195405,644260,-1839665,汽车零部件、汽车类,0.45,28476063,959627371,0.532343,0
002045,国光电器,4.1,4911725,-1.59,15.61,-1198110,-0.7,,-1198110,84087196,-85285306,AI眼镜、无线耳机,0.9,345743351,5476926428,1.34429,-11733212
002583,海能达,0.5,720465,-0.15,6.44,-1199607,-0.31,,-1199607,59236984,-60436591,量子科技、互联网金融,-0.16,247450506,6511505033,0.471832,0
600525,长园集团,0.4,40356,-0.19,5.35,-1210745,0.56,,-1210745,3410660,-4621405,AI眼镜、端侧AI,0.75,48489128,4943987121,0.849034,0
688689,银河微电,0.7,13355,1.48,26.29,-1220046,-0.11,,-1220046,0,-1220046,第三代半导体、年报增长,-1.57,26722479,975806743,0.486522,0
000025,特力Ａ,1.1,317460,-0.31,16.5,-1227814,1.04,,-1227814,8753458,-9981272,深圳、国有企业,1.35,53309981,2738940045,0.809106,0
603085,天成自控,0.2,63336,-0.73,10.75,-1233067,-2.27,,-1233067,5093791,-6326858,飞行汽车、汽车类,-1.56,49888957,2513271434,0.649008,0
600212,绿能慧充,0.4,24684,0.0,7.25,-1235700,-0.14,,-1235700,0,-1235700,低空经济、充电桩,-0.14,23069396,3200574729,0.543452,0
688219,会通股份,0.0,13296,0.64,11.05,-1236652,0.36,,-1236652,318649,-1555301,锂电池、化工,-0.27,23042686,2186416703,0.657307,0
002925,盈趣科技,0.2,55800,-0.33,18.05,-1269364,-0.06,,-1269364,5097048,-6366412,脑机接口、电子烟,0.28,48282497,5398909560,0.634588,0
003028,振邦智能,4.1,176445,-0.33,39.78,-1278594,1.12,,-1278594,0,-1278594,机器人概念、光伏,1.45,30305162,1116216440,1.20805,0
600237,铜峰电子,0.1,1120433,0.39,7.75,-1291392,1.17,,-1291392,16621677,-17913069,复合集流体、锂电池,0.78,105413033,3509816401,0.831501,-7776997
603331,百达精工,4.5,23580,0.0,13.09,-1294053,-0.08,,-1294053,0,-1294053,汽车零部件、光伏,-0.08,16372938,1619131191,0.657685,0
603730,岱美股份,0.2,10598,0.2,15.08,-1378802,-0.2,,-1378802,1846365,-3225167,三季报增长、上海,-0.4,37077607,3788624948,0.819771,0
601279,英利汽车,0.2,2323104,0.75,6.79,-1379681,1.8,,-1379681,40737546,-42117227,汽车零部件、汽车类,1.04,315459427,1321175651,0.835638,0
001230,劲旅环境,0.7,84210,0.38,24.06,-1394785,0.38,,-1394785,1663630,-3058415,环保、算力,0.0,18931751,948973895,0.846294,0
002163,海南发展,3.5,99904,-0.34,9.02,-1413133,0.78,,-1413133,448552,-1861685,海南、免税,1.12,29453944,5282763593,0.993656,0
000062,深圳华强,0.9,108960,-0.18,11.35,-1453497,-0.18,,-1453497,400653,-1854150,华为概念、华为海思,0.0,31659629,3457202076,0.866342,0
603228,景旺电子,0.7,78588,0.05,21.8,-1471261,-0.09,,-1471261,1154407,-2625668,印制电路板、英伟达概念,-0.14,56441482,5543959834,0.864774,0
002420,毅昌科技,0.6,559125,-1.54,6.47,-1486143,-0.31,,-1486143,4495442,-5981585,汽车零部件、抗原检测,1.25,50133180,1853663047,0.515981,0
002860,星帅尔,0.2,143868,-0.55,12.68,-1506908,-0.08,,-1506908,7499859,-9006767,家电、光储充一体化,0.48,46773897,2127157810,1.03371,0
601231,环旭电子,1.5,277875,-0.21,14.25,-1534114,-0.21,,-1534114,1293300,-2827414,智能穿戴、消费电子,0.0,51811176,7096978358,0.669943,0
300484,蓝海华腾,0.3,47006,0.32,12.57,-1551622,1.95,,-1551622,3487700,-5039322,固态电池、新能源汽车,1.62,63492503,1914464629,0.652445,0
002441,众业达,0.4,19824,0.0,9.44,-1557262,0.0,,-1557262,301463,-1858725,光伏、汽车零部件,0.0,27327275,2557212158,0.573314,0
300909,汇创达,1.0,64800,-0.37,27.18,-1587987,0.3,,-1587987,1717092,-3305079,华为概念、并购重组,0.67,33944973,2912963312,0.613393,0
300739,明阳电路,0.8,62118,0.68,14.72,-1599935,0.2,,-1599935,0,-1599935,印制电路板、粤港澳,-0.47,31206245,1881704192,0.759322,0
301072,中捷精工,0.8,75922,-0.04,26.19,-1601324,0.0,,-1601324,1456975,-3058299,小米汽车、特斯拉概念,0.04,53306867,872895116,0.585469,0
300579,数字认证,0.6,90024,0.0,27.25,-1656732,-0.11,,-1656732,4335052,-5991784,电子证照、数字货币,-0.11,52455334,3275904832,0.754071,0
000530,冰山冷热,0.8,154008,0.0,5.54,-1659459,0.36,,-1659459,994512,-2653971,液冷服务器、病毒防治,0.36,41428621,2376824833,0.811246,0
301529,福赛科技,0.7,369835,-0.71,43.18,-1678759,-1.46,,-1678759,11081269,-12760028,汽车零部件、汽车类,-0.76,89791175,829386122,0.526269,0
603066,音飞储存,0.2,47752,-0.39,10.25,-1683178,0.49,,-1683178,1334798,-3017976,AGV机器人、地方国企,0.89,20868660,1433514328,0.871071,0
002073,软控股份,0.7,357512,0.0,6.67,-1754869,0.0,,-1754869,6252292,-8007161,轮胎、化工,0.0,62220582,5388589329,0.883424,0
002922,伊戈尔,2.6,217360,-0.49,14.58,-1775638,1.46,,-1775638,8691767,-10467405,数据中心、算力,1.96,81080919,2740927632,0.606559,0
601010,文峰股份,2.7,418338,0.0,2.56,-1776102,0.79,,-1776102,4366874,-6142976,零售、首发经济,0.79,41674491,2734482014,0.862244,0
688280,精进电动,15.9,131114,0.0,8.24,-1787307,0.0,,-1787307,0,-1787307,电机电控、汽车类,0.0,30187291,2347227989,0.664606,0
002870,香山股份,0.1,139880,-0.09,34.99,-1789776,-0.03,,-1789776,10848511,-12638287,机器人概念、充电桩,0.06,110326318,2886828883,0.376489,0
002578,闽发铝业,0.6,67640,0.53,3.81,-1834380,0.79,,-1834380,2133995,-3968375,金属铝、有色金属,0.26,36230524,1954069771,1.11167,0
300460,惠伦晶体,0.3,1612731,0.71,12.15,-1841828,-4.63,,-1841828,29363660,-31205488,华为海思、股权转让,-5.3,292242962,2737847759,1.20461,0
300317,珈伟新能,0.3,56336,-0.2,5.09,-1848500,0.99,,-1848500,3032086,-4880586,光伏EPC、固态电池,1.19,44471407,2573921289,1.05501,0
688007,光峰科技,0.5,275251,0.0,26.68,-1864121,-0.74,,-1864121,11221474,-13085595,激光、深圳,-0.74,87308427,9565912447,0.448501,0
600894,广日股份,11.3,335384,0.13,7.43,-1865561,0.27,,-1865561,370500,-2236061,新型工业化、高股息,0.13,28367882,2778650191,0.802883,0
002324,普利特,1.7,140490,-0.15,13.49,-1873448,0.67,,-1873448,16320311,-18193759,机器人概念、固态电池,0.82,65120635,7637443886,0.699511,0
003008,开普检测,0.5,2593168,-1.26,27.38,-1939626,-1.58,,-1939626,8753355,-10692981,汽车检测、柔性直流,-0.33,113098379,1605245092,1.32628,0
688157,松井股份,0.1,38412,-0.4,49.3,-1956495,-0.8,,-1956495,2318590,-4275085,消费电子、湖南,-0.4,19992798,2434067660,0.943238,0
300230,永利股份,2.4,161540,0.24,4.12,-2028067,0.73,,-2028067,1366884,-3394951,并购重组、煤化工,0.49,38743231,2364765693,1.16933,0
603876,鼎胜新材,3.0,281940,0.0,12.98,-2050097,2.2,,-2050097,17357491,-19407588,铝箔、汽车类,2.2,112660388,6211180426,1.9112,0
000536,华映科技,1.8,1771095,-1.39,3.52,-2055273,-2.22,,-2055273,76026023,-78081296,华为手机、华为概念,-0.85,390821512,5026150712,0.764639,-7619276
301192,泰祥股份,0.3,74152,0.0,24.08,-2061837,0.67,,-2061837,337214,-2399051,汽车零部件、并购重组,0.67,41012334,641517743,0.602808,0
002963,豪尔赛,0.5,172438,-0.75,15.9,-2074511,-0.25,,-2074511,870224,-2944735,换电站、固态电池,0.51,48722854,1118234422,0.447498,0
000906,浙商中拓,1.6,172420,0.54,7.43,-2075754,0.95,,-2075754,1642532,-3718286,电子商务、高股息,0.41,37655165,2823555366,1.19221,0
002735,王子新材,0.3,19888,-0.32,12.6,-2077201,1.04,,-2077201,325080,-2402281,飞行汽车、并购重组,1.37,27678956,2011709634,1.0761,0
002024,ST易购,0.2,86086,0.55,1.82,-2080806,0.55,,-2080806,2291558,-4372364,ST板块、平台经济,0.0,18718631,4153466598,0.675725,0
603917,合力科技,1.4,94750,0.26,18.9,-2090169,0.0,,-2090169,356636,-2446805,比亚迪产业链、有色金属,-0.26,43249205,1796773562,0.879209,0
301295,美硕科技,0.1,57205,-0.12,33.74,-2106833,0.15,,-2106833,482053,-2588886,光伏、电气设备,0.27,19276363,575790394,0.892412,0
300716,泉为科技,0.1,7002,0.09,11.75,-2109954,0.77,,-2109954,0,-2109954,异质结电池、化工,0.69,25613978,1273654386,0.890359,0
300687,赛意信息,1.0,334425,-0.26,22.92,-2122022,0.48,,-2122022,7414730,-9536752,ERP、C2M,0.75,88676122,6385644040,0.858488,0
603088,宁波精达,0.1,6536,0.0,8.17,-2167126,0.0,,-2167126,2615105,-4782231,芯片、电池回收,0.0,34795790,2101091020,0.882655,0
002988,豪美新材,0.6,1126592,-0.78,25.02,-2214292,2.25,,-2214292,32472193,-34686485,汽车零部件、CPO/MPO,3.05,233656826,2407258691,0.823844,0
605319,无锡振华,3.0,160160,-1.19,21.16,-2216868,0.52,,-2216868,1251751,-3468619,小米汽车、汽车零部件,1.73,58103599,1147555945,0.888832,0
603527,众源新材,1.2,109585,-0.46,11.24,-2221213,3.12,,-2221213,2082373,-4303586,固态电池、有色金属,3.59,83515715,1455654520,1.63054,0
300825,阿尔特,0.4,1322121,-1.24,15.65,-2235264,-2.86,,-2235264,77358370,-79593634,换电站、算力,-1.63,267328163,6319677872,0.794776,-3841833
301018,申菱环境,0.4,336743,-0.86,28.07,-2247950,0.0,,-2247950,8161453,-10409403,阿里系AI、人工智能,0.86,78861978,2428762116,0.356304,0
000753,漳州发展,0.6,149568,-0.44,4.56,-2257178,-0.44,,-2257178,4710110,-6967288,并购重组、光伏组件,0.0,41994332,2805661258,0.679668,0
300173,福能东方,1.6,483531,-0.8,5.04,-2263935,0.2,,-2263935,15410178,-17674113,固态电池、机器人概念,1.0,98611965,2930105361,0.787864,0
002576,通达动力,0.8,580580,0.5,18.26,-2281157,0.83,,-2281157,19381934,-21663091,比亚迪产业链、电机电控,0.33,166258899,2107203194,0.486092,0
603776,永安行  ,0.6,97086,-0.34,14.72,-2320460,-0.27,,-2320460,2088599,-4409059,并购重组、两轮车,0.07,38810421,1968608869,0.608644,0
002897,意华股份,0.9,185120,0.65,35.52,-2351168,0.42,,-2351168,15940455,-18291623,高速连接、光伏支架,-0.22,116606621,3159619569,0.785449,0
002168,ST惠程,1.9,383350,-0.47,4.43,-2353387,3.75,,-2353387,12211393,-14564780,ST板块、数字经济,4.24,101990191,2881349073,1.25017,0
000584,*ST工智,0.4,119364,-0.25,4.09,-2378848,0.49,,-2378848,3420516,-5799364,ST板块、机器人概念,0.74,27805879,2314419165,0.781746,0
300228,富瑞特装,0.7,112266,0.83,7.23,-2397837,0.0,,-2397837,8101850,-10499687,汽车类、天然气,-0.82,84484644,3846941360,0.565326,0
300337,银邦股份,1.3,7458326,-1.48,8.24,-2418770,1.85,,-2418770,72092881,-74511651,消费电子、有色金属,3.39,336712725,3621219075,1.28685,0
603006,联明股份,9.0,24203751,7.89,16.04,-2427961,10.01,2连板,-2427961,40177317,-42605278,特斯拉概念、汽车类,1.97,118291737,1219539752,0.51818,6456165
600183,生益科技,0.2,132000,-0.24,16.57,-2434049,0.18,,-2434049,7063039,-9497088,覆铜板、食品饮料,0.42,123094557,19092427303,0.766773,0
002179,中航光电,1.7,334730,-0.33,39.24,-2457422,-0.68,,-2457422,24280127,-26737549,军工、成飞概念,-0.36,288909420,43008838453,1.55322,0
603897,长城科技,1.0,29712,0.22,18.69,-2460603,0.86,,-2460603,681565,-3142168,汽车零部件、扁线,0.65,30779629,1602873463,1.01768,0
000909,ST数源,0.5,548595,-0.76,6.71,-2490829,1.36,,-2490829,16062829,-18553658,ST板块、通信,2.13,55448934,1704555480,0.722323,0
003015,日久光电,0.9,350960,-1.74,10.63,-2513247,-2.39,,-2513247,12562919,-15076166,AI眼镜、华为概念,-0.65,132886736,2610476812,0.683081,0
002337,赛象科技,3.1,277718,-0.34,5.82,-2541999,-0.17,,-2541999,3131272,-5673271,机器人概念、大麻,0.17,41837690,2150883317,0.852754,0
002611,东方精工,3.7,506221,0.2,4.92,-2569559,0.41,,-2569559,1984050,-4553609,机器人概念、锂电池,0.2,59057929,4177878796,1.03755,0
003029,吉大正元,17.1,2671540,-1.68,22.49,-2652353,-0.84,,-2652353,12611056,-15263409,AI智能体、跨境支付,0.85,129526975,2105706780,0.578338,0
688102,斯瑞新材,0.0,0,0.0,13.34,-2713923,-0.6,,-2713923,717964,-3431887,有色金属、西部大开发,-0.6,32742416,2141103091,0.483754,0
300224,正海磁材,0.4,66700,-0.26,11.71,-2714318,1.56,,-2714318,7413676,-10127994,稀土永磁、小金属概念,1.83,85881268,5351189508,1.14508,0
300428,立中集团,0.4,52425,-0.14,20.85,-2718494,-0.71,,-2718494,17371228,-20089722,汽车零部件、锂电池,-0.57,71333370,6265858864,1.07433,0
600615,丰华股份,0.8,3998916,-1.7,12.26,-2720874,-0.73,,-2720874,20867936,-23588810,金属铝、有色金属,0.99,192007108,1533160773,1.14388,0
002976,瑞玛精密,2.1,594000,-1.11,32.65,-2721377,-2.16,,-2721377,3271269,-5992646,特斯拉概念、储能,-1.06,92495234,1294252064,0.698885,0
002635,安洁科技,1.4,433836,-0.43,14.11,-2787977,0.07,,-2787977,2399051,-5187028,消费电子、并购重组,0.5,70838945,4465445072,0.742828,0
000887,中鼎股份,0.5,331380,0.0,12.64,-2802532,0.32,,-2802532,20365322,-23167854,机器人概念、底盘,0.32,127558478,9878872337,0.535654,0
600105,永鼎股份,0.5,417183,-0.35,5.63,-2825907,-0.35,,-2825907,8265841,-11091748,核电、5G,0.0,101165313,5619255093,0.622249,0
002886,沃特股份,2.2,239400,0.16,19.08,-2859512,0.58,,-2859512,5468042,-8327554,机器人概念、电磁屏蔽,0.42,54170730,2225360676,0.799766,0
000046,*ST泛海,0.5,1316480,-4.76,0.8,-2864791,-4.76,,-2864791,374319,-3239110,ST板块、并购重组,0.0,8128560,1719846586,0.0753212,0
002682,龙洲股份,0.8,1190763,-1.2,5.8,-2865550,-0.17,,-2865550,32173167,-35038717,物流、冷链物流,1.05,230614838,2420150498,0.976568,0
300198,纳川股份,0.3,90675,-0.36,2.83,-2909930,1.07,,-2909930,3509956,-6419886,污水处理、汽车类,1.43,31622228,1869933710,0.982417,0
301186,超达装备,3.1,204673,-0.69,41.47,-2930084,-1.4,,-2930084,10974716,-13904800,汽车零部件、小米汽车,-0.72,83109707,893838373,0.957624,-7120690
002537,海联金汇,2.3,286748,0.29,6.88,-2951861,0.58,,-2951861,5242721,-8194582,金融概念、数字货币,0.29,64608543,5582233791,0.860127,0
603328,依顿电子,3.2,445104,0.0,7.92,-3032365,0.0,,-3032365,4027165,-7059530,印制电路板、地方国企,0.0,60095715,3240719466,0.734556,0
002418,康盛股份,1.4,187368,0.0,2.96,-3066593,0.0,,-3066593,6252792,-9319385,液冷服务器、汽车类,0.0,47181134,2426285025,0.831182,0
300219,鸿利智汇,1.5,230472,-0.38,7.89,-3068840,-0.75,,-3068840,2078816,-5147656,并购重组、地方国企,-0.38,54399269,3295504802,0.738371,0
300124,汇川技术,0.4,729640,-0.16,60.05,-3084344,-4.68,,-3084344,244417264,-247501608,工业机器人、新型工业化,-4.53,1090004604,75445935941,1.98478,675904
688551,科威尔  ,0.2,52422,-1.68,54.81,-3089639,3.42,,-3089639,5976792,-9066431,电解槽、数字能源,5.18,71820420,1699922421,0.953088,0
600459,贵研铂业,0.3,78375,-0.21,14.37,-3100864,0.63,,-3100864,8143444,-11244308,氢燃料电池、有色金属,0.84,58057532,6399501534,0.882722,0
002057,中钢天源,1.4,63520,-0.25,8.12,-3133766,2.01,,-3133766,7787199,-10920965,稀土永磁、有色金属,2.27,83993400,4613157925,1.31087,0
300153,科泰电源,2.0,60522,-0.25,7.98,-3140674,1.27,,-3140674,2452110,-5592784,电源、发电机,1.53,32072033,1601332191,1.10705,0
002741,光华科技,0.8,60844,-0.47,15.02,-3164070,0.74,,-3164070,1884096,-5048166,固态电池、锂电池,1.21,34388160,3342407680,0.827864,0
603327,福蓉科技,0.6,28077,0.0,13.38,-3165409,0.07,,-3165409,1067821,-4233230,AI手机、地方国企,0.07,37845696,2160643109,0.715778,0
301282,金禄电子,0.9,122858,0.04,26.29,-3176555,0.61,,-3176555,5884467,-9061022,印制电路板、通信,0.57,53522494,1609211358,0.649218,0
600676,交运股份,1.6,61962,-0.22,4.51,-3211766,0.22,,-3211766,2601605,-5813371,国有企业、网约车,0.45,31560300,2486200594,0.900532,0
300667,必创科技,2.2,486843,0.12,16.66,-3249273,-0.3,,-3249273,2905555,-6154828,传感器、机器人概念,-0.42,65707857,2406593709,0.729457,0
000012,南玻Ａ,0.3,49128,-0.18,5.55,-3279609,0.36,,-3279609,5230525,-8510134,玻璃、高股息,0.54,47045939,8289663892,0.788375,0
000951,中国重汽,1.3,271800,0.0,14.8,-3321520,-1.33,,-3321520,23623194,-26944714,重卡、一带一路,-1.33,159185731,7091420879,1.38951,0
603270,金帝股份,1.6,561600,-0.71,29.32,-3355076,-0.48,,-3355076,5508931,-8864007,灵巧手、汽车类,0.24,100126948,1439310000,0.51823,0
600845,宝信软件,0.3,215453,-0.16,44.06,-3373413,0.05,,-3373413,27131292,-30504705,阿里系AI、工业互联网,0.2,260028334,24641560632,1.03541,-3033253
301106,骏成科技,0.1,12804,1.98,42.1,-3377382,0.6,,-3377382,6718364,-10095746,面板、三季报增长,-1.36,51008168,877644681,1.38233,0
300352,北信源,0.7,273429,-0.19,5.16,-3381740,0.39,,-3381740,14827594,-18209334,网络安全、数字经济,0.58,97128194,5907061395,0.709986,0
300623,捷捷微电,0.7,120815,-0.78,16.52,-3396795,-0.96,,-3396795,4423179,-7819974,IGBT、三季报增长,-0.18,57628595,6032408674,0.517194,0
301131,聚赛龙,1.7,91060,0.07,45.52,-3417430,0.04,,-3417430,1711328,-5128758,华为汽车、化工,-0.02,38868017,1052183885,0.768437,0
301525,儒竞科技,0.6,280864,0.26,87.9,-3437190,0.41,,-3437190,3313083,-6750273,汽车类、储能,0.15,63511395,1968834648,0.536641,0
300328,宜安科技,4.8,226152,0.29,6.98,-3464685,0.29,,-3464685,3668154,-7132839,AI眼镜、端侧AI,0.0,61175041,3117483471,0.913319,0
688668,鼎通科技,0.0,27355,-0.04,53.15,-3509119,-2.89,,-3509119,26869852,-30378971,高速连接、科创板,-2.85,129390813,2470859330,0.57593,0
002921,联诚精密,1.8,1598850,-1.2,16.74,-3543899,0.24,,-3543899,10632561,-14176460,机器人概念、并购重组,1.45,126017957,1586985894,0.586572,0
300655,晶瑞电材,0.4,140420,-0.4,10.06,-3555289,-0.1,,-3555289,17657108,-21212397,光刻胶、并购重组,0.3,107184611,7762968081,0.664638,0
002967,广电计量,12.2,175070,0.0,14.36,-3558307,0.07,,-3558307,1063708,-4622015,年报增长、并购重组,0.07,49910752,3433654018,0.998845,0
300200,高盟新材,1.1,254856,-0.67,8.98,-3607819,0.45,,-3607819,6862374,-10470193,光刻胶、聚氨酯,1.13,63887598,2694889278,0.405236,0
002533,金杯电工,1.0,246015,-0.38,7.88,-3621996,0.51,,-3621996,2890960,-6512956,风电零部件、并购重组,0.9,61569289,3888491111,0.76551,0
000652,泰达股份,0.2,17136,-0.24,4.09,-3630038,0.0,,-3630038,7207937,-10837975,创投、病毒防治,0.25,41994693,4038076601,0.830835,0
605258,协和电子,0.4,61138,0.0,27.22,-3633212,-2.05,,-3633212,4309892,-7943104,印制电路板、三季报增长,-2.05,66599124,994598330,0.685406,0
605005,合兴股份,0.7,958318,-0.47,18.88,-3635856,-1.56,,-3635856,17266230,-20902086,无人驾驶、智能驾驶,-1.1,159423725,963839359,0.446442,-5590322
002625,光启技术,1.3,289970,-0.15,13.59,-3648513,0.15,,-3648513,10792162,-14440675,军工、汽车零部件,0.3,81631257,18715363420,0.792966,0
001287,中电港,1.1,933946,-0.05,21.22,-3667608,0.38,,-3667608,7621313,-11288921,机器人概念、数字经济,0.43,85083466,4029370259,0.749838,0
600620,天宸股份,2.4,322784,0.2,10.1,-3674869,1.0,,-3674869,546245,-4221114,年报增长、房地产,0.8,23479809,3668007958,1.40765,0
300713,英可瑞,0.3,410618,-1.06,18.87,-3684623,0.48,,-3684623,4765506,-8450129,充电桩、电气设备,1.56,95063916,1216060526,0.409713,0
300539,横河精密,1.8,249944,-0.24,12.53,-3696517,-0.48,,-3696517,3432592,-7129109,机器人概念、化工,-0.24,54694522,1109725372,0.341426,0
002405,四维图新,1.8,748840,-0.1,9.73,-3715700,0.21,,-3715700,18910681,-22626381,字节概念、汽车电子,0.31,160222488,20719715993,0.790968,0
603809,豪能股份,3.0,178800,0.25,11.93,-3718801,0.34,,-3718801,800262,-4519063,机器人概念、轨道交通,0.08,46192975,3199815723,0.818115,0
301225,恒勃股份,1.1,215280,-0.03,35.67,-3755687,-0.61,,-3755687,5840326,-9596013,华为汽车、氢能源,-0.59,64611142,842973469,0.56045,0
002837,英维克,2.0,1596749,-0.89,26.3,-3773659,1.7,,-3773659,10750867,-14524526,阿里系AI、液冷服务器,2.61,122614896,6887076446,0.530359,0
000066,中国长城,0.4,1999376,-0.54,11.15,-3778511,-0.27,,-3778511,87127798,-90906309,信创、算力,0.27,347580988,21521065610,0.624096,3654460
300457,赢合科技,0.8,1249500,-0.83,18.13,-3784507,0.72,,-3784507,50786089,-54570596,锂电设备、固态电池,1.57,237234732,4657644080,1.05761,0
300679,电连技术,0.5,92808,-0.67,38.24,-3806114,-1.77,,-3806114,15580827,-19386941,新能源汽车、通信,-1.11,109448387,10019148984,0.874953,0
000589,贵州轮胎,0.9,106656,-0.16,6.1,-3831485,0.49,,-3831485,5354583,-9186068,汽车零部件、高股息,0.66,64146195,5167036208,0.596114,-3043680
301310,鑫宏业,0.7,246950,-0.02,50.11,-3844806,1.44,,-3844806,6307037,-10151843,汽车零部件、光伏,1.46,87111080,1166892421,0.426881,0
300684,中石科技,22.2,374800,0.0,18.86,-3849969,0.64,,-3849969,7808173,-11658142,液冷服务器、算力,0.64,75821278,2891530596,0.500875,0
300797,钢研纳克,0.3,164217,0.24,12.8,-3850594,0.79,,-3850594,0,-3850594,军工、有色金属,0.55,30941838,1595037630,0.517371,0
300926,博俊科技,0.8,152004,-0.66,28.9,-3858541,0.1,,-3858541,7030852,-10889393,汽车零部件、小米汽车,0.77,92885436,2027004462,0.664775,0
300100,双林股份,3.8,1390602,1.9,9.97,-3858578,-0.5,,-3858578,9703691,-13562269,宇树机器人、PEEK,-2.35,111429820,2033931354,0.832545,0
300446,航天智造,1.3,899232,-1.45,16.63,-3882160,0.42,,-3882160,20074537,-23956697,华为汽车、并购重组,1.9,143261610,3295224150,0.909155,0
300373,扬杰科技,2.5,362590,0.08,35.91,-4009213,0.11,,-4009213,11212243,-15221456,芯片、IGBT,0.03,101550890,10077849067,0.641724,0
605133,嵘泰股份,0.4,503008,-0.07,28.67,-4019768,0.24,,-4019768,7982234,-12002002,特斯拉概念、三季报增长,0.31,132313775,1818274795,0.659472,0
603926,铁流股份,4.5,251091,-0.08,12.17,-4029643,0.25,,-4029643,2141707,-6171350,汽车零部件、氢能源,0.33,64005375,1546003723,0.84954,0
600933,爱柯迪  ,0.5,42712,0.04,22.34,-4051404,-0.58,,-4051404,2418633,-6470037,并购重组、汽车零部件,-0.62,58880856,9274259426,0.933313,0
002686,亿利达,1.3,78287,-0.31,6.55,-4097276,0.92,,-4097276,2179626,-6276902,腾讯系AI 、病毒防治,1.24,35479390,1960425134,1.39802,0
603297,永新光学,0.9,296576,-0.55,92.49,-4140386,-0.75,,-4140386,9769884,-13910270,无人驾驶、智能驾驶,-0.21,92764267,3643599779,0.469395,0
002536,飞龙股份,2.1,2040478,-1.46,13.65,-4189249,-0.66,,-4189249,22263613,-26452862,奇瑞产业链、无人机,0.81,177074063,3834021135,0.771781,0
300904,威力传动,0.8,212889,-0.94,74.19,-4231979,0.11,,-4231979,9448576,-13680555,风电、汽车类,1.06,94271783,1272227214,0.642962,0
002175,东方智造,3.2,307685,0.34,2.93,-4299335,-0.34,,-4299335,11071997,-15371332,芯片、元宇宙,-0.68,57468909,3023222704,0.816085,0
002213,大为股份,4.7,543422,-0.07,14.67,-4354965,0.89,,-4354965,3438967,-7793932,比亚迪产业链、并购重组,0.96,67054047,2431508714,1.01456,0
605333,沪光股份,4.0,78000,-0.71,19.35,-4372354,-1.48,,-4372354,2147866,-6520220,三季报增长、年报增长,-0.77,56272518,2121021932,0.893562,0
300928,华安鑫创,0.2,94672,0.0,58.7,-4375215,-0.79,,-4375215,25583651,-29958866,无人驾驶、低空经济,-0.79,86424366,2587934680,0.564281,3029000
603758,秦安股份,2.2,425088,0.52,11.55,-4403065,0.79,,-4403065,3059602,-7462667,汽车零部件、高股息,0.26,61098021,1789421496,0.719256,0
300698,万马科技,0.6,365238,0.25,35.08,-4409076,-0.82,,-4409076,5947273,-10356349,无人驾驶、算力,-1.07,46567053,2031796299,0.536985,0
603179,新泉股份,5.8,173985,0.44,49.16,-4412226,-0.67,,-4412226,3548474,-7960700,汽车零部件、三季报增长,-1.11,99851202,15079850533,0.880486,0
600066,宇通客车,0.6,584325,0.15,13.31,-4452812,0.6,,-4452812,10913555,-15366367,汽车类、高股息,0.45,199729394,12129263516,1.10639,3139827
600006,东风股份,0.7,1076480,-0.78,6.43,-4480454,-0.31,,-4480454,46191573,-50672027,并购重组、新能源汽车,0.47,202863932,5131140000,0.435748,-3233204
300594,朗进科技,1.3,177306,-0.39,20.65,-4499566,0.93,,-4499566,1854615,-6354181,飞行汽车、韧性城市,1.32,32302699,1228932257,0.652825,0
600626,申达股份,0.8,288405,-0.53,3.89,-4531944,2.64,,-4531944,4067206,-8599150,国有企业、地方国企,3.18,58229337,2272466287,1.89615,0
300134,大富科技,0.5,295536,-0.47,10.47,-4538583,-0.57,,-4538583,9473289,-14011872,华为手机、5G,-0.1,84110685,3847769707,0.893873,0
002058,威尔泰,0.4,706800,-0.8,12.83,-4569099,2.64,,-4569099,13412514,-17981613,特斯拉概念、并购重组,3.47,208442794,1204264747,0.705702,0
001278,一彬科技,2.6,2708100,-1.16,26.04,-4573894,0.93,,-4573894,9537039,-14110933,汽车零部件、核准制次新股,2.12,150463296,803955973,0.595064,0
300514,友讯达,5.1,211002,0.6,15.23,-4576069,0.93,,-4576069,1335025,-5911094,充电桩、虚拟电厂,0.33,63105205,1851093491,0.929637,0
600035,楚天高速,0.6,185663,-0.25,4.03,-4580843,0.25,,-4580843,10354994,-14935837,公路运营、高股息,0.5,63520842,2986442071,1.3518,0
000559,万向钱潮,0.2,135289,0.0,5.38,-4615900,-0.19,,-4615900,6961098,-11576998,汽车零部件、固态电池,-0.19,63574374,6418767941,0.653928,0
600885,宏发股份,0.7,90112,-0.11,28.05,-4695092,-0.5,,-4695092,6186466,-10881558,电气设备、汽车类,-0.39,110176255,14280530699,0.947305,0
002937,兴瑞科技,2.9,503472,-0.44,24.59,-4699630,-0.81,,-4699630,12962719,-17662349,特斯拉概念、小米汽车,-0.36,79037648,3198411470,0.486513,0
301128,强瑞技术,1.6,537724,-1.59,45.47,-4757009,0.69,,-4757009,3930253,-8687262,液冷服务器、并购重组,2.32,82253448,1240182080,0.630735,0
300510,金冠股份,0.6,156222,-0.34,5.95,-4757239,-0.17,,-4757239,15046871,-19804110,充电桩、汽车充电,0.17,71989492,3594790460,0.688948,0
600565,ST迪马  ,5.3,377784,-0.62,1.62,-4772119,1.25,,-4772119,8810863,-13582982,ST板块、房地产,1.89,41375504,2585146607,0.999852,0
600549,厦门钨业,1.9,234500,-0.53,17.1,-4774848,1.54,,-4774848,19024059,-23798907,有色金属、固态电池,2.09,119621344,14338295073,1.55849,0
600152,维科技术,0.7,273798,-0.54,7.55,-4812546,1.21,,-4812546,9309417,-14121963,消费电子、储能,1.75,91768498,2538756291,0.826957,0
603390,通达电气,2.7,674100,0.19,10.42,-4924734,-0.57,,-4924734,7291852,-12216586,比亚迪产业链、网约车,-0.76,105445875,1385956774,0.743546,0
002368,太极股份,0.4,1687710,-0.39,29.92,-4960669,-1.64,,-4960669,45455246,-50415915,AI政务、信创,-1.25,293864322,11880593801,0.771292,-3950668
603358,华达科技,1.3,757575,0.0,22.65,-5008129,-0.44,,-5008129,27685319,-32693448,汽车零部件、并购重组,-0.44,127092751,3640843551,0.78416,0
300048,合康新能,3.1,108204,-0.2,5.14,-5062147,0.98,,-5062147,2597206,-7659353,电气设备、基础建设,1.18,35197374,4624107235,0.722061,0
002265,建设工业,0.2,468640,-1.19,11.77,-5181031,0.26,,-5181031,4678137,-9859168,机器人概念、并购重组,1.47,82830149,2117467261,0.633534,0
688288,鸿泉物联,0.4,25301,-0.36,25.11,-5268333,-0.91,,-5268333,1696320,-6964653,车路云、智能驾驶,-0.55,46648106,1247009214,1.08346,0
300222,科大智能,0.5,515970,0.0,7.45,-5295390,1.36,,-5295390,17118625,-22414015,机器人概念、汽车类,1.36,107714833,4391929000,0.551408,0
002328,新朋股份,2.4,294585,-0.16,6.16,-5303898,0.0,,-5303898,9528450,-14832348,储能、碳基材料,0.16,76915660,3089506865,0.722021,0
002765,蓝黛科技,0.5,539600,-0.14,7.15,-5329612,0.56,,-5329612,21919420,-27249032,机器人概念、汽车零部件,0.7,156030420,3019666269,0.652011,0
603197,保隆科技,0.6,75738,0.0,57.67,-5367008,-1.01,,-5367008,9166393,-14533401,无人驾驶、传感器,-1.01,110568790,8919963992,0.973344,0
603129,春风动力,0.6,296670,0.17,88.54,-5383445,-1.35,,-5383445,9204819,-14588264,年报增长、两轮车,-1.51,106268588,8201464052,0.600248,0
300828,锐新科技,0.0,116640,-0.18,16.23,-5396993,0.0,,-5396993,4057457,-9454450,机器人概念、算力,0.19,48480707,1127087656,1.13443,0
603633,徕木股份,4.6,2567038,-1.98,9.43,-5444953,-1.57,,-5444953,8336274,-13781227,高速连接、超跌,0.43,107741867,2515775814,0.463813,0
300912,凯龙高科,1.5,217120,0.75,18.79,-5487225,0.27,,-5487225,3838596,-9325821,汽车零部件、碳化硅,-0.48,86145049,1160412120,1.61295,0
002484,江海股份,0.8,118754,-0.55,16.34,-5530425,0.25,,-5530425,4257055,-9787480,服务器、汽车类,0.8,55430357,7234327776,0.806926,0
300852,四会富仕,0.5,86388,0.21,37.64,-5531628,0.43,,-5531628,3382614,-8914242,一带一路、汽车类,0.21,40324012,1541850773,1.06627,0
300644,南京聚隆,0.8,1165758,-1.38,20.5,-5595262,-2.71,,-5595262,14088777,-19684039,化工、阻燃剂,-1.35,153643591,1255129624,0.800789,0
300036,超图软件,0.9,473416,-0.05,19.9,-5616026,-0.85,,-5616026,16227566,-21843592,时空大数据、国产软件,-0.8,185725642,8367825580,0.992131,0
002373,千方科技,2.6,783900,-0.51,11.79,-5687411,0.25,,-5687411,10605533,-16292944,无人驾驶、蚂蚁金服概念,0.77,126472772,11787072250,0.700532,0
300342,天银机电,2.4,1237586,-0.26,15.21,-5711957,-0.59,,-5711957,37842422,-43554379,商业航天、卫星导航,-0.33,225039837,4459192460,0.725394,0
003021,兆威机电,1.9,630800,-1.0,77.4,-5727243,0.82,,-5727243,9546701,-15273944,宇树机器人、汽车零部件,1.84,102799151,3945065027,0.604487,0
603861,白云电器,0.6,7936978,-0.54,11.2,-5746787,1.36,,-5746787,54440648,-60187435,电气设备、柔性直流,1.91,374786585,1520614222,2.01706,0
600081,东风科技,0.5,612304,-0.73,12.4,-5781284,-0.08,,-5781284,16865919,-22647203,并购重组、机器人概念,0.65,131793670,1735945968,0.476928,0
002434,万里扬,1.6,103200,0.0,8.03,-5810689,0.38,,-5810689,9224658,-15035347,减速器、电机电控,0.37,67622631,4949690350,0.932529,0
002010,传化智联,2.1,223728,0.0,4.71,-5814275,-0.21,,-5814275,7853329,-13667604,DeepSeek、汽车类,-0.21,51981106,5477992256,1.0248,0
605255,天普股份,0.6,164650,-0.32,18.0,-5817028,-3.02,,-5817028,3793408,-9610436,汽车热管理、橡胶,-2.7,76425703,686689502,0.894643,0
301181,标榜股份,11.0,63998,0.03,28.94,-5818481,-0.48,,-5818481,1272747,-7091228,汽车热管理、氢能源,-0.52,41967865,1130610000,1.09783,-4656990
300304,云意电气,0.3,522600,0.0,6.62,-5820453,-1.19,,-5820453,18870763,-24691216,无人驾驶、汽车类,-1.19,138115192,3310918275,0.641402,0
002139,拓邦股份,0.4,149626,0.0,9.45,-5827260,-0.21,,-5827260,10377139,-16204399,机器人概念、便携式储能,-0.21,109443429,9363566553,0.86261,0
300731,科创新源,0.2,70048,0.14,21.66,-5838163,-0.91,,-5838163,3785312,-9623475,创投、汽车零部件,-1.05,61570012,1794019473,0.583288,0
603611,诺力股份,2.9,199906,-0.22,18.35,-6086776,-0.16,,-6086776,0,-6086776,机器人概念、锂电池,0.05,52738255,3161283594,0.895364,0
300680,隆盛科技,3.4,140100,-0.05,18.74,-6120215,0.27,,-6120215,9888316,-16008531,商业航天、军工,0.32,76587531,2929565455,0.745891,0
605277,新亚电子,1.9,957411,-1.12,15.07,-6127200,-0.86,,-6127200,7820683,-13947883,高速连接、消费电子,0.27,73631052,1655115472,0.880845,0
002593,日上集团,1.3,85075,-0.48,4.14,-6128759,-0.72,,-6128759,6804203,-12932962,汽车零部件、一体化压铸,-0.24,65753874,1722207345,0.900688,0
002725,跃岭股份,1.6,1931298,0.0,12.39,-6145678,0.98,,-6145678,36115560,-42261238,光芯片、汽车零部件,0.98,391013678,1826583443,1.52185,0
300545,联得装备,0.7,741360,0.23,30.81,-6213088,-0.03,,-6213088,22339467,-28552555,华为概念、端侧AI,-0.26,159961093,2773600219,0.466366,-3439887
301091,深城交,0.7,363736,-0.33,23.44,-6322841,-2.37,,-6322841,28456289,-34779130,低空经济、数字经济,-2.05,206842405,1965935635,0.625194,0
301314,科瑞思,2.3,7667415,-3.87,45.29,-6326478,-4.21,,-6326478,28648780,-34975258,元器件、变压器,-0.35,168856631,619905000,2.63251,3007330
603050,科林电气,1.3,77044,-0.17,17.33,-6390688,-1.2,,-6390688,7346148,-13736836,电气设备、逆变器,-1.03,74810299,2994140161,1.19527,0
300225,金力泰,0.3,189216,-0.34,11.57,-6400620,-1.28,,-6400620,20401935,-26802555,光刻机、芯片,-0.94,103823768,4670183216,1.01311,3483919
300382,斯莱克,1.3,50908,-0.1,9.85,-6484471,0.51,,-6484471,4532213,-11016684,机器人概念、汽车类,0.61,54610226,3699063575,1.24276,0
600619,海立股份,2.1,1152879,-0.96,7.22,-6506052,-0.82,,-6506052,34343824,-40849876,光刻机、汽车零部件,0.14,154226123,3006830415,0.478103,-14452163
000901,航天科技,0.3,436170,-0.1,10.06,-6507234,0.0,,-6507234,21706871,-28214105,商业航天、军工,0.1,94654389,5256010552,0.805589,-3005955
300279,和晶科技,0.8,127459,-0.92,6.49,-6537656,-0.61,,-6537656,332010,-6869666,家电、多胎概念,0.31,44058107,1969412306,0.632686,0
301099,雅创电子,0.1,45648,0.26,51.17,-6554512,1.15,,-6554512,4985991,-11540503,汽车芯片、汽车类,0.89,69395392,1486540000,0.655481,0
300590,移为通信,0.6,243846,0.43,11.75,-6616217,0.17,,-6616217,3740820,-10357037,无人驾驶、数字经济,-0.25,85446907,2706931378,0.625194,0
000581,威孚高科,4.2,695544,-0.44,15.9,-6639080,-0.31,,-6639080,5574419,-12213499,机器人概念、毫米波雷达,0.13,97000332,9865156024,1.10098,0
002156,通富微电,0.3,1700237,-0.5,22.15,-6717037,1.23,,-6717037,137247814,-143964851,HBM、AMD概念,1.75,681037131,22884462306,0.740338,-3036590
002863,今飞凯达,0.6,196384,-0.15,6.46,-6750961,-0.15,,-6750961,12513322,-19264283,一体化压铸、有色金属,0.0,74717010,1987104253,0.861185,0
688322,奥比中光,1.0,670930,-0.59,32.01,-6771493,-0.59,,-6771493,9773203,-16544696,宇树机器人、机器视觉,0.0,95307943,5449916741,0.663232,0
002389,航天彩虹,4.8,425250,-0.05,19.07,-6799479,0.85,,-6799479,10664011,-17463490,低空经济、无人机,0.9,73210804,12068413504,0.608779,0
600071,凤凰光学,5.2,564168,-0.14,21.42,-6918250,0.09,,-6918250,14510093,-21428343,股权转让、安防,0.23,102184613,3179319915,0.747896,0
601702,华峰铝业,0.7,77409,-0.06,16.52,-6963701,0.24,,-6963701,6208827,-13172528,有色金属、金属铝,0.3,57532149,5396337832,1.26152,-3489886
600822,上海物贸,0.5,1757577,-1.79,11.58,-7151475,-1.19,,-7151475,25721503,-32872978,上海、新能源汽车,0.61,181375805,1820311264,0.438023,-436789
603788,宁波高发,0.2,353696,-0.63,15.68,-7195928,-1.32,,-7195928,6280888,-13476816,三季报增长、股权转让,-0.7,107916864,2005022130,0.794471,0
300811,铂科新材,0.4,797884,0.08,52.82,-7227302,0.04,,-7227302,22258747,-29486049,算力、芯片,-0.04,161948491,5797566825,0.652394,0
300643,万通智控,1.8,1067490,-0.76,13.04,-7325235,-0.84,,-7325235,4938039,-12263274,车路云、三季报增长,-0.08,87669422,1486838338,0.471023,0
002402,和而泰,7.7,551760,-0.6,13.29,-7379128,0.08,,-7379128,9777216,-17156344,芯片、数字经济,0.68,126260621,10152950511,1.14685,-4360614
600262,北方股份,3.8,580060,-1.02,19.78,-7551277,0.92,,-7551277,5880514,-13431791,无人驾驶、基础建设,1.96,66934138,1733434588,0.674917,0
002916,深南电路,2.4,441267,0.0,69.95,-7680261,-0.64,,-7680261,14632778,-22313039,印制电路板、央企,-0.64,145948205,12802787416,1.2831,-594588
001319,铭科精技,0.9,462800,-0.27,26.09,-7748676,0.08,,-7748676,8842421,-16591097,机器人概念、一带一路,0.35,117467471,1134441166,0.478365,0
601717,郑煤机  ,1.1,630565,-0.6,11.6,-7957598,-0.34,,-7957598,18201986,-26159584,汽车类、并购重组,0.26,101412824,12456301928,0.654028,-10477461
603766,隆鑫通用,0.3,46788,0.18,5.55,-7961550,-0.18,,-7961550,14087038,-22048588,汽车整车、两轮车,-0.36,90341934,5693028218,0.909938,0
000970,中科三环,0.7,143658,-0.1,10.55,-7963202,1.25,,-7963202,16249262,-24212464,稀土永磁、汽车零部件,1.34,125201992,9839695763,1.13159,0
000969,安泰科技,0.8,178012,-0.11,9.38,-8134681,0.54,,-8134681,10813337,-18948018,核电、第三代半导体,0.64,112984980,6201228607,0.827862,0
605128,上海沿浦,0.4,46620,0.45,50.64,-8152999,-1.8,,-8152999,2198078,-10351077,特斯拉概念、三季报增长,-2.24,54471135,2106501828,1.0793,0
300283,温州宏丰,1.6,139725,0.16,6.28,-8162790,1.29,,-8162790,4290321,-12453111,电气设备、智能电网,1.13,63835610,1682556275,0.553526,0
300873,海晨股份,0.7,120016,0.22,22.8,-8266133,-1.0,,-8266133,2935667,-11201800,一带一路、物流,-1.21,55579964,2343933515,0.591779,0
603190,亚通精工,0.2,88803,0.21,32.05,-8288073,-2.35,,-8288073,2463347,-10751420,无人驾驶、汽车零部件,-2.55,84962265,957900000,0.750151,0
002444,巨星科技,4.9,1066363,-1.34,21.44,-8348083,-1.02,,-8348083,11778094,-20126177,机器人概念、人工智能,0.33,137435706,14739107963,0.750024,0
603768,常青股份,0.2,406000,-0.55,19.79,-8414002,-1.59,,-8414002,6366765,-14780767,汽车零部件、汽车类,-1.05,112913557,1537910197,0.92845,0
000757,浩物股份,1.0,22569250,-5.98,5.56,-8414961,-4.96,,-8414961,82183777,-90598738,网约车、华为汽车,1.09,508133921,1918938265,1.26845,-3794988
002273,水晶光电,1.1,451278,0.24,12.35,-8433410,0.41,,-8433410,36296891,-44730301,AI眼镜、端侧AI,0.16,300254357,14320579546,0.843355,0
688001,华兴源创,0.9,97371,-0.82,31.4,-8451366,-0.85,,-8451366,4506953,-12958319,并购重组、江苏省,-0.03,48757628,2838015981,0.789483,0
601137,博威合金,0.3,132240,0.07,15.26,-8479864,0.46,,-8479864,11421468,-19901332,高速连接、通信,0.39,100017116,7222300138,0.537966,0
601799,星宇股份,0.0,55784,0.03,136.1,-8546976,-2.38,,-8546976,9838401,-18385377,车路云、三季报增长,-2.41,121672455,17741990807,0.801481,0
600733,北汽蓝谷,1.5,10552110,-1.09,6.35,-8558591,-0.78,,-8558591,264589121,-273147712,汽车整车、固态电池,0.32,915844002,21106474769,0.603707,2852810
000572,海马汽车,0.9,1136000,-0.7,5.73,-8595219,0.17,,-8595219,83297573,-91892792,海南、氢能源,0.88,350429133,6095710719,0.546738,0
000338,潍柴动力,0.6,1121400,-0.14,14.1,-8660046,0.57,,-8660046,119924545,-128584591,农机、氢燃料电池,0.71,553767748,62294231825,0.533949,-18660675
301132,满坤科技,1.4,414640,0.0,28.49,-8701943,0.32,,-8701943,3256538,-11958481,印制电路板、充电桩,0.32,75692799,1224796640,0.877762,0
300969,恒帅股份,0.9,1584828,-0.02,92.28,-8832155,-0.45,,-8832155,33044634,-41876789,无人驾驶、三季报增长,-0.43,192523189,1849600000,0.523807,0
002540,亚太科技,4.8,281160,-0.31,6.44,-8896744,0.47,,-8896744,3648933,-12545677,有色金属、并购重组,0.78,60445279,4272157831,0.775312,0
300258,精锻科技,0.7,224100,-0.37,13.39,-8938003,-1.18,,-8938003,5172812,-14110815,比亚迪产业链、电机电控,-0.81,74472552,3612999034,0.653504,0
300123,亚光科技,1.9,1155880,0.13,7.78,-8954336,-0.26,,-8954336,26830849,-35785185,军工、湖南,-0.38,151186303,6434565857,0.749275,0
300212,易华录,0.3,3791000,0.27,33.72,-8978698,-0.56,,-8978698,199094496,-208073194,数据要素、数据确权,-0.82,728938421,13886644714,0.566022,7575034
300735,光弘科技,0.9,3152021,-0.04,23.74,-9298071,1.11,,-9298071,166555242,-175853313,华为概念、消费电子,1.15,625193342,8503172881,0.82651,-3582604
600577,精达股份,2.0,471006,-0.24,4.15,-9338781,0.73,,-9338781,8483490,-17822271,高速连接、扁线,0.97,60885072,6420620328,0.833934,0
300018,中元股份,0.4,42840,0.16,6.12,-9386325,0.16,,-9386325,0,-9386325,锂电池、柔性直流,0.0,33579729,2473076786,0.907845,0
002363,隆基机械,0.4,1889199,-0.34,8.55,-9461094,-2.17,,-9461094,30817664,-40278758,飞行汽车、碳陶刹车,-1.84,249426439,2053205443,0.801683,0
300270,中威电子,2.6,553020,-1.02,7.86,-9787751,-0.25,,-9787751,4165523,-13953274,机器人概念、地方国企,0.77,71237863,1451424615,0.722056,0
600143,金发科技,3.5,535655,0.81,7.48,-9920053,1.22,,-9920053,6120252,-16040305,宇树机器人、可降解概念,0.4,82333420,15415821669,1.42482,0
603035,常熟汽饰,0.5,225380,-0.62,19.04,-9970381,-0.94,,-9970381,5869434,-15839815,内外饰、智能座舱,-0.31,81225106,5171074568,0.767716,0
002008,大族激光,0.8,330956,0.0,21.16,-10012605,0.38,,-10012605,22150463,-32163068,光伏设备、消费电子,0.38,145018625,16760123151,0.853104,0
002590,万安科技,0.3,657800,-0.69,13.07,-10228876,-0.15,,-10228876,26658831,-36887707,汽车零部件、年报预增,0.54,248895999,3072070754,0.403529,0
301133,金钟股份,1.4,923800,0.68,29.88,-10241911,-2.96,,-10241911,18704686,-28946597,汽车零部件、内外饰,-3.61,161796976,929788818,0.733126,0
605151,西上海  ,0.3,3474657,-0.51,20.85,-10284134,-2.75,,-10284134,10913135,-21197269,物流、上海,-2.25,162311279,766064249,0.947863,0
601311,骆驼股份,0.2,30438,0.0,8.04,-10350434,0.37,,-10350434,7709395,-18059829,碳中和、固态电池,0.37,64015087,5983098838,1.1772,0
300580,贝斯特,0.4,171720,-0.15,32.19,-10350660,-0.8,,-10350660,42839165,-53189825,华为汽车、机器人概念,-0.65,222450990,4680184667,0.709954,0
300790,宇瞳光学,0.3,695540,-1.13,16.55,-10408064,-1.43,,-10408064,21326329,-31734393,无人驾驶、汽车零部件,-0.3,189130701,3907454953,0.405037,-3878541
300041,回天新材,0.7,1444060,1.28,10.38,-10470908,2.06,,-10470908,15028356,-25499264,光伏、固态电池,0.78,115144791,4891462925,1.32249,0
301488,豪恩汽电,0.5,585352,-1.1,77.39,-10885873,-0.63,,-10885873,10634843,-21520716,无人驾驶、智能驾驶,0.48,122441570,1542228694,0.607908,0
002161,远望谷,3.3,606552,-0.17,5.95,-10910846,-0.5,,-10910846,9311612,-20222458,股权转让、数字经济,-0.34,133161890,3352006572,0.911024,0
300160,秀强股份,1.1,61880,-0.5,6.0,-11081912,0.33,,-11081912,9211066,-20292978,分布式光伏、并购重组,0.84,46369757,2712491357,0.637989,0
000829,天音控股,1.7,6565440,-1.06,11.31,-11139922,-0.09,,-11139922,139715491,-150855413,华为手机、网红经济,0.98,638980610,7561244109,0.586186,-10378005
301007,德迈仕,1.6,301688,-0.06,17.42,-11268917,-0.74,,-11268917,13505854,-24774771,无人驾驶、小米汽车,-0.68,120733656,2150774850,0.625046,0
600523,贵航股份,2.4,10134166,-0.78,15.77,-11353003,2.54,,-11353003,142731844,-154084847,汽车零部件、华为汽车,3.34,612281674,3022653102,0.654585,16722927
601188,龙江交通,0.8,6899457,-0.48,4.19,-11368226,1.45,,-11368226,34539519,-45907745,网约车、公路运营,1.95,274327678,1730311500,1.73306,0
603319,湘油泵  ,0.5,666855,0.27,18.25,-11573546,0.16,,-11573546,6394282,-17967828,比亚迪产业链、电机电控,-0.11,134463975,2735472152,0.619709,0
603686,福龙马  ,0.5,100783,-0.1,10.34,-11752349,-0.58,,-11752349,3984061,-15736410,机器人概念、垃圾分类,-0.48,67220763,3508022837,0.978422,-3628185
603239,浙江仙通,0.7,450360,0.0,15.76,-11880277,-2.72,,-11880277,17006541,-28886818,华为汽车、地方国企,-2.72,131071868,1589287018,0.613064,0
002965,祥鑫科技,2.9,413393,-0.05,40.32,-12143603,-1.54,,-12143603,23131411,-35275014,机器人概念、汽车热管理,-1.49,146567357,5071825887,0.951313,0
600460,士兰微  ,1.2,662055,-0.39,23.24,-12300799,-0.34,,-12300799,23054866,-35355665,汽车芯片、IGBT,0.04,208683759,19008652179,0.723235,0
000531,穗恒运Ａ,0.3,122500,-0.57,6.96,-12419430,-1.14,,-12419430,3982179,-16401609,绿色电力、锂电池,-0.57,50071974,2411914016,1.29468,0
002383,合众思壮,1.3,331100,0.0,7.58,-12463395,-1.56,,-12463395,7901327,-20364722,卫星导航、地方国企,-1.56,119303634,3233425528,0.771315,0
603013,亚普股份,3.1,1343853,-1.32,17.83,-12476430,-2.19,,-12476430,12287374,-24763804,汽车零部件、央企,-0.89,170312403,1891195534,1.27663,0
002664,信质集团,1.6,287784,-0.87,17.08,-12582412,-1.16,,-12582412,15757859,-28340271,机器人概念、电机电控,-0.29,107445024,3607091812,0.878829,-11663160
603890,春秋电子,0.3,112785,-1.17,10.53,-12625621,-4.96,,-12625621,5094233,-17719854,AI PC、股权转让,-3.84,105118879,3121385746,0.928855,0
002055,得润电子,1.6,1606296,-0.2,10.13,-12932085,-0.49,,-12932085,14684187,-27616272,高速连接、汽车类,-0.3,136234356,4961648292,0.644199,0
688123,聚辰股份,2.3,333443,-1.01,62.98,-12991061,-1.99,,-12991061,14410452,-27401513,存储、汽车电子,-0.99,107628863,6466502561,0.926907,0
300694,蠡湖股份,1.8,746400,-0.48,12.47,-13132180,-0.24,,-13132180,9159172,-22291352,固态电池、锂电池,0.24,85175420,1769497269,1.11116,0
002414,高德红外,1.0,220968,-0.13,7.37,-13239741,-1.07,,-13239741,15195277,-28435018,机器人概念、传感器,-0.94,149590348,11460504356,1.25381,-3982335
300814,中富电路,0.9,822390,-1.36,34.68,-13253862,-1.42,,-13253862,34981255,-48235117,印制电路板、算力,-0.06,232126461,1749922200,0.762116,0
300098,高新兴,2.8,667686,0.0,4.29,-13301856,-0.92,,-13301856,34018703,-47320559,机器人概念、车路云,-0.92,158154816,6334311183,0.594452,0
603037,凯众股份,0.5,2285075,-1.98,21.72,-13480825,-4.32,,-13480825,17611471,-31092296,小米汽车、华为汽车,-2.38,211900713,1950835792,0.770118,0
000021,深科技,0.4,1426048,-0.42,16.65,-13506711,-0.36,,-13506711,76129950,-89636661,深圳、汽车类,0.06,457075265,15543272234,0.448845,-14655687
600703,三安光电,1.3,1374624,-0.52,13.47,-13589637,0.6,,-13589637,56450489,-70040126,第三代半导体、碳化硅,1.13,375347557,40215684459,0.883313,-8345308
300293,蓝英装备,0.6,182308,0.0,15.19,-13790691,-0.85,,-13790691,15297102,-29087793,光刻机、振兴东北,-0.85,160461313,2648579878,0.788915,0
603023,*ST威帝 ,1.1,24338799,-5.57,7.05,-13837654,0.71,,-13837654,175100666,-188938320,ST板块、汽车零部件,6.66,1101625294,2149316013,1.11063,6381373
300375,鹏翎股份,1.5,2183244,-0.53,5.63,-13982855,-0.71,,-13982855,26125037,-40107892,华为汽车、汽车零部件,-0.18,199179142,2544564059,0.666397,0
000570,苏常柴Ａ,1.4,1977080,-1.83,6.84,-13985368,4.27,,-13985368,98286150,-112271518,农机、农业,6.21,553350414,2246235406,1.56597,3949049
001311,多利科技,0.9,475112,-0.06,53.66,-14154169,-0.67,,-14154169,9455939,-23610108,一体化压铸、汽车类,-0.61,119353522,2470294703,0.865032,0
601689,拓普集团,9.7,1684320,-0.57,70.48,-14306461,0.69,,-14306461,90362678,-104669139,机器人概念、底盘,1.26,404887341,28785686403,1.0477,-28379476
000541,佛山照明,4.0,1038880,-0.58,6.87,-14479326,-0.72,,-14479326,18487740,-32967066,华为汽车、汽车类,-0.15,137327168,3547509590,0.668561,0
603767,中马传动,2.4,794325,-1.75,15.14,-14565421,-1.69,,-14565421,9960770,-24526191,机器人概念、减速器,0.07,124105341,1734070140,0.577289,0
300807,天迈科技,3.1,430652,-0.52,33.45,-14597579,-4.18,,-14597579,17242525,-31840104,股权转让、华为概念,-3.69,132233171,1086369115,0.911362,0
300887,谱尼测试,1.1,325974,-0.07,13.46,-14971931,-0.15,,-14971931,3563426,-18535357,碳中和、猴痘概念,-0.07,81924061,2822759665,1.51527,0
603278,大业股份,0.9,1303980,-0.96,12.45,-15664489,-0.24,,-15664489,6455337,-22119826,机器人概念、工业4.0,0.73,141359693,1833608413,0.91494,0
603920,世运电路,0.4,99586,-0.17,16.9,-15826668,-1.74,,-15826668,14062462,-29889130,机器人概念、光储充一体化,-1.57,108898538,3638643915,1.02469,0
301013,利和兴,0.6,2287128,0.68,16.18,-15960096,-0.43,,-15960096,43561090,-59521186,华为概念、医药,-1.1,271139819,2680577923,0.36496,0
002355,兴民智通,24.0,75557376,-9.12,6.31,-15983309,-5.68,,-15983309,243253232,-259236541,无人驾驶、大麻,3.78,817690163,3324326378,1.14442,-5664449
002906,华阳集团,1.7,1333836,0.3,33.19,-16026998,0.33,,-16026998,52115549,-68142547,无人驾驶、智能座舱,0.03,232078798,5920564493,0.580589,0
600363,联创光电,0.2,232099,0.03,32.62,-16541528,-0.18,,-16541528,17203236,-33744764,核电、OLED,-0.21,123917187,11610651796,0.74768,6001240
000980,众泰汽车,0.8,619743,-0.3,3.36,-16613571,-0.59,,-16613571,43034751,-59648322,汽车整车、氢能源,-0.3,240328476,9296908100,0.813276,3159744
002413,雷科防务,1.7,1792005,-0.34,5.73,-16624591,-1.38,,-16624591,40885220,-57509811,无人驾驶、智能驾驶,-1.04,223953292,7178143012,0.964805,0
300978,东箭科技,1.1,1909042,-0.27,15.16,-16702152,0.66,,-16702152,24722929,-41425081,汽车零部件、并购重组,0.93,211832198,1930440740,0.493043,0
002376,新北洋,12.2,1598852,0.25,7.83,-16867246,-0.38,,-16867246,6809442,-23676688,机器人概念、智能物流,-0.63,151365020,4884203219,2.46125,0
000636,风华高科,0.7,142915,-0.28,14.08,-17240459,-0.78,,-17240459,7479134,-24719593,电阻电容、小金属概念,-0.49,97604350,11402382840,1.18977,0
301499,维科精密,3.0,553982,-0.79,32.64,-17553940,-1.21,,-17553940,16055785,-33609725,智能驾驶、传感器,-0.43,135940881,1064424202,0.529071,-4193646
300709,精研科技,2.0,567130,-0.22,30.99,-17626247,-0.64,,-17626247,11859367,-29485614,折叠屏、汽车类,-0.42,169136171,4333855589,0.759861,-3663401
600166,福田汽车,3.0,1814820,-0.33,2.95,-17842280,-1.34,,-17842280,49434705,-67276985,汽车类、固态电池,-1.01,266355090,14071905478,0.985622,0
600686,金龙汽车,0.2,6198929,0.35,8.46,-18027168,-1.63,,-18027168,97826635,-115853803,汽车整车、无人驾驶,-1.97,527650354,3470946151,0.829523,-9673736
300169,天晟新材,1.9,2293368,-1.23,7.97,-18237939,-1.97,,-18237939,65879105,-84117044,环保、参股券商,-0.75,431847626,2222031092,1.6491,0
002792,通宇通讯,1.5,552680,-0.53,16.74,-18526841,-1.18,,-18526841,18816316,-37343157,卫星导航、并购重组,-0.65,167263203,3139889331,0.755857,0
301039,中集车辆,0.4,602373,-0.59,10.09,-18828888,-0.59,,-18828888,32310925,-51139813,央企、国有企业,0.0,190264620,7324888902,0.375995,0
603236,移远通信,0.6,161152,-0.28,50.61,-19001422,0.22,,-19001422,21823275,-40824697,AI玩具、端侧AI,0.5,153954489,9489431117,0.849399,-16460910
000700,模塑科技,1.5,709985,-1.06,7.37,-19059188,-2.12,,-19059188,26659365,-45718553,特斯拉概念、小米汽车,-1.07,222788076,4202628035,0.897612,-3386327
300507,苏奥传感,1.0,342720,0.0,7.08,-19124790,-0.84,,-19124790,35842608,-54967398,汽车零部件、数字经济,-0.84,197670303,3361563012,0.738462,0
300351,永贵电器,0.7,9040797,-0.43,21.03,-19332690,-0.43,,-19332690,169479697,-188812387,华为超充、汽车充电,0.0,759807793,4349204314,0.437698,3063257
300088,长信科技,0.8,855810,-0.45,6.65,-19480197,-0.6,,-19480197,51500942,-70981139,智能穿戴、智能座舱,-0.15,250497878,13072232592,0.883099,0
000550,江铃汽车,2.1,2978461,0.35,20.05,-19494097,0.45,,-19494097,15405882,-34899979,无人驾驶、新能源汽车,0.1,216035362,3281271588,0.863236,0
300391,长药控股,0.1,1652,0.0,8.0,-19969136,-3.15,,-19969136,5919761,-25888897,中药、并购重组,-3.15,82604018,2209320419,1.46938,0
300598,诚迈科技,2.3,1857996,-0.61,45.55,-20648489,-1.56,,-20648489,21311431,-41959920,信创、盘古大模型,-0.96,177021257,5576092489,0.806536,0
603667,五洲新春,1.5,1737216,-0.62,21.01,-20761300,0.0,,-20761300,128489648,-149250948,机器人概念、汽车零部件,0.62,462338380,4340279156,1.36829,5231630
300458,全志科技,0.6,227205,-0.22,22.78,-20850491,-0.96,,-20850491,29120921,-49971412,AI玩具、端侧AI,-0.74,218907841,9740773682,1.15917,-7710291
002151,北斗星通,1.6,786450,-0.28,31.87,-21047848,-0.99,,-21047848,35468282,-56516130,卫星导航、并购重组,-0.72,215467260,10770797893,0.950108,0
603286,日盈电子,1.5,18000000,-4.93,29.58,-21098276,-10.01,,-21098276,136775473,-157873749,汽车零部件、无人驾驶,-5.34,709791838,1446638312,0.77027,-9881508
002813,路畅科技,6.9,1755964,-2.3,36.48,-21115778,-3.39,,-21115778,14176765,-35292543,无人驾驶、智能座舱,-1.11,158122672,1428747850,0.811519,0
002316,ST亚联,0.6,431270,-0.81,6.01,-21244835,-2.28,,-21244835,20068204,-41313039,ST板块、数字货币,-1.48,168990247,1749011231,0.953469,0
000625,长安汽车,0.5,44284128,0.89,19.31,-21366644,1.47,,-21366644,3131895334,-3153261978,汽车整车、固态电池,0.57,7030351365,95311882066,0.729255,215830235
300115,长盈精密,0.3,105287,-0.25,11.73,-21628722,-1.1,,-21628722,13640146,-35268868,消费电子、灵巧手,-0.85,171425966,8848219416,1.07607,0
600360,ST华微  ,0.6,864475,0.53,7.52,-21664062,0.13,,-21664062,23240317,-44904379,ST板块、IGBT,-0.4,175278529,5604180959,0.488409,0
300657,弘信电子,2.0,3534093,-1.01,21.26,-21773101,-2.16,,-21773101,93041681,-114814782,华为概念、锂电池,-1.16,327724980,7536729651,0.600115,514002
002547,春兴精工,2.2,2086875,-0.19,5.18,-23081401,-1.52,,-23081401,37110130,-60191531,机器人概念、通信,-1.33,261217306,4071271531,0.827587,0
300403,汉宇集团,2.5,1053072,-0.12,8.22,-23215079,-0.36,,-23215079,16484484,-39699563,机器人概念、环保,-0.24,132706116,2956930489,0.730024,0
301215,中汽股份,0.6,2093040,-1.01,6.84,-23259115,-1.01,,-23259115,35360610,-58619725,车路云、中字头,0.0,279261454,2596754756,0.716498,0
300496,中科创达,0.8,1067846,-0.33,79.77,-23299516,-0.23,,-23299516,53855642,-77155158,无人驾驶、智能座舱,0.1,324427287,26811297678,0.846638,-10602072
300432,富临精工,0.6,419312,0.0,11.5,-23505869,-1.54,,-23505869,73937182,-97443051,机器人概念、磷酸铁锂,-1.54,380282740,8050981557,0.942442,-7011382
002600,领益智造,1.7,1392498,-0.62,6.54,-23511550,1.24,,-23511550,60916232,-84427782,机器人概念、柔性屏,1.87,325284748,17941493126,0.738721,-3194685
300660,江苏雷利,1.6,780288,-0.39,30.2,-23528485,-1.31,,-23528485,21516556,-45045041,宇树机器人、储能,-0.92,176390157,3436814570,0.705093,-3587631
601238,广汽集团,0.5,541304,-0.1,9.52,-24208518,-0.21,,-24208518,45230343,-69438861,华为汽车、汽车类,-0.1,189537156,69817386527,0.519296,-317835
300707,威唐工业,0.9,1166284,-0.55,18.23,-25172538,0.11,,-25172538,21012876,-46185414,特斯拉概念、锂电池,0.66,199664887,1726239893,0.498495,0
300177,中海达,1.2,1076578,-1.02,7.7,-25208894,-2.16,,-25208894,20190207,-45399101,卫星导航、并购重组,-1.16,159097019,4314671082,0.923266,0
002284,亚太股份,0.2,397602,-0.1,9.89,-25253824,-1.1,,-25253824,25282111,-50535935,比亚迪产业链、汽车零部件,-1.0,199761661,4098516304,0.558245,-3960029
600699,均胜电子,1.7,1230905,-0.42,18.83,-25464466,-0.53,,-25464466,56569518,-82033984,智能座舱、小米汽车,-0.11,271026190,16769662721,0.519614,468882
002416,爱施德,2.0,1905708,-0.86,9.27,-25991946,-0.75,,-25991946,23288910,-49280856,消费电子、互联网金融,0.11,196944616,6805565656,0.593939,0
603528,多伦科技,0.6,2285688,0.0,10.17,-26307777,-0.59,,-26307777,32504442,-58812219,机器人概念、芯片,-0.59,353236518,2820881080,0.652781,0
300476,胜宏科技,0.8,747842,-0.05,18.7,-26823495,-0.53,,-26823495,38933593,-65757088,印制电路板、汽车零部件,-0.48,234184757,10578574705,0.808899,-5603024
300217,东方电热,0.9,198880,-0.18,5.63,-26915742,-0.53,,-26915742,8252346,-35168088,锂电池、光热发电,-0.35,84438847,5447199932,1.13529,0
603986,兆易创新,2.1,6070984,-0.88,91.32,-26975594,1.4,,-26975594,153411270,-180386864,存储、并购重组,2.3,826435064,56475862231,0.994853,-3434290
300180,华峰超纤,0.4,630120,-0.84,4.74,-27051096,-0.42,,-27051096,36005152,-63056248,跨境支付、股权转让,0.42,184275790,6116268723,0.784348,0
600104,上汽集团,1.3,953823,-0.07,14.09,-27152069,-2.42,,-27152069,114778463,-141930532,上海、汽车整车,-2.36,553757365,51926918312,1.543,-1195335
605555,德昌股份,1.0,398634,0.04,22.47,-27184610,-1.88,,-27184610,35046697,-62231307,机器人概念、家电,-1.92,168131106,3041001480,1.343,-4510457
002997,瑞鹄模具,2.4,484627,-0.64,33.42,-28239706,-2.02,,-28239706,37149994,-65389700,一体化压铸、汽车类,-1.39,248856032,3441852651,1.18913,3032970
002970,锐明技术,18.8,6119903,-1.03,32.36,-29076639,-1.67,,-29076639,41981461,-71058100,三季报增长、智能驾驶,-0.64,315709379,1481794174,1.46618,-3203000
605228,神通科技,0.6,5051789,-1.41,13.71,-29356513,-3.38,,-29356513,48118648,-77475161,激光雷达、无人驾驶,-2.0,349764089,1337932436,0.752657,-574829
000400,许继电气,0.3,151500,-0.3,20.2,-30813544,-0.3,,-30813544,40090539,-70904083,特高压、智能电网,0.0,212345469,10782683661,0.797448,-12010983
600745,闻泰科技,0.2,1589540,-0.27,43.85,-30950194,-0.84,,-30950194,115613975,-146564169,股权转让、服务器,-0.57,630244810,39413768740,0.780584,-10604866
600330,天通股份,0.7,1284765,-1.01,8.91,-31726281,-0.11,,-31726281,23049601,-54775882,光模块、光伏设备,0.91,177000104,9820157576,0.61186,0
002036,联创电子,1.4,2743616,-0.85,10.5,-32857720,-1.04,,-32857720,82339041,-115196761,比亚迪产业链、光学镜头,-0.19,387955224,10083244990,0.386053,42039
002406,远东传动,0.3,796470,-0.86,6.94,-33190139,-1.0,,-33190139,41628986,-74819125,算力、汽车零部件,-0.14,252504122,3870513927,0.68041,0
300748,金力永磁,1.5,1016338,-0.87,19.5,-34652943,0.15,,-34652943,182077584,-216730527,稀土永磁、光伏,1.04,722682674,13185865807,1.48866,-3455112
300241,瑞丰光电,1.5,3701640,-0.55,5.63,-35132640,2.74,,-35132640,30064348,-65196988,VR/AR/MR、Mini/Micro,3.3,302758587,2791929366,0.598601,0
603569,长久物流,0.9,2234295,-0.13,15.23,-36764104,-2.31,,-36764104,64126009,-100890113,物流、并购重组,-2.18,331127648,2920564297,1.01534,3303933
002869,金溢科技,0.5,1495215,-0.04,21.74,-36866352,-2.77,,-36866352,24952105,-61818457,三季报增长、ETC,-2.73,248427770,2565641664,0.635967,0
301221,光庭信息,0.7,1047888,-0.81,59.46,-37364659,-3.76,,-37364659,35386608,-72751267,智能驾驶、小米汽车,-2.97,237592590,2305783384,0.688652,-3824871
002519,银河电子,0.6,2199813,0.0,6.13,-38184715,-1.61,,-38184715,44571475,-82756190,机器人概念、广电网,-1.61,258601913,4765941764,0.732562,-3694527
002463,沪电股份,0.5,1037232,0.0,19.95,-38364050,-1.04,,-38364050,39550948,-77914998,印制电路板、汽车电子,-1.04,307146030,23611896069,0.853935,-10626324
000063,中兴通讯,1.1,7898500,-0.32,25.21,-39696032,0.52,,-39696032,353849878,-393545910,芯片设计、液冷服务器,0.84,1206727137,101480923530,0.783001,-18932188
603011,合锻智能,1.5,4815360,-1.94,7.52,-40248671,-2.97,,-40248671,28706231,-68954902,核电、汽车零部件,-1.05,246259537,2405316348,0.763955,-6425391
002703,浙江世宝,2.5,2848200,-2.19,15.02,-42631242,-3.03,,-42631242,58479412,-101110654,汽车零部件、小米汽车,-0.86,463835482,4001079274,0.608426,0
600114,东睦股份,1.4,1474200,0.52,13.19,-45807976,-1.79,,-45807976,61629740,-107437716,机器人概念、华为概念,-2.3,235270350,6591582695,1.01313,-18896080
603266,天龙股份,1.5,5474304,-2.85,30.91,-49031159,-5.21,,-49031159,173816394,-222847553,汽车零部件、病毒防治,-2.43,1070109019,2335610020,1.33903,6495621
603121,华培动力,2.8,13599746,-0.7,9.84,-50163125,-2.09,,-50163125,104438087,-154601212,汽车零部件、并购重组,-1.4,651369166,1700666952,3.26495,6811050
002241,歌尔股份,1.9,2923371,0.0,17.41,-50324805,0.23,,-50324805,152310002,-202634807,VR/AR/MR、消费电子,0.23,588765386,41059838779,0.874414,80153
002331,皖通科技,1.2,7916631,-2.59,9.44,-51034744,-5.88,,-51034744,81667622,-132702366,车路云、航运,-3.38,683060593,2633337507,0.674809,-5206552
002456,欧菲光,0.7,5973885,-0.21,9.67,-51820589,-0.41,,-51820589,344954857,-396775446,消费电子、华为概念,-0.21,1261483684,21878473613,0.637298,4273507
300136,信维通信,1.2,1505250,-0.27,22.4,-55296672,-0.71,,-55296672,67215913,-122512585,5G、滤波器,-0.44,449627302,17404013178,0.767033,-16348481
002050,三花智控,1.4,1339814,-0.25,27.7,-56540190,-0.4,,-56540190,62849454,-119389644,机器人概念、汽车热管理,-0.14,424399838,38710629940,1.04775,0
600335,国机汽车,1.3,9648268,-1.52,9.4,-56708166,-4.86,,-56708166,216042268,-272750434,国有企业、特斯拉概念,-3.39,648262760,4398575460,0.953877,-26334365
300620,光库科技,1.4,8523760,-0.95,48.15,-61814063,-2.86,,-61814063,175881324,-237695387,CPO/MPO、地方国企,-1.93,779351663,5949440322,0.654537,-3896277
002222,福晶科技,0.6,3018768,-1.01,29.32,-63145333,-0.88,,-63145333,76506889,-139652222,光刻机、激光雷达,0.14,486372340,9778942730,0.833956,-19155219
002892,科力尔,1.6,6991488,0.0,17.03,-64457369,-1.45,,-64457369,111254983,-175712352,机器人概念、湖南,-1.45,598389534,3932582070,0.565894,-6803872
300210,森远股份,0.8,7482520,-3.0,12.28,-65365423,5.23,,-65365423,200885782,-266251205,国有企业、3D打印,8.48,878092201,3734464924,1.12288,3489145
002446,盛路通信,1.7,784932,-0.78,8.74,-73889666,-3.0,,-73889666,80860143,-154749809,5G、军工,-2.24,400181726,7190154478,1.36646,-16813894
600895,张江高科,1.2,6657504,-0.41,21.52,-74358812,-1.01,,-74358812,202968957,-277327769,光刻机、蚂蚁金服概念,-0.6,900685731,16408845504,0.619066,-9708668
600960,渤海汽车,4.3,24255171,-0.57,5.39,-78481375,2.47,,-78481375,172513443,-250994818,机器人概念、华为汽车,3.06,918462559,2844210303,1.84705,-6854160
300045,华力创通,1.8,4757166,-0.48,22.78,-80048366,-0.83,,-80048366,138870952,-218919318,卫星导航、创投,-0.35,733868202,10115762160,0.798877,-5544040
000988,华工科技,1.1,4383076,-0.71,29.19,-86747651,-0.88,,-86747651,136738056,-223485707,光模块、光芯片,-0.17,664073060,23760313599,0.663918,-29104372
002230,科大讯飞,0.5,5048480,-0.11,45.38,-88684436,-0.15,,-88684436,368669837,-457354273,人工智能、算力,-0.04,1297242380,86120761270,0.725251,-36234013
300552,万集科技,1.8,20096488,-2.19,32.78,-95054458,-2.87,,-95054458,231869625,-326924083,车路云、ETC,-0.7,954704736,3422514434,0.734256,-54065688
300339,润和软件,1.0,6647992,-0.57,26.32,-103013164,-0.72,,-103013164,187174824,-290187988,鸿蒙概念、国产软件,-0.15,921260880,20389078228,0.528866,-22076592
002559,亚威股份,0.7,11541981,-0.83,12.23,-111339590,1.83,,-111339590,308430354,-419769944,存储、并购重组,2.69,1402861461,5310984531,0.619201,-2378405
000851,ST高鸿,0.6,14293565,-1.79,7.0,-114608829,-3.85,,-114608829,267467184,-382076013,ST板块、自主可控,-2.1,1256592620,6879438539,0.904456,-27374478
601127,赛力斯  ,0.6,13143780,-0.87,74.4,-125533776,-0.07,,-125533776,1134658031,-1260191807,机器人概念、汽车整车,0.81,2733483112,59631499642,0.78619,-75152977
000903,云内动力,0.8,80033185,2.82,3.83,-158132838,7.89,,-158132838,697091884,-855224722,机器人概念、农业,4.93,1896289332,4966374198,1.65103,-110655339
603178,圣龙股份,1.6,46845216,0.0,45.81,-175094016,-9.96,,-175094016,756365309,-931459325,华为汽车、新能源汽车,-9.96,3174788395,4938095080,1.66793,-19453203
600327,大东方  ,12.3,29962200,-0.17,6.38,-193242451,6.16,,-193242451,177988950,-371231401,零售、并购重组,6.33,1067432467,3138595761,2.64872,-29134761
600178,东安动力,1.0,101160950,4.95,16.55,-279363649,-10.01,,-279363649,674947198,-954310847,并购重组、汽车零部件,-14.25,2860308323,3795213271,1.50081,-121245055
605218,伟时电子,1.0,17931600,-2.41,31.36,-385841711,-9.99,,-385841711,232452526,-618294237,首发经济、AI PIN,-7.76,1154381808,2038372586,1.50596,-115366417
