股票代码,股票名称,竞价量比,竞价金额,竞价涨幅%,价格,净额,涨幅%,板上信息,主力净额,主力买,主力卖,所属板块,区间涨幅%,成交额,实际流通,量比,300w大单净额
002049,紫光国微,12.1,13028904,4.07,91.08,610662095,10.0,首板,610662095,1530277487,-919615392,芯片、存储,5.7,2507398753,57229717400,2.98611,455749955
002670,国盛金控,0.3,3464000,1.01,10.89,533611265,10.0,首板,533611265,1115050111,-581438846,证券、并购重组,8.9,1627688687,6709688294,1.55959,423580561
300059,东方财富,0.4,17986212,0.91,15.62,525824754,1.83,,525824754,2417869710,-1892044956,证券、金融概念,0.9,4776520930,181560554920,0.937092,182402356
601138,工业富联,1.0,105680250,5.44,22.43,417901328,5.11,,417901328,2000774201,-1582872873,服务器、算力租赁,-0.31,4539145812,103510844501,1.51363,233136148
300058,蓝色光标,0.6,29599002,-0.12,9.04,349701094,6.73,,349701094,1226566725,-876865631,智谱AI、文心千帆,6.86,3328495215,20829887987,3.38522,0
002902,铭普光磁,0.7,6578000,1.77,24.18,303435371,6.99,,303435371,622924002,-319488631,光模块、5G,5.13,1475958038,3125579699,2.2675,194441819
603106,恒银科技,0.9,3358293,-1.17,8.47,263289996,10.0,首板,263289996,424808139,-161518143,金融科技、互联网金融,11.3,921865276,1881232428,1.47109,141255239
000977,浪潮信息,1.6,75929448,3.22,41.6,224385578,2.24,,224385578,1434136449,-1209750871,服务器、训推一体机,-0.95,3794126317,39187767188,1.17643,117026821
601858,中国科传,1.7,44155496,2.46,35.1,198977007,7.87,,198977007,1176986274,-978009267,文化传媒、中字头,5.28,2590852425,7120791352,4.9763,212333985
300033,同花顺,0.5,4240989,0.99,168.0,164351567,4.41,,164351567,751290445,-586938878,互联网金融、电子商务,3.39,1874340077,32757313144,1.31772,21759432
000063,中兴通讯,0.5,10558496,1.81,34.95,150050452,0.63,,150050452,933001751,-782951299,芯片设计、液冷服务器,-1.16,2247475387,140742190698,1.04516,14955005
300941,创识科技,0.5,1119800,-0.86,26.63,121129445,20.01,首板,121129445,225744435,-104614990,互联网金融、养老概念,21.05,402801651,2171284834,2.01172,103298040
603220,中贝通信,0.8,156093810,9.99,24.51,110441980,9.81,,110441980,1160215021,-1049773041,算力租赁、通信,-0.16,1880007802,5990727719,1.50765,216736619
300002,神州泰岳,0.3,1161706,0.41,10.05,103540234,2.76,,103540234,380525086,-276984852,游戏、AIGC,2.34,1078536077,16583870168,1.33508,21432454
301337,亚华电子,0.5,2301113,0.0,42.25,97203628,13.21,,97203628,308500330,-211296702,鸿蒙概念、养老概念,13.21,712808434,1043807840,2.42859,128475817
000625,长安汽车,0.6,4278522,0.39,13.01,95200777,1.56,,95200777,581032166,-485831389,汽车整车、固态电池,1.17,1608364712,58070086270,0.909601,3918513
300459,汤姆猫,0.5,947418,0.56,5.47,93654803,2.24,,93654803,291613066,-197958263,谷子经济、游戏,1.67,814069341,12784987437,1.75795,0
002517,恺英网络,0.8,4833092,0.23,14.1,93570095,7.22,,93570095,299137978,-205567883,游戏、AIGC,6.98,968805939,21328356239,1.34457,30709257
688111,金山办公,0.7,2937375,0.14,371.02,82337605,-0.39,,82337605,334326710,-251989105,AI智能体、AI办公,-0.53,1045100772,82687412533,0.887599,-25655695
300541,先进数通,6.8,38595491,8.01,16.9,80017448,7.37,,80017448,728271200,-648253752,互联网金融、网红经济,-0.59,1858481707,4187264130,3.10257,143761778
000021,深科技,2.1,2225351,1.35,17.01,73260683,4.04,,73260683,202249049,-128988366,深圳、汽车类,2.66,782067284,15632373441,1.75868,8867658
001314,亿道信息,0.2,192036,0.74,40.33,72743601,10.01,首板,72743601,103206646,-30463045,AI眼镜、端侧AI,9.21,178776977,1416046795,1.78948,33439572
000938,紫光股份,1.0,4444230,1.98,25.59,72299553,1.15,,72299553,235134281,-162834728,RDMA、训推一体机,-0.81,740920702,42787646790,1.05258,13977374
601519,大智慧  ,0.1,959136,0.37,8.43,70649984,2.68,,70649984,220864479,-150214495,互联网金融、并购重组,2.31,676929593,9702274240,0.999763,17675006
002236,大华股份,1.1,3398297,1.26,20.08,62400149,0.9,,62400149,281868664,-219468515,人工智能、GPT4,-0.35,724565966,33389365412,0.862118,26871838
000333,美的集团,0.9,3379774,0.5,55.05,61986677,2.48,,61986677,372221708,-310235031,家电、并购重组,1.96,1398433374,184674694835,1.58609,55138578
301396,宏景科技,2.5,11381280,6.45,41.75,60973025,13.08,,60973025,303450540,-242477515,算力、信创,6.23,639476203,1144529490,1.81352,14971554
300474,景嘉微,1.5,1297876,1.51,69.75,59134707,2.39,,59134707,149602508,-90467801,人工智能、算力,0.87,711523756,18019849436,1.87209,11342577
002156,通富微电,0.8,3083610,1.23,19.15,54379134,2.79,,54379134,168223256,-113844122,HBM、AMD概念,1.54,683974534,19227487688,1.43951,3156322
300688,创业黑马,0.6,1906410,1.62,32.45,52972635,0.84,,52972635,159843235,-106870600,阿里系AI、并购重组,-0.76,495637962,3658298060,1.00771,-13568775
301308,江波龙,1.5,1547700,0.16,79.8,51360756,3.8,,51360756,130769092,-79408336,存储、数字芯片,3.64,581858829,9006567469,2.00205,0
600584,长电科技,0.7,634830,0.5,30.86,47921978,2.59,,47921978,152708491,-104786513,芯片、芯片封测,2.08,503722374,40766684991,1.08586,3069667
300130,新国都,0.3,1884960,0.57,24.68,47920305,7.44,,47920305,184106757,-136186452,跨境支付、移动支付,6.84,789515704,8944829647,1.78371,8574986
300017,网宿科技,27.1,18893456,7.43,7.08,45329775,9.6,,45329775,398574691,-353244916,边缘计算、云计算,2.02,1433880599,13893343729,6.29243,0
601108,财通证券,0.5,1100522,0.49,8.24,43313264,0.98,,43313264,120398783,-77085519,证券、地方国企,0.49,360034983,27108073010,0.562346,3730457
002654,万润科技,0.6,1515600,1.12,9.15,41854525,2.81,,41854525,113885218,-72030693,存储、文化传媒,1.67,512837183,5277429322,1.2815,3184340
688318,财富趋势,0.4,4454199,1.08,142.21,39621904,5.42,,39621904,392471587,-352849683,互联网金融、金融概念,4.29,1078753802,8948683849,1.05469,18178163
300302,同有科技,0.4,528626,0.57,12.75,37439569,3.57,,37439569,88746749,-51307180,存储、自主可控,2.99,358127529,3710557611,1.59418,-3840179
001287,中电港,1.4,8090250,1.98,26.65,37203941,3.54,,37203941,135057112,-97853171,机器人概念、数字经济,1.52,661548357,4910893892,2.00037,9125996
002400,省广集团,0.5,1821295,1.02,6.01,34033173,2.04,,34033173,241624581,-207591408,字节概念、算力,1.01,792867300,8174518240,1.02624,28928772
002822,ST中装,0.3,2465208,1.8,4.54,33522827,2.25,,33522827,100790294,-67267467,ST板块、元宇宙,0.44,412223538,2092434713,2.46278,11963012
605398,新炬网络,10.4,74732888,9.99,37.53,33521578,9.99,4连板,33521578,194726967,-161205389,AI智能体、数据要素,0.0,240166029,1225322778,5.06436,80695611
300773,拉卡拉,0.3,1021752,0.65,18.74,29489747,1.9,,29489747,111439402,-81949655,跨境支付、数字货币,1.24,529173807,9716337501,1.30736,4023863
002771,真视通,5.0,9652956,7.42,17.1,27592492,4.01,,27592492,262762767,-235170275,算力、数字经济,-3.17,550730173,2516399244,3.58212,63215016
003007,直真科技,1.0,15936250,1.57,28.15,27546658,-6.26,,27546658,133073758,-105527100,算力、数据要素,-7.7,593417540,1085588282,2.96007,0
601360,三六零  ,0.5,2770048,0.65,10.81,27446744,0.0,,27446744,314580418,-287133674,DeepSeek、汽车类,-0.64,952636502,32723540734,0.949415,5451906
301136,招标股份,1.3,2369904,-1.74,16.45,27125521,5.86,,27125521,77781477,-50655956,商业航天、福建自贸区,7.73,376847762,1708987539,3.81013,0
603383,顶点软件,0.8,1538730,0.0,63.4,25050415,1.36,,25050415,64443291,-39392876,互联网金融、碳中和,1.36,226628856,5595136346,0.902766,0
300895,铜牛信息,2.2,14959504,3.4,37.62,25048799,-0.76,,25048799,207004216,-181955417,算力租赁、国资云,-4.03,725323976,2521992884,1.4306,10433753
002281,光迅科技,2.4,9420048,1.59,27.63,24969039,-0.36,,24969039,105797339,-80828300,阿里巴巴概念、光芯片,-1.92,469018146,10689342277,1.0797,0
688316,青云科技,0.3,801620,2.17,53.95,24786612,11.65,,24786612,67242712,-42456100,DeepSeek、云计算,9.28,233762997,1557024336,1.59563,0
300454,深信服,0.5,64266,0.0,105.77,24776606,-1.25,,24776606,58340792,-33564186,AI安全、算力,-1.25,238247451,23840569807,1.48015,3016506
002352,顺丰控股,0.5,814370,0.05,43.97,24615242,-0.07,,24615242,75299352,-50684110,物流、并购重组,-0.11,380385413,92913433049,0.794941,-3596743
002642,荣联科技,0.5,525140,0.0,7.12,24455937,4.4,,24455937,57184726,-32728789,年报增长、算力,4.4,326837901,3792354848,2.91028,4953492
603613,国联股份,2.2,3417463,0.22,31.99,24424388,-0.62,,24424388,90709764,-66285376,电子商务、零售,-0.84,346183039,16726021989,1.02078,-3229477
300045,华力创通,1.1,695520,0.82,11.16,24304306,1.92,,24304306,59163390,-34859084,卫星导航、创投,1.09,209233445,4957922956,0.69068,3386301
688008,澜起科技,3.1,3315904,1.69,49.7,24155215,2.62,,24155215,223213794,-199058579,芯片、算力,0.91,753319869,37473567873,1.42696,8699349
002735,王子新材,0.9,54816,1.06,12.43,23719855,10.0,首板,23719855,29685989,-5966134,飞行汽车、并购重组,8.84,66550964,1989448989,2.28561,10198488
603986,兆易创新,0.6,3630532,0.38,91.51,23205505,1.56,,23205505,205424731,-182219226,存储、并购重组,1.18,827190817,56579642608,0.940283,-13322643
301178,天亿马,0.2,947376,1.31,35.91,22581881,4.45,,22581881,56819166,-34237285,人工智能、病毒防治,3.1,321851062,1276559218,1.64702,0
300364,中文在线,0.4,2934100,1.06,15.22,22254757,0.86,,22254757,202581995,-180327238,文化传媒、网红经济,-0.2,954862126,9561963253,1.46454,7100414
301169,零点有数,1.5,42435610,8.26,73.61,22242821,13.84,,22242821,677436845,-655194024,数据要素、一带一路,5.16,1371623011,2070069842,3.24638,74561060
603533,掌阅科技,0.2,314557,0.53,22.78,20738658,1.2,,20738658,32955331,-12216673,字节概念、网红经济,0.66,231310116,4252709026,1.66282,0
600588,用友网络,0.5,405420,0.52,17.45,19758939,0.81,,19758939,62591331,-42832392,DeepSeek、ERP,0.29,335054042,32369733447,0.770302,0
300551,古鳌科技,0.2,399000,-2.48,25.12,19738893,7.44,,19738893,66783207,-47044314,金融科技、数字经济,10.18,271540359,5914606389,1.09508,3582889
688327,云从科技,0.4,2044576,1.02,15.74,19733705,0.25,,19733705,127650782,-107917077,训推一体机、ChatGPT,-0.76,366889479,11750597350,0.962523,0
300846,首都在线,0.5,3618520,2.21,15.02,19588380,3.51,,19588380,221850926,-202262546,DeepSeek、元宇宙,1.28,876210758,5256130968,1.51254,-42539
300603,立昂技术,0.5,1045065,0.15,13.04,18578744,0.85,,18578744,69558931,-50980187,算力租赁、网红经济,0.69,346962963,2879238438,1.05635,0
600100,同方股份,1.6,2743155,1.15,7.0,18364280,0.43,,18364280,91975053,-73610773,训推一体机、服务器,-0.71,336886449,16393431798,1.04745,-1577071
603019,中科曙光,1.4,15309782,1.81,39.59,17976394,1.05,,17976394,538098265,-520121871,智谱AI、算力租赁,-0.75,1728116043,48099799163,1.23115,-2872725
300299,富春股份,2.8,405090,0.63,6.56,17597540,2.66,,17597540,36405632,-18808092,端侧AI、并购重组,2.02,138444033,3482495642,1.54306,0
002131,利欧股份,0.4,696084,0.0,2.29,17376057,0.44,,17376057,76304561,-58928504,AI智能体、网红经济,0.44,199146755,12708534067,1.01426,0
301486,致尚科技,1.8,6232800,4.56,51.16,17354126,0.93,,17354126,60922542,-43568416,CPO/MPO、VR/AR/MR,-3.47,264748733,1561010240,0.587514,0
688651,盛邦安全,0.7,383922,0.73,47.6,16453329,-3.84,,16453329,31574449,-15121120,商业航天、华为概念,-4.53,120938801,750949357,0.677862,0
600570,恒生电子,1.4,2201258,0.8,35.31,16445121,0.57,,16445121,147381920,-130936799,互联网金融、蚂蚁金服概念,-0.23,811428545,41065651578,1.07333,-10504305
603496,恒为科技,1.1,3789545,1.86,21.79,16370275,6.5,,16370275,135250062,-118879787,训推一体机、算力,4.56,506193105,5582543395,1.52975,-10686160
301218,华是科技,0.7,13472550,4.04,57.92,16072319,3.01,,16072319,177423978,-161351659,数据要素、智慧城市,-0.99,976647343,2781345027,0.784583,0
300166,东方国信,1.9,3573000,1.11,10.23,16053124,3.44,,16053124,211214189,-195161065,信创、新型工业化,2.3,833233366,8617202033,2.38421,6158234
688525,佰维存储,0.9,1245821,1.8,61.51,15458553,-1.11,,15458553,71820315,-56361762,存储、算力,-2.86,295759857,2249911427,1.21869,0
300620,光库科技,0.6,2072213,2.15,42.63,15341848,-0.61,,15341848,90083358,-74741510,CPO/MPO、地方国企,-2.69,416342583,5225621687,0.904742,0
688158,优刻得  ,1.0,390506,1.13,16.09,15170830,0.69,,15170830,57421199,-42250369,DeepSeek、数字经济,-0.43,214731243,5339462639,1.10739,0
300128,锦富技术,0.4,61335,0.71,4.29,14595648,2.14,,14595648,25282350,-10686702,光伏、并购重组,1.42,120745991,3272984366,1.19318,0
688169,石头科技,0.4,300120,-0.99,256.09,14134889,0.62,,14134889,44915078,-30780189,机器人概念、科创板,1.63,194497281,23399481122,0.855525,-6199756
002315,焦点科技,0.1,344985,0.48,32.62,13559523,3.56,,13559523,60312896,-46753373,AI智能体、跨境电商,3.06,283289833,5152136384,1.26972,3322288
000961,ST中南,0.9,1389344,0.0,1.75,13365772,-0.57,,13365772,35938050,-22572278,房地产、地产链,-0.57,157051218,3395112962,0.675719,0
600522,中天科技,1.4,1383137,0.07,13.87,13147240,0.65,,13147240,86784540,-73637300,通信、固态电池,0.58,338715016,32913036656,0.857381,3313470
000861,海印股份,1.1,185383,0.48,2.14,13025012,2.88,,13025012,38470754,-25445742,物业服务、光伏,2.39,100316030,3402885143,1.25209,0
002291,遥望科技,0.9,556488,0.09,10.75,12977591,1.32,,12977591,47737365,-34759774,小红书概念、平台经济,1.22,199185915,7722017111,1.03512,0
002602,ST华通,0.6,1237425,0.77,5.27,12973546,1.15,,12973546,223648411,-210674865,ST板块、游戏,0.38,740740369,28811494163,1.08829,-5112383
002837,英维克,0.4,212175,0.43,27.53,12886848,-2.27,,12886848,39780512,-26893664,阿里系AI、液冷服务器,-2.69,261860359,8097946109,2.11049,0
300678,中科信息,0.6,4539860,1.27,35.89,12758635,-1.13,,12758635,144999645,-132241010,西部大开发、脑机接口,-2.37,603679983,6723657702,0.910268,-12613816
300378,鼎捷数智,1.2,1877040,2.01,26.07,12281553,0.73,,12281553,53149235,-40867682,AI智能体、新型工业化,-1.25,272506353,5441660418,1.00058,3153753
300075,数字政通,0.5,2948481,0.89,20.4,12273228,0.64,,12273228,173908126,-161634898,信创、国产软件,-0.24,685396092,9674651784,1.23591,-3450282
600487,亨通光电,0.4,1013838,0.57,14.19,12225934,0.92,,12225934,73280921,-61054987,光芯片、并购重组,0.35,312577159,26688535543,1.0193,-6815662
300226,上海钢联,0.7,35972694,1.06,35.46,12127141,-1.09,,12127141,570662433,-558535292,互联网金融、新型工业化,-2.13,1904875831,8109529070,2.00159,7087172
601598,中国外运,1.1,1532674,0.0,5.14,12105275,1.58,,12105275,102326174,-90220899,航运、高股息,1.58,377380393,6080521037,1.41175,-6688560
002065,东华软件,0.6,826316,0.15,6.7,12007927,0.45,,12007927,58348316,-46340389,腾讯系AI 、国产软件,0.3,243412403,14510236010,1.5884,0
300510,金冠股份,0.2,239250,0.0,6.46,11893496,1.25,,11893496,30916915,-19023419,充电桩、汽车充电,1.25,141345426,3902915357,0.570784,0
300605,恒锋信息,0.6,618150,0.13,16.18,11800757,2.21,,11800757,44936694,-33135937,网络安全、数字经济,2.08,232884080,1558488123,2.66846,0
000810,创维数字,0.9,372918,0.66,13.49,11773742,-0.59,,11773742,26664485,-14890743,AI眼镜、AIGC,-1.24,118302732,7187191506,0.880036,3152492
300494,盛天网络,0.3,631917,1.17,14.86,11709768,2.06,,11709768,81993409,-70283641,云游戏、并购重组,0.88,469684403,5482466074,0.954878,0
688088,虹软科技,0.4,274794,0.0,35.48,11489490,0.71,,11489490,21566599,-10077109,AIGC、汽车类,0.71,137969734,8199776271,0.981533,0
002415,海康威视,1.0,2239620,0.5,34.19,11436607,0.03,,11436607,105705337,-94268730,汽车电子、算力,-0.47,626529474,162102375811,0.760969,3318878
688041,海光信息,2.1,5652432,2.2,50.69,11167192,1.58,,11167192,216214682,-205047490,GPU、DeepSeek,-0.61,775031365,44635443505,0.988709,-13495096
300065,海兰信,0.4,199782,0.3,10.09,10706381,0.3,,10706381,28160660,-17454279,数据中心、一带一路,0.0,149062058,6408833181,1.02968,0
603629,利通电子,0.8,7254814,3.68,23.57,10447650,4.52,,10447650,125239108,-114791458,腾讯系AI 、东数西算,0.81,446891785,3824533140,1.00463,-4141277
300561,汇金科技,0.6,1329073,1.49,14.89,10440564,11.12,,10440564,136085854,-125645290,互联网金融、数字经济,9.49,648207617,2039376737,2.45639,21810601
300081,恒信东方,0.3,143675,0.49,8.23,10319696,0.73,,10319696,29943208,-19623512,人工智能、算力,0.24,182193752,3859165786,1.389,0
600839,四川长虹,1.1,1354887,0.26,3.93,10215821,1.29,,10215821,86804564,-76588743,DeepSeek、算力,1.03,313942430,13923865617,1.04237,3835661
603721,中广天择,2.7,470244,0.56,18.02,9890937,1.35,,9890937,18277159,-8386222,阶跃星辰、湖南,0.78,120139607,1162470740,1.58745,0
002006,精工科技,0.6,313536,-0.53,17.12,9055503,-0.06,,9055503,23734376,-14678873,机器人概念、碳纤维,0.47,112304573,5446073659,0.677984,0
300531,优博讯,0.6,254370,0.36,14.01,8900716,1.16,,8900716,20296297,-11395581,华为海思、数字货币,0.79,104465747,2602678523,2.00359,0
603118,共进股份,0.7,1088118,1.67,11.27,8805141,4.35,,8805141,91104399,-82299258,华为概念、wifi6/7,2.64,386548144,4977680973,1.89747,3529590
688159,有方科技,1.1,42021,-0.53,35.22,8784985,4.29,,8784985,12897833,-4112848,物联网、通信,4.85,42487301,2148408983,0.913419,0
301085,亚康股份,1.5,29207022,6.87,74.77,8776260,0.3,,8776260,204592241,-195815981,数据中心、英伟达概念,-6.15,764394752,2059802178,1.40511,5951139
002126,银轮股份,0.3,1060230,-0.78,17.83,8542832,-0.06,,8542832,20831248,-12288416,机器人概念、汽车类,0.73,149669232,13176278058,0.637148,0
600410,华胜天成,1.4,1302720,1.0,7.04,8243822,0.43,,8243822,36610255,-28366433,AI政务、芯片,-0.56,152331552,7719322568,1.07886,0
300977,深圳瑞捷,0.3,2700336,-0.66,24.4,8135647,0.0,,8135647,57531242,-49395595,房屋检测、算力,0.66,387231556,946132399,1.2084,0
300515,三德科技,0.9,64150,0.94,12.86,8104160,1.18,,8104160,10063483,-1959323,年报增长、湖南,0.23,44204846,1322760154,1.39632,0
301208,中亦科技,0.3,2339462,0.0,50.3,8058285,-2.39,,8058285,117494650,-109436365,互联网金融、鸿蒙概念,-2.39,457782905,1782823140,0.66315,9268632
300921,南凌科技,0.9,5840265,3.03,29.31,8018776,-2.43,,8018776,63256579,-55237803,算力、东数西算,-5.3,411724450,1541160169,0.783677,0
300560,中富通,1.4,10166900,6.92,18.12,7987766,1.97,,7987766,65840781,-57853015,车路云、智能驾驶,-4.63,420725529,1301305198,1.7784,0
002197,ST证通,0.5,317790,0.1,9.94,7844231,0.51,,7844231,20647498,-12803267,ST板块、数字货币,0.4,148871673,5050873558,0.866434,0
301041,金百泽,3.1,4782620,4.93,26.71,7772547,-0.26,,7772547,28188587,-20416040,印制电路板、智能电网,-4.95,225413637,1394282094,2.0666,0
003010,若羽臣,1.8,460814,0.0,20.94,7702456,2.7,,7702456,13951352,-6248896,电子商务、VR/AR/MR,2.7,118515627,1232587585,1.98847,0
300799,左江退,0.0,0,0.0,267.1,7578527,3.53,,7578527,12829633,-5251106,年报增长、家电,3.53,43513702,10899023139,1.34282,0
300173,福能东方,1.2,40352,0.73,4.11,7447641,-0.48,,7447641,12690800,-5243159,固态电池、机器人概念,-1.2,50872986,2366323298,1.85062,0
600811,东方集团,0.3,30686,0.44,2.29,7440731,0.44,,7440731,17042465,-9601734,农业、远东开发,0.0,66696135,5855123362,0.871096,0
301185,鸥玛软件,0.2,190440,0.49,26.66,7358387,1.29,,7358387,17634178,-10275791,国产软件、算力,0.79,135569496,2331320091,1.40423,3520842
688228,开普云  ,0.1,492244,0.62,45.99,7303993,5.24,,7303993,40200933,-32896940,云计算、算力,4.59,176708126,1360541691,1.60462,0
300044,赛为智能,4.6,1073088,1.89,4.35,7249545,2.59,,7249545,28685879,-21436334,养老概念、机器人概念,0.69,168269234,2888731353,1.72347,0
300634,彩讯股份,0.9,1150325,1.09,22.08,7215272,0.32,,7215272,35334964,-28119692,DeepSeek、RCS,-0.76,254554592,5441724772,1.04089,0
300682,朗新集团,0.6,176400,0.05,19.61,7040801,0.1,,7040801,26631014,-19590213,金融概念、并购重组,0.05,116086249,11096921022,0.976327,0
300249,依米康,1.1,265540,0.86,9.41,6960276,1.51,,6960276,23523657,-16563381,阿里巴巴概念、数字经济,0.64,132160325,2851577988,1.11068,0
300139,晓程科技,1.2,850968,1.71,10.15,6801903,8.21,,6801903,66295145,-59493242,芯片、并购重组,6.39,392356858,2237986609,3.2874,0
002536,飞龙股份,0.7,4358600,-2.44,12.93,6663636,1.73,,6663636,53560893,-46897257,奇瑞产业链、无人机,4.27,320048688,3595992035,1.46838,-3288356
300377,赢时胜,0.4,4282542,0.11,9.56,6626155,1.16,,6626155,115275007,-108648852,互联网金融、金融科技,1.06,497099993,6145200990,0.675339,0
000779,甘咨询,2.2,281370,0.71,11.42,6623221,1.78,,6623221,25483073,-18859852,算力、基础建设,1.06,142332547,1804655048,2.77083,0
300386,飞天诚信,0.5,205860,-0.36,11.18,6578113,1.73,,6578113,17370135,-10792022,互联网金融、金融概念,2.1,131591758,2123349547,1.72256,0
300079,数码视讯,0.5,266713,-0.18,5.49,6571665,1.29,,6571665,23120842,-16549177,人工智能、超高清视频,1.48,106220002,6696974462,1.27435,0
600728,佳都科技,0.8,566950,0.52,5.76,6262387,0.7,,6262387,25954699,-19692312,人工智能、元宇宙,0.17,139194278,11101236453,0.964475,0
300113,顺网科技,1.4,976220,1.52,14.6,6218876,0.97,,6218876,23445782,-17226906,云游戏、算力,-0.54,191065763,6715913066,1.27496,0
300344,立方数科,0.6,112194,0.37,5.36,6195243,-0.74,,6195243,10970058,-4774815,AI智能体、东数西算,-1.11,61358666,1888307870,0.937779,0
301313,凡拓数创,0.9,1974069,2.65,46.0,6033035,0.7,,6033035,76336162,-70303127,数字经济、首发经济,-1.9,401253801,1176836400,1.29364,-4742808
000701,厦门信达,0.4,8236164,0.14,7.25,6024931,2.55,,6024931,90634615,-84609684,有色金属、电子商务,2.4,415802765,2980361407,1.2801,12674187
600126,杭钢股份,5.4,63075,0.0,4.3,6009939,-1.15,,6009939,8284164,-2274225,国资云、钢铁,-1.15,34001264,5745115677,0.691623,0
688322,奥比中光,0.6,1120329,0.3,30.13,5964591,0.47,,5964591,12867288,-6902697,宇树机器人、机器视觉,0.17,101181521,5519419489,0.803575,3098729
688080,映翰通  ,0.3,128500,1.15,38.73,5744516,1.12,,5744516,6769636,-1025120,工业互联网、算力,-0.03,58438973,2058944744,1.61818,0
300007,汉威科技,1.3,572520,0.39,15.41,5670435,-0.84,,5670435,12415531,-6745096,机器人概念、数字经济,-1.22,94953200,4142173514,0.941154,0
300565,科信技术,0.2,86620,0.21,14.33,5551594,1.13,,5551594,15843022,-10291428,超跌、储能,0.92,80785262,2604071620,1.00599,0
002044,美年健康,0.4,60536,0.16,6.55,5455526,1.87,,5455526,32441942,-26986416,AI医疗、健康中国,1.71,136639276,20497337705,0.980377,0
603171,税友股份,0.4,145730,-0.08,37.48,5331700,-2.35,,5331700,6164129,-832429,DeepSeek、数字经济,-2.27,61956009,3391716190,0.829277,0
002444,巨星科技,9.5,948518,1.02,20.92,5249822,2.05,,5249822,19169922,-13920100,机器人概念、人工智能,1.01,139937322,14664542727,1.03032,2960217
603322,超讯通信,0.4,411400,-0.18,22.37,5239215,1.5,,5239215,16597419,-11358204,DeepSeek、5G,1.68,116979517,2198766041,0.953044,0
000727,冠捷科技,4.0,321075,0.0,2.23,5103232,-0.89,,5103232,13578848,-8475616,消费电子、央企,-0.89,59144236,5698023788,0.928757,0
300672,国科微,1.8,588009,0.54,67.83,5023000,1.12,,5023000,41075834,-36052834,存储、算力,0.58,204475117,7866504375,1.19073,6288121
000815,美利云,0.2,1349082,-0.34,12.07,5021795,3.61,,5021795,119893286,-114871491,数据中心、云计算,3.96,662443652,5199188641,1.64341,3058727
002139,拓邦股份,3.7,435760,0.19,10.32,4988775,-0.58,,4988775,16497182,-11508407,机器人概念、便携式储能,-0.77,137698321,10292533635,0.608049,0
301270,汉仪股份,0.4,510600,-1.18,47.6,4903913,2.26,,4903913,32703961,-27800048,腾讯系AI 、文化传媒,3.48,243037613,955114087,2.31023,0
688369,致远互联,4.5,129485,0.06,45.31,4784558,-3.53,,4784558,8584294,-3799736,信创、区块链,-3.6,67612051,4479166926,1.34302,0
301315,威士顿,0.4,4250200,0.28,77.41,4784087,-1.74,,4784087,121922353,-117138266,互联网金融、国产软件,-2.01,585618248,1615074731,0.740858,0
688229,博睿数据,1.0,425355,0.71,43.62,4734573,0.58,,4734573,7639732,-2905159,云计算、科创板,-0.14,43078103,1281211700,1.27358,0
300771,智莱科技,1.2,258336,0.59,11.8,4724029,-0.76,,4724029,22689032,-17965003,无人驾驶、智能物流,-1.34,76677776,1608332665,0.588399,0
300467,迅游科技,0.7,277685,-0.07,15.14,4663627,0.8,,4663627,13886478,-9222851,游戏、西部大开发,0.87,105698705,2182745375,1.18176,0
688450,光格科技,0.4,580747,-0.6,45.39,4472298,0.53,,4472298,27203350,-22731052,科创板、数字经济,1.14,111955269,671542554,0.751235,-4544997
300205,ST天喻,1.0,161798,0.08,12.58,4443381,-1.18,,4443381,9125065,-4681684,ST板块、数字经济,-1.26,72270873,3234127388,1.3413,0
603018,华设集团,0.2,75240,0.23,8.44,4415311,-1.06,,4415311,21408298,-16992987,低空经济、分布式光伏,-1.29,69389710,5643160835,1.0553,0
600449,宁夏建材,0.9,533572,0.75,15.53,4342348,-2.94,,4342348,23915917,-19573569,人工智能、ChatGPT,-3.66,127084232,3790753336,1.22681,-5325735
002757,南兴股份,0.4,309246,0.14,13.87,4325505,-0.29,,4325505,11833044,-7507539,数据中心、东数西算,-0.43,91902053,2342389968,1.14662,0
600745,闻泰科技,1.2,1122747,0.49,42.0,4324418,-1.13,,4324418,127962804,-123638386,股权转让、服务器,-1.62,558117354,36726695001,1.18361,-12045471
300493,润欣科技,0.7,72312,0.51,7.96,4267770,1.79,,4267770,10057123,-5789353,数字经济、三季报增长,1.27,56394266,2846059878,1.24288,0
002184,海得控制,0.3,63066,0.44,13.47,4264393,-1.32,,4264393,11413373,-7148980,机器人概念、工业4.0,-1.75,82243275,2740308772,1.30299,0
000889,ST中嘉,2.7,553920,0.0,1.97,4083277,2.6,,4083277,9890411,-5807134,ST板块、算力,2.6,40087697,1275630705,1.62177,0
002599,盛通股份,1.4,292649,-0.15,6.93,3982714,1.91,,3982714,17146393,-13163679,宇树机器人、教育,2.06,110378058,2434436476,1.02977,3000943
300571,平治信息,0.3,153408,0.47,32.18,3981573,1.16,,3981573,8670255,-4688682,算力、元宇宙,0.69,64544391,2915175990,1.52313,0
300559,佳发教育,1.0,333882,-0.68,14.69,3919767,0.07,,3919767,10048795,-6129028,教育、西部大开发,0.75,60679090,2647853890,0.715063,0
301269,华大九天,1.1,637054,0.08,105.25,3887796,2.16,,3887796,48204907,-44317111,EDA、存储,2.09,228729701,27609332192,1.24274,8228680
300063,天龙集团,0.5,73124,0.25,4.07,3815494,0.99,,3815494,12867324,-9051830,字节概念、电子商务,0.74,55326013,2352287034,1.08481,0
003004,声迅股份,0.2,192481,0.04,27.03,3770637,-0.26,,3770637,10997758,-7227121,安防、数字经济,-0.3,68980537,912223306,1.51757,0
301091,深城交,3.9,1729077,-0.44,17.22,3762309,-4.91,,3762309,26637509,-22875200,低空经济、数字经济,-4.49,155245064,1364856520,1.70925,0
300520,科大国创,1.1,634491,0.15,20.42,3723946,2.82,,3723946,46870289,-43146343,算力、国产软件,2.66,212633388,3542386704,2.21989,1404813
300223,北京君正,0.6,1113296,0.69,72.39,3715564,1.56,,3715564,59505334,-55789770,芯片、数字芯片,0.86,334870901,17052870381,1.0512,0
000607,华媒控股,2.8,3024213,1.17,5.16,3619875,0.58,,3619875,25015549,-21395674,文化传媒、数据确权,-0.58,156007726,2672632933,1.43758,0
600936,广西广电,0.3,152416,-0.23,4.35,3601866,0.23,,3601866,15670663,-12068797,并购重组、广电网,0.46,80558977,4406751358,1.24821,0
002063,远光软件,0.7,346038,0.16,6.32,3568492,-1.4,,3568492,16351405,-12782913,智能电网、算力,-1.56,100220463,8448820234,0.875948,0
002548,金新农,5.9,1519983,0.61,6.55,3542671,0.0,,3542671,22690889,-19148218,猪肉、并购重组,-0.61,99632386,3567377141,0.91293,0
603598,引力传媒,1.8,738788,0.0,9.95,3539346,2.9,,3539346,10191506,-6652160,文化传媒、短剧,2.9,99914578,1329435635,1.23323,0
600850,电科数字,0.1,19719,0.37,21.59,3494532,-1.1,,3494532,5251868,-1757336,光刻机、算力,-1.46,63694543,7536033740,1.02619,0
688561,奇安信  ,3.8,326004,0.3,48.64,3492735,-2.76,,3492735,12915750,-9423015,网络安全、AI安全,-3.05,120846192,14647671178,1.05729,0
601811,新华文轩,0.4,155680,0.72,14.02,3492412,1.59,,3492412,7782910,-4290498,高股息、地方国企,0.86,63065555,11102492678,1.27422,0
002195,岩山科技,1.0,682630,0.34,2.95,3459644,0.34,,3459644,30418624,-26958980,人工智能、互联网金融,0.0,125514109,15523858563,0.722565,0
002468,申通快递,0.5,240081,0.0,10.07,3403060,-0.59,,3403060,25134287,-21731227,年报增长、物流,-0.59,131590709,7492316517,0.998362,0
300025,华星创业,0.2,157300,-0.31,12.9,3347811,-1.07,,3347811,31418605,-28070794,通信、数字经济,-0.77,112094091,4993605745,1.0004,0
002488,金固股份,0.6,23652,0.31,6.61,3322584,0.92,,3322584,8499918,-5177334,汽车零部件、并购重组,0.61,48160933,4525605032,0.771283,0
603887,城地香江,1.4,2189880,2.44,8.02,3273744,-2.2,,3273744,11425526,-8151782,阿里系AI、云计算,-4.52,143784304,2642288729,1.32906,0
688023,安恒信息,0.0,425643,1.34,160.92,3192018,2.56,,3192018,29903194,-26711176,DeepSeek、AI安全,1.21,112929754,9753274455,1.16959,0
002193,如意集团,0.5,721525,1.22,6.36,3141053,-3.2,,3141053,11602301,-8461248,服装家纺、抗病毒面料,-4.36,121120445,1125549074,0.849747,0
300413,芒果超媒,0.6,707600,0.87,29.2,3066584,1.57,,3066584,62131564,-59064980,文化传媒、湖南,0.69,317352221,17437791697,0.768026,0
002325,*ST洪涛,0.4,453466,-0.61,1.62,2993660,-1.22,,2993660,15322227,-12328567,ST板块、氢能源,-0.61,57347155,2165403047,0.418266,0
301248,杰创智能,0.4,1753400,1.76,21.99,2986537,1.71,,2986537,42634763,-39648226,人工智能、数字经济,-0.05,244424712,2174536125,1.69325,0
301027,华蓝集团,1.3,3623144,0.0,13.23,2861981,-2.58,,2861981,12447770,-9585789,房屋检测、建筑节能,-2.58,119524857,1340521812,1.90301,0
002012,凯恩股份,0.7,291584,-0.18,5.53,2793607,1.47,,2793607,7175963,-4382356,包装印刷、储能,1.65,60311145,2013676368,0.987427,0
300597,吉大通信,1.4,256080,0.34,8.65,2782953,-1.37,,2782953,3860894,-1077941,5G、算力,-1.7,56124336,1713609733,1.04536,0
600710,苏美达  ,0.4,124695,-0.65,7.67,2746462,-0.39,,2746462,6547083,-3800621,发电机、算力,0.26,57029276,4455411106,0.541625,0
600556,天下秀  ,0.4,458640,-0.47,6.42,2744662,1.42,,2744662,37072555,-34327893,小红书概念、平台经济,1.9,191840328,7089830424,1.16343,0
002243,力合科创,0.7,412368,0.95,8.42,2743351,-0.24,,2743351,5775102,-3031751,深圳、并购重组,-1.17,55342947,4391111963,0.933775,0
002238,天威视讯,3.8,135000,0.45,6.87,2680841,2.23,,2680841,4887414,-2206573,短剧、通信,1.78,43217585,1893226023,1.36139,0
300071,福石控股,1.4,42112,-0.53,3.79,2612169,0.26,,2612169,5990362,-3378193,DeepSeek、web3.0,0.8,30267649,2611642759,0.847525,0
300175,朗源股份,1.8,267600,0.45,4.6,2577528,3.6,,2577528,6060998,-3483470,农业、算力,3.14,86048098,1647250858,1.33834,0
002335,科华数据,0.2,829197,0.0,31.28,2527307,2.49,,2527307,42825503,-40298196,训推一体机、PCS设备,2.49,257931895,8960933093,1.31134,-3410000
600959,江苏有线,2.6,863094,0.3,3.43,2483534,1.48,,2483534,33016440,-30532906,文化传媒、广电网,1.18,126208729,9157579214,1.4344,6845598
603486,科沃斯  ,0.3,75284,0.18,68.43,2469951,0.16,,2469951,9286021,-6816070,机器人概念、三季报增长,-0.01,108440282,13476332911,0.866221,0
688003,天准科技,2.4,73592,0.19,37.88,2447622,1.75,,2447622,3769109,-1321487,芯片、光伏,1.55,27000074,2944847059,0.859316,0
600455,博通股份,1.1,192726,0.0,23.65,2405319,1.85,,2405319,5476840,-3071521,西部大开发、职业教育,1.85,44747472,1172993237,0.817658,0
002987,京北方,0.9,624180,0.1,19.99,2405049,-0.94,,2405049,11267238,-8862189,DeepSeek、人工智能,-1.04,108418251,8559205576,0.915058,0
688262,国芯科技,0.2,84358,0.82,31.37,2295369,-1.48,,2295369,24202597,-21907228,芯片、量子科技,-2.27,137814233,6473700568,1.06568,0
300360,炬华科技,0.8,111300,-0.34,15.27,2230656,2.55,,2230656,21134037,-18903381,电气设备、虚拟电厂,2.9,106811521,4799274781,1.44303,0
002103,广博股份,0.3,197340,0.34,6.05,2163827,1.51,,2163827,8941314,-6777487,谷子经济、字节概念,1.17,76797434,1847097005,1.45114,0
600158,中体产业,0.9,229896,0.54,9.29,2158526,0.76,,2158526,9645268,-7486742,体育产业、算力,0.22,78199970,6552930036,0.783221,0
002587,奥拓电子,1.7,850689,1.9,6.43,2134644,1.9,,2134644,16438036,-14303392,机器人概念、VR/AR/MR,0.0,112376665,3034519979,1.55868,0
300383,光环新网,0.9,1075350,1.41,9.88,2110085,-0.3,,2110085,31531170,-29421085,阿里系AI、云计算,-1.69,220941528,13148403241,1.25958,0
300220,金运激光,2.2,54093,-0.27,7.19,2102174,-3.23,,2102174,3620921,-1518747,谷子经济、零售,-2.97,23558743,639128787,0.748504,0
603300,海南华铁,0.9,162587,0.0,5.69,2087725,-1.04,,2087725,4151422,-2063697,算力、并购重组,-1.04,40404452,8769617195,0.876812,0
688521,芯原股份,0.9,289768,0.03,60.71,2057303,1.52,,2057303,11721355,-9664052,芯片、数字芯片,1.49,144625427,29432713168,0.510546,0
002659,凯文教育,1.7,278520,0.0,4.42,2045005,0.45,,2045005,4158565,-2113560,人工智能、地方国企,0.45,30150911,1879324504,0.936324,0
300731,科创新源,0.4,113920,0.34,18.06,2032756,1.8,,2032756,3728153,-1695397,创投、汽车零部件,1.46,46464062,1489654790,0.663886,0
600640,国脉文化,0.2,66185,0.65,10.9,2020715,1.11,,2020715,4176196,-2155481,AI眼镜、端侧AI,0.46,44807128,3018147108,0.97165,0
300770,新媒股份,0.5,153640,0.03,39.27,1978827,2.27,,1978827,17792683,-15813856,华为概念、高股息,2.24,108315089,4959824170,1.10177,0
300235,方直科技,1.3,219006,0.38,10.7,1976763,1.52,,1976763,6388787,-4412024,教育、算力,1.13,69829439,1653971664,1.22179,0
603195,公牛集团,0.4,465920,-0.22,103.67,1953487,-0.54,,1953487,23757847,-21804360,数字经济、电子商务,-0.32,151527812,12647443108,0.72038,1835120
603528,多伦科技,1.4,149344,-0.14,7.17,1945651,-0.28,,1945651,4216786,-2271135,机器人概念、芯片,-0.14,25050547,1656647569,0.844465,0
002093,国脉科技,2.8,476256,0.55,7.24,1942318,0.28,,1942318,7761756,-5819438,通信、数据确权,-0.28,52760523,3720865648,0.743848,0
600162,香江控股,1.5,420768,0.47,2.13,1908032,-0.93,,1908032,7658809,-5750777,房地产、算力,-1.39,61575412,2628772522,0.810803,0
600751,海航科技,0.3,157462,0.38,2.61,1893186,0.0,,1893186,14018219,-12125033,海南、算力,-0.38,57901229,3403687388,0.958657,0
300098,高新兴,5.2,700246,0.58,3.4,1807975,-1.45,,1807975,23292622,-21484647,机器人概念、车路云,-2.02,95662587,4949936539,1.29419,0
000839,中信国安,13.6,454260,-1.31,2.28,1786751,-0.44,,1786751,4664532,-2877781,DeepSeek、广电网,0.88,19274609,5681505756,0.752816,0
300368,ST汇金,0.2,1484280,1.17,8.89,1740595,3.61,,1740595,140043150,-138302555,ST板块、互联网金融,2.42,739851420,3244262362,1.25916,0
301153,中科江南,0.3,761400,-0.37,68.48,1672734,-3.22,,1672734,25835700,-24162966,人工智能、国产软件,-2.87,141757599,8719695360,0.968607,0
300382,斯莱克,16.1,1295604,-0.76,10.63,1650452,1.05,,1650452,8006982,-6356530,机器人概念、汽车类,1.82,72312813,3559111123,1.1831,0
600649,城投控股,0.5,114840,0.69,4.3,1649559,-1.6,,1649559,27234538,-25584979,房地产、并购重组,-2.27,101746065,5133341444,1.02215,3227221
688027,国盾量子,2.0,750400,1.52,132.38,1609543,0.29,,1609543,6742774,-5133231,量子科技、科创板,-1.21,45237851,9436998034,0.653513,0
300099,尤洛卡,3.0,55200,0.0,5.99,1600365,-0.17,,1600365,4439450,-2839085,军工、无人驾驶,-0.17,25143856,3123363200,0.646061,0
301428,世纪恒通,0.4,4977490,-0.23,46.43,1532525,-1.82,,1532525,73001387,-71468862,腾讯系AI 、数据要素,-1.59,455541655,1086234447,0.89721,-6942561
603042,华脉科技,0.2,1061948,-0.18,15.98,1523890,-5.67,,1523890,42132105,-40608215,高速连接、人工智能,-5.5,365514397,1978064689,0.724964,0
002138,顺络电子,2.1,374550,-0.12,25.41,1501591,1.64,,1501591,8869577,-7367986,元器件、三季报增长,1.76,117401693,16125290581,1.10759,0
600203,福日电子,0.3,14250,0.53,5.65,1458126,-0.35,,1458126,3829868,-2371742,华为手机、华为概念,-0.88,24877220,2416966053,0.826219,0
002017,东信和平,0.2,202540,0.85,10.75,1451060,1.7,,1451060,7678891,-6227831,通信、并购重组,0.84,95644560,3459967966,1.09584,0
002972,科安达,0.0,0,0.0,11.47,1409854,-1.29,,1409854,1765949,-356095,轨道交通、信创,-1.29,15520734,1423332625,0.785083,0
300148,天舟文化,0.4,324220,0.23,4.37,1401890,1.86,,1401890,27289944,-25888054,云游戏、NFT概念,1.63,157669326,2956069025,1.37109,0
001229,魅视科技,1.1,85289,-0.31,29.15,1392973,-1.19,,1392973,1392973,0,AI手机、数字经济,-0.88,23306602,857182247,1.07905,0
603366,日出东方,0.6,187388,0.0,6.09,1369641,2.7,,1369641,5225036,-3855395,华为超充、热泵,2.7,67531136,2095323230,1.03139,0
600718,东软集团,1.5,663890,0.31,9.68,1369103,-1.43,,1369103,14760667,-13391564,智能座舱、并购重组,-1.73,104609526,8365526961,0.893548,0
002707,众信旅游,0.8,735475,-0.13,7.87,1357489,1.42,,1357489,18632323,-17274834,旅游、并购重组,1.55,119753618,5160619092,0.723723,0
603660,苏州科达,0.8,99693,0.48,6.21,1321942,-0.48,,1321942,3371135,-2049193,训推一体机、GPT4,-0.96,40975865,2261426066,1.0062,0
688207,格灵深瞳,1.2,199240,0.6,19.94,1321162,0.3,,1321162,8128867,-6807705,并购重组、数字经济,-0.3,89143637,2288595076,1.41508,0
688365,光云科技,1.2,126768,1.0,12.2,1302738,1.33,,1302738,4430512,-3127774,DeepSeek、平台经济,0.33,58740085,3519043365,1.05922,0
600533,栖霞建设,1.8,93349,0.3,3.32,1250417,-1.19,,1250417,6953635,-5703218,房地产、破净股概念,-1.48,50402795,1875799170,0.688816,0
300645,正元智慧,0.5,21648,0.0,26.93,1232184,-0.48,,1232184,4099009,-2866825,数字货币、蚂蚁金服概念,-0.48,24818721,2789642932,0.797764,0
300925,法本信息,7.5,9993924,3.85,14.93,1222094,0.81,,1222094,83848569,-82626475,信创、三季报增长,-2.93,421961474,2989559163,2.14697,0
300066,三川智慧,0.6,261120,0.59,5.05,1222085,-0.79,,1222085,5466253,-4244168,数字经济、稀土永磁,-1.37,29707573,3182859805,0.77124,0
603390,通达电气,1.4,50895,-0.13,7.73,1211038,-1.4,,1211038,2706151,-1495113,比亚迪产业链、网约车,-1.28,21702697,1027176017,0.955083,0
300496,中科创达,0.9,1396590,1.15,77.45,1205829,0.44,,1205829,73728983,-72523154,无人驾驶、智能座舱,-0.71,400481755,24061380979,0.891362,0
301330,熵基科技,0.0,3150,0.48,31.19,1186599,-0.51,,1186599,4975133,-3788534,数字经济、华为概念,-0.98,56445807,2019006488,0.985064,0
002689,远大智能,0.5,93632,0.24,4.18,1173730,0.24,,1173730,3563796,-2390066,机器人概念、地产链,0.0,41367801,2168326557,0.767241,0
601222,林洋能源,0.2,52822,0.29,6.86,1155821,0.29,,1155821,10897664,-9741843,光伏EPC、锂电池,0.0,64900121,9227462997,0.706169,0
000793,华闻集团,0.9,229104,0.0,2.24,1155143,0.9,,1155143,19101463,-17946320,海南、参股券商,0.9,74095626,3799057283,1.15753,0
600117,西宁特钢,0.3,50224,-0.34,2.95,1141305,0.68,,1141305,5299541,-4158236,钢铁、算力,1.03,14094563,1213236391,1.25794,0
002213,大为股份,0.4,31510,-0.36,13.9,1105425,1.09,,1105425,5528976,-4423551,比亚迪产业链、并购重组,1.46,43032357,2305455056,1.22585,0
300078,思创医惠,0.7,80908,-0.22,4.47,1090097,-1.32,,1090097,3165987,-2075890,AI医疗、算力,-1.11,32144623,3435743308,0.793034,0
603280,南方路机,0.3,501072,-0.58,22.91,1044248,-5.45,,1044248,10114344,-9070096,机器人概念、工程机械,-4.9,89946942,620899191,0.784973,0
002610,ST爱康,0.9,519360,-0.41,2.41,1038247,0.0,,1038247,19116452,-18078205,光伏、光伏支架,0.42,106570841,10783548352,0.895892,0
688387,信科移动,1.9,111568,0.0,6.89,1019606,1.17,,1019606,9737594,-8717988,通信、算力,1.17,48929527,3331692331,0.895395,0
600658,电子城  ,0.7,181388,0.74,5.45,1001953,0.18,,1001953,7137171,-6135218,阿里系AI、人工智能,-0.55,64011876,2994100649,0.848824,0
002251,ST步步高,1.0,497800,0.64,4.74,1001248,0.42,,1001248,16245238,-15243990,ST板块、零售,-0.21,88214816,2496090125,0.536354,0
600855,航天长峰,0.8,111435,0.51,11.69,1000660,0.17,,1000660,1324339,-323679,电源、军工,-0.34,20353433,2972173282,0.712359,0
688620,安凯微  ,0.6,294525,0.0,13.1,990038,2.75,,990038,8770916,-7780878,DeepSeek、数字经济,2.75,69772234,1103994837,0.814614,0
300555,ST路通,0.0,13020,-0.15,6.51,925652,-0.15,,925652,1298999,-373347,ST板块、农业,0.0,5583500,1041598810,0.468401,0
603189,网达软件,0.2,33120,0.36,13.3,919033,-3.27,,919033,2407597,-1488564,AI视觉、信创,-3.62,49123673,1950236214,1.37549,0
002316,ST亚联,0.2,1486280,0.17,5.93,859959,1.72,,859959,40626205,-39766246,ST板块、数字货币,1.54,340366676,1725729883,1.25549,0
600070,*ST富润 ,0.5,379008,-1.05,2.87,850792,0.7,,850792,1689981,-839189,ST板块、异质结电池,1.77,25959341,1164578234,0.648593,0
002740,*ST爱迪,1.8,193411,-0.74,2.71,842938,0.0,,842938,1370287,-527349,ST板块、股权转让,0.74,14544596,1005374002,0.436017,0
600706,曲江文旅,0.8,283046,-0.82,14.89,824398,1.22,,824398,11944423,-11120025,旅游、一带一路,2.06,112183276,2069955604,0.883437,0
605178,时空科技,0.0,0,0.0,21.35,820581,-1.61,,820581,1945814,-1125233,网约车、空间计算,-1.61,23188950,1050057700,0.987817,0
301018,申菱环境,1.2,129696,1.05,26.78,820444,0.15,,820444,4958860,-4138416,阿里系AI、人工智能,-0.89,48184126,1748330916,0.915009,0
300117,*ST嘉寓,0.3,132696,0.0,2.86,793661,-1.72,,793661,3427010,-2633349,ST板块、分布式光伏,-1.72,33701555,1260838309,0.862412,0
688681,科汇股份,0.2,6960,0.51,13.95,792060,0.72,,792060,1704001,-911941,科创板、虚拟电厂,0.22,28865993,852296882,1.22945,0
300947,德必集团,1.8,149760,0.19,15.56,781667,-0.06,,781667,2309148,-1527481,房地产、VR/AR/MR,-0.26,39365387,1344287474,0.831532,0
301378,通达海,0.4,1634744,1.0,66.8,769616,4.83,,769616,75194575,-74424959,信创、数字政务,3.79,423609419,1152300000,1.86462,1492924
300884,狄耐克,0.5,145200,0.82,10.88,750023,-0.27,,750023,1208193,-458170,养老概念、智能交通,-1.09,32456861,1532080149,0.844086,0
002137,实益达,0.4,71108,0.33,6.08,739115,-0.49,,739115,3736993,-2997878,机器人概念、医美,-0.82,32870203,2042973531,0.743412,0
300657,弘信电子,1.2,2031632,1.37,15.32,730876,-0.33,,730876,32444361,-31713485,华为概念、锂电池,-1.67,165199528,5089505487,0.81084,7756184
688609,九联科技,0.3,32376,0.47,8.43,667576,-0.59,,667576,9798017,-9130441,鸿蒙概念、科创板,-1.06,62189683,2745191186,0.986833,0
300183,东软载波,0.0,2886,0.21,14.4,660828,0.0,,660828,1824332,-1163504,智能电网、一带一路,-0.21,29918520,3230517875,0.684058,0
002339,积成电子,0.8,133369,0.74,6.68,651040,-0.6,,651040,2261545,-1610505,充电桩、碳中和,-1.33,38402199,2655298290,0.719101,0
000555,神州信息,0.5,424926,0.0,11.46,646396,-1.29,,646396,14265288,-13618892,DeepSeek、国产软件,-1.29,105558832,6192263830,0.972051,0
603269,海鸥股份,0.5,41910,1.03,12.48,637696,-0.72,,637696,637696,0,液冷服务器、算力,-1.73,20091826,1606960702,0.546014,0
688060,云涌科技,1.5,72847,-0.4,48.5,629170,2.52,,629170,1035101,-405931,科创板、新型工业化,2.93,24722431,1040479755,1.82767,0
000409,云鼎科技,0.3,84563,0.0,8.12,608507,-1.1,,608507,3963757,-3355250,盘古大模型、卫星导航,-1.1,49790013,3065917701,1.07421,0
300052,中青宝,0.7,138000,0.7,17.16,598247,0.18,,598247,10913889,-10315642,游戏、云游戏,-0.52,79732244,3726077820,1.12521,0
300365,恒华科技,4.8,1471974,-1.0,6.87,587056,-2.0,,587056,8888759,-8301703,华为超充、算力,-1.01,61213500,2675640775,1.20565,0
002835,同为股份,0.3,54318,-0.18,16.52,557453,0.18,,557453,2618732,-2061279,AI视觉、三季报增长,0.36,47746938,1366753740,0.658226,0
688668,鼎通科技,0.2,198577,0.9,55.31,552099,-0.97,,552099,3228362,-2676263,高速连接、科创板,-1.85,84493266,2575150358,0.658694,0
688118,普元信息,0.4,318427,0.22,27.4,540018,-1.01,,540018,12502529,-11962511,人工智能、算力,-1.23,94985932,1990062641,1.34789,0
688039,当虹科技,0.4,95100,0.4,29.88,502009,0.0,,502009,4603072,-4101063,DeepSeek、数字经济,-0.4,49665658,2232469141,0.890851,0
002889,东方嘉盛,0.3,55140,0.55,18.18,471149,-0.55,,471149,835147,-363998,光刻机、华为概念,-1.09,17718719,960627401,0.523491,0
002253,川大智胜,0.4,112030,0.0,13.22,468715,0.3,,468715,869083,-400368,华为昇腾、元宇宙,0.3,34382190,2277679297,0.810003,0
002298,中电兴发,0.3,85702,0.51,5.8,452714,-0.68,,452714,4972741,-4520027,存储、机器人概念,-1.19,33170200,3579704471,0.639604,0
300996,普联软件,0.4,115500,1.78,26.24,430341,-2.89,,430341,6610312,-6179971,AI智能体、三季报增长,-4.58,57565658,3133440573,0.614768,0
688589,力合微  ,4.1,682513,-0.44,38.36,421099,-1.31,,421099,4819433,-4398334,芯片、光伏,-0.88,65935874,3311959053,1.23427,0
300507,苏奥传感,0.2,36352,0.0,5.67,403168,-0.18,,403168,5679084,-5275916,汽车零部件、数字经济,-0.18,48906156,2698907673,1.07857,0
300157,新锦动力,12.2,32634,0.0,3.34,384163,0.3,,384163,4549828,-4165665,石油石化、数字经济,0.3,29625634,1789886249,0.83796,0
300020,*ST银江,0.5,410080,0.57,8.71,364186,-0.46,,364186,11133854,-10769668,数字经济、ST板块,-1.02,92136221,4749897204,0.782757,0
002296,辉煌科技,0.4,57086,0.64,7.7,354328,-0.9,,354328,1363687,-1009359,年报增长、高铁,-1.53,23425732,2559658667,0.760254,0
301191,菲菱科思,3.6,1854972,-0.49,79.26,350762,1.2,,350762,21153139,-20802377,CPO/MPO、算力,1.69,120928535,1727602083,1.3501,0
688004,博汇科技,0.1,30460,-0.03,30.36,350376,-0.36,,350376,2773815,-2423439,AIGC、算力,-0.33,43746908,1064251405,0.954215,0
600836,*ST易连 ,5.6,381488,0.72,4.18,347883,-0.24,,347883,5588503,-5240620,ST板块、上海,-0.95,42179789,2083821328,0.909544,0
300594,朗进科技,2.4,164952,-0.43,22.74,346631,-1.17,,346631,1082260,-735629,飞行汽车、韧性城市,-0.74,22662722,1353161876,0.637981,0
002799,环球印务,1.3,1621760,-0.88,11.36,333812,0.53,,333812,12999059,-12665247,互联网营销、字节概念,1.43,113355043,1870861388,0.661357,0
603700,宁水集团,2.5,102872,-0.07,13.41,332824,0.3,,332824,332824,0,DeepSeek、远东开发,0.37,12999884,1961938788,0.463942,0
688244,永信至诚,0.0,0,0.0,63.72,331404,-2.79,,331404,650000,-318596,DeepSeek、科创板,-2.79,14338481,938496579,0.545926,0
600730,中国高科,0.6,27832,-0.18,5.68,328230,-0.18,,328230,1230849,-902619,人工智能、教育,0.0,24997993,2668034105,0.805365,0
600035,楚天高速,0.7,118146,0.24,3.96,320194,-2.22,,320194,10497434,-10177240,公路运营、高股息,-2.46,60628691,2934568387,1.2064,0
688288,鸿泉物联,1.3,240787,1.52,21.47,312967,-1.11,,312967,312967,0,车路云、智能驾驶,-2.59,15707381,1069220760,0.89218,0
603123,翠微股份,0.4,113448,0.0,9.86,285240,0.82,,285240,10384040,-10098800,蚂蚁金服概念、数字货币,0.82,86600945,3195995199,0.985275,0
300387,富邦科技,0.2,89082,-0.42,7.15,258476,0.7,,258476,616476,-358000,农业、数字乡村,1.13,27524675,1311924903,0.694598,0
300557,理工光科,0.1,6924,0.79,34.76,220050,1.19,,220050,876250,-656200,传感器、央企,0.4,18558347,1228522843,0.879864,0
300161,华中数控,0.6,231336,0.05,42.8,205300,-0.05,,205300,14914283,-14708983,工业母机、病毒防治,-0.09,118125581,5962185129,0.901476,-3113703
000909,ST数源,3.6,267345,0.52,5.8,180657,-0.34,,180657,5464701,-5284044,ST板块、通信,-0.85,29151696,1469007695,0.659849,0
600405,动力源  ,0.1,24863,0.0,5.31,166865,0.38,,166865,2661024,-2494159,电源、汽车类,0.38,19323858,2607768342,0.812536,0
300768,迪普科技,0.6,122880,0.13,15.16,147361,-1.17,,147361,1712828,-1565467,网络安全、AI安全,-1.3,46515868,3877536388,0.603749,0
603003,*ST龙宇 ,0.2,269546,0.23,8.63,113115,-1.48,,113115,3183576,-3070461,ST板块、石油石化,-1.71,35597672,2244288208,0.786381,0
002416,爱施德,1.2,338334,-0.28,7.11,91549,0.0,,91549,5180220,-5088671,消费电子、互联网金融,0.28,38022071,5225439720,0.774775,0
688015,交控科技,1.0,19200,0.88,15.56,85383,-1.89,,85383,614274,-528891,低空经济、基础建设,-2.75,13858234,1664574481,0.857427,0
002364,中恒电气,4.9,288600,1.51,7.31,75991,0.27,,75991,2732433,-2656442,阿里系AI、储能,-1.22,33213318,2374523650,0.956519,0
300466,赛摩智能,0.6,109324,-0.17,5.96,68080,-1.49,,68080,3346883,-3278803,机器人概念、元宇宙,-1.32,38179203,1624048049,0.898126,0
300208,*ST中程,0.1,10387,1.4,7.85,64534,-0.38,,64534,969337,-904803,ST板块、光伏EPC,-1.75,23473404,2814125288,0.807512,0
301197,工大科雅,2.0,523887,-2.08,20.65,53614,-4.66,,53614,4400683,-4347069,信创、云计算,-2.64,43191458,1228840200,1.60355,0
002119,康强电子,1.1,233337,0.33,12.06,49348,0.08,,49348,7413529,-7364181,存储、先进封装,-0.25,77592213,3065802785,0.839097,0
688083,中望软件,4.0,368562,-0.08,131.0,35441,0.48,,35441,14699710,-14664269,国产软件、科创板,0.55,85811233,9003980949,1.08588,-8029168
605100,华丰股份,3.1,32802,0.4,14.74,19557,-0.74,,19557,467996,-448439,发电机、固态电池,-1.14,17066511,1205248528,0.675324,0
603068,博通集成,0.1,75150,-0.24,25.39,17564,1.12,,17564,2262746,-2245182,端侧芯片、消费电子,1.36,35325375,2677830176,1.07047,0
688619,罗普特  ,1.2,66530,0.0,12.66,0,-0.08,,0,0,0,科创板、军工,-0.08,37021935,1133348140,1.5288,0
688010,福光股份,0.6,20708,0.31,19.44,0,1.04,,0,0,0,消费电子、年报增长,0.73,13933628,1674655280,0.759108,0
300478,杭州高新,9.9,327712,0.76,10.49,0,-0.66,,0,0,0,游戏、并购重组,-1.41,13901420,800085547,0.785162,0
300701,森霸传感,1.1,17651,0.22,9.32,0,0.54,,0,0,0,小米概念、传感器,0.32,24466654,1094189264,1.08694,0
300462,华铭智能,0.1,38520,-0.09,10.58,0,-1.21,,0,0,0,数字货币、数字经济,-1.12,24799801,1273610277,0.741645,0
002678,珠江钢琴,1.8,102648,-0.18,5.64,0,-0.18,,0,0,0,多胎概念、地方国企,0.0,9367275,1916997644,0.747131,0
301042,安联锐视,9.0,56934,1.93,30.76,0,-0.87,,0,0,0,算力、高股息,-2.75,14181358,1055247629,0.829438,0
688528,秦川物联,1.9,88058,-0.2,9.84,0,-1.2,,0,0,0,并购重组、西部大开发,-1.01,5709723,657653635,0.44229,0
002228,合兴包装,0.2,26477,0.0,3.15,0,-1.25,,0,0,0,造纸、包装印刷,-1.25,14028439,2245167582,0.717945,0
688100,威胜信息,2.5,25470,0.93,24.75,0,-0.16,,0,0,0,湖南、三季报增长,-1.08,16386190,3577860000,0.459614,0
300306,远方信息,0.4,21242,0.36,11.25,-13130,0.99,,-13130,1518231,-1531361,汽车检测、数字经济,0.63,28957965,1293350932,1.17996,0
300271,华宇软件,0.1,69732,0.79,8.76,-31109,-1.24,,-31109,13896810,-13927919,人工智能、国产软件,-2.01,95311954,6060619209,0.880306,0
300250,初灵信息,1.0,5070420,-1.99,16.43,-58939,5.25,,-58939,77909199,-77968138,AI智能体、元宇宙,7.39,440220199,2309850642,3.17629,-3423861
002398,垒知集团,3.1,270788,0.38,5.3,-86628,0.0,,-86628,4408237,-4494865,人工智能、抗原检测,-0.38,27827728,2941979918,0.849964,0
002767,先锋电子,0.6,301188,-0.3,13.2,-90996,-0.38,,-90996,1085551,-1176547,机器人概念、年报增长,-0.08,37108364,754782787,0.627914,0
603703,盛洋科技,0.1,42924,-0.2,10.12,-97857,-1.17,,-97857,6214491,-6312348,卫星导航、通信,-0.98,38543833,3281743082,0.452742,0
600152,维科技术,1.7,607540,-0.27,7.36,-98845,-0.81,,-98845,4851465,-4950310,消费电子、储能,-0.54,42628232,2261906644,0.338523,0
300333,兆日科技,12.2,4407582,2.77,8.09,-147590,6.73,,-147590,118235393,-118382983,金融科技、网络安全,3.85,546617067,2291006699,3.30403,0
603869,ST智知  ,0.1,61915,0.59,10.04,-148800,-0.5,,-148800,4951580,-5100380,ST板块、脑机接口,-1.08,73736246,2617418460,0.715597,0
300324,旋极信息,0.2,282300,0.33,2.97,-196661,-0.67,,-196661,10262801,-10459462,时空大数据、芯片,-1.0,65428028,4575574144,0.882801,0
600764,中国海防,1.0,69310,-0.13,23.62,-231755,-1.3,,-231755,4663684,-4895439,中字头、军工,-1.17,47953606,6565058977,0.729417,0
688038,中科通达,0.2,76776,0.81,13.45,-241804,-1.1,,-241804,1257225,-1499029,网络安全、科创板,-1.9,31808024,958046971,0.776195,0
003016,欣贺股份,0.9,10439,0.64,9.35,-244841,-0.85,,-244841,394698,-639539,低空经济、网红经济,-1.48,10075818,1377952622,0.691963,0
002441,众业达,11.3,612612,0.6,9.88,-246701,-0.7,,-246701,3507275,-3753976,光伏、汽车零部件,-1.3,43093868,2679578277,1.07841,0
688030,山石网科,0.2,13363,0.05,18.91,-264201,-0.89,,-264201,683231,-947432,算力、江苏省,-0.94,24796953,1677368118,1.17468,0
002030,达安基因,1.3,179712,-0.21,9.28,-286786,-1.07,,-286786,9944728,-10231514,基因疗法、新冠检测,-0.85,87653636,8109862521,0.721227,0
688595,芯海科技,0.7,83357,0.0,27.39,-292719,0.81,,-292719,2588397,-2881116,芯片、科创板,0.81,36482962,2171224692,0.793162,0
300789,唐源电气,0.1,4038,0.2,20.01,-302270,-0.69,,-302270,0,-302270,机器人概念、西部大开发,-0.89,12849322,855804832,0.638818,0
002658,雪迪龙,0.4,249312,-1.13,7.77,-312897,-2.02,,-312897,1049348,-1362245,环保、碳中和,-0.89,35191577,1945472308,0.520168,0
688232,新点软件,1.8,31319,0.27,41.24,-329735,0.34,,-329735,0,-329735,鸿蒙概念、国产软件,0.07,32426244,3322310273,0.621366,0
300259,新天科技,0.2,117686,0.28,3.6,-331197,0.0,,-331197,1193215,-1524412,雄安新区、电气设备,-0.28,21638462,2353172904,0.669667,0
605365,立达信  ,13.0,18733,0.0,14.38,-332408,-0.21,,-332408,0,-332408,鸿蒙概念、华为概念,-0.21,6777492,823506650,0.637083,0
300552,万集科技,0.1,11082,0.05,18.19,-335594,-1.46,,-335594,1964753,-2300347,车路云、ETC,-1.52,33558208,1791130214,0.946819,0
000681,视觉中国,0.3,1598520,0.46,15.36,-406084,0.2,,-406084,86285096,-86691180,DeepSeek、知识产权,-0.26,445709841,7392170623,0.760074,0
000413,ST旭电,1.0,152508,0.56,1.78,-425428,0.0,,-425428,7022283,-7447711,消费电子、面板,-0.56,51876559,7949938830,0.657136,0
300180,华峰超纤,2.3,275544,0.0,3.61,-426519,1.4,,-426519,6495136,-6921655,跨境支付、股权转让,1.4,39788665,4595758229,0.702257,0
300521,爱司凯,1.1,138050,-0.4,12.35,-439495,-1.98,,-439495,1097027,-1536522,折叠屏、算力,-1.59,30671059,1029364954,0.796573,0
688246,嘉和美康,0.0,31588,-0.16,31.7,-439598,0.09,,-439598,3096945,-3536543,AI医疗、国产软件,0.25,27351183,2156595142,1.50133,0
688611,杭州柯林,0.0,0,0.0,34.4,-450439,2.29,,-450439,0,-450439,宇树机器人、科创板,2.29,9661824,673036000,0.850394,0
300612,宣亚国际,1.7,332000,0.86,20.04,-452407,1.06,,-452407,18848389,-19300796,元宇宙、并购重组,0.2,132900466,2383757464,1.3917,0
600831,ST广网  ,1.1,313818,0.0,5.81,-505125,0.34,,-505125,4031391,-4536516,ST板块、广电网,0.35,39167143,2920374528,0.895742,0
688058,宝兰德  ,5.0,95950,1.78,45.71,-514790,-2.06,,-514790,518710,-1033500,DeepSeek、科创板,-3.77,24026754,1138635002,0.686203,0
688500,慧辰股份,0.0,0,0.0,17.6,-523988,0.63,,-523988,454076,-978064,数字经济、并购重组,0.63,8033031,830975612,1.59036,0
300279,和晶科技,1.8,28325,0.59,5.16,-565978,0.78,,-565978,972911,-1538889,家电、多胎概念,0.19,18754457,1565819337,0.816592,0
300730,科创信息,0.3,507642,0.8,13.62,-565979,-1.02,,-565979,18990201,-19556180,AI政务、信创,-1.8,152680094,2026041773,0.720192,0
002769,普路通,0.0,85172,2.58,7.71,-569416,-0.64,,-569416,976584,-1546000,固态电池、储能,-3.14,17363211,1670291025,0.744896,0
603687,大胜达  ,2.1,30176,0.0,9.24,-578314,-2.01,,-578314,1821044,-2399358,机器人概念、包装印刷,-2.01,27668390,1387550538,0.766957,0
002948,青岛银行,1.6,147943,0.0,3.32,-581279,-1.48,,-581279,5223162,-5804441,银行、破净股概念,-1.48,47111671,7660153554,0.891313,0
688258,卓易信息,0.2,18438,0.94,61.06,-587246,0.28,,-587246,7598918,-8186164,算力、江苏省,-0.65,63372833,3006384411,0.681808,0
002369,卓翼科技,0.4,53935,0.86,4.6,-607142,-1.08,,-607142,1486066,-2093208,华为概念、工业母机,-1.92,28675467,2156726290,0.876057,0
600808,马钢股份,0.8,264696,0.37,2.65,-626576,-1.12,,-626576,11693306,-12319882,数据中心、钢铁,-1.49,65810452,6102688903,1.0411,0
300502,新易盛,2.1,47030200,3.81,46.9,-661275,-0.64,,-661275,614558843,-615220118,CPO/MPO、西部大开发,-4.29,1796972531,27839287526,1.02931,52044127
002848,高斯贝尔,0.1,6804,0.0,9.43,-667351,-2.98,,-667351,471801,-1139152,算力、卫星导航,-2.98,34893147,986048994,1.03643,0
300311,任子行,0.5,130851,-0.17,5.96,-694028,-1.32,,-694028,15904688,-16598716,网络安全、算力,-1.16,91343616,2935328616,1.02879,0
300053,航宇微,4.5,1801224,0.37,10.88,-697321,1.49,,-697321,20713362,-21410683,飞行汽车、并购重组,1.12,144010173,5539283437,0.993321,0
688360,德马科技,1.0,89795,-0.31,19.06,-707484,-1.14,,-707484,0,-707484,三季报增长、年报增长,-0.83,12841174,1126712032,0.661191,0
001209,洪兴股份,0.8,73392,0.36,16.61,-733175,-0.06,,-733175,0,-733175,电子商务、服装家纺,-0.42,24057953,669181338,0.925623,0
300420,五洋自控,6.6,171152,0.66,2.97,-735046,-1.66,,-735046,5024231,-5759277,智慧停车、江苏省,-2.3,34706545,2641088398,0.969923,0
002722,物产金轮,0.6,68595,0.3,13.25,-736560,-1.19,,-736560,0,-736560,人工智能、ChatGPT,-1.49,20518270,1382488765,0.752381,0
603017,中衡设计,1.6,124120,-0.09,10.5,-746278,-1.96,,-746278,933284,-1679562,低空经济、算力,-1.87,32744967,1629568501,0.771374,0
300736,百邦科技,0.9,84600,-0.42,11.69,-774532,-0.93,,-774532,1057199,-1831731,消费电子、零售,-0.51,27984417,1128044440,0.906689,0
002161,远望谷,2.8,755972,-0.56,5.34,-785901,-0.19,,-785901,3495250,-4281151,股权转让、数字经济,0.38,42420173,3008355477,0.750183,0
000971,*ST高升,0.5,557280,0.94,2.07,-819095,-2.82,,-819095,2866894,-3685989,ST板块、华为概念,-3.72,21186015,1446756479,0.557107,0
300550,和仁科技,2.0,146432,0.0,14.04,-823217,-0.28,,-823217,0,-823217,互联网医疗、股权转让,-0.28,16364867,1842207603,0.751939,0
002494,华斯股份,2.0,102480,0.83,4.78,-835979,-1.24,,-835979,955676,-1791655,电子商务、C2M,-2.05,16978165,1226617401,0.767519,0
002117,东港股份,0.1,70950,0.53,9.36,-841448,-0.53,,-841448,5948038,-6789486,宇树机器人、算力,-1.06,75453892,3592888168,1.02405,0
002380,科远智慧,3.2,596022,0.05,18.4,-841947,-0.54,,-841947,3371949,-4213896,机器人概念、虚拟电厂,-0.59,63472512,2082210382,0.858006,0
603803,瑞斯康达,0.1,43605,1.59,7.45,-842542,-1.06,,-842542,1680725,-2523267,数据中心、CPO/MPO,-2.61,28072327,1771636096,0.774509,0
001230,劲旅环境,10.8,3595130,-3.32,25.12,-842806,-4.01,,-842806,6233084,-7075890,环保、算力,-0.71,101613533,991194355,1.30174,0
603912,佳力图  ,0.8,176418,0.56,8.94,-865068,0.9,,-865068,2521348,-3386416,液冷服务器、数字能源,0.34,55536503,1630318561,1.30432,0
688109,品茗科技,0.5,107360,0.0,24.43,-870689,0.12,,-870689,958177,-1828866,数据要素、科创板,0.12,22978359,723840134,0.950576,0
300067,安诺其,1.1,40664,0.0,2.94,-886165,-1.67,,-886165,0,-886165,算力、化工,-1.67,15170104,2009003255,0.792088,0
300698,万马科技,0.2,30745,0.85,23.86,-910430,1.75,,-910430,347170,-1257600,无人驾驶、算力,0.89,29257582,1381945829,1.36331,0
688225,亚信安全,0.3,27054,1.35,17.44,-917239,-1.8,,-917239,753999,-1671238,DeepSeek、年报增长,-3.11,21212458,3303883339,0.925941,0
600636,国新文化,0.3,76392,0.09,10.65,-932813,0.47,,-932813,6997584,-7930397,教育、锂电池,0.38,83375595,2965428087,1.23794,0
300275,梅安森,0.3,248848,0.0,12.27,-962121,1.57,,-962121,8491856,-9453977,智慧矿山、PPP概念,1.57,75410822,2860375217,0.60333,0
002808,ST恒久,0.6,183168,-0.17,5.69,-973444,-1.38,,-973444,1236187,-2209631,ST板块、信创,-1.22,28111601,908059311,0.580756,0
000061,农产品,3.2,201280,0.0,6.87,-977223,1.03,,-977223,5853301,-6830524,农业、并购重组,1.03,42016954,4692035645,0.809719,0
002386,天原股份,5.3,504820,-0.34,5.81,-996578,-1.36,,-996578,4432673,-5429251,磷化工、锂电池,-1.02,40008384,4552899610,1.14221,0
300449,汉邦高科,0.0,3660,0.0,6.09,-997622,-0.16,,-997622,5752889,-6750511,VR/AR/MR、人工智能,-0.16,40474626,1672917109,1.16081,0
300795,米奥会展,0.1,3488,0.0,35.17,-1026771,0.83,,-1026771,1701065,-2727836,首发经济、平台经济,0.83,30836478,2286735259,0.718938,0
000959,首钢股份,0.7,91392,0.26,3.77,-1043441,-1.57,,-1043441,4631137,-5674578,钢铁、并购重组,-1.82,58595429,5440838672,0.801131,0
688313,仕佳光子,2.7,2759211,2.19,12.37,-1043714,0.41,,-1043714,26840438,-27884152,科创板、算力,-1.75,140585099,4894310731,0.973659,0
002301,齐心集团,0.1,6030,0.75,6.71,-1066725,0.9,,-1066725,1967699,-3034424,谷子经济、算力,0.15,30589675,3153656572,0.754636,0
300427,红相股份,0.5,87792,0.27,7.34,-1101174,-1.08,,-1101174,5393036,-6494210,军工、碳中和,-1.34,33964256,1413626752,0.679096,0
603881,数据港  ,0.8,1884360,0.09,22.86,-1115269,-0.44,,-1115269,49686279,-50801548,阿里系AI、数字经济,-0.52,284818511,6955821807,1.17569,3045675
300126,锐奇股份,0.5,47804,-0.15,6.27,-1121606,-3.09,,-1121606,313434,-1435040,机器人概念、壳资源,-2.94,18143361,1126732098,0.749634,0
300590,移为通信,0.5,86674,-0.09,10.52,-1129014,-0.57,,-1129014,1358959,-2487973,无人驾驶、数字经济,-0.47,36059992,2419171787,0.886946,0
600790,轻纺城  ,0.5,86072,0.0,4.23,-1143387,-0.24,,-1143387,411155,-1554542,破净股概念、一带一路,-0.24,13632442,3861438710,0.62825,0
301318,维海德,1.0,160599,-0.03,30.92,-1143764,-1.84,,-1143764,513936,-1657700,消费电子、三季报增长,-1.81,29646047,911663894,0.805964,0
002376,新北洋,2.8,282373,0.27,7.42,-1148614,-0.67,,-1148614,3175810,-4324424,机器人概念、智能物流,-0.93,43806930,3061353403,0.823181,0
600590,泰豪科技,1.8,243566,0.0,6.29,-1168344,-0.32,,-1168344,2750371,-3918715,电源、并购重组,-0.32,32205195,3118313876,0.777801,0
300628,亿联网络,5.7,269231,0.73,36.18,-1170906,0.98,,-1170906,9599788,-10770694,AI办公、算力,0.25,98937921,23873515029,0.776349,0
300083,创世纪,0.4,135000,0.33,5.98,-1199282,0.0,,-1199282,9175949,-10375231,机器人概念、VR/AR/MR,-0.33,67538686,7703053957,0.711427,0
002816,和科达,0.2,283750,-0.44,11.43,-1216545,0.26,,-1216545,0,-1216545,数据中心、算力,0.7,16560741,840790800,0.338201,0
002148,北纬科技,0.2,115042,0.68,5.88,-1231198,-0.17,,-1231198,7584702,-8815900,机器人概念、通信,-0.84,68391521,2478399944,0.978285,0
300675,建科院,0.5,119793,0.61,15.92,-1240821,-2.39,,-1240821,7716612,-8957433,深圳、基础建设,-2.99,80717043,1170007340,0.865921,0
300167,*ST迪威,0.8,253732,-0.72,2.72,-1256459,-2.51,,-1256459,2177664,-3434123,ST板块、并购重组,-1.81,30662822,702977570,0.650879,0
688031,星环科技,0.3,277832,0.7,89.6,-1262239,-2.09,,-1262239,8448174,-9710413,人工智能、MLOps,-2.77,110199666,2520107699,1.28551,0
002350,北京科锐,2.3,31017,-0.31,6.35,-1292107,0.0,,-1292107,700714,-1992821,电气设备、储能,0.32,20861352,2087039846,0.895393,0
002413,雷科防务,1.1,1426625,0.4,5.08,-1322461,0.99,,-1322461,12158084,-13480545,无人驾驶、智能驾驶,0.59,104692758,6352781620,0.674294,0
002609,捷顺科技,1.6,495231,0.48,10.36,-1339138,-0.58,,-1339138,2380940,-3720078,智慧停车、华为概念,-1.05,49062945,3274027593,0.924349,0
688018,乐鑫科技,14.3,1102700,1.8,110.0,-1341549,1.55,,-1341549,11485666,-12827215,芯片、三季报增长,-0.24,125955063,5252273196,1.62777,0
000925,众合科技,0.8,105609,0.67,7.37,-1364411,-0.94,,-1364411,2597104,-3961515,机器人概念、病毒防治,-1.6,40102535,4042765352,0.916242,0
002211,宏达新材,0.3,38625,-0.79,3.76,-1366534,-0.53,,-1366534,1082478,-2449012,神经网络、数字经济,0.27,23315809,1021746789,0.724616,0
002224,三力士,2.0,125970,1.19,5.09,-1376510,0.99,,-1376510,2600905,-3977415,化工、轮胎,-0.2,39557786,3225742667,1.7176,0
300389,艾比森,1.1,61377,0.47,14.71,-1385154,-1.28,,-1385154,1255440,-2640594,面板、足球概念,-1.74,43285199,1820493492,1.12286,0
688227,品高股份,0.6,181203,0.37,21.35,-1385568,-2.51,,-1385568,3293515,-4679083,DeepSeek、科创板,-2.87,60656171,1186443299,1.21863,0
301503,智迪科技,0.2,400084,-0.03,33.92,-1386369,-1.68,,-1386369,11806596,-13192965,年报增长、芯片,-1.65,111208631,678400000,0.503295,0
002518,科士达,0.7,490980,0.34,29.55,-1386736,0.85,,-1386736,19021486,-20408222,电源、PCS设备,0.51,218692586,6768627175,1.42164,0
002660,茂硕电源,0.4,212848,0.0,8.52,-1402490,0.47,,-1402490,386005,-1788495,电源、LED,0.47,32554650,1521919443,0.965221,0
003040,楚天龙,5.2,354016,-0.35,17.08,-1441440,0.0,,-1441440,9391029,-10832469,AI智能体、数字货币,0.35,77521317,2810328516,1.38674,0
002881,美格智能,0.5,133721,0.15,26.99,-1461209,-0.95,,-1461209,4273309,-5734518,DeepSeek、智能座舱,-1.1,39424705,1650243979,0.929955,0
002970,锐明技术,0.5,83076,-0.17,29.47,-1517608,-0.84,,-1517608,1566496,-3084104,三季报增长、智能驾驶,-0.67,43781404,1728860805,0.683612,0
300248,新开普,0.8,193545,-0.32,9.3,-1522975,-0.85,,-1522975,8517889,-10040864,人工智能、数字经济,-0.53,99154213,3524242220,1.27495,0
002849,威星智能,0.4,33534,-0.55,15.02,-1529565,2.46,,-1529565,5125839,-6655404,仪器仪表、锂电池,3.02,49838715,2219525544,1.4728,-3095326
600225,退市卓朗,0.8,48825,-0.57,5.27,-1531895,-0.19,,-1531895,7609254,-9141149,破净股概念,0.38,42723283,5854558623,0.744875,0
300076,GQY视讯,0.9,189426,0.63,4.76,-1533322,-0.63,,-1533322,1260476,-2793798,机器人概念、VR/AR/MR,-1.24,25143530,1302287524,1.02542,0
002010,传化智联,2.2,626850,0.0,5.23,-1545467,-0.38,,-1545467,8116907,-9662374,DeepSeek、汽车类,-0.38,47234550,6218007961,0.950871,0
600228,返利科技,0.4,98640,0.74,8.28,-1553052,1.47,,-1553052,4425973,-5979025,电子商务、字节概念,0.73,73337025,1797588649,0.974678,0
688171,纬德信息,0.2,27120,0.58,22.1,-1570191,-1.65,,-1570191,2685477,-4255668,科创板、数字经济,-2.21,20698078,1051095050,1.08507,0
300349,金卡智能,3.9,92500,0.56,12.37,-1590358,-0.48,,-1590358,370499,-1960857,氢能源、电气设备,-1.04,37665345,3378458924,0.783567,0
300857,协创数据,0.7,1265025,-0.2,25.51,-1595960,0.83,,-1595960,18642257,-20238217,存储、数字经济,1.03,118471546,3741195203,1.20553,0
300469,信息发展,0.4,533780,-1.06,19.99,-1599561,-3.66,,-1599561,21124394,-22723955,车路云、并购重组,-2.63,114330654,2817052931,1.34835,0
300270,中威电子,0.9,259981,-0.71,6.86,-1625310,-2.28,,-1625310,3201417,-4826727,机器人概念、地方国企,-1.58,51871229,1242533933,0.688816,0
002990,盛视科技,1.1,96100,0.91,30.51,-1633859,-0.68,,-1633859,2170279,-3804138,机器人概念、病毒防治,-1.58,52514873,4041672667,1.28996,0
000584,*ST工智,5.8,2296833,-4.04,4.28,-1651352,-3.82,,-1651352,10151044,-11802396,ST板块、机器人概念,0.23,77947746,2408280581,1.24038,0
002583,海能达,0.4,198484,0.0,5.68,-1677245,-0.7,,-1677245,8212056,-9889301,量子科技、互联网金融,-0.7,67168452,5662185506,0.750322,0
300153,科泰电源,0.8,25704,0.0,7.75,-1686314,2.51,,-1686314,2350327,-4036641,电源、发电机,2.51,40397537,1563013159,1.66476,0
000533,顺钠股份,2.8,113781,0.51,3.88,-1692523,-0.26,,-1692523,2068991,-3761514,变压器、充电桩,-0.77,25267107,1620173968,0.65174,0
300010,豆神教育,1.8,134284,0.0,2.35,-1692532,-0.42,,-1692532,3964178,-5656710,AI智能体、教育,-0.42,24495734,1674432623,0.796038,0
002421,达实智能,1.7,511500,0.89,3.36,-1709819,-0.59,,-1709819,18136416,-19846235,人工智能、数字经济,-1.47,92000523,4826652640,1.14543,0
002491,通鼎互联,0.3,110260,0.34,5.94,-1716423,0.0,,-1716423,6190627,-7907050,通信、并购重组,-0.34,60478510,4165794038,0.937147,0
001266,宏英智能,1.4,173944,0.24,25.18,-1719826,-1.33,,-1719826,0,-1719826,机器人概念、农业,-1.56,24654721,744310728,0.718101,0
002729,好利科技,1.0,28608,-0.06,17.85,-1760282,-0.22,,-1760282,4127732,-5888014,年报增长、芯片,-0.17,30350329,1937347259,0.782205,-3606446
300514,友讯达,1.7,148352,-0.08,12.31,-1766570,1.15,,-1766570,2208668,-3975238,充电桩、虚拟电厂,1.23,51411366,1442780343,1.06731,0
300384,三联虹普,0.3,9786,0.06,16.19,-1778270,-0.67,,-1778270,2721722,-4499992,煤化工、化工,-0.74,49546387,2488367001,1.40697,0
603232,格尔软件,0.2,159264,0.78,13.75,-1794017,-2.55,,-1794017,8424215,-10218232,量子科技、信创,-3.31,84146786,2260188106,1.40592,0
002191,劲嘉股份,2.8,246361,-0.47,6.37,-1816663,-0.93,,-1816663,5790590,-7607253,电子烟、并购重组,-0.47,42392617,6159019609,0.743539,0
000997,新大陆,0.6,301435,0.06,18.16,-1817741,0.67,,-1817741,16058985,-17876726,阿里巴巴概念、移动支付,0.61,158821225,13025295650,1.2809,0
002354,天娱数科,2.2,4109032,2.45,5.93,-1825274,3.67,,-1825274,138451186,-140276460,DeepSeek、虚拟人,1.19,650854723,9076641825,2.39575,12013707
603206,嘉环科技,3.1,327124,0.12,16.34,-1848901,-1.98,,-1848901,956256,-2805157,阿里系AI、国产软件,-2.1,51589504,1424847804,1.18351,0
002828,贝肯能源,1.6,358110,-0.23,8.62,-1868091,-0.58,,-1868091,0,-1868091,石油石化、乌克兰概念,-0.35,44514380,1380392346,0.649709,0
300047,天源迪科,0.2,217775,0.13,7.68,-1878688,-0.78,,-1878688,33645663,-35524351,大数据、互联网金融,-0.9,209180525,4033098968,1.05664,0
600756,浪潮软件,0.2,86188,0.0,14.72,-1961952,-0.94,,-1961952,6712391,-8674343,AI政务、云计算,-0.94,94819072,3859580766,1.0077,0
300112,万讯自控,0.4,230076,0.0,9.83,-1991812,-1.31,,-1991812,5142162,-7133974,电气设备、光热发电,-1.31,58554602,1994195846,0.906247,0
001339,智微智能,0.6,263680,0.91,25.12,-1994146,-0.99,,-1994146,4501977,-6496123,机器人概念、算力,-1.88,53841167,1782502640,0.935814,0
603508,思维列控,1.5,31512,0.39,15.35,-2007620,-1.22,,-2007620,2487720,-4495340,无人驾驶、智能驾驶,-1.6,39220270,2506769221,1.02631,0
300348,长亮科技,1.0,591854,0.64,11.05,-2009961,1.66,,-2009961,44030300,-46040261,资产管理、金融科技,1.01,260019759,6561291789,1.41183,0
002918,蒙娜丽莎,1.0,123510,0.51,18.05,-2012119,1.35,,-2012119,1118192,-3130311,数据中心、装修家具,0.84,70600329,2783029230,0.985711,0
301226,祥明智能,1.6,50402,1.06,22.44,-2017363,-1.01,,-2017363,1664762,-3682125,光伏、算力,-2.05,32157937,930807767,0.762497,0
002877,智能自控,0.7,79092,0.0,10.22,-2024899,0.79,,-2024899,7942649,-9967548,人工智能、光伏,0.79,101316052,2130518064,1.28268,0
002383,合众思壮,1.2,51714,0.91,6.52,-2038554,-0.76,,-2038554,3188652,-5227206,卫星导航、地方国企,-1.66,38591965,2757574545,0.819586,0
002104,恒宝股份,1.7,496220,0.47,8.51,-2043868,-0.58,,-2043868,21631810,-23675678,移动支付、数字货币,-1.05,125144974,4732711682,0.99158,0
000488,ST晨鸣,1.7,191168,-0.22,4.59,-2056864,-1.29,,-2056864,3530646,-5587510,造纸、ST板块,-1.08,48149991,5637091505,1.07614,0
300219,鸿利智汇,0.1,29893,0.15,6.58,-2121481,-0.75,,-2121481,3839091,-5960572,并购重组、地方国企,-0.9,34994422,2654960582,0.775919,0
002373,千方科技,0.4,607126,0.9,12.1,-2143940,-0.66,,-2143940,12993314,-15137254,无人驾驶、蚂蚁金服概念,-1.55,138220383,12117550911,0.964771,0
300074,华平股份,0.1,91590,0.24,4.18,-2160292,-1.65,,-2160292,1742156,-3902448,低空经济、数字经济,-1.88,73178561,1870805789,0.760805,0
300479,神思电子,1.9,254254,-1.06,17.98,-2177297,0.06,,-2177297,13791950,-15969247,算力、ChatGPT,1.12,87465786,2592712855,0.95113,0
605277,新亚电子,0.9,145624,-0.15,13.43,-2206198,0.37,,-2206198,734993,-2941191,高速连接、消费电子,0.52,40809240,1476956864,0.837832,0
300687,赛意信息,0.1,117040,0.66,21.03,-2226556,-0.52,,-2226556,11874026,-14100582,ERP、C2M,-1.17,138679730,5407986176,0.938494,-3471788
002402,和而泰,1.1,286620,0.21,14.13,-2254160,0.78,,-2254160,4594204,-6848364,芯片、数字经济,0.57,105026970,10810941275,0.879233,0
688787,海天瑞声,0.3,836670,1.5,78.39,-2309985,-1.14,,-2309985,25584851,-27894836,字节概念、ChatGPT,-2.6,148335164,2473875856,1.01574,-3006599
002374,中锐股份,0.6,41364,0.79,3.78,-2314285,-0.53,,-2314285,2187368,-4501653,白酒、数字经济,-1.31,26156402,3301064412,0.443944,0
300472,新元科技,0.0,96015,1.17,8.6,-2344945,0.58,,-2344945,3270454,-5615399,光伏、新型工业化,-0.58,27954633,1925098157,0.894395,0
301056,森赫股份,1.4,3125898,-5.77,9.58,-2355474,-6.26,,-2355474,9338508,-11693982,电梯概念、专用设备,-0.52,111584742,638954070,0.729526,0
300242,佳云科技,0.7,327028,-0.3,3.35,-2356444,0.9,,-2356444,13067811,-15424255,小红书概念、平台经济,1.21,73274315,1648990857,0.922029,0
002177,御银股份,1.1,1199502,0.66,4.68,-2368241,2.86,,-2368241,42009067,-44377308,金融科技、数字货币,2.18,298246054,2986592105,1.02916,4719336
600198,大唐电信,0.9,111930,0.65,6.06,-2370536,-0.82,,-2370536,2236633,-4607169,芯片、并购重组,-1.46,37579968,3522619799,1.19833,0
603825,华扬联众,4.1,1232496,0.56,12.74,-2387393,1.03,,-2387393,17699948,-20087341,腾讯概念、算力,0.47,111146800,1775513293,1.37774,0
301320,豪江智能,0.2,216510,0.0,19.88,-2421539,-3.59,,-2421539,11651703,-14073242,装修家具、智能家居,-3.59,114990352,854138375,0.644122,0
300647,超频三,0.3,73563,0.15,6.46,-2432878,-0.62,,-2432878,1406145,-3839023,消费电子、锂电池,-0.77,42149886,2239990522,0.760113,0
601579,会稽山  ,3.4,386546,0.53,11.5,-2448852,1.77,,-2448852,5293538,-7742390,黄酒、酿酒,1.23,61644404,2279201953,1.10849,0
600560,金自天正,0.0,0,0.0,12.54,-2471680,-1.49,,-2471680,791542,-3263222,神经网络、国有企业,-1.49,27174373,1601816572,0.795985,0
601107,四川成渝,1.5,50941,0.24,4.12,-2500724,-1.9,,-2500724,1205651,-3706375,西部大开发、成渝经济圈,-2.14,37890139,6175138037,1.16414,0
300609,汇纳科技,0.1,666876,-0.46,27.79,-2508906,-1.28,,-2508906,29881704,-32390610,人工智能、算力,-0.82,183867583,2279554672,1.04273,0
000665,湖北广电,1.2,113436,-0.18,5.51,-2544263,0.36,,-2544263,6796887,-9341150,算力、广电网,0.55,49313768,3765949361,1.00236,0
300203,聚光科技,1.3,107916,-0.81,16.0,-2544490,0.0,,-2544490,11442148,-13986638,环保、PPP概念,0.82,97696151,5234311379,1.12414,-4095823
688051,佳华科技,0.2,510915,0.72,33.79,-2578873,-3.04,,-2578873,11812064,-14390937,数据确权、算力,-3.73,90636921,769628575,1.34999,0
300222,科大智能,1.4,30530,0.57,7.02,-2583404,-0.57,,-2583404,3722072,-6305476,机器人概念、汽车类,-1.13,42279107,4127354964,0.922363,0
300579,数字认证,1.1,1855750,0.09,32.63,-2604520,0.49,,-2604520,64131715,-66736235,电子证照、数字货币,0.4,336162845,3924110700,1.45676,0
300077,国民技术,2.8,378972,0.25,11.92,-2630732,0.59,,-2630732,12148206,-14778938,芯片、EDR,0.34,80393033,6747517448,1.11365,0
603070,万控智造,0.1,36696,0.66,16.29,-2670191,-1.69,,-2670191,329439,-2999630,电气设备、算力,-2.34,29383605,1320890305,1.04885,0
300830,金现代,0.5,155014,0.0,8.54,-2673084,-1.39,,-2673084,1400662,-4073746,AI智能体、超超临界概念,-1.39,53386376,2377227449,0.529268,0
688418,震有科技,0.4,127260,1.14,14.05,-2682352,0.5,,-2682352,1561820,-4244172,CPO/MPO、卫星导航,-0.64,62055157,1863135909,0.516559,0
003028,振邦智能,0.3,2447900,-1.1,37.0,-2713205,-2.84,,-2713205,9509519,-12222724,机器人概念、光伏,-1.75,94209024,1036808561,0.803967,0
600804,*ST鹏博 ,1.4,446715,0.0,4.06,-2714200,0.24,,-2714200,5682762,-8396962,ST板块、数字经济,0.25,39323532,5187171834,0.547209,0
300935,盈建科,0.6,144000,1.01,29.82,-2774782,0.4,,-2774782,7928641,-10703423,房屋检测、算力,-0.6,65139991,1188937236,1.59332,0
300240,飞力达,10.2,4020456,-0.63,6.28,-2787604,-0.63,,-2787604,4162160,-6949764,物流、网约车,0.0,82807549,1276123736,1.099,0
002639,雪人股份,0.2,75264,0.26,7.6,-2814062,-0.78,,-2814062,7374648,-10188710,数据中心、算力,-1.04,58495827,4649300086,0.87028,0
300667,必创科技,4.4,35882,0.25,16.1,-2829138,-1.04,,-2829138,737042,-3566180,传感器、机器人概念,-1.29,28224902,2157432590,0.937762,0
600071,凤凰光学,0.0,0,0.0,17.42,-2849201,-1.14,,-2849201,2091083,-4940284,股权转让、安防,-1.14,32263529,2591659004,0.977097,0
600797,浙大网新,0.2,244185,0.9,6.5,-2913406,-1.96,,-2913406,13081127,-15994533,阿里系AI、数字经济,-2.84,104538634,5707883767,1.00349,0
002280,ST联络,0.4,84537,0.0,3.04,-2920594,0.33,,-2920594,15667682,-18588276,ST板块、互联网营销,0.33,70607062,5522545982,0.840194,0
002313,日海智能,1.1,58466,-0.42,7.16,-2950679,0.0,,-2950679,716974,-3667653,算力、人工智能,0.42,11460547,1485718020,0.638706,0
002269,美邦服饰,3.2,727982,1.12,1.8,-2958301,0.56,,-2958301,14268805,-17227106,服装家纺、C2M,-0.55,103613038,2234246152,0.683392,0
002615,哈尔斯,0.2,98439,0.32,6.28,-2964783,0.48,,-2964783,629000,-3593783,年报增长、数字经济,0.16,31824912,1620293647,0.929964,0
000851,ST高鸿,1.4,201703,0.4,4.97,-2976806,-0.8,,-2976806,11123203,-14100009,ST板块、自主可控,-1.19,69735648,4884401363,1.13246,0
301299,卓创资讯,0.8,27510131,1.49,93.78,-3005339,0.14,,-3005339,248806258,-251811597,人工智能、互联网金融,-1.34,945415724,1406700000,1.50844,17207372
000711,*ST京蓝,0.8,180455,-0.53,1.86,-3012736,-1.06,,-3012736,3569103,-6581839,ST板块、元宇宙,-0.53,28724497,1370099236,0.595192,0
002713,东易日盛,0.0,0,0.0,8.05,-3021898,-0.37,,-3021898,3681405,-6703303,并购重组、AIGC,-0.37,31277463,1464180332,1.33266,0
002348,高乐股份,1.4,30072,0.56,3.53,-3029476,-0.84,,-3029476,346480,-3375956,成人用品、固态电池,-1.4,15424036,2417632112,0.847049,0
002819,东方中科,0.0,0,0.0,25.1,-3038053,-0.4,,-3038053,2816795,-5854848,知识蒸馏、芯片,-0.4,32799747,3358556197,0.870834,0
603559,*ST通脉 ,0.2,4032,0.15,6.52,-3041893,-2.83,,-3041893,2646604,-5688497,ST板块、通信,-2.98,21775456,885773450,0.91709,0
601528,瑞丰银行,3.1,666400,0.18,5.53,-3083251,-1.07,,-3083251,5359107,-8442358,银行、破净股概念,-1.25,74208336,4362819464,0.800166,0
600496,精工钢构,2.5,310709,0.54,3.68,-3169311,-0.81,,-3169311,3464488,-6633799,基础建设、算力,-1.34,41192759,5431365540,0.945033,0
600190,ST锦港  ,0.4,172294,0.32,3.08,-3229496,-0.65,,-3229496,19049022,-22278518,ST板块、远东开发,-0.96,66902242,1826935623,0.855059,-3056733
002699,*ST美盛,1.1,1207668,-1.28,1.57,-3253345,0.64,,-3253345,5945353,-9198698,ST板块、元宇宙,1.95,43176522,1303327720,0.51987,0
688435,英方软件,0.2,131813,1.14,64.55,-3254227,-2.03,,-3254227,12417207,-15671434,数据要素、网络安全,-3.14,99579839,1188535977,0.875453,0
300371,汇中股份,1.0,82482,-0.14,13.75,-3270220,-1.79,,-3270220,2724138,-5994358,华为海思、核电,-1.65,33062112,1298207242,0.560582,0
300188,国投智能,0.9,2206808,-0.06,17.66,-3277059,-1.06,,-3277059,59163748,-62440807,文生视频、AI安全,-1.01,372681947,8058005763,1.28336,0
300506,*ST名家,25.3,860200,1.19,6.64,-3323776,-1.19,,-3323776,4463163,-7786939,ST板块、IGBT,-2.35,25899120,3068481000,0.410259,0
300397,天和防务,0.2,153750,-0.1,10.06,-3332088,-1.95,,-3332088,9546320,-12878408,军工、算力,-1.85,67799499,3703515745,0.684643,0
000049,德赛电池,3.0,298152,0.54,29.77,-3342781,1.4,,-3342781,3186950,-6529731,苹果概念、储能,0.85,69040248,4899036357,0.938661,0
002331,皖通科技,1.3,451100,0.0,6.93,-3403390,-0.14,,-3403390,2557392,-5960782,车路云、航运,-0.14,49941584,1906376070,1.03391,0
603790,雅运股份,0.0,0,0.0,12.99,-3434659,-0.38,,-3434659,1802486,-5237145,分散染料、并购重组,-0.38,20197795,988320834,1.6613,0
000882,华联股份,1.2,376431,0.0,1.86,-3434660,-0.53,,-3434660,5958737,-9393397,零售、房地产,-0.53,61048934,3221931428,0.72137,0
605168,三人行  ,0.7,1012156,0.2,75.61,-3471896,2.55,,-3471896,44204649,-47676545,人工智能、参股券商,2.34,269305856,5404608988,1.65392,3824271
301006,迈拓股份,16.7,96850,-0.05,19.37,-3505025,-0.05,,-3505025,600078,-4105103,仪器仪表、江苏省,0.0,25477179,1102544699,1.15256,0
000863,三湘印象,0.2,639746,0.0,3.54,-3523515,-1.12,,-3523515,11876907,-15400422,谷子经济、文创产品,-1.12,89783883,2127269484,0.468121,0
000836,ST富通,0.6,78399,0.72,2.78,-3538784,0.36,,-3538784,5121775,-8660559,通信、数字经济,-0.36,25290792,2716472649,0.65275,0
600629,华建集团,0.2,262699,0.0,6.41,-3551594,-1.08,,-3551594,17050313,-20601907,数据中心、人工智能,-1.08,105452402,2738620257,0.822718,0
000070,ST特信,0.5,131370,0.4,7.48,-3553031,-0.53,,-3553031,3647590,-7200621,ST板块、5G,-0.93,78905247,4133161740,0.796424,0
300872,天阳科技,0.8,420790,0.14,14.83,-3556905,2.35,,-3556905,31326630,-34883535,互联网金融、算力,2.21,187897788,3328265404,1.81151,0
600928,西安银行,4.0,550528,0.27,3.69,-3612547,-1.07,,-3612547,12225909,-15838456,银行、中特估,-1.34,75586820,6469330030,0.930859,0
301179,泽宇智能,0.0,0,0.0,27.17,-3683769,0.74,,-3683769,3103053,-6786822,算力、光伏EPC,0.74,42866583,1613898000,0.822382,0
002544,普天科技,1.0,475668,-0.09,20.98,-3686241,-3.5,,-3686241,29287186,-32973427,信创、卫星导航,-3.41,123010528,8802500467,1.15728,-3155348
002869,金溢科技,1.0,404388,1.08,16.94,-3687141,1.2,,-3687141,4168535,-7855676,三季报增长、ETC,0.12,68626285,2041509703,1.1382,0
600510,黑牡丹  ,1.0,332958,0.16,6.12,-3689710,-3.16,,-3689710,4144851,-7834561,破净股概念、数字能源,-3.32,71795095,2475635397,1.74602,-3696115
300213,佳讯飞鸿,2.5,234627,0.34,5.8,-3699572,-1.53,,-3699572,5250131,-8949703,工业互联网、元宇宙,-1.86,65295963,3115963709,1.28169,0
002303,美盈森,0.7,88740,0.0,3.44,-3727050,-1.15,,-3727050,1148890,-4875940,食品饮料、高股息,-1.15,45184871,2610055841,0.877249,0
300268,ST佳沃,0.0,142941,-0.84,16.88,-3740066,8.9,,-3740066,6683794,-10423860,ST板块、预制菜,9.82,61652012,1580871368,7.21564,0
002151,北斗星通,0.7,586720,0.0,30.33,-3741129,-0.23,,-3741129,14392003,-18133132,卫星导航、并购重组,-0.23,140932436,10222061333,0.767175,0
000040,ST旭蓝,2.3,353822,0.0,3.99,-3779228,0.25,,-3779228,8668344,-12447572,ST板块、环保,0.25,59011393,3604128824,1.20314,0
300300,ST峡创,0.1,19366,0.72,4.14,-3780992,-0.96,,-3780992,1070048,-4851040,ST板块、福建,-1.66,49325493,2051061011,0.773912,0
300253,卫宁健康,2.9,1851444,0.42,7.01,-3793552,-0.99,,-3793552,68663108,-72456660,AI医疗、蚂蚁金服概念,-1.41,231561282,12652608244,0.820347,0
300376,ST易事特,10.4,170046,-0.17,5.98,-3863476,-0.99,,-3863476,5976847,-9840323,ST板块、第三代半导体,-0.83,65304320,5946553573,1.06256,0
000633,合金投资,3.0,68158,1.1,6.37,-3897345,0.16,,-3897345,1113372,-5010717,年报增长、壳资源,-0.93,29059064,1700801772,1.04393,0
603093,南华期货,0.9,241816,0.0,13.35,-3938373,-0.07,,-3938373,6853807,-10792180,期货概念、三季报增长,-0.07,72249685,2470019322,1.04957,0
603636,南威软件,0.5,407345,0.0,12.6,-3981895,-1.95,,-3981895,10496716,-14478611,阿里系AI、电子证照,-1.95,101448392,4433653297,0.902616,0
603357,设计总院,2.2,198288,-0.41,9.54,-4076544,-2.26,,-4076544,3433219,-7509763,低空经济、基础建设,-1.85,51403988,2676113046,1.11407,0
688165,埃夫特  ,1.5,159891,-0.48,10.25,-4088190,-2.47,,-4088190,6077353,-10165543,机器人概念、科创板,-2.01,66403820,2931364730,0.726204,0
300684,中石科技,1.0,107100,0.22,17.83,-4134370,0.11,,-4134370,7084298,-11218668,液冷服务器、算力,-0.11,75907413,2671983433,1.02493,0
000530,冰山冷热,0.9,207090,0.19,5.24,-4150811,-1.13,,-4150811,1156108,-5306919,液冷服务器、病毒防治,-1.32,36974627,2248115907,0.664683,0
603015,弘讯科技,0.3,11219,0.23,8.52,-4166738,-1.05,,-4166738,1524741,-5691479,机器人概念、风电,-1.27,32431545,1594529722,0.700135,0
000676,智度股份,5.9,902398,0.33,6.02,-4173542,0.33,,-4173542,24282634,-28456176,文化传媒、数字货币,0.0,124897611,5588113247,0.94579,0
300606,金太阳,0.1,23640,-0.91,20.19,-4205788,1.56,,-4205788,7620795,-11826583,折叠屏、消费电子,2.49,64232064,1569083547,0.855189,0
600120,浙江东方,1.2,156024,-0.25,3.93,-4212231,-1.01,,-4212231,11029474,-15241705,杭州、资产管理,-0.76,78479246,6728915420,1.06488,-3990000
002183,怡亚通,1.3,226551,0.0,4.68,-4241101,-0.64,,-4241101,22936299,-27177400,深圳、物流,-0.64,76206036,7945929255,0.756591,-4664331
300562,乐心医疗,0.2,128097,-0.1,9.93,-4258774,-0.1,,-4258774,2304265,-6563039,养老概念、医药,0.0,58364302,1409522690,0.548389,0
002110,三钢闽光,0.7,190710,0.0,4.8,-4336538,-1.84,,-4336538,4164503,-8501041,钢铁、算力,-1.84,45323288,5115913990,0.662036,0
301302,华如科技,0.5,545068,-0.19,32.63,-4351390,2.77,,-4351390,7469429,-11820819,军工、军工电子,2.97,123171336,2825105400,0.951325,0
002439,启明星辰,0.1,100260,0.43,27.94,-4387989,0.76,,-4387989,15225292,-19613281,AI智能体、网络安全,0.32,180837455,14884842793,0.741764,0
300578,会畅通讯,0.2,50220,0.0,18.32,-4440191,-1.51,,-4440191,2171939,-6612130,信创、算力,-1.51,40283683,2417422908,1.01633,0
603927,中科软  ,0.6,285621,0.55,32.32,-4556892,-1.01,,-4556892,11258986,-15815878,信创、国产软件,-1.55,103878474,13094019721,0.933355,0
300177,中海达,0.2,124929,-0.15,6.54,-4577459,-1.21,,-4577459,2213599,-6791058,卫星导航、并购重组,-1.06,50280796,3664668685,0.561843,0
300310,宜通世纪,0.8,100400,0.0,3.94,-4584348,-1.5,,-4584348,4725959,-9310307,机器人概念、5G,-1.5,55552925,2543418609,1.13301,0
688343,云天励飞,0.2,217530,1.44,50.46,-4588597,0.9,,-4588597,20807471,-25396068,训推一体机、芯片,-0.53,121461994,3760836077,0.804919,0
301066,万事利,0.7,6128,0.99,15.01,-4612647,-1.05,,-4612647,2298712,-6911359,文创产品、服装家纺,-2.02,31193644,894725088,1.13827,0
000710,贝瑞基因,0.3,1041216,-0.4,9.8,-4706161,-1.01,,-4706161,6578690,-11284851,AI医疗、新冠检测,-0.61,82953449,2180789583,0.555036,0
600037,歌华有线,0.6,127484,0.12,8.16,-4714979,0.62,,-4714979,11843541,-16558520,华为概念、算力,0.49,77719401,7106221467,1.08904,-3747150
002589,瑞康医药,3.4,547824,0.0,3.37,-4747380,-0.59,,-4747380,5873436,-10620816,医药零售、新冠药概念,-0.59,49130094,3348671041,0.443136,0
002537,海联金汇,0.6,495176,-0.45,6.57,-4814383,-1.2,,-4814383,11977408,-16791791,金融概念、数字货币,-0.76,80528785,5330315344,0.76559,0
300546,雄帝科技,1.7,2441500,0.42,19.29,-4911759,1.96,,-4911759,67606612,-72518371,蚂蚁金服概念、数字货币,1.53,369420226,2250965597,2.95431,0
002367,康力电梯,3.0,517650,0.12,8.65,-4977003,1.88,,-4977003,9832948,-14809951,电梯概念、高股息,1.76,87595438,3768355377,1.54684,-4330000
002762,金发拉比,0.3,139071,0.0,9.14,-5026566,-0.76,,-5026566,2048305,-7074871,服装家纺、多胎概念,-0.76,68134390,1404484522,0.397319,0
002168,ST惠程,15.6,348300,-0.69,4.31,-5043154,-0.46,,-5043154,3647141,-8690295,ST板块、数字经济,0.23,33430972,2818134879,0.904532,0
600105,永鼎股份,0.7,1485698,0.16,6.3,-5080576,0.32,,-5080576,66788878,-71869454,核电、5G,0.16,340633733,6199663229,0.716805,0
601880,辽港股份,0.7,532302,-0.63,1.57,-5086012,-1.26,,-5086012,27346137,-32432149,港口、并购重组,-0.63,95311903,10365333434,0.980464,0
002308,*ST威创,0.1,32026,0.63,4.68,-5171814,-1.47,,-5171814,4685375,-9857189,信创、虚拟电厂,-2.09,46885677,2754076814,0.685644,0
002329,皇氏集团,0.8,402380,0.68,5.94,-5316609,1.37,,-5316609,6738195,-12054804,乳业、TOPCon,0.68,71229093,3243099215,1.17093,0
300379,东方通,2.0,317376,0.94,17.87,-5371335,-1.11,,-5371335,12387394,-17758729,信创、自主可控,-2.03,106007254,7573687905,1.08996,3293991
300209,*ST有树,0.6,373644,-2.43,3.07,-5405945,-6.69,,-5405945,5709185,-11115130,ST板块、数字经济,-4.36,61655411,1211821539,0.624377,0
300155,安居宝,0.5,75060,0.56,5.28,-5443136,-1.68,,-5443136,1189636,-6632772,物业服务、地产链,-2.22,46360967,1347650273,0.961206,0
002212,天融信,1.1,527009,-0.73,9.32,-5462374,-2.92,,-5462374,31372753,-36835127,DeepSeek、网络安全,-2.2,167721315,9413311253,1.44104,-159263
002803,吉宏股份,2.5,656480,0.0,17.93,-5508726,1.88,,-5508726,15384384,-20893110,跨境电商、数字经济,1.87,144949476,4189552640,1.13397,0
002385,大北农,0.4,280603,0.0,6.51,-5530868,0.46,,-5530868,64552086,-70082954,农业、转基因,0.46,184957528,19882599442,1.31927,0
002995,天地在线,0.7,1019288,0.37,24.68,-5557401,0.12,,-5557401,32877895,-38435296,DeepSeek、互联网营销,-0.24,316448496,2774456693,0.818807,0
002546,新联电子,0.8,343824,0.61,4.93,-5613111,0.41,,-5613111,4919997,-10533108,年报增长、数字经济,-0.2,68547441,2362499898,1.01002,0
301380,挖金客,0.5,9636760,-0.4,66.8,-5685671,-1.78,,-5685671,88831046,-94516717,小红书概念、数据要素,-1.39,515074066,1135600000,0.914382,-3219326
600880,博瑞传播,5.8,3626765,-0.56,5.33,-5736634,-0.93,,-5736634,39225619,-44962253,字节概念、NFT概念,-0.37,162156496,3747094042,1.45111,3263483
300123,亚光科技,0.8,133529,-0.15,6.63,-5750885,-1.34,,-5750885,5364405,-11115290,军工、湖南,-1.19,56250945,5040034949,0.948071,0
601126,四方股份,1.0,304395,0.52,13.65,-5753850,0.52,,-5753850,2363879,-8117729,电气设备、光伏,0.0,64707737,6307637696,0.916751,0
300353,东土科技,0.2,32130,0.09,10.59,-5784327,-1.03,,-5784327,5684462,-11468789,工业互联网、智能交通,-1.12,56851893,4368151881,0.779196,0
300018,中元股份,8.3,353800,0.16,6.09,-5790346,0.0,,-5790346,4140270,-9930616,锂电池、柔性直流,-0.16,46813983,2460953860,0.935169,0
002075,沙钢股份,25.3,1148146,-0.25,3.98,-5796593,-1.97,,-5796593,28968735,-34765328,钢铁、云计算,-1.73,78602928,6442943466,1.91783,1237978
002663,普邦股份,0.8,999573,0.5,1.97,-5848555,-1.5,,-5848555,14684604,-20533159,韧性城市、土壤修复,-1.99,79139577,2275333591,0.552894,0
300608,思特奇,0.7,1917636,2.27,9.99,-5933899,-1.38,,-5933899,22079282,-28013181,AI智能体、通信,-3.57,195433748,2449557738,1.33456,-3024956
688588,凌志软件,0.2,487849,0.69,14.39,-5949592,0.0,,-5949592,23174735,-29124327,算力、三季报增长,-0.69,168997278,2850292394,0.573843,0
600981,汇鸿集团,1.9,131089,0.33,3.04,-6051290,-0.65,,-6051290,2759105,-8810395,跨境电商、并购重组,-0.98,34150201,2219627825,1.00491,0
003029,吉大正元,0.2,55706,-0.12,23.63,-6107678,-2.56,,-6107678,3524498,-9632176,AI智能体、跨境支付,-2.44,84877082,2197495937,0.826512,0
603153,上海建科,1.1,952832,0.38,17.25,-6169467,-6.96,,-6169467,18592398,-24761865,算力、数字经济,-7.31,194087399,948750000,0.916473,4663800
601619,嘉泽新能,0.4,176917,-0.25,4.02,-6242838,-0.5,,-6242838,10305180,-16548018,风电运营商、绿色电力,-0.25,85076085,5032069831,0.920961,0
600282,南钢股份,1.8,111384,0.28,3.6,-6270537,-0.83,,-6270537,15276108,-21546645,钢铁、算力,-1.1,72967299,9514930202,0.897689,0
002758,浙农股份,1.8,292152,-0.97,11.34,-6303348,-0.44,,-6303348,3980430,-10283778,供销社、农业,0.53,39617971,1995529815,0.423433,-5969463
688168,安博通  ,0.3,69542,0.0,31.03,-6304379,-1.83,,-6304379,4072439,-10376818,AI安全、专精特新,-1.83,42642725,1532344179,0.930734,0
002322,理工能科,2.5,91584,-0.1,9.31,-6330982,-2.51,,-6330982,1164732,-7495714,智能电网、数字经济,-2.41,43983368,2336287880,1.17594,0
300369,绿盟科技,0.7,485871,-0.09,11.12,-6339266,-1.16,,-6339266,15678664,-22017930,数据安全、AI安全,-1.07,125625937,6265421414,0.712625,0
688256,寒武纪  ,1.8,6156584,2.49,150.3,-6378525,0.11,,-6378525,185441998,-191820523,芯片、人工智能,-2.33,813653980,27669733286,1.02522,-13686021
000829,天音控股,1.2,242274,0.99,8.08,-6395622,0.37,,-6395622,3082872,-9478494,华为手机、网红经济,-0.62,59415599,5392308243,0.975843,0
002453,华软科技,0.6,53222,-0.09,11.55,-6405029,-0.26,,-6405029,17278890,-23683919,光刻胶、数字经济,-0.17,61566845,5245896680,0.768665,0
603296,华勤技术,0.5,498400,0.17,71.11,-6676010,0.04,,-6676010,22678331,-29354341,阿里系AI、汽车电子,-0.13,142485445,4228058736,0.542778,-3196687
002226,江南化工,1.7,136400,0.4,4.85,-6722863,-1.82,,-6722863,2070003,-8792866,ChatGPT、并购重组,-2.22,40324010,4573601766,1.43009,0
600208,衢州发展,0.2,678300,0.79,2.52,-6723632,-0.39,,-6723632,22900397,-29624029,房地产、破净股概念,-1.18,116483796,9722377109,0.802786,0
600571,信雅达  ,0.4,807015,0.8,9.87,-6743669,-1.0,,-6743669,20106427,-26850096,腾讯概念、金融科技,-1.79,173736074,3628209816,0.913113,0
688568,中科星图,15.0,140415,-0.64,46.07,-6918343,-1.03,,-6918343,12752441,-19670784,军工、卫星导航,-0.39,86942347,9834386187,1.09716,0
300880,迦南智能,2.7,1358739,-1.46,20.37,-6967520,-1.16,,-6967520,10548725,-17516245,三季报增长、智能电网,0.3,109065493,1734028027,0.724301,0
300350,华鹏飞,1.1,984521,0.61,4.85,-7055764,-1.02,,-7055764,12511811,-19567575,物流、智能物流,-1.62,115641317,2164339070,0.92608,0
600131,国网信通,0.4,267168,0.0,15.16,-7079282,-0.13,,-7079282,15805015,-22884297,智能电网、并购重组,-0.13,107753518,7803690589,1.00841,3070978
002334,英威腾,1.0,414540,0.0,9.66,-7090433,-1.43,,-7090433,44368997,-51459430,数据中心、算力,-1.43,196120260,6656045737,0.964875,0
000811,冰轮环境,1.4,338940,0.0,16.21,-7100636,0.43,,-7100636,12912079,-20012715,数据中心、碳中和,0.43,118519706,7099420338,1.23878,0
600476,湘邮科技,0.6,397750,0.13,15.33,-7176076,-3.52,,-7176076,3252165,-10428241,人工智能、蚂蚁金服概念,-3.65,74421083,1497779093,1.05612,0
002467,二六三,1.5,340356,0.44,4.47,-7304069,-0.67,,-7304069,5910683,-13214752,智谱AI、云计算,-1.11,66261295,5074793603,0.908491,0
301282,金禄电子,0.5,85800,0.74,25.21,-7332893,-2.32,,-7332893,2454719,-9787612,印制电路板、通信,-3.04,56916821,952685900,0.83182,0
002649,博彦科技,0.2,592211,0.97,13.22,-7610062,-1.05,,-7610062,33331503,-40941565,阿里系AI、数字经济,-2.0,267409230,6721672157,1.21146,0
300008,天海防务,0.1,123621,0.43,4.61,-7618625,0.0,,-7618625,25177786,-32796411,军工、造船,-0.43,111226791,6108976439,0.568146,0
300442,润泽科技,0.6,638214,0.74,23.07,-7691351,0.26,,-7691351,31158519,-38849870,数据中心、并购重组,-0.47,179187850,8277352803,0.556287,0
002222,福晶科技,0.7,364040,0.93,23.41,-7854263,-1.35,,-7854263,31399342,-39253605,光刻机、激光雷达,-2.25,197697778,7718608149,1.09847,0
002622,皓宸医疗,0.4,41762,0.0,3.09,-7866841,-1.59,,-7866841,9366758,-17233599,民营医院、互联网金融,-1.59,57745089,1977542349,1.93166,-6160000
300366,创意信息,3.4,1895208,0.6,11.6,-7920327,0.0,,-7920327,50573319,-58493646,智谱AI、操作系统,-0.6,299754577,5470213239,1.36926,0
600787,中储股份,0.1,19040,0.18,5.32,-7940588,-2.03,,-7940588,9113969,-17054557,物流、破净股概念,-2.21,66146484,4383846511,1.01065,0
300051,琏升科技,2.0,211200,0.08,13.41,-7947558,1.67,,-7947558,11888047,-19835605,异质结电池、算力,1.59,110339646,3315482745,1.09525,0
300352,北信源,0.3,177018,0.82,4.75,-8026347,-2.06,,-8026347,9674589,-17700936,网络安全、数字经济,-2.86,107121115,5366726175,1.32297,0
300499,高澜股份,3.4,1669800,-0.98,13.24,-8053308,-0.68,,-8053308,24702450,-32755758,液冷服务器、算力,0.3,169054016,3447971512,1.2057,0
300532,今天国际,0.4,1186416,0.68,18.88,-8057239,-1.31,,-8057239,26827444,-34884683,锂电池、送转填权,-1.97,167923766,3440643351,0.844928,0
300523,辰安科技,8.6,2328300,-1.64,23.8,-8102889,0.04,,-8102889,35221839,-43324728,人工智能、算力,1.71,269726455,2732883044,2.92038,0
300525,博思软件,0.1,8085,-0.06,16.03,-8103585,-0.93,,-8103585,24003846,-32107431,乡村振兴、三季报增长,-0.87,102010951,8287787157,1.38586,-7028606
603138,海量数据,0.2,795750,0.43,20.72,-8170121,-1.94,,-8170121,30992765,-39162886,数据中心、算力,-2.36,223340446,3048586849,1.03231,-4513259
300598,诚迈科技,0.5,114400,0.53,46.53,-8187830,2.22,,-8187830,32333690,-40521520,信创、盘古大模型,1.68,187356880,5384898398,1.43657,0
600355,精伦电子,0.1,25125,0.0,3.27,-8193875,-2.39,,-8193875,2522993,-10716868,机器人概念、算力,-2.39,56636828,1412896466,1.25303,-3310000
301172,君逸数码,0.6,4169376,-1.11,41.09,-8259421,-3.32,,-8259421,55970297,-64229718,西部大开发、智慧城市,-2.24,355644829,1136761794,0.671598,0
300676,华大基因,0.3,141885,-0.1,52.1,-8674204,-0.95,,-8674204,12929116,-21603320,AI医疗、新冠检测,-0.86,107593209,11852212936,1.06669,-83473
002232,启明信息,1.4,1315488,0.06,15.16,-8739736,-1.75,,-8739736,12581033,-21320769,无人驾驶、EDR,-1.81,138743232,2744264079,1.27418,0
301117,佳缘科技,0.7,70000,0.0,48.85,-8857060,-2.3,,-8857060,5679833,-14536893,网络安全、算力,-2.3,67853465,2528714538,1.26655,0
002747,埃斯顿,2.4,2114988,-0.04,22.16,-8929797,-0.72,,-8929797,35213189,-44142986,机器人概念、并购重组,-0.67,272234577,7194237577,0.605082,0
600446,金证股份,0.1,229124,0.15,13.53,-9000785,-1.24,,-9000785,55980909,-64981694,DeepSeek、互联网金融,-1.38,292745460,8799943763,0.897757,3273320
002396,星网锐捷,0.7,321110,0.61,19.27,-9330257,-1.58,,-9330257,17726516,-27056773,交换机、CPO/MPO,-2.18,115472175,8251527377,1.00511,-4577488
600601,方正科技,1.5,491589,0.85,3.57,-9428265,0.85,,-9428265,89170644,-98598909,印制电路板、云计算,0.0,209789279,9586125776,1.50991,0
002912,中新赛克,0.1,181536,-0.21,36.61,-9462757,-3.4,,-9462757,8794855,-18257612,算力、网络安全,-3.2,147334029,4166427272,0.935191,0
300307,慈星股份,0.1,347945,0.0,6.77,-9494730,-1.74,,-9494730,18226814,-27721544,机器人概念、C2M,-1.74,142176929,3207868794,0.795663,0
300096,ST易联众,0.4,741576,0.63,6.17,-9600531,-2.37,,-9600531,7852540,-17453071,ST板块、华为概念,-2.99,118488065,1908418828,0.970426,0
688489,三未信安,1.7,680728,1.04,55.95,-9612965,-4.26,,-9612965,29056581,-38669546,信创、网络安全,-5.25,173903955,1407345654,1.41626,0
600468,百利电气,2.2,3445650,-1.76,5.59,-9790614,-1.58,,-9790614,26770053,-36560667,超导概念、并购重组,0.18,245557461,2839030608,0.650317,0
002927,泰永长征,0.7,4737920,-0.44,13.26,-9826672,-1.92,,-9826672,15680367,-25507039,电源、汽车零部件,-1.49,170787317,1066396743,0.699059,-3960398
300917,特发服务,0.6,1082207,-1.45,29.84,-9906256,0.81,,-9906256,47676818,-57583074,物业服务、算力,2.3,262919418,1563392424,0.764551,-7306891
600986,浙文互联,1.0,931610,1.03,5.83,-9941614,-0.17,,-9941614,18316184,-28257798,腾讯系AI 、网红经济,-1.19,140815460,6727127061,0.834933,-4646426
002152,广电运通,0.5,838736,0.77,11.57,-10023829,-1.03,,-10023829,46195439,-56219268,训推一体机、数据确权,-1.78,247696191,14347570059,1.25351,0
000004,国华网安,1.4,2429252,-1.83,16.97,-10058617,-3.03,,-10058617,30325167,-40383784,AI安全、鸿蒙概念,-1.22,247047076,1520887261,1.14204,3221096
603859,能科科技,0.0,0,0.0,39.91,-10115657,-0.87,,-10115657,5594713,-15710370,AI智能体、智能电网,-0.87,115009650,4887474274,1.36897,0
300276,三丰智能,0.4,168618,0.56,3.49,-10163330,-1.97,,-10163330,4827985,-14991315,机器人概念、专用设备,-2.51,67295348,2685125038,0.860082,0
002423,中粮资本,1.6,603329,0.38,7.92,-10192407,-0.25,,-10192407,11335545,-21527952,资产管理、国有企业,-0.63,100414737,5512566505,0.820313,0
600498,烽火通信,2.0,853776,0.95,16.63,-10237894,-0.89,,-10237894,11140540,-21378434,DeepSeek、液冷服务器,-1.83,119881514,10605679196,0.936918,-6143433
301510,固高科技,0.6,5791800,-2.0,46.44,-10315056,-7.12,,-10315056,73792708,-84107764,机器人概念、数字经济,-5.22,504724351,1599840074,0.618411,-4790682
688509,正元地信,0.7,257474,0.61,4.85,-10348596,-1.62,,-10348596,2419130,-12767726,基础建设、PPP概念,-2.22,62843083,1500339265,0.809056,0
603918,金桥信息,0.3,9795400,-0.3,27.29,-10455028,1.53,,-10455028,371785513,-382240541,阿里系AI、国产软件,1.83,1487957685,7530319160,1.33556,1796771
603236,移远通信,0.2,429504,0.29,44.66,-10455653,0.11,,-10455653,29099464,-39555117,AI玩具、端侧AI,-0.18,167982934,8363865102,0.758988,0
300290,荣科科技,1.3,108028,0.84,4.61,-10561421,-2.74,,-10561421,2304293,-12865714,算力、数字经济,-3.56,80538934,2340156687,0.849808,0
300660,江苏雷利,6.7,5694959,-0.58,28.55,-10657630,-3.42,,-10657630,52938843,-63596473,宇树机器人、储能,-2.86,280412939,4216142091,0.752453,0
002585,双星新材,3.0,828935,-0.21,9.58,-10739373,-0.93,,-10739373,13551224,-24290597,复合集流体、锂电池,-0.73,120478038,6645615214,1.1347,-6796630
601005,重庆钢铁,0.9,836658,0.0,1.56,-10815674,-1.89,,-10815674,57190179,-68005853,钢铁、算力,-1.89,157805808,9802031252,0.880135,0
601789,宁波建工,0.7,108108,0.22,4.47,-11039980,-3.04,,-11039980,14374574,-25414554,存储、数字经济,-3.25,100741562,3552992782,1.31002,0
603716,塞力医疗,3.7,9387300,-1.74,11.49,-11060995,-0.17,,-11060995,67766118,-78827113,AI医疗、抗原检测,1.59,379973809,1722704081,0.75783,379933
688292,浩瀚深度,0.6,5290056,0.93,29.22,-11230665,0.65,,-11230665,61083292,-72313957,华为概念、科创板,-0.27,360870274,2361052323,1.65759,0
002647,*ST仁东,2.5,740962,0.0,5.8,-11552689,-1.53,,-11552689,6640826,-18193515,ST板块、超跌,-1.53,92009023,2622404842,0.871059,0
688201,信安世纪,0.5,552869,0.53,25.41,-11699426,-4.22,,-11699426,12831400,-24530826,量子科技、科创板,-4.72,114786311,2365354671,0.781317,0
002123,梦网科技,0.4,2885625,0.33,14.88,-11720929,-3.0,,-11720929,70656540,-82377469,DeepSeek、超高清视频,-3.31,351318091,9721589959,0.55482,-3770631
300229,拓尔思,0.4,1664988,1.05,19.71,-12138456,-1.79,,-12138456,152104700,-164243156,知识蒸馏、ChatGPT,-2.81,703682628,10439738597,1.23464,324812
002405,四维图新,2.2,1766490,0.0,10.18,-12414847,0.79,,-12414847,56302301,-68717148,字节概念、汽车电子,0.79,252538932,21427902425,0.999481,3525419
300042,朗科科技,2.6,2002932,0.32,28.14,-12681904,-0.21,,-12681904,19548287,-32230191,AI眼镜、算力,-0.53,136174257,3610150218,0.828071,0
002031,巨轮智能,3.4,7538466,-1.3,3.81,-12724301,-1.3,,-12724301,90156057,-102880358,机器人概念、工业机器人,0.0,493475975,6526659856,0.727782,-7596919
300661,圣邦股份,0.4,306810,0.79,75.6,-12952120,4.3,,-12952120,37560461,-50512581,模拟芯片、三季报增长,3.49,335489481,23918742018,1.05336,0
002276,万马股份,1.7,434577,0.0,10.14,-13465353,0.1,,-13465353,8977633,-22442986,机器人概念、充电桩,0.1,94477595,7284871046,0.741123,0
603662,柯力传感,1.6,5631144,-1.86,28.09,-13590983,-1.4,,-13590983,53521304,-67112287,机器人概念、传感器,0.46,445211112,3802767162,0.744883,0
002657,中科金财,0.9,482462,-0.37,15.91,-13611144,-2.09,,-13611144,17835535,-31446679,AI智能体、数字货币,-1.73,136027036,4623650423,1.0404,-3416199
301262,海看股份,0.3,2718441,-1.42,31.61,-13881076,2.13,,-13881076,55713823,-69594899,短剧、地方国企,3.61,333260492,1237663725,0.851895,-6377150
002312,川发龙蟒,1.2,137708,0.13,7.8,-14051423,-1.89,,-14051423,11735637,-25787060,磷化工、并购重组,-2.01,85523986,8191993209,1.45347,3119999
301165,锐捷网络,0.3,354750,0.68,44.96,-14079409,-4.3,,-14079409,22316925,-36396334,RDMA、CPO/MPO,-4.95,285351639,2762451113,2.32636,0
300448,浩云科技,0.6,689073,1.46,6.11,-14237177,-1.13,,-14237177,10341903,-24579080,人工智能、国产软件,-2.55,119838603,2618073822,0.91311,0
301339,通行宝,0.9,3546985,0.04,24.35,-14266426,-4.88,,-14266426,21263111,-35529537,算力、地方国企,-4.92,210858925,1461000000,1.56937,0
300638,广和通,0.4,482600,0.53,19.15,-14361667,1.32,,-14361667,23287112,-37648779,AI玩具、通信,0.79,193518681,8384636735,1.12744,0
300131,英唐智控,0.7,80852,0.0,4.88,-14494699,-1.01,,-14494699,8323425,-22818124,芯片、第三代半导体,-1.01,61543088,4842655654,0.930496,0
600271,航天信息,0.2,314264,0.54,12.78,-14516318,-1.46,,-14516318,10150751,-24667069,财税数字化、蚂蚁金服概念,-1.99,126732859,14210476829,0.966927,0
603956,威派格  ,87.5,9458442,0.25,8.92,-14764751,9.99,2连板,-14764751,128897096,-143661847,DeepSeek、水务,9.72,386122843,1862130138,6.20282,6468967
002362,汉王科技,1.8,1912131,-0.95,22.78,-14795649,-1.94,,-14795649,20372466,-35168115,AI智能体、机器视觉,-1.0,227778763,3730895864,1.04584,0
688562,航天软件,0.2,272543,1.27,27.55,-14885631,-3.16,,-14885631,22379087,-37264718,国产软件、算力,-4.37,143909396,1812672031,0.802526,0
002094,青岛金王,1.2,1786108,0.0,3.73,-14940753,3.04,,-14940753,13623051,-28563804,资产管理、跨境电商,3.04,146166704,2022988237,0.661011,0
000509,华塑控股,0.2,4667232,-2.66,3.57,-15395049,-5.05,,-15395049,25438754,-40833803,信创、地方国企,-2.46,151247681,2235048716,2.29734,-7032762
002180,纳思达,0.5,220446,0.78,28.88,-15729405,-2.3,,-15729405,23245065,-38974470,芯片、数字芯片,-3.05,271760813,24392597011,0.822203,0
300287,飞利信,1.1,1847310,0.97,4.11,-16249485,-0.48,,-16249485,42614895,-58864380,数据要素、军工,-1.44,256332277,5189058586,1.12845,0
002530,金财互联,0.8,200043,0.24,8.12,-16376573,-2.76,,-16376573,37540198,-53916771,AI智能体、华为概念,-2.99,189081314,3754449804,1.15397,0
601929,吉视传媒,1.5,4788567,0.49,2.07,-16711234,2.48,,-16711234,188005613,-204716847,AI智能体、超高清视频,1.97,536728272,4798688805,3.62349,0
300288,朗玛信息,1.1,251838,0.73,16.11,-17068994,-1.41,,-17068994,10323738,-27392732,AI医疗、ChatGPT,-2.13,157488935,3624409878,1.13398,0
600690,海尔智家,0.9,1348480,0.13,23.0,-17121920,2.82,,-17121920,105701783,-122823703,家电、电子商务,2.68,565354464,75664597584,1.31743,15664869
300380,安硕信息,0.6,8848487,-2.11,32.4,-17754998,-3.6,,-17754998,144782779,-162537777,互联网金融、三季报增长,-1.52,825586281,2317394703,0.820255,-4496250
300245,天玑科技,0.3,2873792,0.65,10.59,-17876277,-1.49,,-17876277,68819648,-86695925,训推一体机、数字经济,-2.13,459766178,3013716035,0.707169,3201000
301236,软通动力,0.2,325105,0.23,21.39,-18061118,-2.11,,-18061118,41362528,-59423646,鸿蒙概念、并购重组,-2.33,251799794,10957848297,1.36389,-6456895
000547,航天发展,2.0,826419,0.58,8.4,-19235799,-2.78,,-19235799,44254265,-63490064,军工、央企,-3.34,216776408,10734290018,1.98751,0
300738,奥飞数据,1.2,2095584,0.91,9.75,-19606564,-1.21,,-19606564,38072453,-57679017,阿里系AI、算力,-2.11,299200204,5354731550,1.5417,0
002377,国创高新,0.2,477687,-0.66,2.97,-19721013,-1.98,,-19721013,22679720,-42400733,基础建设、算力,-1.33,166643024,1966130811,0.669244,0
002153,石基信息,1.3,498324,1.36,12.41,-19841465,-0.8,,-19841465,9031254,-28872719,阿里系AI、国产软件,-2.13,143113571,10827764619,1.1673,0
002116,中国海诚,2.1,779328,-0.08,11.46,-19909257,-3.62,,-19909257,13076029,-32985286,中字头、基础建设,-3.54,127654531,2029975750,1.14976,0
300399,天利科技,0.3,966168,0.13,14.79,-19952058,-0.67,,-19952058,20925666,-40877724,互联网金融、地方国企,-0.8,238323881,1602200752,0.77631,-7230701
688590,新致软件,0.6,1024175,0.0,19.81,-20207419,-2.41,,-20207419,28135212,-48342631,AI智能体、算力,-2.41,161394395,3188997992,1.35427,0
603860,中公高科,15.5,7949480,-0.55,29.38,-20348693,-5.13,,-20348693,25102193,-45450886,中字头、数字经济,-4.61,292846738,1053272076,3.96377,0
600996,贵广网络,1.9,2458040,-1.02,11.13,-20464190,-5.03,,-20464190,85501174,-105965364,算力、广电网,-4.05,492422160,6484040485,1.12078,0
600845,宝信软件,1.3,403200,0.0,48.92,-20548177,1.92,,-20548177,16682444,-37230621,阿里系AI、工业互联网,1.92,210513718,27396935139,1.06793,0
000158,常山北明,1.0,2044669,-0.14,6.79,-20688179,-1.88,,-20688179,40560290,-61248469,鸿蒙概念、盘古大模型,-1.74,278883703,6553284295,1.08963,0
600019,宝钢股份,1.1,1143918,0.49,6.07,-20743562,-1.3,,-20743562,70980579,-91724141,钢铁、算力,-1.78,322830088,40420221162,1.30239,9033
300170,汉得信息,0.6,665741,0.53,9.27,-21174570,-1.59,,-21174570,34999600,-56174170,字节概念、数字经济,-2.11,247182827,8024326204,1.16846,0
000826,启迪环境,0.9,42882588,-8.35,4.68,-21348280,-6.96,,-21348280,377405883,-398754163,固废处理、垃圾发电,1.52,1350210439,5172917453,1.40678,3530057
002410,广联达,0.5,7466530,-0.4,23.97,-21609659,-3.93,,-21609659,128537180,-150146839,房地产、国产软件,-3.54,1009779385,25470838409,1.27016,0
300913,兆龙互连,0.8,6597500,2.63,38.55,-21672906,-2.55,,-21672906,102130678,-123803584,高速连接、CPO/MPO,-5.05,643473064,2514695450,0.805929,0
002268,电科网安,0.4,431376,0.25,24.07,-21748660,-1.55,,-21748660,42695844,-64444504,中电科重组、网络安全,-1.8,245464677,13530838791,1.09097,3387999
688152,麒麟信安,0.0,43610,-0.03,101.16,-22088266,-4.46,,-22088266,21454893,-43543159,机器人概念、信创,-4.43,188647303,1784369636,1.14865,0
000066,中国长城,0.5,316660,0.81,10.89,-22123361,-1.54,,-22123361,77743701,-99867062,信创、算力,-2.33,519461159,21038097351,1.37842,0
301171,易点天下,0.3,579670,0.18,17.17,-22327541,1.78,,-22327541,16714750,-39042291,智谱AI、文化传媒,1.6,237232063,5301667179,1.14924,0
002512,达华智能,0.2,5596556,1.41,4.27,-22461619,0.47,,-22461619,57489662,-79951281,量子科技、智能驾驶,-0.93,378845850,3262411746,1.21608,0
688671,碧兴物联,0.7,13067696,-4.22,52.0,-22480160,-6.91,,-22480160,83325866,-105806026,科创板、数字经济,-2.8,454341383,863762744,1.02459,-8505028
600633,浙数文化,0.8,33966661,1.53,16.79,-23214855,-1.12,,-23214855,906383542,-929598397,腾讯系AI 、体育产业,-2.61,2792534520,11129407272,2.1136,-42317590
300693,盛弘股份,0.8,654992,0.74,31.23,-23241162,-0.1,,-23241162,27622210,-50863372,PCS设备、工商业储能,-0.83,219507189,7133858138,1.13043,-3554763
300168,万达信息,1.2,563686,0.3,9.58,-23291362,-4.2,,-23291362,51488489,-74779851,AI医疗、MLOps,-4.49,297385618,10031927468,1.33376,0
600180,瑞茂通  ,0.6,18107343,-1.84,6.28,-24070929,-3.53,,-24070929,68495166,-92566095,电子商务、煤炭,-1.72,379196022,2785606101,2.19708,3287119
301213,观想科技,0.3,3861000,0.16,53.25,-24265467,-6.76,,-24265467,37240424,-61505891,军工、西部大开发,-6.91,402257519,1531278247,0.674762,0
301221,光庭信息,2.3,4453840,-1.28,60.38,-24593263,0.62,,-24593263,55332971,-79926234,智能驾驶、小米汽车,1.92,352320147,2226621108,1.56118,0
002015,协鑫能科,0.5,269166,0.17,12.23,-24755759,2.86,,-24755759,52732520,-77488279,光伏、储能,2.69,227200447,9220826767,1.19682,0
000682,东方电子,2.8,278050,-0.12,8.26,-25061130,-0.6,,-25061130,10385441,-35446571,电气设备、地方国企,-0.48,94847247,6482132157,1.4972,0
002717,岭南股份,1.0,3013870,-0.61,3.22,-25660807,-1.83,,-25660807,38094357,-63755164,腾讯系AI 、元宇宙,-1.23,178348416,4161847603,0.932691,-15983598
605069,正和生态,0.8,23540236,-7.31,15.19,-25727064,9.99,5连板,-25727064,148285040,-174012104,AI智能体、PPP概念,18.67,667551861,1278409813,2.74731,9668252
300036,超图软件,0.4,1011465,0.18,21.52,-25815528,-3.02,,-25815528,34999019,-60814547,时空大数据、国产软件,-3.19,243082332,8399314849,0.982218,0
300659,中孚信息,0.7,2044275,0.92,22.85,-26636820,-4.91,,-26636820,23632283,-50269103,AI安全、算力,-5.77,300733113,3001080672,0.803205,-3486761
300419,ST浩丰,1.3,6415235,0.94,7.36,-27081455,-1.6,,-27081455,70147807,-97229262,网络安全、ST板块,-2.52,475863331,2300813745,1.11064,0
300468,四方精创,0.9,2607332,-0.09,10.71,-27735352,-2.9,,-27735352,39386869,-67122221,跨境支付、数字经济,-2.81,257650967,4022453692,0.82847,-3165049
300061,旗天科技,7.7,9165380,5.31,6.7,-29208159,1.67,,-29208159,67123739,-96331898,金融概念、数字经济,-3.46,354984610,3333883891,2.77358,0
300231,银信科技,0.6,1678688,1.01,9.51,-29955744,-4.33,,-29955744,46079540,-76035284,金融科技、算力,-5.28,398780079,3018896525,1.11035,0
300024,机器人,0.9,1359296,0.4,12.36,-30323699,-2.14,,-30323699,58908735,-89232434,机器人概念、地产链,-2.52,336863698,13782108607,0.793555,-3421943
003005,竞业达,0.6,9765464,-0.32,36.83,-30683318,-3.08,,-30683318,45517589,-76200907,DeepSeek、算力,-2.77,485712366,1752510864,0.870712,0
301202,朗威股份,1.2,8092000,0.38,38.0,-31339002,-4.64,,-31339002,73937745,-105276747,阿里系AI、数据中心,-5.0,457372806,1227785320,0.70014,-5407400
002474,榕基软件,1.4,5203428,-2.25,7.81,-31843533,-2.38,,-31843533,49491954,-81335487,AI政务、国产软件,-0.13,333480424,3726696099,1.03813,-6842427
002908,德生科技,0.4,2210662,-0.91,13.85,-32172881,-3.21,,-32172881,31225358,-63398239,AI医疗、金融科技,-2.33,330877151,3754571727,1.39656,-3793454
301139,元道通信,3.9,6831565,2.93,28.99,-32365934,1.12,,-32365934,53816483,-86182417,算力、西部大开发,-1.76,328807463,1970908342,2.68357,-8156745
002261,拓维信息,0.5,10781635,2.6,15.31,-32829616,-0.58,,-32829616,239034699,-271864315,阿里系AI、DeepSeek,-3.1,1147123236,15205001764,0.684784,-6695524
000719,中原传媒,0.4,19948636,1.99,12.93,-33489974,-1.15,,-33489974,250273979,-283763953,版权、破净股概念,-3.07,1222850388,3244467134,1.40386,29778679
300542,新晨科技,1.2,12650960,-2.63,14.57,-33879416,-6.66,,-33879416,130133327,-164012743,低空经济、军工,-4.14,693448405,1895919910,0.812554,-5844693
002528,ST英飞拓,0.2,4839476,0.43,9.15,-34133701,-2.56,,-34133701,98579664,-132713365,ST板块、信创,-2.97,788781154,4431646003,0.719767,0
300339,润和软件,1.4,1137402,0.2,19.68,-34599263,-1.7,,-34599263,50724565,-85323828,鸿蒙概念、国产软件,-1.89,356853913,15222194975,1.00903,0
300451,创业慧康,0.2,248567,0.15,6.37,-35643959,-1.7,,-35643959,18406745,-54050704,AI医疗、医药,-1.85,155801957,7307454563,0.989777,0
000988,华工科技,1.3,13955946,1.67,30.38,-36600992,-0.72,,-36600992,372845064,-409446056,光模块、光芯片,-2.35,1242839435,24728959477,0.838487,-6756779
301316,慧博云通,0.7,21689679,-1.12,43.56,-37492533,-4.26,,-37492533,225407807,-262900340,互联网金融、并购重组,-3.18,1103915623,1596680344,0.935574,6669762
002095,生意宝,0.3,10699888,0.13,22.77,-39144448,-1.21,,-39144448,72347174,-111491622,数据要素、跨境电商,-1.34,520403651,2915282651,1.61495,1616942
301382,蜂助手,1.5,9607004,-2.95,43.26,-39725203,-6.04,,-39725203,110602080,-150327283,华为概念、字节概念,-3.18,629210959,1565434263,1.1381,-3016737
300807,天迈科技,4.7,8695500,-6.67,35.38,-39942608,0.06,,-39942608,88241566,-128184174,股权转让、华为概念,7.21,619634093,1146117170,4.06015,-7592283
688579,山大地纬,0.5,2775655,0.84,14.36,-40748529,-7.71,,-40748529,76297890,-117046419,数据要素、央企,-8.48,409399378,3753941446,1.38292,0
000034,神州数码,0.5,9444240,1.53,29.78,-40970694,-3.09,,-40970694,240775712,-281746406,服务器、数字经济,-4.55,953008400,13388201101,0.914316,-1297958
603083,剑桥科技,0.9,13193191,1.99,47.21,-41425269,-0.94,,-41425269,270851622,-312276891,光模块、CPO/MPO,-2.88,1068282939,10335328617,0.726265,-2082754
002553,南方精工,1.4,3325140,-1.8,14.24,-44013258,-4.88,,-44013258,50782074,-94795332,机器人概念、芯片,-3.13,624131799,2895506961,0.71625,-3217728
601728,中国电信,0.2,3341772,0.51,5.8,-44252723,-2.19,,-44252723,307308425,-351561148,AI政务、6G,-2.68,1148367238,77008300908,0.99193,-28239091
300663,科蓝软件,1.1,2516775,-0.61,13.89,-44492411,-5.38,,-44492411,67712922,-112205333,鸿蒙概念、蚂蚁金服概念,-4.8,381310353,5603511745,1.43946,-2854408
300465,高伟达,0.4,2402568,1.12,11.29,-45098031,-2.92,,-45098031,71577409,-116675440,金融科技、算力,-4.0,604605575,3474340538,1.16845,-3302285
300766,每日互动,0.4,4213800,2.68,17.1,-47754173,-2.45,,-47754173,117082603,-164836776,DeepSeek、大数据,-5.0,663461505,6010186150,1.17857,1372523
300212,易华录,1.2,14902520,2.13,30.02,-52106172,-8.86,,-52106172,617317764,-669423936,数据要素、数据确权,-10.76,2238272293,12362902559,2.08628,-10604712
600331,宏达股份,0.3,381762,0.53,3.69,-53427233,-2.64,,-53427233,19931395,-73358628,股权转让、数字经济,-3.15,144197302,4874486811,1.67807,0
300588,熙菱信息,2.0,3752000,-0.59,12.84,-56531489,-4.75,,-56531489,48200025,-104731514,华为鲲鹏、人工智能,-4.18,441480109,1494798974,1.41447,-6573203
002235,安妮股份,0.5,12909336,-0.23,8.05,-59532947,-6.18,,-59532947,175856522,-235389469,版权、知识产权,-5.96,1200833761,3645970101,0.724947,-5487372
000948,南天信息,0.2,2371510,0.44,19.88,-61474365,-3.12,,-61474365,80536174,-142010539,信创、华为概念,-3.54,665542647,4633228032,0.776375,-3373104
000617,中油资本,1.2,1413840,0.29,6.59,-64274546,-3.51,,-64274546,266428178,-330702724,跨境支付、石油石化,-3.8,789044024,18867260433,1.51938,14484314
002401,中远海科,0.2,11931696,-0.37,23.47,-66138030,-2.33,,-66138030,171771198,-237909228,国资云、信创,-1.96,982566551,4364482256,1.57155,-13476765
002355,兴民智通,5.2,21439040,-2.02,6.61,-66160267,-4.76,,-66160267,228786176,-294946443,无人驾驶、大麻,-2.79,1270417225,3054644247,1.55113,470137
300085,银之杰,0.3,2634534,0.5,13.46,-68767810,-4.81,,-68767810,118729939,-187497749,金融科技、互联网金融,-5.28,682315537,5177488456,1.17405,-15387288
600536,中国软件,2.7,6684075,-1.23,43.19,-70933912,-6.76,,-70933912,688682863,-759616775,信创、操作系统,-5.6,2446490356,22847721914,3.10337,-47875016
300674,宇信科技,0.7,2801112,0.99,16.93,-80372835,-6.98,,-80372835,157627139,-237999974,DeepSeek、蚂蚁金服概念,-7.89,841748386,8789892692,1.68505,-28465445
603888,新华网  ,0.6,10571660,1.56,29.9,-80841802,-4.81,,-80841802,235759277,-316601079,阿里巴巴概念、知识产权,-6.27,1103744638,6230916169,1.42286,-32798558
600415,小商品城,0.8,3024300,-0.7,8.29,-91078752,-3.16,,-91078752,268806944,-359885696,跨境支付、零售,-2.47,936541021,20046411087,0.964333,-71006472
002929,润建股份,0.3,625300,0.54,33.17,-93604507,-9.86,,-93604507,188208368,-281812875,阿里系AI、数字经济,-10.35,697764121,3241308188,2.75642,-31562963
002178,延华智能,4.9,88973402,2.82,4.34,-99219520,-5.86,,-99219520,165439964,-264659484,养老概念、算力,-8.44,768150177,2050973915,5.64994,-17434251
002368,太极股份,1.1,4258600,0.0,38.52,-100483367,-10.0,,-100483367,407565813,-508049180,AI政务、信创,-10.0,989637568,15057590641,1.82663,35035642
000032,深桑达Ａ,1.1,12153624,-3.91,27.85,-106909465,-9.99,,-106909465,101842292,-208751757,国资云、算力,-6.32,462132453,12305186671,0.634676,-27894595
301159,三维天地,2.1,81596407,6.91,68.5,-131779315,0.32,,-131779315,392092992,-523872307,数据要素、国产软件,-6.16,1256290840,2240922700,2.24699,8143138
300418,昆仑万维,0.6,14216560,0.7,32.86,-158673543,-7.36,,-158673543,1228881583,-1387555126,AIGC、ChatGPT,-8.01,3330809502,23871480245,0.987207,-92707776
002279,久其软件,0.4,72828000,-4.31,7.55,-166241086,-9.69,,-166241086,396365320,-562606406,信创、网红经济,-5.63,2004752653,4708488667,1.99088,-46861913
002777,久远银海,0.6,12855810,0.99,31.96,-176337625,-9.97,,-176337625,298769812,-475107437,AI医疗、信创,-10.85,1571302501,7026042940,1.13513,-42207405
600602,云赛智联,0.4,17974947,-0.06,15.3,-190343889,-8.49,,-190343889,680060254,-870404143,阶跃星辰、国资云,-8.44,2300646229,9214112072,0.900036,-36610227
603000,人民网  ,0.5,56959023,0.74,35.67,-412154687,-5.56,,-412154687,1532259128,-1944413815,文化传媒、数据确权,-6.25,5087560798,17124650786,1.16017,-184614439
002230,科大讯飞,3.8,20862360,1.16,53.3,-437613031,-1.61,,-437613031,1018855525,-1456468556,人工智能、算力,-2.74,2727924422,97954328575,0.99891,-175864226
600050,中国联通,0.2,10647000,0.74,5.26,-509807124,-2.95,,-509807124,843365497,-1353172621,AI政务、算力,-3.66,2469411202,67669195406,1.09486,-366725005
002229,鸿博股份,1.1,185146700,5.2,42.07,-642706707,-0.54,,-642706707,1664321873,-2307028580,算力租赁、ChatGPT,-5.46,5228011029,16065143913,1.2634,-186996127
