股票代码,股票名称,竞价量比,竞价金额,竞价涨幅%,价格,净额,涨幅%,板上信息,主力净额,主力买,主力卖,所属板块,区间涨幅%,成交额,实际流通,量比,300w大单净额
601919,中远海控,0.7,30410625,-0.18,16.58,101028262,0.0,,101028262,1354642321,-1253614059,航运、年报增长,0.18,2938957507,99942758201,0.884707,2904616
601179,中国西电,29.8,40411480,1.88,7.46,66183876,0.0,,66183876,664638077,-598454201,特高压、变压器,-1.84,1983101995,12666772505,2.22249,53570308
601390,中国中铁,0.7,1513423,0.0,6.63,46612258,-0.6,,46612258,273979387,-227367129,中字头、一带一路,-0.6,537585245,135380954302,1.18296,2007668
600219,南山铝业,2.6,2505549,0.0,3.79,43934722,-2.57,,43934722,172433075,-128498353,有色金属、汽车零部件,-2.57,457052523,22394275205,0.914873,7777792
002323,雅博股份,0.9,3132928,0.87,1.24,40544207,7.83,,40544207,142740822,-102196615,分布式光伏、国有企业,6.9,344448360,1872772642,1.73401,0
000528,柳工,1.1,1953600,-0.09,10.73,33248600,-2.54,,33248600,92278591,-59029991,工程机械、年报增长,-2.45,492615778,14221306985,1.10139,9755915
000070,ST特信,1.8,3752930,1.04,5.04,32791270,5.0,首板,32791270,88547003,-55755733,ST板块、5G,3.92,228111074,2836175779,0.919039,0
600023,浙能电力,1.3,1564992,0.15,6.83,25209943,0.0,,25209943,90031080,-64821137,空气储能、智能电网,-0.15,269949961,27975078672,0.62072,6814999
002206,海利得,11.8,8886789,4.87,4.17,24061125,1.46,,24061125,66269105,-42207980,光伏背板、化工,-3.25,260359650,3181402284,1.54599,0
002353,杰瑞股份,0.4,658000,-0.34,34.33,21650707,-2.25,,21650707,68957845,-47307138,天然气、燃气轮机,-1.91,204400098,15624805435,0.712748,0
601598,中国外运,1.1,595800,-0.17,5.89,20402125,-2.0,,20402125,45051972,-24649847,航运、数字经济,-1.83,148727334,6967756597,0.977204,0
603583,捷昌驱动,1.2,57240,0.26,19.09,18804888,0.32,,18804888,21668619,-2863731,灵巧手、机器人概念,0.05,107181435,3560106401,1.13708,5738999
601669,中国电建,1.3,2424961,0.0,5.35,13913545,-0.74,,13913545,239721437,-225807892,绿色电力、电源,-0.74,586927132,43269226964,0.761116,39433375
601298,青岛港  ,1.6,383079,0.71,8.31,9721260,-2.35,,9721260,20209771,-10488511,港口、华为概念,-3.03,102213951,7096848152,1.06165,0
600583,海油工程,0.1,237604,0.0,6.09,9421042,-2.09,,9421042,46857468,-37436426,石油石化、化工,-2.09,137553477,12028728495,0.980873,-3351950
600118,中国卫星,0.4,621030,-0.53,24.77,8222674,0.77,,8222674,79891907,-71669233,卫星导航、军工,1.31,309693338,14199095920,0.963963,-232990
002278,神开股份,0.2,1940400,0.0,4.17,8082586,-5.44,,8082586,27389525,-19306939,商业航天、化工,-5.44,180022864,1092951928,0.637963,-3019527
600487,亨通光电,0.9,1524090,0.4,14.71,7619646,-2.13,,7619646,79735550,-72115904,光芯片、人工智能,-2.52,333699571,27666550939,0.571355,3446866
000703,恒逸石化,0.2,259532,0.14,7.07,6758047,-0.7,,6758047,13565146,-6807099,化工、光伏,-0.84,85933257,13448389301,0.954141,0
605598,上海港湾,0.5,315880,-1.62,22.75,6652942,5.57,,6652942,21032776,-14379834,钙钛矿电池、一带一路,7.31,171863932,1676694133,1.74053,0
002493,荣盛石化,1.6,592592,0.2,9.88,6174215,-1.1,,6174215,29437386,-23263171,涤纶、光伏,-1.3,171958037,30411519400,0.731077,4950000
600928,西安银行,2.1,325026,0.0,3.44,6140649,-1.99,,6140649,23232864,-17092215,银行、数字经济,-1.99,72314763,6054736369,0.892939,3439998
600350,山东高速,1.8,259012,0.0,8.82,5788775,-0.23,,5788775,13579750,-7790975,金融概念、基础建设,-0.23,87172783,5680552994,1.0138,0
001213,中铁特货,0.4,86528,-0.24,4.12,5640389,-1.2,,5640389,10621359,-4980970,一带一路、物流,-0.96,56926500,3149021012,0.987582,0
600075,新疆天业,0.2,54720,-0.78,3.73,5259116,-2.61,,5259116,11648362,-6389246,电石、年报增长,-1.84,50986382,3779292203,0.389545,0
000672,上峰水泥,0.4,56191,0.15,6.7,5176209,-0.89,,5176209,6852072,-1675863,西部大开发、水泥,-1.03,36743926,2848658877,0.835695,0
002092,ST中泰,0.1,318936,-0.72,4.12,4894564,-0.48,,4894564,40225958,-35331394,ST板块、病毒防治,0.24,99024698,7847519045,0.343004,0
000825,太钢不锈,0.2,34317,-0.27,3.63,4368919,-1.89,,4368919,12739519,-8370600,钢铁、智能电网,-1.63,77049793,7587026795,0.72613,0
601083,锦江航运,0.7,2214588,0.85,10.63,4210304,-0.19,,4210304,43849344,-39639040,航运、上海,-1.02,232208020,2001568409,1.58156,0
600057,厦门象屿,1.4,154020,-0.26,7.51,4184421,-0.79,,4184421,12400185,-8215764,物流、平台经济,-0.53,86900534,7653018745,1.05193,0
300172,中电环保,0.4,159174,-0.62,4.69,3878640,-2.49,,3878640,16420686,-12542046,核污染概念、污水处理,-1.88,72922095,2231580529,0.645607,0
600338,西藏珠峰,0.7,441210,-1.04,9.56,3513944,-0.93,,3513944,16147105,-12633161,有色金属、盐湖提锂,0.1,94064538,8739849206,0.281037,0
003000,劲仔食品,0.7,220426,0.38,12.8,3494922,-2.66,,3494922,6512425,-3017503,食品饮料、三季报增长,-3.03,57611797,2874266342,1.25366,0
601789,宁波建工,0.4,67297,-0.26,3.84,3324690,-1.54,,3324690,10046802,-6722112,国资云、算力,-1.29,40984570,3052235411,0.924477,0
002583,海能达,0.8,296208,-0.25,3.93,3274136,-1.01,,3274136,11450386,-8176250,量子科技、互联网金融,-0.76,102851541,4338582520,0.838736,0
688128,中国电研,0.3,79120,-1.08,18.31,3018233,-1.56,,3018233,9348364,-6330131,汽车充电、家电,-0.49,34906988,1437647927,0.994648,0
600528,中铁工业,2.4,351448,-0.13,7.78,2995067,-1.39,,2995067,8800484,-5805417,基础建设、中字头,-1.27,64336384,8797406003,0.8856,0
001288,运机集团,0.1,360310,-1.02,25.4,2932873,-4.4,,2932873,15789802,-12856929,减速器、基础建设,-3.42,85034890,1348186112,0.968609,0
300087,荃银高科,1.5,212976,0.0,6.89,2875419,-1.01,,2875419,10393346,-7517927,农业、转基因,-1.01,44357076,4384881677,0.91923,0
002623,亚玛顿,0.0,0,0.0,18.16,2558236,-1.41,,2558236,3312875,-754639,光伏玻璃、光储充一体化,-1.41,21777211,1842588549,0.551238,0
002859,洁美科技,0.9,199000,-0.05,20.02,2491828,0.55,,2491828,7056854,-4565026,消费电子、电阻电容,0.6,80059033,3932864393,1.20342,0
002917,金奥博,0.5,89544,-0.61,9.92,2482512,0.2,,2482512,19329121,-16846609,民用爆破、人工智能,0.81,112951107,1891517440,1.4294,0
300511,雪榕生物,0.9,201110,0.3,3.27,2429897,-2.97,,2429897,3429143,-999246,农业、平台经济,-3.25,31034810,1278924049,0.806583,0
300198,纳川股份,60.0,3105216,-14.29,1.16,2327102,-7.94,,2327102,9798130,-7471028,污水处理、汽车类,7.41,66606017,810203402,2.44734,0
300703,创源股份,0.9,122010,-0.12,8.11,2317733,-2.41,,2317733,3132730,-814997,谷子经济、卡牌概念,-2.29,21148449,892104000,0.732039,0
002302,西部建设,3.4,79524,0.0,5.57,2098176,-1.24,,2098176,4141366,-2043190,西部大开发、建材,-1.24,32682197,3092216976,0.724106,0
301559,中集环科,3.4,204360,0.0,15.41,2063442,-1.22,,2063442,3324251,-1260809,数字经济、外贸,-1.22,51913547,1386900000,2.21285,0
000862,银星能源,0.9,1391130,-2.02,5.24,2009136,-3.68,,2009136,15389317,-13380181,光伏、风电,-1.69,111998260,2502441661,0.355628,0
301533,威马农机,3.2,289068,-0.79,26.7,2004128,-0.11,,2004128,2463431,-459303,专用设备、一带一路,0.68,30646303,610943660,0.751761,0
000582,北部湾港,1.8,70399,-0.13,7.86,1997794,-0.76,,1997794,23722093,-21724299,港口、DeepSeek,-0.63,77681823,3734706952,1.34429,0
000042,中洲控股,0.2,197736,-0.65,4.44,1740209,-4.52,,1740209,4072636,-2332427,房地产、一带一路,-3.9,42686005,1246553497,0.76159,0
600500,中化国际,0.7,193386,-0.26,3.81,1692299,-1.55,,1692299,5470278,-3777979,化工、锂电池,-1.3,42278502,6213451842,0.738175,0
301383,天键股份,0.9,161460,-0.14,35.85,1593498,-0.22,,1593498,5349343,-3755845,AI眼镜、百度概念,-0.08,71371025,1041801000,0.628822,0
600710,苏美达  ,1.3,167844,0.0,8.42,1571793,-1.17,,1571793,7548302,-5976509,发电机、算力,-1.17,72380862,4891077121,1.02831,0
002941,新疆交建,0.1,17776,-0.36,11.05,1520577,-0.9,,1520577,5645668,-4125091,基础建设、算力,-0.54,33635772,3140040350,0.695656,0
002342,巨力索具,0.3,77868,-0.96,3.04,1446727,-2.56,,1446727,4878068,-3431341,白酒、体育产业,-1.62,30365592,2166816817,1.11228,0
301169,零点有数,0.3,91971,0.0,27.92,1416834,0.18,,1416834,3168114,-1751280,数据要素、财税数字化,0.18,46327662,785169814,1.0562,0
000088,盐田港,1.4,55458,-0.63,4.69,1370815,-1.68,,1370815,2802502,-1431687,华为概念、年报增长,-1.05,28269402,3428592843,1.03092,0
001317,三羊马,0.3,15336,-0.04,25.09,1366025,-1.88,,1366025,1366025,0,物流、平台经济,-1.84,16365924,734945689,0.708948,0
002476,宝莫股份,0.8,75000,-0.27,3.65,1312934,-2.93,,1312934,3743063,-2430129,石油石化、环保,-2.67,28466941,1756128645,0.807614,0
000852,石化机械,0.4,55680,0.17,5.77,1210705,-0.35,,1210705,1210705,0,氢能源、天然气,-0.52,25209988,2681717419,0.778243,0
600790,轻纺城  ,2.1,55257,-0.59,3.37,1199046,-1.17,,1199046,1199046,0,数字经济、跨境电商,-0.59,18188416,3076370792,1.2692,0
603298,杭叉集团,0.7,345618,-0.19,20.5,1176396,-3.03,,1176396,31283351,-30106955,工程机械、基础建设,-2.84,207249171,15003857071,0.928098,4073347
002948,青岛银行,0.4,340691,-0.55,3.5,1160825,-3.05,,1160825,20429934,-19269109,银行、跨境支付,-2.51,107732537,8162103746,0.751052,0
000557,西部创业,3.2,58344,-0.23,4.25,1118868,-1.16,,1118868,1832897,-714029,股权转让、物流,-0.93,21615697,3234064886,0.918156,0
002266,浙富控股,2.1,186861,-0.32,3.11,1117911,-0.96,,1117911,7469603,-6351692,抽水蓄能、互联网金融,-0.64,44475688,8056975255,0.732042,0
605298,必得科技,0.1,25921,0.0,11.02,1098588,-2.22,,1098588,1098588,0,高铁、专精特新,-2.22,10787467,430233675,0.997235,0
600581,八一钢铁,0.2,20650,0.0,2.92,1063422,-1.02,,1063422,2200464,-1137042,钢铁、并购重组,-1.02,16248952,2236571693,0.349003,0
603173,福斯达  ,0.0,0,0.0,24.13,931578,-1.91,,931578,3286876,-2355298,三季报增长、天然气,-1.91,24761429,1195400200,0.733084,0
603036,如通股份,1.4,40248,0.0,11.12,834843,-0.54,,834843,4440879,-3606036,石油石化、化工,-0.54,24007409,1866324784,1.38157,0
001872,招商港口,0.7,148441,0.0,18.55,807421,-1.28,,807421,2434875,-1627454,港口、深圳,-1.28,53816480,4136923648,0.797546,0
300845,捷安高科,2.3,382634,-0.88,10.08,748064,-1.95,,748064,5479691,-4731627,军工、教育,-1.08,46001236,813398649,0.694557,0
002135,东南网架,2.0,226008,-0.45,4.34,740858,-1.36,,740858,1981738,-1240880,光伏组件、基础建设,-0.91,22592581,2986383880,0.731183,0
000159,国际实业,0.0,521136,-0.35,5.73,713576,1.24,,713576,8568611,-7855035,房地产、通信,1.6,81762649,2124442843,2.5367,0
601326,秦港股份,1.2,81212,0.0,3.13,650870,-0.95,,650870,8375130,-7724260,中特估、三季报增长,-0.95,45793215,3455195778,1.01017,0
600039,四川路桥,0.2,348894,0.0,8.15,637428,-0.49,,637428,30014896,-29377468,西部大开发、一带一路,-0.49,141390993,17361065240,0.541739,0
300542,新晨科技,0.6,1108400,0.0,13.19,632587,-3.01,,632587,32114437,-31481850,低空经济、军工,-3.01,221029834,1894233389,0.551177,0
002307,北新路桥,1.0,128205,-0.89,3.32,631195,-1.19,,631195,1066695,-435500,基础建设、PPP概念,-0.3,20422453,2257662137,0.563946,0
603333,尚纬股份,0.9,105190,-0.89,3.25,616693,-3.85,,616693,6216965,-5600272,军工、汽车类,-2.99,40968429,1081622393,1.1624,3280000
300213,佳讯飞鸿,2.7,182208,-0.17,5.77,580013,-1.37,,580013,7735933,-7155920,工业互联网、元宇宙,-1.2,49186856,3066664778,0.65919,0
688285,高铁电气,13.8,186219,1.96,6.6,505970,-0.3,,505970,505970,0,一带一路、科创板,-2.22,4909141,621060000,0.900899,0
001319,铭科精技,0.3,80256,-0.24,16.36,453081,-2.39,,453081,453081,0,机器人概念、一体化压铸,-2.15,22020802,801427066,0.858495,0
002800,天顺股份,0.1,9306,-0.06,15.86,439800,2.19,,439800,439800,0,物流、年报增长,2.26,10761981,857342824,0.359919,0
603500,祥和实业,0.8,28208,-0.15,6.93,417320,0.58,,417320,4710556,-4293236,轨道交通、基础建设,0.73,26922258,1270192793,1.45454,0
002871,伟隆股份,1.0,84872,0.24,7.95,410343,-3.28,,410343,772127,-361784,股权转让、人工智能,-3.52,16863024,705537611,0.93146,0
002937,兴瑞科技,0.5,40242,-0.05,20.93,377754,-1.23,,377754,1693525,-1315771,特斯拉概念、智能驾驶,-1.18,33156926,2774137326,0.760111,0
003001,中岩大地,0.7,12249,-0.95,13.47,344618,-1.97,,344618,661868,-317250,人工智能、基础建设,-1.03,10996625,1652259524,0.410695,0
301027,华蓝集团,0.8,56826,0.0,7.15,309677,-3.12,,309677,1094845,-785168,房屋检测、AIGC,-3.12,20284723,719999952,1.01394,0
600279,重庆港  ,1.3,106680,-0.52,3.77,307275,-1.57,,307275,1439903,-1132628,并购重组、股权转让,-1.05,14853352,1628457817,0.858147,0
002309,*ST中利,1.2,750672,-3.7,1.59,234491,-1.85,,234491,1562399,-1327908,ST板块、智能电网,1.92,11613254,1233367629,0.76051,0
600469,风神股份,0.4,108058,0.0,5.46,229739,-1.97,,229739,2770309,-2540570,汽车零部件、化工,-1.97,24592175,1693646618,0.753139,0
300846,首都在线,2.4,141284,-0.5,9.8,223428,-1.31,,223428,5266306,-5042878,DeepSeek、元宇宙,-0.81,50724099,3196165459,0.770571,0
603280,南方路机,0.4,143207,-0.64,20.04,213152,-1.28,,213152,1913422,-1700270,机器人概念、工程机械,-0.64,26580294,559951007,0.98612,0
301048,金鹰重工,0.6,79200,-0.55,9.01,210965,-0.44,,210965,2214252,-2003287,轨道交通、基础建设,0.11,21826791,1201333934,0.76986,0
600017,日照港  ,0.7,558040,0.0,2.77,198037,-1.07,,198037,10588813,-10390776,地方国企、国有企业,-1.07,63924962,4342871916,0.803789,0
603106,恒银科技,0.4,46410,0.45,4.33,178059,-1.59,,178059,1759866,-1581807,金融科技、互联网金融,-2.04,27931771,961716223,0.8125,0
600984,建设机械,0.5,131175,0.0,2.66,142060,-3.27,,142060,7718821,-7576761,工程机械、基础建设,-3.27,51819094,2123577173,1.06436,0
002554,惠博普,0.7,77736,-0.42,2.29,128015,-3.78,,128015,7025276,-6897261,石油石化、碳中和,-3.38,34737583,1973290441,0.979941,0
001202,炬申股份,1.7,105000,-0.64,12.1,98258,-3.82,,98258,416498,-318240,物流、三季报增长,-3.2,16280075,486686200,1.01614,0
600232,金鹰股份,0.3,41830,-1.11,4.32,59595,-4.0,,59595,877395,-817800,磷酸铁锂、锂电池,-2.92,18440439,785633504,1.15367,0
002774,快意电梯,0.5,53382,-0.76,6.26,58599,-4.57,,58599,1842881,-1784282,电梯概念、人工智能,-3.84,27148682,729980699,1.43219,0
688569,铁科轨道,0.0,0,0.0,23.13,43814,-0.43,,43814,1288172,-1244358,高铁、科创板,-0.43,9322727,1224183384,0.690337,0
000507,珠海港,0.0,4750,0.0,4.64,27604,-2.32,,27604,2561765,-2534161,港口、一带一路,-2.32,22412098,2905726367,0.829299,0
000877,天山股份,0.3,124775,-0.35,5.73,10119,-0.69,,10119,4060303,-4050184,建材、金融概念,-0.35,56370695,7684519071,0.781608,0
301335,天元宠物,21.0,74970,1.08,17.13,0,-3.0,,0,0,0,宠物经济、跨境电商,-4.03,8858025,854358819,1.01497,0
688355,明志科技,0.7,45964,0.57,13.76,0,-2.06,,0,0,0,工业母机、汽车零部件,-2.62,8305831,538375333,0.629987,0
600190,ST锦港  ,0.3,33784,-5.07,2.06,0,-5.07,,0,0,0,ST板块、远东开发,0.0,196730,1590754393,0.00626279,0
301053,远信工业,0.2,77960,-0.05,18.93,0,-2.92,,0,0,0,专用设备、年报增长,-2.87,18129782,440405466,0.966857,0
300923,研奥股份,0.1,41425,0.18,16.21,0,-2.0,,0,0,0,无人驾驶、智能驾驶,-2.17,15686675,564529743,0.817042,0
300262,*ST巴安,0.3,208963,0.0,0.58,0,20.83,首板,0,0,0,ST板块、天然气,20.83,37791044,254817215,1.16529,0
300535,达威股份,0.2,93632,-0.49,11.78,-1440,-3.6,,-1440,354600,-356040,西部大开发、化工,-3.13,23689878,709581218,0.930309,0
000506,*ST中润,0.6,133496,-5.13,1.48,-46028,-5.13,,-46028,7914300,-7960328,ST板块、黄金,0.0,30708076,932276544,6.63602,0
300021,大禹节水,3.1,126248,-0.29,3.33,-64322,-3.48,,-64322,1927862,-1992184,水利、DeepSeek,-3.2,30720489,1576451989,1.12428,0
300195,长荣股份,1.7,384883,-1.15,4.2,-83407,-3.67,,-83407,987438,-1070845,ERP、国产软件,-2.55,29625227,1231193244,1.04555,0
300070,碧水源,1.7,204183,-0.22,4.6,-92475,-0.86,,-92475,5794213,-5886688,环保、体育产业,-0.65,61208480,9724650445,0.863863,0
300971,博亚精工,0.3,1168731,-2.56,17.61,-95112,-6.18,,-95112,6303259,-6398371,商业航天、军工,-3.72,72115929,1127014149,0.79697,0
001368,通达创智,1.2,110165,0.0,19.58,-295200,-2.25,,-295200,400000,-695200,人工智能、3D打印,-2.25,27648079,620597400,0.479363,0
003037,三和管桩,0.7,56580,-0.32,6.07,-345534,-1.62,,-345534,2414017,-2759551,水利、基础建设,-1.3,23696089,1220128745,0.391811,0
002524,光正眼科,1.0,58220,-0.28,3.45,-347116,-3.09,,-347116,1036228,-1383344,AI医疗、医美,-2.82,25874841,1307706505,1.10312,0
600545,卓郎智能,6.4,115292,-0.61,1.59,-348773,-3.64,,-348773,1169407,-1518180,机器人概念、一带一路,-3.05,20231439,1491348200,1.03035,0
301016,雷尔伟,0.4,730028,0.22,17.4,-376792,-3.49,,-376792,3389377,-3766169,无人驾驶、智能驾驶,-3.71,52932316,522000000,0.513592,0
300873,海晨股份,1.0,109296,-0.5,15.4,-398720,-3.27,,-398720,2512163,-2910883,国产软件、芯片,-2.78,42498450,1654147834,0.59787,0
603727,博迈科  ,1.5,417105,-0.36,13.74,-412200,-1.86,,-412200,0,-412200,石油石化、天然气,-1.51,44506301,2215566108,0.872245,0
300435,中泰股份,1.2,89460,-0.08,12.62,-417831,-1.33,,-417831,975860,-1393691,煤化工、光伏,-1.25,23731105,2785408985,0.893249,0
002104,恒宝股份,0.4,164647,-0.91,5.41,-420221,-1.99,,-420221,2268221,-2688442,移动支付、数字货币,-1.1,37643859,3026095080,0.678257,0
600148,长春一东,1.0,73688,-1.15,12.04,-438992,-1.47,,-438992,846986,-1285978,军工、传感器,-0.33,15388622,777175664,0.763471,0
600691,阳煤化工,1.8,175718,0.0,2.04,-470140,-0.97,,-470140,2474907,-2945047,煤化工、化工,-0.97,34936198,2408820779,0.84764,0
300603,立昂技术,1.0,39600,-0.69,7.15,-471301,-1.38,,-471301,4789431,-5260732,算力租赁、网红经济,-0.69,37464118,2327277918,0.724066,0
603169,兰石重装,2.0,309375,0.61,4.84,-477422,-1.63,,-477422,2693132,-3170554,核电、基础建设,-2.22,34734841,3338551970,0.585484,0
601512,中新集团,1.4,131427,-0.58,8.39,-486654,-2.89,,-486654,321945,-808599,江苏省、光伏,-2.33,28922607,2390977661,0.761361,0
603408,建霖家居,15.7,68103,-1.16,14.01,-496205,-4.43,,-496205,328261,-824466,装修家具、地产链,-3.31,58623178,2324423344,1.71102,0
601886,江河集团,1.2,117990,-1.04,5.67,-510959,-1.56,,-510959,3264356,-3775315,文化传媒、金融概念,-0.53,44954313,2109244719,0.965768,0
002685,华东重机,0.8,180532,-1.22,2.41,-514467,-1.63,,-514467,539240,-1053707,芯片、工业母机,-0.41,25540811,1752926819,0.801793,0
002489,浙江永强,1.2,46620,0.0,2.54,-541952,-1.93,,-541952,316160,-858112,户外运动、地产链,-1.93,35903416,2511939050,1.02275,0
603966,法兰泰克,1.6,125860,-0.73,7.92,-550696,-3.18,,-550696,5642254,-6192950,水利、机器人概念,-2.46,37198526,1428163659,1.09453,0
002123,梦网科技,3.5,489084,0.13,7.66,-563624,-0.26,,-563624,11605979,-12169603,DeepSeek、超高清视频,-0.39,84893477,4972925639,0.759197,0
002430,杭氧股份,1.6,130728,0.12,24.89,-679032,-0.88,,-679032,5759044,-6438076,电子气体、芯片,-0.99,87724424,11108048946,0.494676,0
600820,隧道股份,1.5,399066,0.15,6.69,-681555,-1.62,,-681555,20756890,-21438445,基础建设、低空经济,-1.76,134909900,13065965004,0.981695,0
300665,飞鹿股份,0.4,69680,-0.37,5.2,-696156,-3.35,,-696156,2249616,-2945772,环保、化工,-2.99,28200336,729858593,0.980552,0
300208,*ST中程,0.2,45602,0.0,1.59,-710603,5.3,,-710603,2740866,-3451469,ST板块、光伏EPC,5.3,40294168,570053103,1.63613,0
300095,华伍股份,29.0,128760,0.0,5.39,-716216,-2.88,,-716216,0,-716216,机器人概念、汽车零部件,-2.88,22586496,1667946647,0.830381,0
300011,鼎汉技术,4.2,211815,-0.76,5.1,-734058,-3.22,,-734058,2219325,-2953383,高铁、一带一路,-2.49,34829297,1913327126,0.994291,0
603699,纽威股份,0.8,92966,0.2,19.7,-737303,-2.33,,-737303,7383779,-8121082,核电、氢能源,-2.52,71051838,5150985142,0.935426,0
603111,康尼机电,0.7,1346910,-0.62,6.25,-827178,-3.85,,-827178,8284161,-9111339,机器人概念、消费电子,-3.25,85895065,4700399205,0.430117,0
301158,德石股份,1.1,60536,0.0,12.9,-843579,0.16,,-843579,1483044,-2326623,专用设备、年报增长,0.16,19394777,1033783051,0.646766,0
300589,江龙船艇,1.1,214740,-0.17,11.9,-958268,-0.42,,-958268,11322096,-12280364,军工、三季报增长,-0.25,94174612,2147061973,0.879187,0
002282,博深股份,2.6,228470,0.6,6.52,-991709,-2.1,,-991709,664497,-1656206,轨道交通、一带一路,-2.69,41579225,2135753901,1.1728,0
600540,新赛股份,5.5,99905,-0.53,3.66,-1011241,-3.43,,-1011241,1365593,-2376834,棉花、服装家纺,-2.92,22719106,1087615459,0.718412,0
688022,瀚川智能,1.3,164384,-0.85,13.82,-1032645,-2.26,,-1032645,2074230,-3106875,高速连接、华为鲲鹏,-1.43,28996681,1623141458,0.911219,0
600477,杭萧钢构,4.9,199848,0.0,2.62,-1066708,-0.76,,-1066708,527999,-1594707,数据中心、基础建设,-0.76,25063764,3835623510,0.764723,0
002094,青岛金王,0.5,108471,-0.95,2.06,-1088214,-2.37,,-1088214,4769408,-5857622,资产管理、跨境电商,-1.44,33933255,1117253557,0.965002,0
605167,利柏特  ,0.0,36034,-0.24,8.11,-1102436,-3.45,,-1102436,1463352,-2565788,氢能源、核电,-3.22,23925486,1313474010,0.880783,0
002571,德力股份,2.3,343915,-0.97,3.95,-1110658,-3.89,,-1110658,1061615,-2172273,光伏、游戏,-2.95,29274391,814496975,1.53939,0
300795,米奥会展,0.5,1345677,-1.67,21.71,-1140092,-2.12,,-1140092,4322149,-5462241,首发经济、平台经济,-0.46,96038962,2192188231,1.62507,0
000863,三湘印象,1.5,1526517,-1.17,3.38,-1168037,-1.46,,-1168037,38839089,-40007126,谷子经济、文创产品,-0.29,134699039,2094907431,0.664431,0
300865,大宏立,0.0,0,0.0,16.13,-1174413,-0.49,,-1174413,0,-1174413,西部大开发、新型工业化,-0.49,10594061,453921344,0.709294,0
600759,洲际油气,0.1,56680,0.39,2.59,-1215779,0.0,,-1215779,6870853,-8086632,石油石化、天然气,-0.38,25476926,8305500599,0.56364,0
600495,晋西车轴,12.4,466950,-1.49,3.3,-1239162,-1.49,,-1239162,2709015,-3948177,高铁、三季报增长,0.0,18347807,2759236019,0.829861,0
003002,壶化股份,0.1,17685,-0.25,11.37,-1285587,-3.81,,-1285587,2043621,-3329208,民用爆破、军工,-3.56,29494533,1007258778,0.763003,0
600787,中储股份,2.1,279825,0.19,5.12,-1324220,-2.29,,-1324220,2735984,-4060204,物流、数字经济,-2.48,56447173,4219040251,0.953591,0
600499,科达制造,0.3,240458,0.1,9.42,-1374830,-1.57,,-1374830,12022862,-13397692,锂矿、机器人概念,-1.67,77505047,10185185634,0.599854,0
002047,宝鹰股份,0.6,412665,-1.2,1.59,-1399016,-4.79,,-1399016,489401,-1888417,股权转让、元宇宙,-3.64,22128985,1663409131,0.713271,0
600449,宁夏建材,2.5,221103,-0.15,12.63,-1402029,-2.47,,-1402029,4181166,-5583195,人工智能、ChatGPT,-2.32,44685103,3082885681,0.738667,0
300597,吉大通信,0.3,59452,-0.3,6.57,-1408364,-1.94,,-1408364,0,-1408364,5G、算力,-1.65,21410210,1467122026,0.690704,0
688425,铁建重工,0.7,149446,-0.26,3.82,-1443439,-2.05,,-1443439,17957767,-19401206,科创板、机器人概念,-1.8,81157728,5645795740,1.1094,0
603569,长久物流,3.2,351715,0.65,7.54,-1470155,-1.82,,-1470155,2290240,-3760395,物流、数据要素,-2.46,51421164,1524263384,0.969378,0
000837,秦川机床,0.3,58534,-1.0,7.92,-1493124,-0.88,,-1493124,5238877,-6732001,机器人概念、工业母机,0.13,62705852,4387133880,0.705293,0
002204,大连重工,2.3,75862,-0.44,4.5,-1503916,-1.96,,-1503916,2434441,-3938357,军工、机器人概念,-1.53,44315171,3285625453,0.885331,0
603536,惠发食品,0.9,72240,-0.35,8.41,-1515852,-2.55,,-1515852,778180,-2294032,预制菜、平台经济,-2.21,36973269,804920588,0.965125,0
600368,五洲交通,0.3,263032,-0.2,4.76,-1554166,-2.66,,-1554166,11572450,-13126616,公路运营、跨境电商,-2.46,63506311,2927861855,1.01875,0
003013,地铁设计,1.1,27081,0.31,15.61,-1581694,-1.7,,-1581694,2134178,-3715872,轨道交通、算力,-2.01,33827754,1389324732,0.658931,0
002121,科陆电子,2.5,51062,0.24,4.11,-1633849,-2.38,,-1633849,2837569,-4471418,储能、PCS设备,-2.61,40621829,4348137343,0.63202,0
301165,锐捷网络,0.4,187738,-0.56,31.88,-1634630,-0.38,,-1634630,4788280,-6422910,RDMA、CPO/MPO,0.19,60263042,2173636358,0.550178,0
000599,青岛双星,3.5,224010,-0.51,3.84,-1639110,-2.78,,-1639110,3487653,-5126763,并购重组、机器人概念,-2.29,33380823,1949496617,1.04986,0
300732,设研院,5.4,2344473,-0.25,7.9,-1690683,0.13,,-1690683,22065866,-23756549,韧性城市、基础建设,0.38,216421585,1333849081,1.24417,0
600869,远东股份,0.6,320397,0.0,3.91,-1726306,-2.01,,-1726306,7609348,-9335654,阿里系AI、特高压,-2.01,57743138,3906712723,0.495036,0
002510,天汽模,0.6,146940,0.0,3.68,-1731297,-1.08,,-1731297,3599278,-5330575,特斯拉概念、机器人概念,-1.08,36659170,3428885496,0.748018,0
603648,畅联股份,1.0,36872,-0.36,8.16,-1733104,-2.97,,-1733104,3160973,-4894077,物流、机器人概念,-2.63,38808590,1491878089,1.45759,0
600981,汇鸿集团,0.4,100880,-0.51,1.91,-1855538,-2.05,,-1855538,2121005,-3976543,跨境电商、阿里巴巴概念,-1.55,25334825,1394568798,1.01013,0
603322,超讯通信,2.4,241020,-0.89,26.5,-1890165,-1.92,,-1890165,9672136,-11562301,DeepSeek、5G,-1.05,82669789,3032468526,0.658739,0
000505,京粮控股,0.8,68026,-0.5,5.9,-1905937,-2.48,,-1905937,673146,-2579083,海南、农业,-1.99,21793769,1679598623,1.13574,0
600794,保税科技,3.3,176460,0.0,3.31,-1906123,-2.65,,-1906123,2995963,-4902086,物流、数据要素,-2.65,38376084,2269851328,1.32227,0
300523,辰安科技,0.5,17200,0.06,16.79,-1932176,-2.33,,-1932176,343400,-2275576,DeepSeek、AI智能体,-2.38,17939260,1932320970,0.987763,0
600105,永鼎股份,1.5,268191,-1.28,3.85,-1944964,-1.79,,-1944964,3488764,-5433728,核电、5G,-0.52,60907441,3913890604,0.896445,0
002637,赞宇科技,0.0,62084,-0.44,9.08,-1965021,-0.98,,-1965021,820922,-2785943,化工、环保,-0.55,25492747,2532128742,0.63965,0
301085,亚康股份,2.0,52476,0.07,42.51,-1988646,-2.72,,-1988646,4988577,-6977223,数据中心、英伟达概念,-2.79,54005401,1459120789,0.815618,0
002742,ST三圣,20.1,1783397,-5.0,1.33,-2023286,-5.0,,-2023286,10595270,-12618556,ST板块、医药,0.0,36522847,434766870,6.80698,0
000755,山西高速,1.0,43900,0.23,4.27,-2026121,-2.51,,-2026121,0,-2026121,公路运营、绿色电力,-2.73,13252184,1447634993,0.947845,0
000905,厦门港务,0.4,73066,-0.32,6.04,-2043645,-1.95,,-2043645,4889405,-6933050,福建、港口,-1.63,36913039,2143646980,1.35236,0
600439,瑞贝卡  ,0.1,56419,-0.45,2.2,-2049271,-1.79,,-2049271,2195839,-4245110,成人用品、华为鲲鹏,-1.35,23636769,1649978354,0.711847,0
002682,龙洲股份,1.3,147072,-0.26,3.73,-2070207,-2.86,,-2070207,1020871,-3091078,物流、冷链物流,-2.61,43210988,1557974041,0.96097,0
301137,哈焊华通,3.0,1023000,-0.32,14.38,-2074660,-7.52,,-2074660,6245306,-8319966,国有企业、一带一路,-7.23,70490407,709442185,0.946451,0
603273,天元智能,0.4,35460,-0.15,19.23,-2075268,-2.53,,-2075268,2689100,-4764368,新型工业化、基础建设,-2.39,46059495,1030312632,0.855723,0
301118,恒光股份,1.4,720000,0.0,15.57,-2110255,-2.69,,-2110255,1065770,-3176025,金属锗、化工,-2.69,42399935,662787406,0.457535,0
600180,瑞茂通  ,0.6,47880,-0.47,4.11,-2167796,-2.61,,-2167796,3324499,-5492295,电子商务、互联网金融,-2.14,30750869,1823063865,1.21558,0
002040,南京港,0.7,13363,-0.17,5.63,-2170914,-3.26,,-2170914,2912239,-5083153,港口、江苏省,-3.1,34593964,879682800,1.72667,0
002480,新筑股份,0.8,20618,-0.29,3.27,-2199029,-3.54,,-2199029,1379612,-3578641,机器人概念、氢能源,-3.25,26596600,1766381224,1.38163,0
002103,广博股份,0.9,85860,-0.75,5.19,-2208707,-2.81,,-2208707,2723633,-4932340,谷子经济、字节概念,-2.08,35703274,1383722892,0.853644,0
601599,浙文影业,0.4,9048,-0.32,3.05,-2250558,-2.56,,-2250558,2091319,-4341877,影视院线、AIGC,-2.24,25918562,2496631575,0.922846,0
601226,华电科工,0.1,23980,-0.55,5.39,-2251930,-1.64,,-2251930,451486,-2703416,核电、电解槽,-1.1,21726452,2317352978,0.396535,0
603843,正平股份,0.5,173052,0.39,2.42,-2263939,-3.97,,-2263939,1597473,-3861412,有色金属、水利,-4.35,28376526,1203978746,0.856277,0
600320,振华重工,2.5,315720,-0.28,3.54,-2330238,-1.94,,-2330238,13361674,-15691912,一带一路、基础建设,-1.67,76749594,6382611576,1.02405,0
000759,中百集团,7.7,196224,0.6,3.25,-2481600,-2.69,,-2481600,4307088,-6788688,零售、预制菜,-3.27,32545269,1159893468,1.40055,0
603616,韩建河山,0.7,32860,0.98,2.95,-2561576,-3.91,,-2561576,900929,-3462505,基础建设、水利,-4.84,23690851,729353829,0.875501,0
300351,永贵电器,0.5,229320,-0.3,15.99,-2600993,-2.68,,-2600993,33975085,-36576078,华为超充、汽车充电,-2.38,130277654,3244067385,0.865587,-3740740
601068,中铝国际,0.3,199773,-0.68,4.34,-2626105,-2.25,,-2626105,3443810,-6069915,中字头、锂电池,-1.59,33639267,1661950052,0.796257,0
301218,华是科技,6.9,449388,-1.2,19.66,-2662971,-1.45,,-2662971,2175497,-4838468,数据要素、智慧城市,-0.25,41027113,1101755601,0.872628,0
600778,友好集团,0.2,59568,-0.97,3.83,-2800992,-7.04,,-2800992,1719760,-4520752,零售、年报增长,-6.13,29458151,828350119,2.60525,0
002318,久立特材,2.7,379652,0.0,24.41,-2949810,-4.2,,-2949810,14136597,-17086407,智能电网、核电,-4.2,195057986,14796747937,1.81137,0
300365,恒华科技,0.6,572928,0.0,5.02,-3001396,-1.96,,-3001396,6612153,-9613549,华为超充、云计算,-1.95,65582190,1922477664,0.450977,0
002205,国统股份,0.2,23292,-0.46,6.33,-3024763,-2.62,,-3024763,3860135,-6884898,国有企业、风电,-2.16,35526529,821384431,1.15328,0
601008,连云港  ,0.3,56021,0.27,3.6,-3030944,-2.7,,-3030944,5667638,-8698582,并购重组、航运,-2.96,35532204,1842664546,1.40655,0
603970,中农立华,3.4,824000,-0.4,19.5,-3031718,-2.89,,-3031718,8686349,-11718067,中字头、军工,-2.5,55008308,2116124082,1.29706,0
301558,三态股份,0.7,93636,0.44,8.96,-3235727,-1.97,,-3235727,3233738,-6469465,AI电商、跨境电商,-2.4,47630763,1061401600,0.554932,0
600815,厦工股份,0.5,54080,-0.48,2.01,-3297972,-3.83,,-3297972,2137046,-5435018,工程机械、年报增长,-3.37,23116446,1784976136,1.06457,0
600425,青松建化,0.2,36519,0.0,3.26,-3372125,-0.91,,-3372125,6382369,-9754494,水泥、基础建设,-0.91,33989565,3318174380,0.709578,0
605001,威奥股份,1.4,159650,0.78,4.97,-3486706,-2.74,,-3486706,1951607,-5438313,轨道交通、养老概念,-3.5,25813404,1011201779,1.03405,0
600798,宁波海运,0.4,107800,-0.32,3.03,-3489655,-1.94,,-3489655,4143837,-7633492,港口、航运,-1.62,22305137,2059603831,0.86371,0
600125,铁龙物流,1.1,126720,0.0,6.26,-3543457,-2.19,,-3543457,10382588,-13926045,物流、国有企业,-2.19,80260242,5719546448,1.22709,0
601106,中国一重,4.1,38097,0.0,2.46,-3602937,-1.2,,-3602937,2450736,-6053673,工程机械、并购重组,-1.2,31019505,6093226812,0.746741,0
002972,科安达,1.0,29388,0.0,9.02,-3639620,-4.85,,-3639620,3915938,-7555558,轨道交通、信创,-4.85,35059589,895707540,1.15332,0
603291,联合水务,0.4,24642,0.0,13.4,-3668357,-2.12,,-3668357,404097,-4072454,水务、环保,-2.12,28900908,567777412,1.04019,0
000721,西安饮食,0.5,49392,-0.76,7.71,-3714096,-2.41,,-3714096,1999257,-5713353,旅游、教育,-1.66,45703312,2579912246,0.815063,0
301503,智迪科技,0.5,653167,-1.97,28.42,-3722618,-4.89,,-3722618,4799498,-8522116,年报增长、芯片,-2.97,85343582,568400000,0.690253,0
300818,耐普矿机,0.8,203204,0.15,26.41,-3817322,-3.68,,-3817322,997496,-4814818,专用设备、年报增长,-3.82,56072047,1680496100,1.08988,0
603017,中衡设计,3.5,842160,-1.33,9.41,-3861419,-4.08,,-3861419,8817704,-12679123,低空经济、虚拟人,-2.79,99573667,1460403771,1.09657,0
300407,凯发电气,1.1,63420,-0.79,7.27,-3893164,-4.47,,-3893164,1772012,-5665176,高铁、智能驾驶,-3.71,42699331,1383353817,0.849305,0
300103,达刚控股,2.4,184888,-1.04,3.71,-3921444,-3.89,,-3921444,2173056,-6094500,基础建设、腾讯系AI ,-2.88,23643173,632480740,1.12848,0
601880,辽港股份,0.2,838953,0.0,1.32,-4209933,-0.75,,-4209933,24362939,-28572872,港口、数字经济,-0.75,62282366,8714802632,0.684217,0
601228,广州港  ,0.5,37835,0.0,3.24,-4266147,-1.52,,-4266147,6991974,-11258121,港口、数据要素,-1.52,46277626,5967704682,0.770512,-3006575
300466,赛摩智能,1.1,235752,0.16,6.09,-4328965,-2.72,,-4328965,4067160,-8396125,机器人概念、元宇宙,-2.87,60248463,1659471915,0.848588,0
002398,垒知集团,3.3,77600,0.25,3.87,-4491131,-3.01,,-4491131,1297824,-5788955,人工智能、抗原检测,-3.25,24130589,2175650613,1.15898,0
002738,中矿资源,1.6,976140,-0.84,30.58,-4547572,-0.91,,-4547572,35551279,-40098851,锂电池、汽车类,-0.07,214241617,18904557406,0.710462,0
600496,精工钢构,3.1,273710,0.0,2.68,-4724314,-1.11,,-4724314,863019,-5587333,基础建设、算力,-1.11,27263844,3955452985,0.779666,0
000901,航天科技,0.2,624000,-1.07,8.38,-4805746,-0.36,,-4805746,37089594,-41895340,商业航天、军工,0.72,213869010,4378267239,0.920663,0
300135,宝利国际,0.6,329349,-0.96,3.0,-4898964,-4.46,,-4898964,10648119,-15547083,股权转让、机场航空,-3.54,81909849,1919166566,0.732726,0
600502,安徽建工,0.3,176040,0.0,4.84,-4941428,-1.02,,-4941428,11870973,-16812401,水利、国有企业,-1.02,87574714,5637069232,0.886857,0
601117,中国化学,0.8,2331460,-0.12,8.52,-4954280,-1.05,,-4954280,127180398,-132134678,气凝胶、基础建设,-0.93,407981589,30592859488,0.596168,-25457329
000090,天健集团,0.6,80290,-0.46,4.28,-5082663,-1.83,,-5082663,10203506,-15286169,地产链、深圳,-1.38,71641696,4829025581,0.667132,-3412046
000400,许继电气,4.5,6614718,-0.24,32.1,-5135495,-2.55,,-5135495,122961211,-128096706,特高压、智能电网,-2.31,577183779,17582929895,0.931752,-7550416
603871,嘉友国际,1.5,472986,0.0,26.95,-5158442,-2.57,,-5158442,7173153,-12331595,物流、跨境电商,-2.57,98051172,7952211972,0.964122,0
300065,海兰信,0.8,218196,-0.47,6.41,-5291608,0.0,,-5291608,5381791,-10673399,数据中心、一带一路,0.47,71961944,4080594964,0.705431,0
001360,南矿集团,0.6,104991,-0.15,12.73,-5291977,-4.36,,-5291977,1446627,-6738604,新型工业化、专精特新,-4.21,47303229,1041073989,1.10162,0
000758,中色股份,0.6,6642779,-2.02,5.19,-5373824,-4.6,,-5373824,74865005,-80238829,稀土永磁、中字头,-2.63,377546185,6768839505,1.10902,363520
002116,中国海诚,1.5,4325112,-1.65,10.0,-5412742,-3.19,,-5412742,17130314,-22543056,中字头、基础建设,-1.57,130339398,2369680068,1.73303,0
000701,厦门信达,0.4,201960,-0.5,3.88,-5430052,-2.51,,-5430052,2150425,-7580477,外贸、电子商务,-2.02,68325296,1901539182,0.75057,0
002221,东华能源,0.1,102776,-0.34,8.79,-5470982,-1.13,,-5470982,0,-5470982,年报增长、化工,-0.79,27735521,7779006759,0.77802,0
601018,宁波港  ,1.4,291104,0.0,3.48,-5472724,-1.14,,-5472724,10918372,-16391096,港口、年报增长,-1.14,83514249,12093302158,1.2886,-3234699
002707,众信旅游,1.3,295317,-0.63,6.31,-5502085,0.0,,-5502085,7302015,-12804100,旅游、阿里系AI,0.64,54793643,4186964534,0.791055,0
000498,山东路桥,0.2,21318,-0.36,5.51,-5612917,-2.13,,-5612917,1368510,-6981427,基础建设、并购重组,-1.78,37101562,3225112493,0.632438,0
002051,中工国际,1.4,156123,-0.13,7.34,-5696463,-1.87,,-5696463,2178687,-7875150,基础建设、一带一路,-1.74,43597014,3369306148,0.78689,0
600717,天津港  ,0.4,185198,-0.23,4.37,-5748894,-1.35,,-5748894,2547954,-8296848,地方国企、国有企业,-1.13,54287009,5462500351,0.786872,0
002483,润邦股份,0.6,174750,-0.21,4.51,-5883626,-3.43,,-5883626,12388783,-18272409,年报增长、环保,-3.22,96192257,2675185917,1.02926,0
300676,华大基因,1.6,256146,0.05,38.63,-5891591,-0.41,,-5891591,8001765,-13893356,AI医疗、新冠检测,-0.46,71272996,8787926789,0.975626,-3324160
601808,中海油服,0.7,266250,-0.39,17.36,-6013592,-2.58,,-6013592,13710027,-19723619,石油石化、化工,-2.2,123886352,51393724480,1.13432,0
600853,龙建股份,0.1,10290,0.0,3.32,-6090866,-3.21,,-6090866,5608002,-11698868,体育产业、基础建设,-3.21,44395903,1865565830,0.980889,0
002578,闽发铝业,1.1,311542,-1.03,2.8,-6230569,-4.11,,-6230569,5735047,-11965616,金属铝、通信,-3.11,52004571,1432302450,0.668123,0
002993,奥海科技,1.5,2578633,1.11,35.97,-6318878,0.0,,-6318878,34565599,-40884477,柴油发电机、工商业储能,-1.1,259157164,4217325257,1.17923,0
600282,南钢股份,0.3,112052,0.0,5.03,-6323195,-2.14,,-6323195,22438723,-28761918,钢铁、算力,-2.14,161409567,13294471921,0.748354,-4219778
600202,哈空调  ,0.0,302148,-0.5,3.83,-6345999,-3.77,,-6345999,2350158,-8696157,核电、储能热管理,-3.28,46655616,969851294,1.2895,0
300823,建科智能,11.8,544410,-0.9,12.43,-6467831,-6.33,,-6467831,3299165,-9766996,工程机械、基础建设,-5.48,65463576,520755499,1.32748,0
600801,华新水泥,3.2,289618,0.07,14.74,-6470249,-2.32,,-6470249,13047275,-19517524,水泥、并购重组,-2.38,105777481,8182369336,1.05349,-8594133
002403,爱仕达,0.3,131028,0.99,6.84,-6484385,-3.53,,-6484385,4793389,-11277774,机器人概念、新零售,-4.47,42216268,1186220543,1.38404,-6654688
002929,润建股份,2.3,664196,-0.89,31.09,-6587497,-1.65,,-6587497,12815419,-19402916,阿里系AI、数字经济,-0.77,105042303,4224163212,0.551642,0
603308,应流股份,1.7,106337,-0.36,13.67,-6604085,-1.37,,-6604085,17713911,-24317996,燃气轮机、低空经济,-1.01,135513309,6739674040,1.25104,0
603861,白云电器,1.0,64678,-0.67,8.42,-6612258,-5.61,,-6612258,5885332,-12497590,电气设备、华为概念,-4.97,72324202,1145432623,0.88936,0
000065,北方国际,19.9,3866196,1.12,11.59,-6664874,-0.52,,-6664874,11245608,-17910482,基础建设、智能电网,-1.61,93646328,5156165195,0.918186,0
601188,龙江交通,3.3,246350,0.0,3.18,-6802240,-2.15,,-6802240,3443866,-10246106,网约车、基础建设,-2.15,29823255,1265524845,0.85566,-3220000
603153,上海建科,1.9,88500,-0.56,17.2,-7577856,-3.37,,-7577856,350000,-7927856,算力、数字经济,-2.82,52168099,1221200172,1.21608,0
600720,中交设计,4.2,936000,0.5,9.79,-7798128,-1.61,,-7798128,10491722,-18289850,地产链、数据要素,-2.1,100585982,6462751095,1.08588,0
688472,阿特斯  ,0.6,229692,-0.33,11.82,-7911242,-2.39,,-7911242,24034237,-31945479,光伏、科创板,-2.07,133968943,5300631838,0.636795,0
000925,众合科技,0.6,288360,0.0,6.26,-8015726,-3.4,,-8015726,11292839,-19308565,机器人概念、病毒防治,-3.4,69595222,3431323328,0.705772,0
002828,贝肯能源,0.4,205332,-0.93,8.29,-8140437,-3.61,,-8140437,2208000,-10348437,石油石化、跨境支付,-2.7,57386341,1333560806,0.567094,0
688334,西高院  ,0.0,452191,0.06,15.36,-8176295,-3.46,,-8176295,2459537,-10635832,智能电网、电气设备,-3.52,50038102,1167038546,1.36457,0
600629,华建集团,0.1,92610,-0.41,4.79,-8384812,-2.64,,-8384812,8071361,-16456173,数据中心、人工智能,-2.24,53461855,2151036653,1.04604,-7676873
688187,时代电气,0.4,150877,-0.41,47.1,-8413601,-3.62,,-8413601,15130653,-23544254,碳化硅、芯片,-3.23,140751180,12243223172,0.658809,0
601608,中信重工,1.5,221940,0.0,4.06,-8512463,-1.22,,-8512463,7859580,-16372043,机器人概念、军工,-1.22,91034518,6959514317,0.976746,0
600603,ST广物  ,0.6,407548,-0.18,5.38,-8668239,-3.41,,-8668239,11959974,-20628213,ST板块、地产链,-3.24,91902372,3272318068,0.780179,0
688418,震有科技,0.2,279403,-0.27,18.02,-8710645,-1.37,,-8710645,20333552,-29044197,CPO/MPO、卫星导航,-1.1,114823337,2392023356,0.574972,0
600970,中材国际,5.3,827496,0.87,12.41,-8819089,-1.97,,-8819089,15004068,-23823157,地产链、并购重组,-2.82,141048153,13102572697,1.02771,4740256
600103,青山纸业,1.4,272829,0.51,1.94,-8859187,-2.02,,-8859187,4108001,-12967188,光模块、造纸,-2.51,32572676,3029613591,1.12479,0
600010,包钢股份,0.3,1037184,0.0,1.46,-8861908,-1.35,,-8861908,107054122,-115916030,稀土永磁、铁矿石,-1.35,200894227,29670220124,0.782434,0
603162,海通发展,0.2,456337,-0.51,9.49,-8873813,-2.97,,-8873813,2887389,-11761202,一带一路、年报增长,-2.47,51193944,2474947359,0.68681,0
600026,中远海能,1.0,1654518,0.0,17.5,-9081859,-0.68,,-9081859,36269457,-45351316,航运、年报增长,-0.68,221356305,23080993717,0.623995,0
000680,山推股份,7.1,871920,-0.23,8.08,-9154522,-6.81,,-9154522,35665386,-44819908,工程机械、一带一路,-6.59,230672738,8772432581,1.38539,-8527258
000610,西安旅游,2.3,168728,-0.46,12.71,-9305333,-1.78,,-9305333,2671718,-11977051,旅游、一带一路,-1.32,63828492,2040971794,0.676178,0
603588,高能环境,3.4,896148,-0.73,6.98,-9308663,1.6,,-9308663,22615138,-31923801,环保、垃圾发电,2.35,139165282,8796159109,1.11125,0
603836,海程邦达,9.0,6045511,2.72,15.61,-9546656,6.12,,-9546656,24642929,-34189585,物流、数据要素,3.31,226247082,1517782543,2.16475,0
002792,通宇通讯,0.2,659250,-0.14,14.32,-9587916,-2.39,,-9587916,14779694,-24367610,卫星导航、人工智能,-2.25,164666229,2672902291,0.846971,-3699999
603220,中贝通信,0.6,985320,-0.47,27.05,-9608492,-2.45,,-9608492,29380943,-38989435,算力租赁、算力,-1.99,215242047,6611553847,0.592806,0
002512,达华智能,0.8,154088,-0.8,3.67,-9643204,-2.65,,-9643204,5392158,-15035362,量子科技、智能驾驶,-1.87,61991606,2826060798,0.719572,0
000951,中国重汽,0.8,370417,0.0,15.26,-9977357,-0.72,,-9977357,15145856,-25123213,重卡、一带一路,-0.72,126369885,8788786924,0.796122,0
601866,中远海发,1.1,1442336,-0.36,2.72,-10198896,-1.09,,-10198896,61323027,-71521923,航运、并购重组,-0.73,222248343,10400802515,0.865694,0
601156,东航物流,2.2,370326,-0.49,19.75,-10661055,-3.94,,-10661055,18735321,-29396376,跨境电商、外贸,-3.47,189394038,9789962712,0.84362,-3320271
300827,上能电气,0.6,697529,-0.75,27.43,-10669501,-2.04,,-10669501,13442119,-24111620,PCS设备、电气设备,-1.3,146338761,5609930884,0.556149,0
600888,新疆众和,2.0,375984,-0.8,7.32,-10763666,-2.66,,-10763666,13838272,-24601938,芯片、金属铝,-1.88,94742089,5743266599,0.769874,0
600706,曲江文旅,1.9,732900,-1.32,10.09,-10782922,-5.17,,-10782922,13827516,-24610438,旅游、数字藏品,-3.9,110118143,1402676430,1.5646,0
600018,上港集团,1.0,1096928,0.17,5.76,-10974535,-0.69,,-10974535,23892729,-34867264,港口、体育产业,-0.86,146184675,30032281464,0.996153,0
601698,中国卫通,0.3,266031,-0.46,15.1,-11100311,0.0,,-11100311,39725192,-50825503,卫星导航、6G,0.47,201541822,15629899901,0.675933,0
002426,胜利精密,0.1,113982,-0.63,1.53,-12035750,-3.16,,-12035750,6323564,-18359314,AI眼镜、端侧AI,-2.55,63945933,4483006199,1.27215,0
600415,小商品城,0.5,634950,0.0,8.26,-12511761,-0.48,,-12511761,27528040,-40039801,跨境支付、零售,-0.48,230292855,20086596437,0.693301,0
603218,日月股份,0.9,402165,-0.49,11.71,-12566394,-4.1,,-12566394,13896438,-26462832,基础建设、核电,-3.62,121283817,4881952680,0.969219,-3602550
600248,陕建股份,1.1,195164,0.0,3.82,-12579798,-1.55,,-12579798,2947513,-15527311,基础建设、DeepSeek,-1.55,44251942,4514857001,0.707527,0
600326,西藏天路,0.5,228105,-0.96,4.03,-12696214,-2.89,,-12696214,24180053,-36876267,基础建设、地产链,-1.95,105987107,4109615483,0.56921,0
300852,四会富仕,3.4,1611792,-2.11,24.19,-12814481,-3.63,,-12814481,4769477,-17583958,通信、汽车零部件,-1.55,109491661,1248538399,1.27479,0
002478,常宝股份,1.8,119350,0.18,5.29,-12963487,-3.64,,-12963487,11857070,-24820557,光热发电、超超临界概念,-3.82,63241025,3475201199,1.36995,0
300444,双杰电气,2.8,1620810,-1.57,6.79,-13193552,-3.14,,-13193552,35404985,-48598537,华为超充、汽车充电,-1.59,208030176,3437418984,0.603415,0
000797,中国武夷,2.2,177525,-0.75,2.53,-13318004,-4.53,,-13318004,10520260,-23838264,外贸、房地产,-3.8,88132714,1791426047,1.27859,0
002889,东方嘉盛,0.9,1726520,-2.41,16.41,-14115310,-5.8,,-14115310,16978933,-31094243,光刻机、华为概念,-3.47,239129541,1211300896,0.82677,0
300183,东软载波,1.5,328800,-0.74,11.74,-14708408,-2.89,,-14708408,4345761,-19054169,RISC-V、智能电网,-2.17,77072565,2774501395,0.6632,0
603969,银龙股份,0.3,37922,-0.18,5.37,-14926991,-5.29,,-14926991,5441358,-20368349,核电、雄安新区,-5.12,63122911,2788144531,1.1433,0
603338,浙江鼎力,1.7,845880,-0.08,61.86,-16565933,-2.81,,-16565933,21428131,-37994064,三季报增长、基础建设,-2.74,303864944,10735754531,1.50971,0
600509,天富能源,2.9,515672,-0.17,5.67,-17438418,-3.08,,-17438418,13977743,-31416161,AI眼镜、天然气,-2.91,104755041,5278895572,0.660424,0
002146,荣盛发展,1.8,2444787,-1.16,1.66,-17513330,-4.05,,-17513330,33308593,-50821923,破净股概念、房地产,-2.92,208547906,4067282140,0.553135,0
000969,安泰科技,1.1,658760,-0.58,8.43,-17717433,-2.54,,-17717433,13198747,-30916180,核电、第三代半导体,-1.98,105626472,5579179837,0.85347,-10305414
600339,中油工程,0.6,748764,-0.61,3.17,-18911989,-2.76,,-18911989,11550655,-30462644,石油石化、金融概念,-2.16,97732846,4919974458,0.88701,-3209998
600170,上海建工,0.3,290318,0.0,2.29,-19097312,-1.72,,-19097312,60887973,-79985285,破净股概念、一带一路,-1.72,153672776,11154521404,0.980505,0
601872,招商轮船,1.2,1172457,0.44,8.84,-19355867,-2.54,,-19355867,76365023,-95720890,航运、上海,-2.96,332418089,19571324751,0.517827,-14661934
600755,厦门国贸,1.5,342125,0.0,7.87,-19407169,-2.24,,-19407169,29959792,-49366961,航运、金融概念,-2.24,143044725,10492585007,1.40122,-4778267
605577,龙版传媒,0.9,10482114,-3.36,17.75,-19557219,-6.68,,-19557219,41867012,-61424231,文化传媒、数据要素,-3.43,436974039,1618382716,1.53741,1756271
601611,中国核建,0.5,876252,0.24,8.33,-19864536,1.59,,-19864536,101718874,-121583410,核电、军工,1.34,405451464,8262350703,1.41718,4223058
600104,上汽集团,0.8,699720,0.14,14.17,-20035694,-0.63,,-20035694,34929824,-54965518,上海、汽车整车,-0.77,229005576,50616530993,0.763539,-7729302
601727,上海电气,0.6,952414,0.0,3.91,-20186633,-1.76,,-20186633,29472666,-49659299,机器人概念、一带一路,-1.76,147555067,17313916374,0.724286,-6226737
300374,中铁装配,1.2,10960530,-2.62,15.02,-21449282,-6.12,,-21449282,37620936,-59070218,中字头、光伏,-3.59,302578204,1571312230,1.32195,-9010415
605196,华通线缆,4.7,501696,0.0,11.43,-21495549,-5.22,,-21495549,31997963,-53493512,电气设备、外贸,-5.22,203227242,5816103242,1.38342,0
600490,鹏欣资源,2.0,2891346,-2.08,2.79,-21569985,-3.12,,-21569985,24087269,-45657254,黄金、金属钴,-1.06,169719062,4446413491,0.843929,0
603979,金诚信  ,6.0,3099348,-3.25,53.87,-21737449,-1.12,,-21737449,43756839,-65494288,年报增长、有色金属,2.2,358926708,18441359267,0.917237,-12520732
000928,中钢国际,1.9,596316,-0.31,6.34,-23000008,-2.91,,-23000008,35976975,-58976983,基础建设、碳中和,-2.61,223274183,4950234176,1.5781,0
603357,设计总院,20.4,3652117,-1.07,9.88,-23824788,-4.26,,-23824788,49270497,-73095285,低空经济、基础建设,-3.23,229099314,2794768414,1.57098,0
600428,中远海特,4.0,2602491,0.15,6.58,-24071675,-2.08,,-24071675,59607153,-83678828,航运、年报增长,-2.23,282629558,6999978079,1.21115,-6568391
002097,山河智能,1.0,682623,-0.3,6.35,-24160431,-3.64,,-24160431,26730311,-50890742,机器人概念、人工智能,-3.35,171766400,4130382589,1.07722,-19621671
601022,宁波远洋,0.6,3094744,-1.23,10.28,-25085103,-3.11,,-25085103,23492364,-48577467,航运、三季报增长,-1.91,231987154,2555950674,0.813347,0
601500,通用股份,0.3,156674,-0.34,5.68,-27365798,-3.89,,-27365798,13757137,-41122935,轮胎、汽车零部件,-3.57,158213125,4707623888,1.00738,0
601061,中信金属,3.1,1670480,-1.13,7.66,-27463335,-3.53,,-27463335,26155577,-53618912,中字头、有色金属,-2.42,145471180,3838838468,1.05155,0
000617,中油资本,1.1,1681504,-0.71,5.59,-27767684,-1.24,,-27767684,41296379,-69064063,跨境支付、数字经济,-0.53,175163465,16004246710,0.653441,-9931242
300684,中石科技,1.1,2338625,-0.56,17.34,-28386089,-2.31,,-28386089,67117609,-95503698,液冷服务器、算力,-1.76,349936045,2992122391,0.466946,-19910881
300459,汤姆猫,2.0,1651867,-1.08,3.63,-28399597,-2.16,,-28399597,46392635,-74792232,谷子经济、游戏,-1.09,252306226,9383248205,0.559019,0
600031,三一重工,1.6,2964033,0.0,15.77,-29150829,-0.88,,-29150829,110656059,-139806888,基础建设、工程机械,-0.88,585176043,85254780113,0.787744,3748029
601137,博威合金,2.0,2749475,-1.11,17.22,-29727974,-4.07,,-29727974,65195051,-94923025,高速连接、通信,-2.99,340056136,8149935018,0.862955,-3524790
600969,郴电国际,1.1,6240300,-4.62,5.96,-29749368,-8.31,,-29749368,26207970,-55957338,电力、环保,-3.87,304252343,1544267459,0.60261,-3731028
000425,徐工机械,5.1,600576,-0.27,7.22,-30049585,-2.17,,-30049585,90070683,-120120268,基础建设、并购重组,-1.9,456414623,49045980222,0.78456,-7957425
600498,烽火通信,1.3,484081,-0.06,15.94,-30207508,-1.6,,-30207508,40324237,-70531745,DeepSeek、液冷服务器,-1.54,214350125,10443601353,1.06854,-4168000
600019,宝钢股份,1.9,1983030,0.42,7.05,-32062342,-0.28,,-32062342,78096962,-110159304,钢铁、算力,-0.7,377391609,56836857116,0.651028,3817984
300017,网宿科技,1.5,1740120,-0.81,8.47,-32191291,-1.51,,-32191291,105530906,-137722197,边缘计算、云计算,-0.7,436392559,16656769555,0.949741,0
600580,卧龙电驱,0.5,1069152,-0.86,13.52,-33895993,-2.59,,-33895993,74152399,-108048392,机器人概念、电机电控,-1.74,404555656,11967871898,0.795417,-4569709
603619,中曼石油,0.5,1664950,-0.88,24.35,-35345736,-2.87,,-35345736,27555186,-62900922,石油石化、天然气,-2.01,188540552,6805339701,0.725455,0
600176,中国巨石,0.6,855440,0.0,11.57,-36674540,0.09,,-36674540,28707667,-65382207,风电材料、基础建设,0.09,223453113,21717616659,0.834194,-13021513
000777,中核科技,10.1,1897810,1.05,16.22,-41326641,-5.26,,-41326641,47990325,-89316966,并购重组、核电,-6.24,312869193,4522761949,1.41666,-15345542
000157,中联重科,1.2,723301,-0.12,7.93,-41568361,-3.53,,-41568361,53564409,-95132770,基础建设、数字经济,-3.41,391018656,40701881800,1.04534,0
601800,中国交建,1.0,1900209,-0.22,8.95,-41888040,-0.89,,-41888040,59041037,-100929077,中字头、一带一路,-0.67,310325720,21229836455,0.988683,-6303131
002984,森麒麟,0.9,951600,0.15,25.38,-42389352,-2.23,,-42389352,47477342,-89866694,汽车零部件、年报增长,-2.38,369944515,14956212822,0.9992,-10605836
601618,中国中冶,1.5,1053787,0.0,3.25,-44078915,-1.22,,-44078915,70676383,-114755298,基础建设、光伏,-1.22,231110969,20910076581,0.827615,-16269625
000151,中成股份,4.2,36320459,10.03,11.45,-44641138,-1.8,,-44641138,254845521,-299486659,基础建设、外贸,-10.76,613140289,1851733154,9.50837,-35766570
601028,玉龙股份,15.8,17600070,-1.6,12.78,-46446441,2.24,,-46446441,139429283,-185875724,黄金、石墨化,3.9,698819124,5342213856,1.93694,-9100002
601989,中国重工,1.0,1189533,0.0,5.09,-51558240,0.0,,-51558240,109011509,-160569749,造船、年报增长,0.0,441748391,59700736945,0.790552,-21095526
601186,中国铁建,0.8,1069425,-0.11,8.62,-51923556,-1.37,,-51923556,110630777,-162554333,中字头、基础建设,-1.26,353864036,39195958100,0.998607,-32034633
300738,奥飞数据,0.5,851400,0.0,10.52,-55945536,-4.36,,-55945536,84738316,-140683852,阿里系AI、算力,-4.36,491351481,7287032911,1.13334,-19069985
002459,晶澳科技,0.7,3175851,-1.18,15.0,-62870696,-1.51,,-62870696,148858087,-211728783,光伏组件、光伏,-0.33,708891801,26040641865,0.425058,-6300436
600312,平高电气,69.6,38910480,2.68,15.9,-68898578,1.4,,-68898578,417386906,-486285484,特高压、智能电网,-1.24,1536903299,11124267768,2.91307,-20113726
600256,广汇能源,0.5,2909424,-0.13,7.61,-75739257,-3.06,,-75739257,199083516,-274822773,氢能源、光伏,-2.93,638087623,32622857133,1.00948,-30928437
600028,中国石化,0.5,3187118,0.16,6.26,-80897436,-1.11,,-80897436,216901473,-297798909,石油石化、中字头,-1.26,738283418,89549069599,1.07143,-29859555
600050,中国联通,2.1,4341222,-0.22,4.54,-96695068,-1.3,,-96695068,164762313,-261457381,AI政务、腾讯系AI ,-1.09,496844988,58406491852,0.831747,-50058906
600089,特变电工,3.9,2157061,-0.33,14.67,-103497081,-2.46,,-103497081,102494277,-205991358,硅料、智能电网,-2.13,519426031,60760640621,0.661435,-27796359
600406,国电南瑞,3.0,6745000,0.0,23.81,-103760885,-1.12,,-103760885,249597631,-353358516,抽水蓄能、电气设备,-1.12,1153124171,49385025636,1.09087,8478360
601668,中国建筑,0.9,3244941,0.0,5.58,-154295633,-1.59,,-154295633,275344606,-429640239,基础建设、中字头,-1.59,745428078,98141866697,0.900394,-123403002
002129,TCL中环,2.3,5999143,-1.11,10.42,-160687920,-3.96,,-160687920,258229408,-418917328,硅片、光伏组件,-2.89,1022701280,30570172463,0.602,-95641667
601899,紫金矿业,5.7,66821900,-2.41,17.05,-164389020,-2.12,,-164389020,1316528735,-1480917755,有色金属、锂电池,0.29,3155725050,219914138809,1.0889,-51160854
601766,中国中车,0.9,2745882,-0.14,6.9,-183537830,-3.09,,-183537830,284884625,-468422455,中字头、一带一路,-2.95,1014517883,67205488586,1.35945,-91462566
000875,吉电股份,3.0,12176604,-2.51,5.64,-193702256,-5.53,,-193702256,216221576,-409923832,电力、绿色电力,-3.09,1051077790,10715877101,0.622301,-64687375
002475,立讯精密,0.7,3062520,-0.46,32.88,-209148564,0.46,,-209148564,837617657,-1046766221,消费电子、人工智能,0.92,2303493633,133605090014,1.12747,417040
600522,中天科技,1.1,1751134,-0.4,14.54,-209387721,-3.9,,-209387721,227225240,-436612961,通信、人工智能,-3.52,856368347,33485129646,1.27644,-204648266
601857,中国石油,0.2,9333100,-0.4,9.77,-252633092,-2.2,,-252633092,850988472,-1103621564,中字头、石油石化,-1.81,2140009481,107450524489,1.27992,3939257
000625,长安汽车,2.8,32025660,0.58,13.54,-285635506,-1.31,,-285635506,355193900,-640829406,汽车整车、DeepSeek,-1.88,1325825586,67970872955,0.71182,-141313809
