股票代码,股票名称,竞价量比,竞价金额,竞价涨幅%,价格,净额,涨幅%,板上信息,主力净额,主力买,主力卖,所属板块,区间涨幅%,成交额,实际流通,量比,300w大单净额
688111,金山办公,2.5,11094356,5.78,358.11,126282730,0.48,,126282730,385478762,-259196032,AI智能体、AI办公,-5.01,1327659173,79810223983,1.23081,-6552749
688318,财富趋势,4.3,53101676,20.0,157.81,125946828,10.45,,125946828,1116093109,-990146281,互联网金融、金融概念,-7.96,2374465283,9930326968,2.05264,154202787
688671,碧兴物联,3.0,10580244,3.42,67.3,97213732,20.01,首板,97213732,251508109,-154294377,科创板、数字经济,16.03,635689160,1117908321,0.998623,51965857
688041,海光信息,3.8,31176063,10.55,50.77,89096509,2.24,,89096509,416323295,-327226786,GPU、DeepSeek,-7.52,1144876002,44705888079,1.45795,-4432101
688591,泰凌微  ,1.6,78749936,28.59,33.58,83470048,2.69,,83470048,473148046,-389677998,芯片、数字经济,-20.14,1297968795,1747676741,0.838023,20446993
688629,华丰科技,1.8,2191897,8.82,20.92,36699572,19.82,,36699572,186329502,-149629930,高速连接、机器人概念,10.11,415427249,1145372113,2.42302,0
688563,航材股份,7.0,8931638,5.26,61.5,25848560,3.92,,25848560,103907246,-78058686,军工、央企,-1.27,289029073,4188552272,1.23807,-78486
688472,阿特斯  ,2.8,17974591,7.84,14.92,24398200,5.37,,24398200,293264311,-268866111,光伏、一带一路,-2.29,756537517,6302499298,1.68139,0
688579,山大地纬,1.7,5353686,7.06,13.18,26162644,0.0,,26162644,63407519,-37244875,数据要素、央企,-6.59,247158209,3445469934,0.766054,0
688066,航天宏图,5.8,1931169,4.36,53.68,23262144,-3.59,,23262144,57152983,-33890839,低空经济、国产软件,-7.62,240925177,11214676361,1.16477,0
688573,信宇人  ,2.6,9681062,9.41,36.64,24291995,5.77,,24291995,97550197,-73258202,机器人概念、固态电池,-3.32,349118477,715297841,0.92841,0
688072,拓荆科技,124.0,13112704,5.95,323.11,22583087,-2.75,,22583087,164185570,-141602483,半导体设备、三季报增长,-8.21,630803000,22197709021,1.93769,21067634
688390,固德威  ,4.5,5211816,6.73,137.2,15419142,2.09,,15419142,112970065,-97550923,光伏、逆变器,-4.34,432773262,14378522337,1.03165,-27823989
688630,芯碁微装,0.0,2208759,8.64,63.51,20243747,0.0,,20243747,32525376,-12281629,科创板、光伏,-7.96,114447774,4419820310,1.78284,0
688279,峰岹科技,0.7,112736,4.0,99.02,20608980,-0.98,,20608980,35922542,-15313562,芯片、三季报增长,-4.79,99670887,5458628605,1.03115,0
688776,国光电气,104.0,2929714,10.21,72.29,19998635,13.22,,19998635,52708920,-32710285,光刻机、科创板,2.73,163725105,2413466350,2.27364,0
688484,南芯科技,15.9,1633009,5.64,37.79,20984589,1.07,,20984589,35480279,-14495690,芯片、锂电池,-4.33,124221713,2069622369,1.53529,0
688627,精智达  ,2.3,1494347,5.91,75.99,17969761,-1.73,,17969761,48397567,-30427806,芯片、存储,-7.22,141098579,1516917623,1.23186,4666795
688037,芯源微  ,12.9,3113915,6.81,120.6,16714824,-4.0,,16714824,82314769,-65599945,芯片、光刻胶,-10.12,421455950,13338517528,2.25664,-3938345
688319,欧林生物,5.0,232482,5.43,15.65,18082525,2.35,,18082525,22338083,-4255558,疫苗概念、幽门螺杆菌,-2.92,75778612,4105236135,1.68174,0
688981,中芯国际,14.0,43654653,5.01,48.55,26113515,0.52,,26113515,437891291,-411777776,芯片、芯片前端制造,-4.28,1184020364,95031902056,1.62262,12844445
688617,惠泰医疗,0.6,3536500,7.78,330.01,18451650,3.71,,18451650,61754156,-43302506,医疗器械、科创板,-3.77,258273332,14905093716,1.38243,3560803
688556,高测股份,6.3,19758063,10.89,47.34,14920659,2.94,,14920659,99344906,-84424247,光伏、科创板,-7.18,303850000,15189651390,1.08714,558904
688383,新益昌  ,1.2,2936952,7.26,79.12,15974437,-2.01,,15974437,33133103,-17158666,华为概念、新型工业化,-8.64,90855822,2489291242,1.34063,0
688029,南微医学,116.3,5417566,7.3,71.91,17762927,-0.57,,17762927,38026556,-20263629,医药、医疗器械,-7.33,166946470,6886973841,1.87681,3697431
688235,百济神州,5.8,25874505,8.96,126.03,11913156,1.72,,11913156,112432752,-100519596,医药出海、医药,-6.64,313918249,13920397639,1.35931,-3250719
688358,祥生医疗,86.8,1788349,7.53,39.35,14027311,2.9,,14027311,22120564,-8093253,AI医疗、医药,-4.3,89970447,1112054932,1.91902,0
688768,容知日新,5.9,1237151,5.47,48.6,12537160,-6.43,,12537160,20329494,-7792334,新型工业化、传感器,-11.28,95067163,2411351451,1.92916,0
688025,杰普特  ,2.6,557698,4.77,66.21,11432001,-2.83,,11432001,21130134,-9698133,TOPCon、光伏,-7.26,109306207,5147068071,1.24982,0
688266,泽璟制药,43.9,3777745,9.49,41.0,13653074,-0.75,,13653074,25888245,-12235171,创新药、医药,-9.35,145892049,5888071131,2.24745,-3090307
688234,天岳先进,3.4,4542831,9.69,51.32,8749782,0.63,,8749782,32577255,-23827473,芯片、碳化硅,-8.26,191917301,6196098777,1.71056,0
688628,优利德  ,1.5,6220762,3.39,42.1,11763288,-2.21,,11763288,38472174,-26708886,碳中和、医药,-5.41,184526050,1905638986,2.68658,0
688608,恒玄科技,12.2,3138017,7.33,113.2,10103400,-0.37,,10103400,33878676,-23775276,芯片、科创板,-7.18,148688507,7446137106,1.05907,0
688489,三未信安,0.9,1448464,6.7,49.11,9199100,1.55,,9199100,27072644,-17873544,信创、网络安全,-4.83,135688744,1235294818,0.943664,0
688357,建龙微纳,1.2,7410421,0.0,62.97,7749517,2.84,,7749517,112239070,-104489553,核污染概念、新材料概念,2.84,384596596,3182490539,2.51543,-80759
688578,艾力斯  ,74.8,3124695,8.12,24.87,9756501,3.07,,9756501,18597092,-8840591,科创板、医药出海,-4.68,120120698,4347269181,2.27054,0
688326,经纬恒润,41.4,4481595,8.94,121.57,10461363,-1.9,,10461363,29234408,-18773045,无人驾驶、大飞机,-9.95,137833889,6192329152,1.47009,0
688580,伟思医疗,7.9,777954,7.41,55.58,9001107,2.93,,9001107,12216978,-3215871,机器人概念、医美,-4.17,66433141,2222219458,2.71646,0
688361,中科飞测,2.3,4519348,6.57,69.9,10412721,1.32,,10412721,55814562,-45401841,芯片、半导体设备,-4.92,157278572,4188970066,1.14187,0
688520,神州细胞,20.9,5111190,9.91,58.37,8065583,5.17,,8065583,42958695,-34893112,病毒防治、新冠药概念,-4.31,138032491,5799587515,1.91568,0
688777,中控技术,1.9,5522162,4.98,46.07,11139183,-1.56,,11139183,93176852,-82037669,新型工业化、三季报增长,-6.23,515657209,19735933989,1.11536,-4807571
688023,安恒信息,12.8,2453953,8.01,142.07,7615822,-3.35,,7615822,19518985,-11903163,DeepSeek、AI安全,-10.51,113836183,8610786115,1.14332,0
688331,荣昌生物,2.2,1073972,10.02,61.3,8132576,2.34,,8132576,20544310,-12411734,医药、医药出海,-6.98,99209708,9823070176,0.913459,3064994
688195,腾景科技,20.8,3274840,12.33,32.27,8772311,1.26,,8772311,19975577,-11203266,光刻机、三季报增长,-9.86,103174245,2640976800,1.38338,3304869
688103,国力股份,8.5,655490,9.5,53.11,7814969,-2.41,,7814969,23703272,-15888303,通用航空、电气设备,-10.87,67146794,3230534876,1.29773,0
688152,麒麟信安,10.3,4445704,6.0,91.42,6456748,-3.77,,6456748,36849989,-30393241,机器人概念、信创,-9.22,189712838,1612564968,1.1412,0
688623,双元科技,20.1,3785745,8.49,80.86,9624947,2.48,,9624947,15767702,-6142755,人工智能、锂电池,-5.54,48971484,1086718779,1.10956,3181149
688336,三生国健,88.7,2007684,8.21,18.61,7392366,-2.05,,7392366,14346305,-6953939,防脱发、医美,-9.48,87302302,1725919148,2.36797,0
688276,百克生物,14.0,447691,6.23,49.0,6532650,-1.78,,6532650,23198066,-16665416,疫苗概念、医药,-7.55,106291060,5694764505,1.56328,0
688789,宏华数科,19.0,1431996,8.11,87.0,7526115,0.06,,7526115,15800595,-8274480,新型工业化、科创板,-7.45,71411664,4649889984,0.863762,0
688351,微电生理,5.2,1234380,11.57,16.17,7765948,0.56,,7765948,10308813,-2542865,医疗器械、医药,-9.87,56772072,1065054950,0.745705,0
688443,智翔金泰,19.3,1813934,9.41,27.11,7586202,1.23,,7586202,12897701,-5311499,医药、西部大开发,-7.47,60150166,2243815756,1.1692,0
688646,逸飞激光,0.0,4098757,5.32,42.2,6305593,2.13,,6305593,19725537,-13419944,科创板、固态电池,-3.03,89894056,754929726,0.999937,0
688002,睿创微纳,4.1,3224250,6.59,48.6,9337160,3.6,,9337160,49658891,-40321731,芯片、军工,-2.8,227408206,16132892107,1.53704,0
688663,新风光  ,1.8,1713956,4.37,29.3,8035135,-0.68,,8035135,27359188,-19324053,光热发电、地方国企,-4.84,113098771,2325258894,1.55866,0
688598,金博股份,3.1,1660489,6.39,80.1,6231268,-3.76,,6231268,28567057,-22335789,小米汽车、汽车零部件,-9.54,183862084,10300223879,1.52083,0
688638,誉辰智能,7.8,3085568,5.23,66.2,6597480,2.8,,6597480,16164459,-9566979,锂电池、光伏,-2.32,55304179,592315232,0.800738,0
688531,日联科技,0.0,4250796,9.48,121.2,7457262,0.52,,7457262,25420049,-17962787,锂电池、三季报增长,-8.18,78361536,2106778150,1.69736,3078971
688316,青云科技,1.2,3000900,7.47,49.91,7369341,2.17,,7369341,26300248,-18930907,DeepSeek、云计算,-4.93,122590539,1440427889,0.694421,0
688109,品茗科技,9.1,539551,4.02,25.93,7173767,9.64,,7173767,12533411,-5359644,数据要素、科创板,5.41,78866454,768090226,3.01033,0
688601,力芯微  ,10.7,1734394,6.89,44.59,6996504,3.17,,6996504,23735788,-16739284,芯片、科创板,-3.48,106152035,2496889683,0.965289,0
688239,航宇科技,0.0,704367,5.32,59.61,5371283,2.92,,5371283,25092488,-19721205,科创板、西部大开发,-2.28,131279603,6174289170,1.59055,0
688166,博瑞医药,1.6,994038,5.28,18.26,7012165,0.38,,7012165,37364418,-30352253,减肥药、病毒防治,-4.65,112049512,4728337063,2.1863,0
688151,华强科技,3.0,2884067,5.54,21.05,7163824,3.24,,7163824,24652874,-17489050,并购重组、军工,-2.18,107719398,2095885645,2.88116,0
688313,仕佳光子,3.1,3441400,6.87,11.76,5480344,-0.25,,5480344,37908245,-32427901,科创板、算力,-6.67,157080723,4652958302,0.989769,0
688018,乐鑫科技,6.0,1113200,6.79,108.3,6243485,0.57,,6243485,33037163,-26793678,芯片、三季报增长,-5.83,155100855,5171101701,1.89009,0
688550,瑞联新材,12.6,1254856,5.39,33.05,6630383,-1.52,,6630383,13535399,-6905016,OLED、锂电池,-6.56,69208980,2848558497,2.5378,0
688416,恒烁股份,1.6,1693283,11.22,51.92,6698473,-1.29,,6698473,11849486,-5151013,存储、中芯国际概念,-11.25,76658896,977670370,1.31928,0
688502,茂莱光学,1.8,1159765,8.42,172.24,6215700,0.94,,6215700,14957321,-8741621,光刻机、机器视觉,-6.9,75757410,2077460703,1.31681,0
688062,迈威生物,0.0,1454754,7.45,21.44,5649785,1.04,,5649785,22615922,-16966137,创新药、医药,-5.96,70044497,4315795609,1.9666,0
688518,联赢激光,3.2,5377964,8.3,23.81,4717604,2.36,,4717604,38823183,-34105579,芯片、科创板,-5.48,207368105,7296079823,1.58182,0
688006,杭可科技,58.1,2197152,8.17,24.97,4838655,0.04,,4838655,16160289,-11321634,锂电设备、锂电池,-7.52,85842610,7446751350,1.22289,0
688003,天准科技,22.7,1656107,5.22,36.7,6543779,0.88,,6543779,13599227,-7055448,芯片、光伏,-4.13,55928642,2853112119,1.74935,0
688568,中科星图,6.9,2096905,4.65,44.19,2987170,-1.6,,2987170,10679328,-7692158,军工、卫星导航,-5.98,88719025,9433069798,1.08885,0
688022,瀚川智能,1.4,1210275,4.98,30.43,5785514,0.43,,5785514,13906836,-8121322,高速连接、一带一路,-4.34,48389236,2853511646,1.23493,0
688392,骄成超声,1.1,751819,5.12,80.98,4493577,-6.91,,4493577,27176746,-22683169,年报增长、复合集流体,-11.44,139742622,2068716214,2.40799,0
688377,迪威尔  ,0.0,0,0.0,23.2,5125634,-1.23,,5125634,16649562,-11523928,新型工业化、石油石化,-1.23,50483748,4079609475,2.92658,0
688798,艾为电子,17.7,717216,10.62,60.87,5051700,0.05,,5051700,7248052,-2196352,芯片、科创板,-9.55,44671511,4728322677,1.14385,0
688291,金橙子  ,42.1,2109183,8.46,26.71,6071993,-1.77,,6071993,10421788,-4349795,科创板、消费电子,-9.43,53646659,651279679,1.61448,0
688401,路维光电,120.1,2884170,9.25,26.98,5784809,-1.75,,5784809,9815017,-4030208,年报增长、科创板,-10.07,61805566,2895216273,1.37258,3000000
688107,安路科技,5.9,591870,3.86,41.5,4872430,-1.14,,4872430,12483957,-7611527,芯片、科创板,-4.82,76917570,4174981057,1.97671,0
688089,嘉必优  ,0.9,5840428,1.06,22.22,4615749,2.35,,4615749,42973251,-38357502,并购重组、合成生物,1.28,196182330,2557777266,1.43288,0
688596,正帆科技,0.4,1898381,6.0,34.0,5463469,3.06,,5463469,24880123,-19416654,芯片、三季报增长,-2.77,179219993,7669554883,1.39187,0
688378,奥来德  ,7.6,372065,5.97,37.95,5065327,-1.45,,5065327,10176546,-5111219,科创板、光伏,-7.01,58227676,3553950404,1.47637,0
688439,振华风光,28.3,1941184,6.49,92.07,3227318,0.04,,3227318,22294590,-19067272,芯片、科创板,-6.05,91220647,4124175017,1.44335,0
688212,澳华内镜,23.1,3317711,9.21,56.9,5247628,3.78,,5247628,22101046,-16853418,科创板、医药,-4.98,140468653,5147469880,1.39148,0
688600,皖仪科技,2.4,241744,5.31,19.01,4554903,-3.94,,4554903,6403057,-1848154,仪器仪表、碳中和,-8.78,79053933,1679352582,5.35649,0
688197,首药控股,19.0,885145,9.26,40.68,5454538,-4.1,,5454538,11085839,-5631301,创新药、医药,-12.23,60123749,1738938362,2.65794,0
688059,华锐精密,0.0,112815,5.95,85.6,3754211,-0.31,,3754211,6321032,-2566821,工业母机、湖南,-5.91,41001408,2742463049,0.953716,0
688559,海目星  ,7.4,1257821,5.93,41.85,3468767,-0.36,,3468767,20793458,-17324691,医疗器械、锂电设备,-5.93,89614724,5470014712,1.85328,-204
688176,亚虹医药,21.3,3035960,8.12,10.02,5081753,0.4,,5081753,14523376,-9441623,创新药、医药出海,-7.14,61875067,2801559255,1.64257,0
688485,九州一轨,8.1,1478456,6.07,14.64,4711325,3.32,,4711325,27497772,-22786447,科创板、环保,-2.59,84598513,489712260,0.984935,0
688286,敏芯股份,2.9,243530,7.6,45.83,3385641,-0.78,,3385641,7027491,-3641850,芯片、江苏省,-7.79,30047245,1524305136,1.58877,0
688429,时创能源,0.7,3030763,7.71,25.94,3709709,0.0,,3709709,20021367,-16311658,光伏、科创板,-7.16,134654049,771851834,1.14644,0
688503,聚和材料,14.8,2256877,7.5,73.63,3714040,3.73,,3714040,23705500,-19991460,光伏、科创板,-3.5,97113189,2713257842,1.8146,3675995
688426,康为世纪,1.3,83225,4.1,33.51,2460053,4.78,,2460053,13087008,-10626955,医药、猴痘概念,0.66,67358112,841821767,2.50677,0
688325,赛微微电,0.0,459648,6.44,35.8,3344243,0.28,,3344243,4574115,-1229872,芯片、三季报增长,-5.79,18404095,750041362,1.17485,0
688506,百利天恒,5.5,732363,14.71,89.19,2557270,-0.54,,2557270,17037867,-14480597,创新药、医药出海,-13.29,64167520,3110331700,1.24143,0
688075,安旭生物,72.0,572379,4.53,39.03,3834302,2.74,,3834302,12494778,-8660476,病毒防治、破净股概念,-1.71,30450175,1190413946,1.34366,0
688213,思特威  ,0.0,39942,2.49,41.2,3715248,-4.85,,3715248,7352939,-3637691,芯片、三季报增长,-7.17,62457252,7908869338,1.39173,0
688012,中微公司,10.4,36507520,7.24,130.56,5098446,0.01,,5098446,354973712,-349875266,芯片、上海,-6.74,1192162161,57696004057,1.47638,7719085
688589,力合微  ,12.3,3429600,10.47,35.92,3981780,-0.5,,3981780,16220830,-12239050,芯片、光伏,-9.93,91722290,3101292210,1.38729,0
688230,芯导科技,34.5,547746,6.47,37.47,3625178,1.0,,3625178,5135134,-1509956,芯片、三季报增长,-5.14,18022430,1068569460,1.49592,0
688096,京源环保,4.7,730688,2.83,9.71,3156673,1.89,,3156673,6937601,-3780928,环保、污水处理,-0.92,47768356,1140154602,2.18213,0
688433,华曙高科,0.0,401490,4.24,28.79,1230757,0.03,,1230757,3397357,-2166600,新型工业化、新材料概念,-4.03,36288931,994851953,1.70067,0
688359,三孚新科,24.5,710712,5.32,72.65,3453733,6.28,,3453733,60574173,-57120440,复合集流体、固态电池,0.9,128510801,3244222075,1.25781,3104862
688626,翔宇医疗,9.2,873385,5.61,37.52,2690007,0.32,,2690007,4095785,-1405778,科创板、养老概念,-5.01,38996049,1946866878,1.49621,0
688085,三友医疗,1.2,283156,4.18,21.0,3681224,-2.46,,3681224,5417149,-1735925,医药、医疗器械,-6.38,50866357,2144444200,1.39764,0
688258,卓易信息,21.6,1103298,12.9,56.07,5964216,-0.5,,5964216,13485200,-7520984,算力、江苏省,-11.87,164489348,2760693972,1.564,0
688551,科威尔  ,0.0,378488,4.33,58.15,3420361,0.28,,3420361,6056603,-2636242,电解槽、数字能源,-3.88,35209936,883962002,2.11113,0
688210,统联精密,36.8,292383,17.28,17.0,3130115,0.24,,3130115,3130115,0,消费电子、三季报增长,-14.53,14680223,1548574702,1.27448,0
688521,芯原股份,3.7,2722362,8.61,59.7,4056012,0.93,,4056012,20789377,-16733365,芯片、数字芯片,-7.07,194589534,28943056764,0.805314,0
688156,路德环境,9.4,1121971,3.79,28.2,3298726,0.86,,3298726,13912420,-10613694,并购重组、环保,-2.83,41053969,2010224592,0.909306,0
688320,禾川科技,18.0,126881,6.05,33.06,1803612,0.03,,1803612,7328286,-5524674,机器人概念、工业母机,-5.68,54235060,2798043448,0.91737,0
688248,南网科技,3.2,1506584,6.92,30.39,2121938,4.08,,2121938,14629125,-12507187,储能、电力,-2.66,93410264,2471071680,1.6278,0
688581,安杰思  ,0.0,2195336,8.7,95.72,3823960,3.01,,3823960,31843371,-28019411,医疗器械、三季报增长,-5.23,94488099,1236693689,3.2052,0
688077,大地熊  ,0.0,489125,7.43,23.38,2826966,0.47,,2826966,5271734,-2444768,稀土永磁、三季报增长,-6.48,23325677,1766963373,1.69309,0
688300,联瑞新材,26.0,642104,5.03,39.11,2817505,-0.18,,2817505,4708367,-1890862,HBM、芯片,-4.96,26367020,2847607115,0.82542,0
688519,南亚新材,5.8,400543,7.21,21.24,2234221,-0.56,,2234221,3782789,-1548568,三季报增长、年报增长,-7.25,24928216,1694096060,0.922731,0
688099,晶晨股份,11.5,2395185,4.28,85.66,4399473,3.27,,4399473,43643857,-39244384,芯片、数字芯片,-0.97,273629030,25280458679,1.0765,0
688450,光格科技,14.2,4798888,8.87,42.85,2438185,1.9,,2438185,20583111,-18144926,科创板、数字经济,-6.4,88318913,633963393,0.605003,0
688522,纳睿雷达,7.7,1896743,7.17,52.53,2977145,0.71,,2977145,13461959,-10484814,毫米波雷达、年报增长,-6.03,52838334,1880263653,0.75446,0
688566,吉贝尔  ,18.0,3032600,15.69,24.7,2244667,-3.14,,2244667,4150119,-1905452,医药、眼科医疗,-16.27,60736028,2601316927,1.84805,0
688211,中科微至,0.0,407913,4.66,37.8,3609673,1.8,,3609673,9495573,-5885900,智能物流、物流,-2.73,26939761,1909606521,1.59569,0
688348,昱能科技,2.3,6384486,9.97,146.2,2763574,1.11,,2763574,82400842,-79637268,逆变器、光伏,-8.05,263353919,8347356691,1.21585,-1257332
688391,钜泉科技,0.0,543592,5.4,53.51,2171106,0.72,,2171106,3245593,-1074487,科创板、智能电网,-4.45,26542043,989862815,1.50312,0
688337,普源精电,0.0,2384504,1.05,45.26,2941365,-1.09,,2941365,9146904,-6205539,新型工业化、专用设备,-2.12,36090790,2547969497,0.825839,0
688282,*ST导航 ,5.5,640768,5.79,41.14,3096128,-2.42,,3096128,13228075,-10131947,军工、ST板块,-7.76,66474438,1221857511,1.13963,0
688343,云天励飞,6.3,3410278,5.59,48.19,3529680,0.9,,3529680,44536651,-41006971,训推一体机、芯片,-4.44,197313614,3591650625,1.28087,0
688366,昊海生科,3.4,1958528,5.71,98.31,18587,-0.07,,18587,28883460,-28864873,医美、并购重组,-5.47,141703714,6384675700,0.947796,-5925325
688513,苑东生物,9.5,97051,2.82,47.29,2415635,0.15,,2415635,9598091,-7182456,科创板、医药,-2.6,28554260,2425503246,2.0346,0
688597,煜邦电力,23.5,917085,3.83,8.0,2241452,-4.31,,2241452,4120408,-1878956,充电桩、汽车充电,-7.83,39224572,1241118707,3.08014,0
688101,三达膜  ,4.2,6615557,2.39,16.7,2836685,5.03,,2836685,66723237,-63886552,环保、锂电池,2.58,283239304,1724822310,1.56098,0
688292,浩瀚深度,1.2,5845612,8.51,27.59,3698867,-2.95,,3698867,41066060,-37367193,华为概念、科创板,-10.57,286956250,2229344065,1.04587,0
688772,珠海冠宇,5.1,2250647,5.71,19.72,2719209,0.61,,2719209,18243636,-15524427,动力电池、锂电池,-4.83,176554538,13176378624,1.03606,0
688160,步科股份,3.2,2686083,7.8,49.68,1081843,-4.13,,1081843,21733010,-20651167,机器人概念、电气设备,-11.06,144600485,1376975890,0.730479,0
688408,中信博  ,6.9,2041686,5.89,55.51,3644199,1.2,,3644199,13416103,-9771904,光伏支架、分布式光伏,-4.42,103951889,4054603108,1.16299,0
688192,迪哲医药,8.6,2108722,9.5,29.4,1686338,-2.97,,1686338,9530864,-7844526,创新药、医药出海,-11.39,76135576,3479048412,2.04327,0
688143,长盈通  ,9.9,703810,7.49,30.56,2274564,-2.61,,2274564,6180188,-3905624,通信、并购重组,-9.4,33615770,796896006,1.07415,0
688259,创耀科技,97.8,2506432,8.47,60.0,2045454,1.69,,2045454,11089494,-9044040,星闪概念、三季报增长,-6.25,53113397,3140926441,1.03428,0
688079,美迪凯  ,18.5,479846,6.31,9.1,1592265,0.78,,1592265,2236695,-644430,科创板、浙江,-5.21,20932589,1191151569,1.39394,0
688333,铂力特  ,0.0,3155179,4.89,108.97,2547997,-3.39,,2547997,38071037,-35523040,西部大开发、股权转让,-7.89,183173294,13813726520,1.83048,-3360344
688620,安凯微  ,9.5,3165868,5.92,12.16,2501205,1.42,,2501205,13397429,-10896224,DeepSeek、数字经济,-4.25,90218864,1024776886,1.01188,0
688076,诺泰生物,4.8,1287860,2.49,27.71,2022030,-1.28,,2022030,16895229,-14873199,减肥药、科创板,-3.68,84305200,4056022487,1.11342,0
688360,德马科技,36.8,798857,6.65,18.55,2196159,0.33,,2196159,3323613,-1127454,三季报增长、年报增长,-5.93,21101694,1096563913,1.28823,0
688061,灿瑞科技,119.5,1007748,7.06,39.37,2652427,0.36,,2652427,8165537,-5513110,先进封装、科创板,-6.26,32041693,1071805534,1.4731,0
688216,气派科技,66.0,303973,4.59,21.72,2154010,-1.18,,2154010,2154010,0,先进封装、芯片封测,-5.52,15802171,951336000,1.40641,0
688393,安必平  ,0.0,26707,4.03,21.82,2149650,-0.14,,2149650,6384209,-4234559,腾讯系AI 、医药,-4.0,36576491,1407481972,1.34864,0
688229,博睿数据,2.4,533628,6.11,40.11,1987057,-2.69,,1987057,3170913,-1183856,云计算、科创板,-8.3,27641422,1178115573,0.704652,0
688087,英科再生,1.8,1490885,4.55,23.9,2053432,-1.97,,2053432,13044837,-10991405,科创板、化工,-6.24,69651987,2446691469,1.64667,0
688165,埃夫特  ,5.4,819291,8.99,9.76,1862458,0.83,,1862458,10998793,-9136335,机器人概念、科创板,-7.49,73867203,2791231197,1.10989,0
688698,伟创电气,16.8,1156068,9.81,29.14,2224435,-2.44,,2224435,3952181,-1727746,光伏、氢能源,-11.16,56548800,1337569710,0.870458,0
688196,卓越新能,0.0,432951,4.37,46.37,1752404,-0.6,,1752404,3921323,-2168919,生物质能、环保,-4.76,18295758,1391100000,1.36907,0
688220,翱捷科技,9.2,1568929,4.93,68.87,1640245,1.56,,1640245,10229455,-8589210,阿里巴巴概念、模拟芯片,-3.2,128678834,12300671933,1.61238,0
688793,倍轻松  ,0.0,323576,8.24,32.94,1731252,-3.03,,1731252,2728998,-997746,家电、科创板,-10.42,25354203,929853967,2.22078,0
688711,宏微科技,12.8,1168002,6.29,50.99,1346548,1.55,,1346548,10211202,-8864654,芯片、科创板,-4.46,70893448,5848050239,0.947571,0
688281,华秦科技,0.0,938127,3.71,181.0,1085322,-2.06,,1085322,17336792,-16251470,军工、化工,-5.56,98041958,6103984451,1.93724,-1455986
688051,佳华科技,6.0,2598961,8.4,30.52,1384603,-5.36,,1384603,9814284,-8429681,数据确权、算力,-12.7,61217681,971878142,0.771491,0
688611,杭州柯林,3.8,123480,5.88,34.11,1658093,0.32,,1658093,2345589,-687496,宇树机器人、科创板,-5.25,14251951,667362150,1.32356,0
688184,帕瓦股份,0.0,576406,7.46,24.55,2388567,2.29,,2388567,2775266,-386699,科创板、锂电池,-4.81,14993023,837873824,1.06467,0
688668,鼎通科技,1.1,520349,3.34,50.79,1943213,-5.77,,1943213,13169565,-11226352,高速连接、科创板,-8.82,173089123,2364705961,2.09779,0
688200,华峰测控,1.8,879325,4.69,135.5,1051425,-0.11,,1051425,15800446,-14749021,芯片、第三代半导体,-4.58,178784564,10554593954,1.32767,0
688448,磁谷科技,0.0,357163,5.14,27.94,2524712,1.16,,2524712,5983036,-3458324,液冷服务器、算力,-3.79,30141976,472871508,0.904132,0
688073,毕得医药,2.7,925072,8.01,68.8,1921803,3.79,,1921803,12622191,-10700388,医药、科创板,-3.91,62576809,1344340717,1.38386,0
688131,皓元医药,0.0,981850,4.6,47.84,848865,0.08,,848865,7581220,-6732355,创新药、CRO,-4.32,92470609,3592681445,1.45904,0
688458,美芯晟  ,0.0,2107440,4.44,75.38,1988215,-1.59,,1988215,10778312,-8790097,芯片、专精特新,-5.78,70042837,1360482135,1.17686,0
688157,松井股份,1.7,383763,5.63,52.12,1446648,-0.21,,1446648,3221992,-1775344,消费电子、湖南,-5.53,33564898,2561348807,0.775432,0
688191,智洋创新,0.0,315332,5.91,15.17,1443040,-2.63,,1443040,2687564,-1244524,华为概念、科创板,-8.06,31214177,1109906178,1.15237,0
688722,同益中  ,0.0,2516951,6.2,14.77,1530556,2.86,,1530556,6132173,-4601617,化工、央企,-3.15,40980409,1415825417,1.03424,0
688155,先惠技术,0.0,0,0.0,43.28,1393309,2.12,,1393309,2011275,-617966,锂电池、氢能源,2.12,16527021,1984534510,1.1706,0
688622,禾信仪器,5.1,1121728,5.52,32.65,1746669,1.33,,1746669,4789947,-3043278,量子科技、并购重组,-3.97,33501477,772743443,1.53707,0
688510,航亚科技,8.3,425199,4.98,17.2,1334268,1.96,,1334268,3121280,-1787012,科创板、医药,-2.88,30560617,2287685621,1.08602,0
688418,震有科技,5.7,842208,8.07,13.28,1284387,-0.75,,1284387,8745888,-7461501,CPO/MPO、卫星导航,-8.16,76041932,1761028105,0.631772,0
688237,超卓航科,0.0,218142,6.3,42.48,978574,0.17,,978574,3542462,-2563888,军工、年报增长,-5.77,18116866,1294361904,0.680069,0
688480,赛恩斯  ,1.1,606907,2.52,27.93,1478440,0.47,,1478440,6836533,-5358093,环保、三季报增长,-2.0,42217819,562808157,1.54085,0
688371,菲沃泰  ,24.8,1020963,10.85,16.94,822020,0.41,,822020,4125318,-3303298,消费电子、三季报增长,-9.41,26425057,1365903437,0.890159,0
688231,隆达股份,4.9,882831,5.22,24.31,910484,1.5,,910484,3707640,-2797156,科创板、年报增长,-3.53,29561781,2858930121,1.78321,0
688168,安博通  ,11.6,915315,5.87,30.0,1393786,0.57,,1393786,4066406,-2672620,AI安全、专精特新,-5.0,36234375,1481480032,0.756301,0
688100,威胜信息,11.3,443300,6.73,23.88,2574123,-1.97,,2574123,6863130,-4289007,湖南、三季报增长,-8.15,51772306,3452092800,1.83674,0
688667,菱电电控,0.0,237616,5.21,71.16,1117672,-0.31,,1117672,2110344,-992672,专精特新、汽车类,-5.25,23233519,1472670409,2.1134,0
688310,迈得医疗,0.6,298590,4.84,28.6,1205905,0.35,,1205905,2912282,-1706377,医疗器械、医药,-4.28,23565495,1848821536,1.48099,0
688033,天宜上佳,36.8,2077735,4.52,16.4,1067320,0.18,,1067320,12091443,-11024123,光伏、破净股概念,-4.15,75792881,7169331901,1.66844,0
688268,华特气体,189.5,2317329,7.06,59.0,223102,3.55,,223102,11428289,-11205187,制氢、工业气体,-3.28,86926315,3115419384,1.66785,0
688175,高凌信息,0.0,279520,7.2,29.72,384438,-0.44,,384438,2974875,-2590437,军工、并购重组,-7.13,13422240,863222092,1.21513,0
688153,唯捷创芯,0.0,614270,4.7,65.17,2096705,-0.32,,2096705,8160854,-6064149,芯片、科创板,-4.79,54581001,5865307560,0.908281,0
688428,诺诚健华,177.0,1751729,7.22,10.26,1485867,0.1,,1485867,9505209,-8019342,科创板、医药,-6.64,46223853,2485931731,1.19337,0
688177,百奥泰  ,249.0,1475816,7.94,27.63,934973,0.69,,934973,8365526,-7430553,医药出海、新冠药概念,-6.72,37902348,3330609800,0.71822,0
688314,康拓医疗,0.0,1086136,9.24,27.98,1053716,-1.72,,1053716,1482864,-429148,科创板、医药,-10.03,19081330,803803347,1.21037,0
688013,天臣医疗,11.2,363575,5.16,21.17,1030958,3.12,,1030958,1030958,0,医药、医疗器械,-1.95,18403695,732407275,1.15934,0
688298,东方生物,0.0,535450,4.9,37.3,1922940,0.35,,1922940,9875465,-7952525,新冠检测、破净股概念,-4.33,44980001,4482774515,0.897595,0
688683,莱尔科技,10.3,720000,7.05,22.17,1397226,-1.12,,1397226,2638985,-1241759,芯片、科创板,-7.62,20600639,1299226936,0.953516,0
688681,科汇股份,0.4,373906,5.03,13.47,935168,-0.3,,935168,3091581,-2156413,科创板、虚拟电厂,-5.07,29268985,902377997,1.27813,0
688509,正元地信,1.5,1307736,5.54,4.8,-312180,2.35,,-312180,5047270,-5359450,基础建设、PPP概念,-3.03,66801746,1567102251,0.899013,0
688004,博汇科技,0.9,718950,7.38,28.42,773130,1.79,,773130,5487325,-4714195,AIGC、算力,-5.2,69248832,885852036,1.34785,0
688355,明志科技,3.1,216310,6.75,20.46,953171,-2.06,,953171,4328052,-3374881,工业母机、一带一路,-8.25,27067452,801691464,1.23688,0
688001,华兴源创,0.0,1449338,6.51,29.25,617579,1.21,,617579,5027359,-4409780,并购重组、江苏省,-4.97,34308355,2587123822,1.2543,0
688517,金冠电气,2.7,305819,7.65,16.3,873644,-0.24,,873644,2342574,-1468930,汽车充电、柔性直流,-7.33,35614311,1146198164,1.00406,0
688636,智明达  ,3.2,2440993,6.96,48.4,2358636,1.53,,2358636,11720194,-9361558,军工、西部大开发,-5.08,88337290,1678383949,1.00788,0
688070,纵横股份,0.0,173014,4.08,35.88,1144663,-1.73,,1144663,2197072,-1052409,飞行汽车、低空经济,-5.58,14734594,1130220043,1.37127,0
688697,纽威数控,36.0,1710035,5.17,20.48,1148558,-0.05,,1148558,4635084,-3486526,工业母机、年报增长,-4.97,43740494,1588907315,1.35016,0
688159,有方科技,7.6,869857,4.98,35.75,935572,-1.65,,935572,22443747,-21508175,物联网、通信,-6.32,72948751,2180738817,1.76684,0
688026,洁特生物,8.2,196785,4.75,15.26,821019,0.66,,821019,821019,0,病毒防治、三季报增长,-3.9,15190689,1081956369,0.782516,0
688571,杭华股份,7.8,315774,4.58,6.49,796305,2.53,,796305,1788417,-992112,科创板、化工,-1.96,21299305,675709989,1.64185,0
688028,沃尔德  ,0.0,487596,7.92,18.37,788525,1.05,,788525,1107051,-318526,金刚石概念、并购重组,-6.37,20418629,1308960165,1.4472,0
688251,井松智能,6.8,1240588,3.26,28.25,1104020,1.29,,1104020,2348355,-1244335,机器人概念、科创板,-1.91,18338285,483897513,0.646403,0
688296,和达科技,3.3,333291,4.62,14.9,749994,-8.14,,749994,6784390,-6034396,水务、三季报增长,-12.2,70264615,882663529,3.47418,0
688370,丛麟科技,135.5,741933,4.04,26.66,716114,1.64,,716114,716114,0,科创板、破净股概念,-2.31,19955425,1163869387,0.930568,0
688102,斯瑞新材,41.0,92496,7.43,10.48,700747,-0.19,,700747,2598991,-1898244,有色金属、西部大开发,-7.09,25506889,1687995584,1.18259,0
688010,福光股份,94.0,372288,5.45,18.83,670413,0.53,,670413,1318754,-648341,消费电子、年报增长,-4.66,26980708,1622098326,1.5247,0
688080,映翰通  ,5.9,310527,5.88,37.3,316111,-1.19,,316111,2033396,-1717285,工业互联网、算力,-6.68,44263065,1982923805,0.950865,0
688373,盟科药业,23.8,942295,5.6,6.4,977458,2.4,,977458,4197318,-3219860,科创板、医药,-3.03,41950798,2204264371,2.02493,0
688639,华恒生物,0.0,0,0.0,92.0,-981522,1.81,,-981522,12504267,-13485789,科创板、农业,1.81,85370893,9345370488,1.12259,-6075173
688199,久日新材,34.0,655370,3.97,26.66,561332,0.87,,561332,2048644,-1487312,芯片、并购重组,-2.98,16550288,2267258514,1.02764,0
688501,青达环保,76.0,287240,6.73,17.84,272501,0.85,,272501,1766710,-1494209,环保、火电灵活改造,-5.51,24895632,1287630701,1.3777,0
688739,成大生物,150.4,6570889,6.36,31.68,1383131,0.25,,1383131,13854744,-12471613,地方国企、国有企业,-5.74,67245137,5685222565,2.0935,0
688273,麦澜德  ,12.5,1389982,5.85,30.95,1351626,-2.21,,1351626,5442956,-4091330,医疗器械、科创板,-7.61,46059797,1031642856,2.18851,0
688068,热景生物,0.0,865687,4.25,36.3,532456,1.48,,532456,3542736,-3010280,医疗器械、抗原检测,-2.65,32959090,2078493233,1.2004,0
688625,呈和科技,13.3,159244,7.38,36.22,574503,-1.04,,574503,574503,0,科创板、化工,-7.84,16188827,1478985172,1.02996,0
688173,希荻微  ,6.9,400069,5.97,16.4,528723,-1.03,,528723,2945145,-2416422,并购重组、芯片,-6.61,49722736,1612191318,1.13926,0
688315,诺禾致源,7.4,485524,5.62,20.37,542395,-4.59,,542395,1584642,-1042247,基因疗法、科创板,-9.67,54912652,2238816121,1.27714,0
688685,迈信林  ,138.0,548596,5.82,18.35,495184,-2.08,,495184,1136592,-641408,CPO/MPO、科创板,-7.46,28946902,909181223,1.0546,0
688328,深科达  ,26.0,229295,5.52,21.23,477690,1.92,,477690,2360828,-1883138,VR/AR/MR、科创板,-3.41,53373611,1021340313,1.60895,0
688701,卓锦股份,1.8,395380,4.71,9.65,457417,1.05,,457417,2676756,-2219339,科创板、环保,-3.5,29138833,486159982,0.887578,0
688311,盟升电子,3.0,1638344,4.01,34.74,3487989,-3.9,,3487989,33876563,-30388574,军工、西部大开发,-7.61,154129268,5567477840,2.02106,0
688170,德龙激光,0.0,484780,7.35,34.0,319589,-1.16,,319589,1808435,-1488846,玻璃基板、光伏,-7.93,23892159,2235262000,1.04053,0
688699,明微电子,6.2,1113385,7.15,36.83,218447,-0.3,,218447,3387531,-3169084,芯片、三季报增长,-6.95,37254021,1929422933,1.07482,0
688479,友车科技,15.1,2297856,3.23,27.24,-130800,-0.15,,-130800,11361907,-11492707,国产软件、科创板,-3.27,78970364,886505207,1.44058,0
688049,炬芯科技,3.0,1662183,6.21,29.51,327845,1.76,,327845,7249246,-6921401,芯片、三季报增长,-4.19,79127597,2646025954,1.12144,0
688669,聚石化学,144.0,510333,4.25,17.01,793830,0.29,,793830,1435169,-641339,科创板、磷化工,-3.79,18018134,1035736076,1.63257,0
688293,奥浦迈  ,0.0,596298,4.55,43.83,418867,-0.39,,418867,3904632,-3485765,医药、科创板,-4.72,40203036,1085950620,1.15662,0
688084,晶品特装,6.4,360639,5.49,66.79,415543,0.23,,415543,3772527,-3356984,机器人概念、军工电子,-4.99,22201669,1218249600,0.828809,0
688260,昀冢科技,0.0,72352,5.82,15.18,70553,0.4,,70553,3774496,-3703943,消费电子、江苏省,-5.13,16738116,1034004827,1.0838,0
688115,思林杰  ,10.4,305036,6.39,30.21,356514,-0.56,,356514,814534,-458020,苹果概念、并购重组,-6.53,11457255,746604880,0.665199,0
688575,亚辉龙  ,9.6,402378,4.14,15.68,1212557,1.49,,1212557,7238084,-6025527,科创板、抗原检测,-2.55,62625134,4197620609,1.57421,0
688278,特宝生物,5.4,166704,4.44,31.2,1854915,-3.85,,1854915,6012110,-4157195,年报增长、医药,-7.94,84063335,5341000541,2.16939,0
688409,富创精密,36.6,2131938,6.04,78.3,280986,0.04,,280986,15068290,-14787304,芯片、科创板,-5.66,90910599,3660835616,1.37046,0
688163,赛伦生物,0.0,370000,6.61,19.1,-64569,1.81,,-64569,328743,-393312,医药、三季报增长,-4.5,12096058,817880718,1.29874,0
688330,宏力达  ,16.1,1467434,6.03,29.73,-64436,0.1,,-64436,9294644,-9359080,科创板、碳中和,-5.59,40861896,2094816960,2.0755,0
688570,天玛智控,33.8,4211321,6.27,24.73,1542325,1.27,,1542325,14513227,-12970902,华为概念、央企,-4.7,78322141,1343066293,0.668445,0
688182,灿勤科技,0.0,300521,5.42,19.48,224974,0.57,,224974,1611601,-1386627,年报增长、三季报增长,-4.6,18825381,1870080000,1.20201,0
688633,星球石墨,0.0,17028,2.79,27.36,208735,-0.91,,208735,532188,-323453,科创板、化工,-3.59,10400744,930474420,1.37219,0
688368,晶丰明源,0.6,80345,5.74,98.8,-115174,-2.09,,-115174,8030050,-8145224,芯片、并购重组,-7.4,72202614,2067596417,1.65387,0
688338,赛科希德,0.0,658980,8.12,30.77,191245,1.18,,191245,1170125,-978880,医药、医疗器械,-6.42,24217556,1765230370,1.40737,0
688221,前沿生物,0.0,191704,4.85,9.87,187272,1.75,,187272,4768615,-4581343,创新药、科创板,-2.95,33000252,2030497390,1.32302,0
688302,海创药业,7.1,609469,6.02,41.5,168754,-2.83,,168754,1027146,-858392,创新药、新冠药概念,-8.35,25994438,1778120205,1.35351,0
688150,莱特光电,4.8,311454,5.86,15.54,489173,-0.96,,489173,5271177,-4782004,面板、西部大开发,-6.44,41111337,2000061404,1.14088,0
688606,奥泰生物,0.0,376990,4.92,47.01,703021,1.49,,703021,2199209,-1496188,医药、科创板,-3.27,26161064,1431362670,2.19436,0
688687,凯因科技,3.4,591600,5.99,18.56,148374,-1.64,,148374,2467716,-2319342,医药、新冠药概念,-7.2,41934707,2193736320,0.971822,0
688113,联测科技,14.5,239985,7.57,37.9,185622,-0.08,,185622,1706100,-1520478,小米汽车、科创板,-7.11,9594126,1140640395,1.7573,0
688459,哈铁科技,1.2,604838,3.34,9.46,797693,1.83,,797693,4727518,-3929825,轨道交通、央企,-1.46,27119371,825848540,0.640288,0
688280,精进电动,0.0,506640,6.74,7.65,1047949,1.06,,1047949,2284893,-1236944,电机电控、汽车类,-5.32,27826000,2158175991,1.56197,0
688381,帝奥微  ,56.9,1209476,7.45,24.87,-137392,0.73,,-137392,13984499,-14121891,宇树机器人、芯片,-6.26,54616886,4467088220,0.971308,0
688272,富吉瑞  ,0.0,0,0.0,17.8,60582,-0.95,,60582,1742590,-1682008,机器视觉、三季报增长,-0.95,9179958,398678394,1.62975,0
688558,国盛智科,9.6,710529,6.41,27.93,871671,0.58,,871671,3012743,-2141072,江苏省、军工,-5.48,50213508,1366055182,5.4805,0
688247,宣泰医药,2.7,317714,6.31,10.87,345472,-0.55,,345472,2276846,-1931374,上海、地方国企,-6.45,35000241,1522393502,1.29779,0
688372,伟测科技,0.0,155827,5.42,93.39,28378,-0.05,,28378,3650559,-3622181,芯片、科创板,-5.19,44382092,2276420380,0.621845,0
688225,亚信安全,17.6,291640,8.24,16.78,430100,-1.29,,430100,1089006,-658906,DeepSeek、年报增长,-8.8,25218155,3178851057,1.15436,0
688265,南模生物,0.0,221400,3.74,35.98,0,1.15,,0,0,0,医药、年报增长,-2.49,5325209,914232430,0.936156,0
688538,和辉光电,23.0,4077084,2.29,2.64,0,0.76,,0,0,0,面板、地方国企,-1.49,128079323,10122178373,2.15293,0
688500,慧辰股份,2.0,390374,4.14,17.23,0,0.35,,0,0,0,数字经济、并购重组,-3.64,3887207,813506238,0.603827,0
688616,西力科技,50.9,424223,6.63,11.6,-24682,3.94,,-24682,317869,-342551,便携式储能、电力,-2.52,28226551,634752000,2.40916,0
688215,瑞晟智能,0.0,285739,5.47,33.74,-43464,0.24,,-43464,653234,-696698,年报增长、业绩增长,-4.96,16832158,537528203,1.22938,0
688737,中自科技,1.3,297612,6.63,26.61,-44064,1.33,,-44064,328395,-372459,固态电池、汽车类,-4.96,22381561,1536076353,1.19779,0
688135,利扬芯片,1.2,200875,5.69,18.08,367326,-0.06,,367326,3335777,-2968451,芯片、算力,-5.44,28247942,2335036050,1.01623,0
688148,芳源股份,10.1,819930,7.24,9.3,492707,0.43,,492707,2824102,-2331395,锂电池、汽车零部件,-6.34,47301275,3193418740,1.24342,0
688021,奥福环保,2.2,231105,8.52,22.83,-78999,-0.31,,-78999,305340,-384339,汽车类、破净股概念,-8.13,20636764,1094324026,1.15591,0
688560,明冠新材,45.1,1516977,5.42,20.07,-84419,0.75,,-84419,3204252,-3288671,光伏、POE胶膜,-4.43,59878917,2559565594,1.399,0
688367,工大高科,21.8,645962,3.82,16.25,-87763,-2.93,,-87763,3978744,-4066507,三季报增长、年报增长,-6.5,31081867,859811271,1.87857,0
688356,键凯科技,54.5,2114767,6.55,88.88,-738347,-1.96,,-738347,18614974,-19353321,创新药、医美,-7.99,66439711,2666891777,1.71367,13938983
688306,均普智能,7.8,1507478,5.75,5.09,-647104,0.99,,-647104,4303330,-4950434,机器人概念、汽车零部件,-4.5,37476373,1952485032,1.16916,0
688819,天能股份,14.1,1150235,5.75,35.42,-145367,5.51,,-145367,6421072,-6566439,储能、锂电池,-0.23,93494347,4636478000,1.81866,0
688288,鸿泉物联,0.5,67723,7.48,20.52,0,-0.97,,0,0,0,车路云、智能驾驶,-7.86,16005912,1021910107,0.854839,0
688136,科兴制药,16.3,250182,4.31,16.24,-154576,-0.06,,-154576,759305,-913881,医药出海、新冠药概念,-4.19,14126268,1094905721,1.18124,0
688677,海泰新光,21.9,1778390,6.93,46.01,-157214,-2.75,,-157214,11976816,-12134030,医药、医疗器械,-9.05,100496590,3459923520,2.07566,0
688226,威腾电气,6.6,557353,7.31,15.85,-173603,2.59,,-173603,2207719,-2381322,光伏、科创板,-4.4,50505722,960095447,1.8667,0
688035,德邦科技,106.5,1090969,6.71,46.23,-477232,-3.65,,-477232,17554102,-18031334,芯片、科创板,-9.71,105818775,1423723305,2.19439,0
688317,之江生物,66.0,590684,4.98,21.45,813150,0.7,,813150,2774732,-1961582,病毒防治、破净股概念,-4.07,36015584,2654068346,1.39033,0
688236,春立医疗,2.3,292820,4.96,19.67,-210240,0.61,,-210240,1300977,-1511217,医药、医疗器械,-4.14,38852627,1529490910,1.15048,0
688232,新点软件,0.0,520590,5.85,39.71,-247062,0.08,,-247062,2730655,-2977717,鸿蒙概念、国产软件,-5.45,45228366,3853871980,1.02084,0
688386,泛亚微透,8.2,337950,4.13,35.43,-265885,-1.75,,-265885,1060409,-1326294,气凝胶、并购重组,-5.65,21242444,1193689645,1.36361,0
688539,高华科技,5.2,1424438,8.77,39.1,-702589,2.09,,-702589,3590820,-4293409,军工、高铁,-6.14,52903145,1103689111,1.20525,0
688217,睿昂基因,7.8,307788,4.64,36.75,-308474,-1.4,,-308474,865089,-1173563,科创板、医药,-5.77,18521953,1144364455,0.906473,0
688275,万润新能,17.4,1879535,5.8,78.94,-827602,0.62,,-827602,5850255,-6677857,锂电池、科创板,-4.89,41243623,2319517939,1.9085,0
688060,云涌科技,5.1,388989,8.65,46.07,-324306,4.35,,-324306,0,-324306,科创板、新型工业化,-3.96,21112708,988348502,1.11624,0
688161,威高骨科,0.0,1897021,5.52,36.97,-1244446,0.11,,-1244446,4012280,-5256726,医疗器械、科创板,-5.13,45731873,1880259333,1.14812,0
688382,益方生物,34.6,2534369,8.4,12.4,-329743,-2.67,,-329743,3650511,-3980254,医药、创新药,-10.21,37827080,1383220000,1.9123,0
688181,八亿时空,12.6,885898,5.95,24.64,-347476,0.41,,-347476,739893,-1087369,芯片、并购重组,-5.23,18660336,2347726715,1.15446,0
688193,仁度生物,0.0,226450,4.94,43.24,-352336,0.19,,-352336,0,-352336,霍乱概念、医药,-4.53,9101431,789457695,1.26651,0
688488,艾迪药业,355.0,737343,6.68,9.77,-666959,0.41,,-666959,3633827,-4300786,医药、创新药,-5.88,31891927,4006924083,1.23411,0
688098,申联生物,0.0,165949,4.57,7.33,-367789,1.52,,-367789,0,-367789,农业、动物疫苗,-2.91,12398339,1662834665,1.36252,0
688693,锴威特  ,1.3,5731038,7.49,55.18,-1378397,2.26,,-1378397,54693487,-56071884,芯片、第三代半导体,-4.86,274964393,907484100,0.716344,0
688707,振华新材,3.7,817841,6.95,24.16,-375005,-1.19,,-375005,7327893,-7702898,化工、锂电池,-7.61,62976821,6734325784,1.34652,0
688055,龙腾光电,8.0,322279,4.52,3.83,-381268,1.86,,-381268,0,-381268,芯片、科创板,-2.54,15037789,1325307693,1.25269,0
688468,科美诊断,14.0,851096,5.46,8.8,-352438,2.21,,-352438,713247,-1065685,科创板、医药,-3.08,25384040,1763497521,1.2194,0
688047,龙芯中科,3.2,5522098,6.2,90.0,-319477,1.47,,-319477,51236258,-51555735,芯片、算力,-4.46,246227106,7867824840,1.02921,0
688038,中科通达,9.0,535977,5.3,12.79,-428859,-0.23,,-428859,1550008,-1978867,网络安全、科创板,-5.26,32087336,911035000,0.855784,0
688130,晶华微  ,89.0,769356,4.42,41.0,98270,-0.44,,98270,862422,-764152,芯片、浙江,-4.65,10302194,654950400,0.817597,0
688379,华光新材,2.3,794130,4.41,19.58,-452705,-0.76,,-452705,1621054,-2073759,机器人概念、绿色电力,-4.95,37213847,819766238,0.785767,0
688585,上纬新材,160.0,250880,6.23,7.49,-459590,1.49,,-459590,0,-459590,科创板、风电材料,-4.46,10319949,384205500,0.90841,0
688078,龙软科技,19.7,613583,5.58,41.0,-1510973,-2.59,,-1510973,3623241,-5134214,DeepSeek、煤炭,-7.74,49849266,1590760432,1.23971,0
688119,中钢洛耐,0.0,550784,4.3,5.17,-849997,0.98,,-849997,4527732,-5377729,新材料概念、中字头,-3.18,43222205,1766659764,1.46728,0
688238,和元生物,7.1,467400,8.24,9.62,-441539,1.58,,-441539,3555244,-3996783,基因疗法、医药,-6.15,42814670,3324811270,1.08337,0
688297,中无人机,12.2,2667083,5.13,46.6,-1344270,1.33,,-1344270,22163670,-23507940,军工、无人机,-3.62,117156080,5996796425,1.08524,0
688767,博拓生物,0.0,645746,5.47,26.0,-502278,2.36,,-502278,1415063,-1917341,医疗器械、抗原检测,-2.95,24330982,1016832050,0.776273,0
688528,秦川物联,13.9,309672,5.09,9.81,-531060,1.87,,-531060,0,-531060,并购重组、西部大开发,-3.06,11254689,655648593,1.43027,0
688190,云路股份,0.0,206612,6.56,68.0,-1420775,-1.81,,-1420775,2307766,-3728541,科创板、央企,-7.85,30724257,2052647047,1.81496,0
688432,有研硅  ,3.2,1552681,5.79,13.6,-411050,2.26,,-411050,5424649,-5835699,芯片、硅片,-3.34,62292528,1993721254,1.89396,0
688788,科思科技,6.9,951902,4.84,34.01,-720252,1.55,,-720252,2385389,-3105641,芯片、军工,-3.13,25522248,1399313104,1.6129,0
688081,兴图新科,0.0,242107,8.92,14.99,-579708,-0.93,,-579708,2105796,-2685504,军工、武汉,-9.04,29477405,224730594,1.28473,0
688696,极米科技,43.0,2228349,7.74,119.34,-2375333,-0.72,,-2375333,18420221,-20795554,科创板、西部大开发,-7.85,87355099,4913292060,1.46708,0
688088,虹软科技,16.0,2992860,7.14,34.9,-1019643,3.87,,-1019643,26452656,-27472299,AIGC、汽车类,-3.06,244602965,8065732578,1.60591,0
688253,英诺特  ,17.6,615801,5.22,19.65,-153309,0.61,,-153309,1956055,-2109364,流感、抗原检测,-4.38,23977158,1294510187,1.32437,0
688552,航天南湖,126.1,3137205,4.19,21.68,-693615,-0.09,,-693615,20966777,-21660392,军工、央企,-4.11,77061520,1659494711,1.23517,0
688015,交控科技,2.4,165510,4.29,15.31,-651167,1.12,,-651167,1422122,-2073289,低空经济、基础建设,-3.04,19909823,1637830033,1.30869,0
688178,万德斯  ,0.0,739538,4.84,18.91,99297,1.67,,99297,1112597,-1013300,环保、污水处理,-3.03,20780024,813656900,0.925722,0
688799,华纳药厂,135.0,2162640,6.24,37.74,-621157,0.24,,-621157,19458184,-20079341,医药、科创板,-5.65,67095499,1623106473,2.06926,0
688323,瑞华泰  ,7.5,182648,3.93,21.32,-719544,-0.28,,-719544,4093255,-4812799,消费电子、科创板,-4.05,19765049,2083688411,1.11536,0
688227,品高股份,4.4,1214253,7.02,19.81,-2112297,-0.6,,-2112297,2716293,-4828590,DeepSeek、科创板,-7.13,60082334,1100863782,1.13114,0
688171,纬德信息,29.4,458947,4.42,21.23,-732332,-0.19,,-732332,0,-732332,科创板、数字经济,-4.41,21065008,1009717100,0.958447,0
688186,广大特材,1.2,1389135,7.8,20.64,-1747284,-2.41,,-1747284,34378683,-36125967,风电、核电,-9.47,195612520,3247223218,2.95998,0
688283,坤恒顺维,0.0,5477,4.84,64.01,-747577,-0.76,,-747577,764498,-1512075,军工、西部大开发,-5.34,18009164,2214955372,0.907189,0
688403,汇成股份,7.6,1191913,5.31,9.62,-830236,0.1,,-830236,13383142,-14213378,科创板、芯片,-4.94,81627009,4097358163,1.58483,0
688689,银河微电,12.7,600131,6.04,22.06,-773073,-1.3,,-773073,1366871,-2139944,第三代半导体、年报增长,-6.92,16976719,818488981,1.02687,0
688129,东来技术,0.0,93660,3.53,13.76,-721728,1.18,,-721728,0,-721728,化工、三季报增长,-2.27,12310545,570076800,1.5247,0
688065,凯赛生物,20.5,1956426,5.06,60.19,-485490,-0.43,,-485490,18612789,-19098279,化工、可降解概念,-5.23,115827180,15814220383,1.96455,3101998
688369,致远互联,0.0,174478,5.36,43.21,-84766,-1.03,,-84766,1726143,-1810909,信创、区块链,-6.07,50456489,4271569254,0.746805,0
688252,天德钰  ,9.0,405862,6.28,16.29,-797491,0.25,,-797491,1616813,-2414304,芯片、三季报增长,-5.67,26891703,587701921,1.20487,0
688565,力源科技,3.1,3032032,2.44,8.77,-1441345,1.98,,-1441345,12153696,-13595041,科创板、碳中和,-0.45,88181171,854794360,1.52016,0
688219,会通股份,5.8,213920,3.87,9.86,-1212479,0.31,,-1212479,794390,-2006869,锂电池、化工,-3.43,21885904,1952792078,1.53823,0
688255,凯尔达  ,0.0,549726,6.91,25.62,-540461,-0.04,,-540461,2909548,-3450009,机器人概念、工业机器人,-6.5,31258452,1378618126,1.25351,0
688475,萤石网络,15.4,2117817,5.21,45.0,-431999,3.21,,-431999,25903023,-26335022,智能家居、央企,-1.9,131599124,4003430130,1.50561,0
688612,威迈斯  ,34.2,2924685,8.75,42.77,-1186969,3.36,,-1186969,18079381,-19266350,汽车零部件、三季报增长,-4.96,121638835,1339534031,1.12011,0
688553,汇宇制药,77.9,1010750,5.49,13.76,-612284,0.81,,-612284,2875327,-3487611,三季报增长、仿制药,-4.44,26578466,2455198842,1.72584,0
688082,盛美上海,12.4,4013712,9.48,101.18,-1027554,2.56,,-1027554,21028468,-22056022,先进封装、三季报增长,-6.31,157271094,7556964420,1.22565,4026343
688350,富淼科技,95.0,795454,5.62,16.0,-353674,1.07,,-353674,557324,-910998,锂电池、盐湖提锂,-4.31,26413023,830909129,0.890141,0
688511,天微电子,0.0,175044,5.52,28.63,-924018,0.1,,-924018,0,-924018,军工、科创板,-5.14,13082961,1032716514,1.1183,0
688536,思瑞浦  ,1.8,1042209,6.13,163.58,149064,-1.32,,149064,18929154,-18780090,芯片、模拟芯片,-7.02,136671293,10734574516,1.08128,-3260131
688678,福立旺  ,0.0,504325,5.93,17.36,-932888,-0.06,,-932888,2973254,-3906142,内外饰、光伏,-5.65,30083281,1575972899,1.29882,0
688656,浩欧博  ,0.0,257480,6.38,33.64,-952538,2.62,,-952538,897963,-1850501,股权转让、科创板,-3.53,16162210,607482154,1.91897,0
688244,永信至诚,0.0,61155,11.05,60.75,-583556,-0.72,,-583556,6205430,-6788986,DeepSeek、科创板,-10.6,27365148,894753094,1.06015,0
688093,世华科技,0.0,357639,5.09,18.41,-1042001,-0.27,,-1042001,699587,-1741588,消费电子、举牌,-5.1,16867024,1149870926,1.04041,0
688138,清溢光电,1.3,399484,6.0,17.36,-1046090,-1.7,,-1046090,1924757,-2970847,芯片、VR/AR/MR,-7.26,47513760,1418289355,1.89324,0
688607,康众医疗,1.9,176691,8.48,18.38,-673049,-0.76,,-673049,2564116,-3237165,医疗器械、医药,-8.51,26838776,906483906,1.64962,0
688577,浙海德曼,3.3,120000,3.98,38.11,-1075580,-0.94,,-1075580,1601542,-2677122,工业母机、新型工业化,-4.73,14949571,727493985,1.46535,0
688179,阿拉丁  ,13.0,697453,5.59,18.09,-813947,0.06,,-813947,6742607,-7556554,光刻胶、芯片,-5.24,52649289,1867630178,1.61537,0
688576,西山科技,67.6,3445833,10.14,95.28,301013,3.21,,301013,16656708,-16355695,医疗器械、西部大开发,-6.29,86117632,1130788852,1.50486,0
688419,耐科装备,6.4,922271,6.53,33.51,-965293,-0.56,,-965293,4619153,-5584446,半导体设备、新型工业化,-6.66,42834064,652607250,1.38571,0
688246,嘉和美康,5.9,174264,5.45,31.09,-1163781,-0.29,,-1163781,1124086,-2287867,AI医疗、国产软件,-5.44,20280892,2115095993,0.986284,0
688352,颀中科技,12.5,2750882,7.33,11.87,-2550828,1.11,,-2550828,3294104,-5844932,芯片、地方国企,-5.79,56658047,1796275835,1.11031,0
688114,华大智造,21.8,719619,6.61,79.13,-1254932,2.33,,-1254932,5369984,-6624916,基因疗法、科创板,-4.02,46906692,2667843578,1.68783,0
688183,生益电子,18.1,647293,7.25,9.86,-1195715,0.72,,-1195715,907894,-2103609,印制电路板、科创板,-6.1,24572714,2402368649,1.04123,0
688349,三一重能,16.9,801746,5.13,30.46,-457233,1.53,,-457233,13897826,-14355059,风电、变压器,-3.42,75008385,5620479230,1.489,0
688621,阳光诺和,5.9,405128,9.29,57.08,-1228479,0.81,,-1228479,586504,-1814983,CRO、医药,-7.76,29405113,3700792864,1.36393,0
688011,新光光电,11.5,602903,3.84,21.53,-852697,2.18,,-852697,0,-852697,专精特新、军工,-1.6,17111451,1134672515,1.50221,0
688380,中微半导,65.6,1297688,7.48,23.06,-1268805,0.35,,-1268805,6071567,-7340372,芯片、科创板,-6.64,50804408,2417627372,0.969057,0
688515,裕太微  ,47.8,2451072,9.6,112.96,-1396311,-3.28,,-1396311,10530403,-11926714,汽车芯片、江苏省,-11.75,80469451,2185530538,1.23947,0
688017,绿的谐波,18.7,4658312,7.47,103.0,-3099293,-2.04,,-3099293,50439993,-53539286,机器人概念、减速器,-8.85,249554748,9649514109,1.27822,-3337229
688121,卓然股份,6.3,199198,3.85,25.12,-1275841,0.8,,-1275841,5677092,-6952933,科创板、石油石化,-2.94,72268120,3075700435,1.61443,0
688091,上海谊众,0.0,1115446,8.1,55.75,-1118925,-1.21,,-1118925,13831798,-14950723,医药、创新药,-8.61,89260158,5051265214,1.39199,0
688786,悦安新材,0.0,0,0.0,40.54,-1344839,-1.36,,-1344839,1630996,-2975835,有色金属、新材料概念,-1.36,14343400,1813843212,2.46191,0
688733,壹石通  ,5.8,372600,5.26,25.6,-2652469,-0.19,,-2652469,5464389,-8116858,科创板、锂电池,-5.19,57505135,3244740112,1.42088,0
688030,山石网科,4.5,426599,7.05,18.01,-1744688,0.78,,-1744688,1482136,-3226824,算力、江苏省,-5.85,28174943,1778404950,1.1889,0
688395,正弦电气,9.2,397238,8.38,22.96,-1391020,3.99,,-1391020,847665,-2238685,科创板、抽水蓄能,-4.05,35094447,730141308,1.9343,0
688660,电气风电,11.8,1212804,5.99,5.06,-1082506,1.0,,-1082506,3989754,-5072260,风电、科创板,-4.71,34162519,2698667004,1.13246,0
688267,中触媒  ,3.6,1514186,5.2,20.45,-1473652,-0.68,,-1473652,1509607,-2983259,化工、非金属材料,-5.59,29860939,1634016207,0.968892,0
688602,康鹏科技,10.5,5348801,5.42,10.39,-1163476,2.36,,-1163476,18842701,-20006177,化工、OLED,-2.9,121287513,880330933,0.972219,0
688523,航天环宇,53.0,890400,6.9,22.45,-774126,0.0,,-774126,5261033,-6035159,卫星导航、三季报增长,-6.46,57441513,759668129,1.13183,0
688586,江航装备,29.9,2419151,6.16,11.34,-1330116,-0.18,,-1330116,7496326,-8826442,央企、国有企业,-5.97,69405691,5038027057,1.05384,0
688335,复洁环保,6.6,776402,5.77,21.54,-705303,0.99,,-705303,1679258,-2384561,环保、污水处理,-4.52,35945047,846953156,0.919242,0
688322,奥比中光,4.4,2483360,6.42,28.9,-2862322,-0.28,,-2862322,16471188,-19333510,宇树机器人、机器视觉,-6.29,110174902,5294099676,1.04703,0
688353,华盛锂电,0.0,570008,5.49,32.28,-859192,-1.01,,-859192,1533823,-2393015,锂电池、钠电池,-6.16,19159370,1740955594,1.11155,0
688207,格灵深瞳,17.6,2671847,7.16,19.61,-448703,2.51,,-448703,18362148,-18810851,并购重组、数字经济,-4.34,120165678,2277824454,1.65061,0
688128,中国电研,65.7,1393921,6.85,20.02,-1264853,0.86,,-1264853,5595966,-6860819,汽车充电、锂电池,-5.61,55939793,1490931251,1.47625,0
688505,复旦张江,27.8,633223,4.63,9.31,-1633255,2.53,,-1633255,3014092,-4647347,医药、科创板,-2.0,38069675,3871744367,1.51533,0
688420,美腾科技,1.3,448316,6.54,28.64,-1778727,-0.97,,-1778727,579600,-2358327,科创板、三季报增长,-7.04,23661127,607901184,1.12901,0
688287,ST观典  ,85.4,1644614,6.26,10.02,-1107627,-0.4,,-1107627,4896899,-6004526,低空经济、军工,-6.27,39327539,2084141913,1.68764,0
688659,元琛科技,1.5,1024539,7.33,12.24,-1744529,2.0,,-1744529,3729395,-5473924,复合集流体、锂电池,-4.97,53400304,1076714611,1.23325,0
688289,圣湘生物,26.0,3328715,4.53,16.08,-687020,1.26,,-687020,6349693,-7036713,新冠检测、并购重组,-3.13,59595654,4230162015,0.968113,0
688389,普门科技,1.3,503030,4.76,19.46,-2021748,0.67,,-2021748,13430412,-15452160,医美、医药,-3.9,102564130,5420697297,2.18575,0
688376,美埃科技,153.0,950980,5.3,30.54,-3043544,3.67,,-3043544,4050751,-7094295,中芯国际概念、病毒防治,-1.55,35635536,984294061,1.27049,0
688141,杰华特  ,0.0,995718,6.77,28.88,-1806899,-2.23,,-1806899,7216954,-9023853,芯片、储能,-8.43,59103091,1510612529,1.45489,0
688334,西高院  ,5.6,4119961,5.39,16.06,-1819013,1.9,,-1819013,17062617,-18881630,智能电网、柔性直流,-3.31,95490112,1146595333,0.880433,0
688206,概伦电子,11.0,765702,9.69,22.96,-2062374,1.64,,-2062374,805288,-2867662,EDA、科创板,-7.34,48692001,2666296673,1.50785,0
688593,新相微  ,132.5,2785256,4.82,14.4,-2691018,0.56,,-2691018,5798320,-8489338,芯片、科创板,-4.06,46363541,984588782,1.38258,0
688147,微导纳米,3.6,2004680,8.62,41.93,-1812597,-0.99,,-1812597,9414570,-11227167,钙钛矿电池、科创板,-8.85,61733670,1662183316,1.11787,-3021302
688385,复旦微电,20.7,4315631,4.98,52.4,-1127051,2.83,,-1127051,37579435,-38706486,芯片、科创板,-2.06,218085171,13762536644,1.39772,3244560
688106,金宏气体,3.8,1378321,5.56,22.9,-1414536,-1.34,,-1414536,13803261,-15217797,科创板、天然气,-6.53,111573955,6331929574,1.27797,0
688125,安达智能,12.2,526333,4.99,36.57,-1412725,-1.93,,-1412725,1551136,-2963861,光刻胶、比亚迪产业链,-6.59,34898621,746537786,1.99479,0
688610,埃科光电,0.0,974526,5.6,55.69,-2394183,1.61,,-2394183,6448996,-8843179,机器视觉、三季报增长,-3.78,39998298,752929023,1.25004,0
688290,景业智能,32.9,1650315,0.0,49.0,-1956970,-2.18,,-1956970,13184343,-15141313,机器人概念、核电,-2.18,82832422,2203612271,3.80437,0
688312,燕麦科技,8.0,346911,6.39,16.88,-1988628,7.93,,-1988628,3222697,-5211325,三季报增长、年报增长,1.44,52799019,1323357674,5.34886,0
688307,中润光学,2.2,400892,5.43,28.52,-2569353,2.55,,-2569353,3526992,-6096345,无人驾驶、光学镜头,-2.73,37276321,543780031,0.784923,0
688112,鼎阳科技,1.4,680462,6.8,43.87,-2239931,-0.3,,-2239931,6734778,-8974709,芯片、专用设备,-6.64,62305853,1946018977,1.04184,0
688619,罗普特  ,2.8,412189,6.72,12.04,-2319527,2.47,,-2319527,414589,-2734116,科创板、军工,-3.99,44756655,1077844519,1.53374,0
688205,德科立  ,2.2,804448,5.26,50.55,-1981508,-0.08,,-1981508,5294653,-7276161,CPO/MPO、科创板,-5.07,55801656,2369060377,0.93239,0
688670,金迪克  ,0.0,214796,4.63,28.65,-2137147,-1.07,,-2137147,4670724,-6807871,疫苗概念、病毒防治,-5.45,35865636,1264484510,1.54295,0
688658,悦康药业,125.8,3783829,7.25,15.62,-3002543,0.26,,-3002543,11985217,-14987760,科创板、医药,-6.52,75996886,3195850126,1.25616,0
688120,华海清科,10.9,3450472,6.99,185.99,-5856239,-5.29,,-5856239,132251149,-138107388,芯片、地方国企,-11.48,673916399,19705508075,2.52467,-470206
688682,霍莱沃  ,0.0,285090,5.52,50.61,-2240734,4.72,,-2240734,2054850,-4295584,商业航天、科创板,-0.76,30649989,1407771423,2.21073,0
688203,海正生材,5.7,504411,6.3,12.54,-1602424,1.21,,-1602424,1160797,-2763221,科创板、化工,-4.78,28348270,916835753,0.946887,0
688718,唯赛勃  ,3.3,1458454,2.51,16.65,-2656644,-2.92,,-2656644,2712768,-5369412,上海、盐湖提锂,-5.29,67852971,942728261,2.48294,0
688162,巨一科技,0.0,237980,5.34,33.85,-2529729,-2.31,,-2529729,4248447,-6778176,电机电控、年报增长,-7.26,29970677,1345314139,1.73913,0
688766,普冉股份,9.3,1391043,7.96,88.01,-2508108,-3.91,,-2508108,8274816,-10782924,科创板、三季报增长,-10.99,100082116,3847953594,1.36458,0
688665,四方光电,1.9,533351,9.4,67.9,-2246290,-0.59,,-2246290,3400796,-5647086,传感器、科创板,-9.13,34776805,1463245000,1.21835,0
688309,恒誉环保,5.4,172878,4.84,21.58,-2563066,-1.55,,-2563066,1046919,-3609985,科创板、环保,-6.09,18647539,1499256349,1.53315,0
688425,铁建重工,5.1,2872628,5.3,4.35,-2554390,0.23,,-2554390,10499973,-13054363,科创板、基础建设,-4.81,119585707,6429112950,1.32257,0
688778,厦钨新能,1.9,1020464,5.99,39.3,-2179721,0.23,,-2179721,8111535,-10291256,锂电池、科创板,-5.44,44811553,5328979903,1.33377,0
688525,佰维存储,1.0,4268974,10.25,58.58,-2438271,-0.46,,-2438271,34804051,-37242322,存储、算力,-9.71,216068287,2142737951,0.89013,0
688676,金盘科技,13.2,1172767,5.28,32.47,-2554229,0.25,,-2554229,12711780,-15266009,科创板、算力,-4.78,88551431,4714576595,0.874901,0
688045,必易微  ,17.6,896143,5.28,44.25,-3007654,1.14,,-3007654,1043482,-4051136,芯片、储能,-3.93,43507458,867143854,1.37685,0
688400,凌云光  ,4.5,2562365,8.62,22.7,-2639979,-1.18,,-2639979,8608347,-11248326,宇树机器人、消费电子,-9.02,93099475,4200887696,1.46093,0
688686,奥普特  ,13.5,608077,5.54,105.21,-2296802,-0.7,,-2296802,7568437,-9865239,科创板、消费电子,-5.91,66754872,3611170701,1.12602,0
688557,兰剑智能,0.4,894965,5.24,33.56,-1673318,-1.29,,-1673318,1914893,-3588211,智能物流、科创板,-6.2,41754398,1332393699,1.81736,0
688466,金科环境,12.8,3516502,4.76,20.57,-3292213,-2.05,,-3292213,14947783,-18239996,污水处理、高股息,-6.5,147175596,1258456099,2.26554,0
688039,当虹科技,0.9,1228673,5.45,28.56,189845,0.99,,189845,10156300,-9966455,DeepSeek、数字经济,-4.23,84823918,2133846006,1.49347,0
688222,成都先导,6.2,1521743,7.15,14.05,-2362852,0.5,,-2362852,2916084,-5278936,创新药、腾讯概念,-6.21,38597454,2731386416,0.854638,0
688496,清越科技,43.7,1432963,4.52,13.07,-2452910,0.08,,-2452910,5916161,-8369071,AI眼镜、江苏省,-4.25,43394232,1079557755,1.6466,0
688512,慧智微  ,6.7,1582573,8.71,17.64,-2684199,5.95,,-2684199,14364188,-17048387,芯片、外贸,-2.54,94992163,854946167,3.14351,0
688228,开普云  ,1.7,2895381,7.3,39.38,-1525127,-3.9,,-1525127,19664936,-21190063,云计算、算力,-10.44,115600093,1164995255,0.886404,0
688137,近岸蛋白,0.0,1144862,8.46,48.6,-2729698,-0.16,,-2729698,6158414,-8888112,医药、CRO,-7.95,39952071,825171430,1.33336,0
688486,龙迅股份,2.8,1239023,6.45,89.79,-3344000,-4.07,,-3344000,5140679,-8484679,芯片、科创板,-9.89,64758063,1400108669,0.67512,0
688069,德林海  ,0.0,1090879,2.21,20.84,-2344627,0.0,,-2344627,307251,-2651878,基础建设、环保,-2.16,13970077,1221055556,1.53127,0
688020,方邦股份,6.0,54998,5.64,39.47,-3016961,-2.81,,-3016961,2382077,-5399038,复合集流体、锂电池,-8.0,25333803,1555531118,1.53028,0
688019,安集科技,0.0,2177181,6.33,129.1,-3289941,-2.65,,-3289941,23817684,-27107625,芯片、三季报增长,-8.44,178851257,6924727446,2.2812,0
688595,芯海科技,14.3,762305,6.52,25.87,-3035838,-2.01,,-3035838,3535680,-6571518,芯片、科创板,-8.0,56104954,2050733216,1.38471,0
688455,科捷智能,0.0,548690,7.99,12.75,-3053781,-0.16,,-3053781,313067,-3366848,科创板、物流,-7.54,12066048,514009607,1.05961,0
688690,纳微科技,1.9,1458235,5.47,32.09,-2702132,-1.41,,-2702132,7119665,-9821797,医药、科创板,-6.52,102086094,6564325811,0.842863,0
688655,迅捷兴  ,22.9,750476,5.24,13.73,-3125499,1.4,,-3125499,742148,-3867647,科创板、专精特新,-3.65,39849808,858456811,1.34501,0
688097,博众精工,38.5,2076624,6.17,25.5,-2706493,0.28,,-2706493,8628845,-11335338,科创板、锂电池,-5.56,48023470,2369128882,1.09725,0
688189,南新制药,416.5,771978,5.35,8.95,-3193436,1.82,,-3193436,5563463,-8756899,湖南、地方国企,-3.35,46481610,1677886686,1.68496,0
688172,燕东微  ,1.7,1678892,6.91,18.53,-2385530,1.59,,-2385530,16593651,-18979181,芯片、科创板,-4.97,103348405,2333036920,1.05264,0
688301,奕瑞科技,5.3,844544,6.0,248.5,-1606989,2.9,,-1606989,15663409,-17270398,医疗器械、医药,-2.93,126577591,12314076361,1.66302,0
688071,华依科技,21.7,623637,7.6,42.89,-3319964,-3.62,,-3319964,4724462,-8044426,机器人概念、科创板,-10.42,67699961,1202877160,2.01964,0
688613,奥精医疗,41.8,1241140,6.69,21.23,-3321597,-0.66,,-3321597,1698159,-5019756,医疗器械、科创板,-6.89,37335918,1893282854,1.17899,0
688299,长阳科技,7.2,750338,4.75,13.24,-3507324,-0.08,,-3507324,1582885,-5090209,固态电池、光伏,-4.61,45297901,2744596021,1.65103,0
688007,光峰科技,11.0,2657762,6.0,20.95,-4347306,1.4,,-4347306,12089700,-16437006,激光、深圳,-4.34,157241111,7467096254,1.37296,0
688321,微芯生物,18.2,6523944,8.78,20.53,-3741781,-0.44,,-3741781,25650438,-29392219,医药、猴痘概念,-8.47,126375623,6803044390,1.40047,0
688456,有研粉材,111.0,712866,2.9,28.5,-3069192,-8.3,,-3069192,11094652,-14163844,科创板、有色金属,-10.88,74540839,1835649375,1.72618,0
688779,五矿新能,9.0,1768454,6.55,9.45,-1974656,1.39,,-1974656,17144201,-19118857,科创板、锂电池,-4.83,138179558,8657073198,1.91,0
688728,格科微  ,4.6,1000077,4.95,13.8,-4716453,2.0,,-4716453,8720497,-13436950,芯片、科创板,-2.82,98460574,10514539640,1.42967,0
688347,华虹公司,12.3,27403291,6.71,44.33,-3810012,1.14,,-3810012,201280573,-205090585,芯片、存储,-5.22,539178913,4609178591,1.14435,-13953721
688117,圣诺生物,3.1,1533235,5.97,23.58,-3760069,-1.5,,-3760069,17619608,-21379677,减肥药、科创板,-7.06,104902708,1347629680,0.819842,0
688132,邦彦技术,76.0,363593,6.43,22.42,-3664915,0.04,,-3664915,1368059,-5032974,并购重组、军工,-6.0,23133255,781320409,0.977937,0
688398,赛特新材,36.1,885562,7.98,33.1,-3991248,2.38,,-3991248,9151363,-13142611,化工、新材料概念,-5.18,45916405,2001556602,2.41239,0
688127,蓝特光学,0.0,266705,6.03,13.79,-3043131,-1.08,,-3043131,6419848,-9462979,华为概念、三季报增长,-6.7,42610702,2358487152,1.65707,0
688269,凯立新材,0.0,378822,2.21,50.6,-3966519,-9.27,,-3966519,3053443,-7019962,科创板、化工,-11.23,54377101,4140952200,3.44351,0
688599,天合光能,5.5,11903701,7.74,35.0,-1346725,2.28,,-1346725,177185532,-178532257,光伏、光伏支架,-5.07,879176585,49141114245,2.20646,6931354
688435,英方软件,9.7,2999827,6.21,61.24,-3567345,-0.49,,-3567345,9019016,-12586361,数据要素、网络安全,-6.3,80759082,1127590135,0.792868,0
688680,海优新材,10.2,3046230,8.77,79.01,-4342378,1.1,,-4342378,29436803,-33779181,POE胶膜、光伏胶膜,-7.05,153012753,4114557233,1.54592,0
688609,九联科技,7.2,2768199,7.3,8.04,-3858691,1.26,,-3858691,11728090,-15586781,鸿蒙概念、科创板,-5.63,99337063,2618189458,1.32214,0
688618,三旺通信,2.3,88800,3.95,52.6,-4189546,-1.48,,-4189546,3570901,-7760447,通信、科创板,-5.23,22179610,1327718890,3.41935,0
688592,司南导航,2.7,6400017,7.93,55.1,-2614620,0.18,,-2614620,31114406,-33729026,卫星导航、无人驾驶,-7.18,193143561,701845507,0.648181,0
688133,泰坦科技,7.9,761880,6.57,56.2,-4443724,-0.18,,-4443724,10761860,-15205584,化工、科创板,-6.33,91406548,4682041951,2.20339,0
688053,思科瑞  ,1.2,648752,8.15,46.59,-3787716,-3.1,,-3787716,7995283,-11782999,军工、西部大开发,-10.4,45771512,1847110029,1.21482,-3849270
688800,瑞可达  ,6.1,1551305,7.25,40.61,-4640521,-1.24,,-4640521,9393612,-14034133,华为汽车、消费电子,-7.91,85677783,3525697426,1.52846,0
688257,新锐股份,9.4,412786,5.4,25.49,-4316428,3.53,,-4316428,7370276,-11686704,科创板、并购重组,-1.77,59855120,2106954969,2.62102,0
688661,和林微纳,2.2,810685,6.5,46.45,-4179250,-1.65,,-4179250,2410575,-6589825,芯片、科创板,-7.65,63091668,1659809416,1.07382,0
688108,赛诺医疗,78.1,3322157,12.9,8.81,-3205088,5.26,,-3205088,10447138,-13652226,医疗器械、医药,-6.77,108466014,2811272145,1.98472,0
688067,爱威科技,86.5,375432,5.09,20.29,-4606642,-1.65,,-4606642,644448,-5251090,医药、湖南,-6.41,22534130,734649605,1.98909,0
688209,英集芯  ,7.6,527337,7.15,14.1,-5125654,-2.15,,-5125654,4894509,-10020163,模拟芯片、三季报增长,-8.68,66847170,1186010795,2.59284,0
688365,光云科技,3.5,957687,5.02,11.67,-4336366,1.04,,-4336366,2981265,-7317631,DeepSeek、平台经济,-3.79,81378176,3665281332,1.34831,0
688329,艾隆科技,1.9,722581,7.13,24.06,-4657637,-0.78,,-4657637,2518965,-7176602,医疗器械、医药,-7.39,38040776,1098663810,1.0651,0
688058,宝兰德  ,18.8,831432,11.41,50.28,-4587054,14.32,,-4587054,8190609,-12777663,DeepSeek、科创板,2.61,96802815,1252473593,3.29778,-3725253
689009,九号公司,5.6,5741876,7.02,31.28,-4564587,2.12,,-4564587,28736536,-33301123,科创板、电子商务,-4.58,173089799,11998857979,1.80294,0
688092,爱科科技,5.1,468528,5.44,27.73,-4428239,-1.49,,-4428239,1817434,-6245673,机器人概念、科创板,-6.57,48213878,748087156,1.077,0
688056,莱伯泰科,1.4,4893345,0.5,40.7,-4789099,1.75,,-4789099,22920759,-27709858,医药、核污染概念,1.24,119879384,1076164980,1.7165,0
688508,芯朋微  ,6.1,419346,6.07,52.71,-4857401,-2.39,,-4857401,6655294,-11512695,模拟芯片、三季报增长,-7.98,79372313,3885328689,1.65775,0
688118,普元信息,6.2,1486465,6.55,24.6,-3715646,-1.09,,-3715646,3937275,-7652921,人工智能、算力,-7.17,94331222,1786698575,1.15338,0
688535,华海诚科,1.3,2415539,5.5,69.6,-5136209,-2.38,,-5136209,17662576,-22798785,HBM、先进封装,-7.47,135958196,1143742855,0.860495,0
688548,广钢气体,3.7,12879979,7.33,10.3,836523,0.68,,836523,142962156,-142125633,芯片、工业气体,-6.19,475445212,2505161520,1.02923,0
688399,硕世生物,79.5,788838,4.2,49.0,-4819408,2.94,,-4819408,8870775,-13690183,病毒防治、抗原检测,-1.21,59374777,1583283439,2.73724,3015122
688588,凌志软件,5.8,6903284,11.76,14.32,-2552682,4.6,,-2552682,28348829,-30901511,算力、三季报增长,-6.41,186810873,2836427178,0.80341,0
688116,天奈科技,23.8,2591779,7.34,25.82,-5420408,1.89,,-5420408,28413600,-33834008,固态电池、芯片,-5.07,204612176,8314766055,1.43995,0
688332,中科蓝讯,0.6,878493,6.11,63.65,-5251594,-2.81,,-5251594,7181201,-12432795,芯片、三季报增长,-8.4,95022052,2156989977,1.89144,0
688057,金达莱  ,41.2,834802,4.0,15.05,-4908683,0.33,,-4908683,3529872,-8438555,高股息、破净股概念,-3.53,41277068,2107120400,1.40162,0
688387,信科移动,16.4,2797735,6.47,6.52,-7988978,0.46,,-7988978,15120420,-23109398,通信、算力,-5.64,84478319,3152777068,1.47201,0
688105,诺唯赞  ,8.1,1142753,5.02,25.99,-6052297,0.35,,-6052297,3385897,-9438194,抗原检测、科创板,-4.45,52436987,2963341905,1.53059,0
688499,利元亨  ,3.5,1593648,6.6,45.18,-6138535,4.92,,-6138535,10874406,-17012941,固态电池、锂电设备,-1.57,122286599,2594470265,2.25267,0
688008,澜起科技,2.0,15105869,9.95,48.75,-5113846,1.52,,-5113846,106691944,-111805790,芯片、算力,-7.67,596344566,36757272310,1.07527,548802
688603,天承科技,12.0,385101,6.55,76.72,-4818254,3.23,,-4818254,8842573,-13660827,玻璃基板、印制电路板,-3.12,51785245,921891917,1.11228,0
688095,福昕软件,24.3,1294096,5.19,82.99,-6292049,-1.44,,-6292049,12033912,-18325961,人工智能、AI办公,-6.3,130395440,4534700077,1.32211,0
688167,炬光科技,17.1,2931165,8.01,77.59,-5959507,-2.44,,-5959507,29000244,-34959751,光刻机、元器件,-9.67,150060688,5119519094,2.05754,3325436
688375,国博电子,20.2,1719465,8.56,80.02,-6731216,2.2,,-6731216,10065590,-16796806,科创板、央企,-5.86,69455160,13459493632,1.56594,-3986984
688285,高铁电气,2.4,2110558,6.93,8.3,-4741665,0.97,,-4741665,7967235,-12708900,一带一路、央企,-5.57,77591010,741978500,0.573823,0
688123,聚辰股份,7.5,4561158,7.96,49.3,-6453600,-2.63,,-6453600,30764154,-37217754,存储、汽车电子,-9.81,147222146,4980717903,1.15623,0
688139,海尔生物,15.6,1586207,6.9,38.84,-8063635,-1.84,,-8063635,13202226,-21265861,医疗器械、医药,-8.18,185843973,4671755586,1.732,0
688158,优刻得  ,2.3,4670209,9.75,14.93,-5713852,-0.33,,-5713852,31396965,-37110817,DeepSeek、数字经济,-9.18,195658349,4954516917,0.936406,0
688249,晶合集成,12.0,6301367,5.7,17.91,-6055458,2.17,,-6055458,47257313,-53312771,芯片、地方国企,-3.35,162078757,6246347587,1.55389,0
688679,通源环境,1.3,251316,3.01,15.2,-6168469,-2.81,,-6168469,4370716,-10539185,环保、科创板,-5.65,43585698,907283060,1.42748,0
688700,东威科技,9.4,5192688,7.85,57.0,-6217372,-2.03,,-6217372,43510191,-49727563,复合集流体、锂电池,-9.16,219935443,7694152308,1.13695,0
688516,奥特维  ,52.0,2637915,8.69,153.59,-9246479,-0.74,,-9246479,30091596,-39338075,光伏、光伏设备,-8.67,225687431,11647845531,1.42712,3099916
688090,瑞松科技,107.1,2562499,3.14,27.32,-6686050,-5.73,,-6686050,4202382,-10888432,机器人概念、专精特新,-8.6,66207639,766306364,2.41585,0
688146,中船特气,277.3,2988086,6.94,34.1,-9182466,1.64,,-9182466,11695481,-20877947,国有企业、固态电池,-4.96,80806645,2014551139,1.35234,0
688201,信安世纪,2.1,899608,6.57,23.0,-8307467,-5.54,,-8307467,11031879,-19339346,量子科技、科创板,-11.37,108001671,2141013673,0.8978,0
688388,嘉元科技,6.4,2311622,6.11,20.38,-7591047,-1.16,,-7591047,10144044,-17735091,铜箔、并购重组,-6.86,95160209,6121569505,1.27151,0
688529,豪森智能,5.4,473914,6.83,22.71,-8233363,-2.49,,-8233363,2648627,-10881990,新能源汽车、科创板,-8.72,34385920,1067923897,1.53234,0
688582,芯动联科,28.5,3159281,8.59,34.21,-8982109,0.62,,-8982109,22910356,-31892465,机器人概念、专精特新,-7.34,134516228,1576136291,1.0697,0
688027,国盾量子,13.7,2722315,7.83,122.39,-8838023,-0.52,,-8838023,16626394,-25464417,量子科技、科创板,-7.74,92994732,8724839019,1.10669,-4100947
688543,国科军工,15.1,6062773,6.66,44.92,-9243298,-1.92,,-9243298,46677384,-55920682,军工、地方国企,-8.05,199873805,1489583810,0.892361,0
688362,甬矽电子,2.7,1415206,7.15,27.53,-9272952,-1.61,,-9272952,11406770,-20679722,先进封装、三季报增长,-8.17,116631600,1321440000,1.01213,0
688050,爱博医疗,23.6,1923479,5.53,152.16,-10089172,-0.94,,-10089172,50270692,-60359864,医疗器械、眼科医疗,-6.13,205376666,14463554801,1.27857,0
688083,中望软件,15.9,1455870,4.58,122.9,-10580405,-1.13,,-10580405,31438831,-42019236,国产软件、科创板,-5.46,146239818,8447246249,1.77095,0
688198,佰仁医疗,0.0,191655,2.5,124.99,-9728494,0.27,,-9728494,4288960,-14017454,医疗器械、眼科医疗,-2.18,31479801,4514487531,1.65706,0
688277,天智航  ,23.6,1418789,5.93,13.44,-9018584,-0.44,,-9018584,7030148,-16048732,医疗器械、科创板,-6.01,69994201,3488686813,1.23679,0
688526,科前生物,1.5,210869,4.99,20.43,-8709091,-0.15,,-8709091,3632007,-12341098,动物疫苗、农业,-4.89,42261993,2553201434,1.78461,0
688631,莱斯信息,29.2,814703,6.52,32.75,-10167723,0.24,,-10167723,12652589,-22820312,低空经济、国产软件,-5.89,80763760,1098536034,2.23482,-6576893
688218,江苏北人,3.8,930799,8.69,17.0,-10803953,6.25,,-10803953,20191435,-30995388,机器人概念、储能,-2.24,145025495,1583592566,3.22178,0
688048,长光华芯,4.2,2668352,5.12,58.18,-11751407,-4.43,,-11751407,42014893,-53766300,光芯片、CPO/MPO,-9.09,251179529,4602995934,2.21823,-592613
688009,中国通号,2.0,3737932,5.49,5.42,-11111982,2.65,,-11111982,24849404,-35961386,轨道交通、央企,-2.69,261558242,10932182576,1.59462,0
688046,药康生物,33.9,474670,3.92,16.04,-11139875,-4.75,,-11139875,15865844,-27005719,医药、江苏省,-8.34,96392250,2556544703,4.57691,0
688345,博力威  ,2.2,3004311,2.48,33.18,-11060517,-3.38,,-11060517,13274422,-24334939,锂电池、便携式储能,-5.71,94742592,841942500,2.47471,0
688169,石头科技,10.4,2226513,5.6,245.0,-12095551,-3.1,,-12095551,118650591,-130746142,机器人概念、科创板,-8.24,509068743,22386164531,2.76499,-2831409
688562,航天软件,21.1,2584895,6.87,24.13,-12600137,-3.09,,-12600137,17482866,-30083003,国产软件、算力,-9.32,138049340,1587650675,0.889773,0
688567,孚能科技,16.3,2277775,5.1,19.43,-11750407,1.15,,-11750407,18949934,-30700341,锂电池、高压快充,-3.76,139749293,15800073866,1.08822,0
688208,道通科技,155.3,8404663,12.7,28.02,-10823148,10.84,,-10823148,134835114,-145658262,充电桩、汽车零部件,-1.65,595870611,7815381523,5.15041,0
688016,心脉医疗,0.0,5342420,8.63,160.17,-12934432,2.34,,-12934432,34855851,-47790283,医疗器械、医药,-5.78,173583313,6259148828,2.32716,3380000
688187,时代电气,3.9,3808202,6.75,41.89,-11914965,1.28,,-11914965,26488319,-38403284,碳化硅、柔性直流,-5.12,184790614,8790385812,0.989479,0
688305,科德数控,12.4,1583322,6.94,73.01,-11042038,-1.79,,-11042038,19003786,-30045824,工业母机、新型工业化,-8.16,98925724,2598512774,1.46013,-2758192
688410,山外山  ,32.4,4877601,12.1,42.4,-9956245,4.07,,-9956245,45275740,-55231985,西部大开发、重庆市,-7.16,235616017,1473077760,5.1437,0
688662,富信科技,1.5,844944,5.2,32.01,-12399005,-3.23,,-12399005,16898817,-29297822,光模块、科创板,-8.02,143672711,1308249604,1.97099,0
688052,纳芯微  ,2.5,2638961,5.85,121.63,-12684410,1.65,,-12684410,30732114,-43416524,汽车芯片、模拟芯片,-3.97,229946285,8878946993,1.17782,6115390
688590,新致软件,17.0,3685443,10.09,18.37,-12639228,-0.86,,-12639228,15816832,-28456060,AI智能体、算力,-9.95,167115673,2957187941,1.12973,0
688478,晶升股份,1.0,1614600,7.27,42.26,-14152985,0.74,,-14152985,24227315,-38380300,芯片、光伏,-6.09,171973645,1208008143,0.953673,0
688180,君实生物,13.4,6006160,10.53,37.01,-11493948,2.27,,-11493948,42208292,-53702240,医药、新冠药概念,-7.48,231540709,15310953220,1.87616,0
688533,上声电子,57.0,496857,7.73,40.1,-12455827,-0.69,,-12455827,18527117,-30982944,华为汽车、科创板,-7.82,74197632,1604000000,1.54516,0
688295,中复神鹰,3.7,701534,5.61,30.0,-14284138,-1.64,,-14284138,12843464,-27127602,化工、央企,-6.86,84511057,3772231170,1.59052,3144268
688569,铁科轨道,28.2,1528031,6.93,32.45,-14737678,-3.91,,-14737678,10120021,-24857699,高铁、一带一路,-10.14,114097140,1715831447,1.70759,0
688308,欧科亿  ,0.0,416970,4.0,30.81,-14935250,-13.16,,-14935250,46129220,-61064470,工业4.0、湖南,-16.5,218966431,2514686177,9.53183,0
688110,东芯股份,6.5,5761342,7.53,27.86,-17395903,-1.55,,-17395903,51040511,-68436414,芯片、存储,-8.45,289159718,6922212951,1.65301,0
688651,盛邦安全,6.0,4521899,8.74,45.51,-17863724,3.57,,-17863724,36455576,-54319300,商业航天、华为概念,-4.75,166920660,717977001,1.25521,0
688185,康希诺  ,7.8,7184967,9.58,70.21,-16207763,-0.89,,-16207763,41633696,-57841459,医药、疫苗概念,-9.56,178647045,6159370523,1.17151,326131
688363,华熙生物,13.1,5357439,6.49,91.33,-16782980,2.62,,-16782980,28672664,-45455644,医美、网络直播,-3.64,225757405,14952294221,1.00924,-4038389
688270,臻镭科技,7.1,1600070,6.46,44.68,-17255256,-3.12,,-17255256,21838829,-39094085,卫星导航、浙江,-9.0,132879570,3871123231,2.24514,0
688339,亿华通  ,69.9,4743175,5.35,51.75,-16656970,-3.51,,-16656970,24577486,-41234456,氢能源、氢燃料电池,-8.41,129738778,5891719853,2.45869,0
688202,美迪西  ,15.0,12100790,6.26,71.55,-18725204,-6.82,,-18725204,71723104,-90448308,CRO、医药,-12.32,329360754,7855040764,2.25165,-10709650
688262,国芯科技,0.5,2897910,4.86,28.02,-20440746,-2.06,,-20440746,26601188,-47041934,芯片、量子科技,-6.6,263271363,5922836208,1.77232,0
688469,芯联集成,7.6,5090109,5.33,5.1,-18461989,0.59,,-18461989,22498478,-40960467,芯片、充电桩,-4.49,107344271,5306938992,1.18153,0
688188,柏楚电子,9.8,3292652,3.76,250.8,-19154681,1.06,,-19154681,11697165,-30851846,激光、三季报增长,-2.6,202210371,12044947974,1.01383,0
688233,神工股份,14.4,4309226,3.94,25.75,-20722452,-7.71,,-20722452,20948186,-41670638,芯片、三季报增长,-11.21,165377938,2016484560,3.32248,0
688005,容百科技,14.1,9748930,10.47,50.17,-18727138,-0.67,,-18727138,71743786,-90470924,高镍三元、有色金属,-10.09,355690164,14235135962,1.58894,0
688031,星环科技,9.6,611338,5.63,81.36,-20269451,-5.56,,-20269451,18590152,-38859603,人工智能、MLOps,-10.59,184394700,2288347795,1.9336,0
688787,海天瑞声,2.5,3324004,8.67,73.31,-21765012,0.84,,-21765012,18556399,-40321411,字节概念、ChatGPT,-7.2,152454118,2313558349,0.992476,0
688122,西部超导,13.7,9270012,5.61,43.61,-23150465,-0.21,,-23150465,73884928,-97035393,超导概念、超超临界概念,-5.5,326675139,21568400018,1.67734,-3935705
688561,奇安信  ,7.9,3882155,6.26,49.62,-22087917,3.14,,-22087917,22689832,-44777749,网络安全、AI安全,-2.93,179860871,14942792842,1.62158,-3025233
688327,云从科技,3.1,11817266,6.2,13.98,-25046978,-4.77,,-25046978,170395085,-195442063,训推一体机、ChatGPT,-10.33,506338126,10436680493,1.42651,0
688032,禾迈股份,1.6,4328127,7.8,266.55,-25665445,1.43,,-25665445,43267021,-68932466,逆变器、光伏设备,-5.92,302234222,7729728796,1.19859,4135305
688126,沪硅产业,2.0,4619849,6.83,19.46,-28067827,3.9,,-28067827,29321564,-57389391,芯片、科创板,-2.75,316541986,28317381323,1.48148,0
688507,索辰科技,29.3,5113658,10.66,111.33,-26820360,5.83,,-26820360,36839946,-63660306,机器人概念、国产软件,-4.36,176424909,1495585288,4.97467,0
688036,传音控股,4.5,4951490,4.91,124.98,-23306926,2.03,,-23306926,58459104,-81766030,AI手机、三季报增长,-2.74,465687123,36014833612,1.16431,-3107357
688303,大全能源,19.2,6827938,5.02,40.9,-31572271,1.67,,-31572271,55080411,-86652682,硅料、西部大开发,-3.2,318146923,20957005194,2.1167,-4225089
688223,晶科能源,8.9,16919586,6.72,10.62,-39734475,2.02,,-39734475,119135133,-158869608,TOPCon、光伏,-4.41,580725933,20815200000,1.44891,0
688396,华润微  ,17.5,8181763,4.5,56.3,-40363918,1.79,,-40363918,27631108,-67995026,芯片、碳化硅,-2.6,294632486,24830034599,1.74832,0
688498,源杰科技,0.2,909150,6.39,153.42,-44998388,-1.08,,-44998388,41209433,-86207821,CPO/MPO、科创板,-7.02,326869407,2842960049,1.38556,-3280836
688256,寒武纪  ,4.8,31307430,9.59,145.1,-49296934,3.26,,-49296934,241614164,-290911098,芯片、人工智能,-5.78,1011498812,26712430471,1.2708,-14802420
688271,联影医疗,18.5,21975801,7.29,102.99,-74313220,-1.35,,-74313220,211943024,-286256244,医药、阿尔茨海默,-8.05,602920256,60691901538,0.874725,-18590208
688261,东微半导,1.3,10781388,0.0,95.5,-76124937,-10.51,,-76124937,85273582,-161398519,芯片、江苏省,-10.51,363155484,3997598746,3.73621,-6725013
688063,派能科技,26.8,58252149,5.0,135.23,-97021759,-7.19,,-97021759,451471724,-548493483,储能、便携式储能,-11.61,1299590631,12338042546,2.61837,-20201736
